lat,lon,alt,gs,track,vs
46.413419,74.77549,32975,456.2,156.1,64
46.375397,74.799812,32975,455.8,156.2,0
46.337585,74.823967,33000,454.9,156.1,0
46.29932,74.84848,32975,455.3,156.0,-64
46.262146,74.872295,32975,455.3,156.0,0
46.225021,74.896009,33000,455.8,156.2,0
46.189224,74.918853,32975,456.2,156.1,64
46.151609,74.942757,33025,455.8,156.2,0
46.114461,74.966309,33000,454.9,156.1,0
46.078033,74.98946,33025,454.9,156.1,0
46.042212,75.012108,33025,454.5,156.3,0
46.003784,75.03642,33025,453.6,156.2,-64
45.96675,75.059967,33000,452.6,156.1,0
45.92909,75.083725,33000,451.3,156.2,0
45.891848,75.107208,33000,450.9,156.3,0
45.855103,75.130273,33000,450.9,156.3,0
45.818202,75.153419,32975,450.9,156.3,-64
45.781815,75.176295,32975,451.3,156.2,0
45.745348,75.199081,32975,451.8,156.4,0
45.737411,75.204029,32975,452.8,156.4,0
45.684783,75.236916,33000,452.8,156.4,0
45.648285,75.259697,33000,453.2,156.3,0
45.611206,75.282742,33000,453.7,156.5,0
45.580811,75.301499,33000,453.7,156.5,0
45.519928,75.339268,33000,453.7,156.5,0
45.482712,75.362418,33000,455.9,156.5,0
45.445038,75.385699,33000,455.9,156.5,0
45.40668,75.409486,33000,456.8,156.5,0
45.368554,75.432933,33000,456.4,156.6,0
45.331284,75.455867,33025,456.8,156.5,0
45.292923,75.479279,33025,456.2,157.0,64
45.255153,75.501597,33025,455.0,157.4,0
45.216747,75.524307,33025,454.5,157.2,0
45.178116,75.547158,33025,454.5,157.2,-64
45.139889,75.56986,33000,453.9,157.1,0
45.101856,75.592503,33000,453.2,157.3,0
45.06359,75.615078,32975,453.2,157.3,-128
45.025092,75.637788,32975,454.1,157.3,64
44.986862,75.660357,32975,454.1,157.3,64
44.948135,75.68318,32975,454.5,157.2,0
44.909689,75.705916,33000,454.5,157.2,64
44.888489,75.718362,32975,455.0,157.4,-384
44.877521,75.724807,32900,455.0,157.4,-832
44.845413,75.743604,32625,453.7,157.4,-960
44.813965,75.762046,32375,453.2,157.3,-960
44.782368,75.780543,32125,452.8,157.4,-960
44.752533,75.798078,31850,453.2,157.3,-1024
44.721268,75.816389,31575,451.8,157.4,-1024
44.709374,75.823282,31450,452.4,157.5,-1472
44.696182,75.830972,31225,452.0,157.6,-1920
44.675112,75.843178,30825,449.2,157.5,-2240
44.65407,75.85537,30450,446.5,157.3,-2240
44.633215,75.867563,30050,443.3,157.3,-2240
44.613244,75.879286,29650,441.1,157.3,-2240
44.59346,75.890808,29250,438.8,157.4,-2176
44.573685,75.902383,28875,437.0,157.2,-2240
44.554495,75.913652,28475,434.4,157.4,-2240
44.534775,75.925075,28075,432.7,157.6,-2240
44.514679,75.93665,27675,430.8,157.5,-2176
44.507309,75.940901,27525,429.5,157.6,-2112
44.486115,75.953129,27125,426.4,157.5,-2176
44.466372,75.964564,26725,424.5,157.4,-2176
44.44682,75.975952,26350,423.6,157.4,-2176
44.427407,75.987206,25950,421.4,157.4,-2048
44.407669,75.998662,25575,419.2,157.4,-2048
44.386597,76.010808,25175,415.6,157.5,-2112
44.367462,76.021794,24800,413.4,157.5,-2176
44.347803,76.033161,24400,412.5,157.5,-2176
44.329182,76.04388,24025,409.9,157.6,-2048
44.310059,76.054818,23650,408.0,157.5,-1984
44.290054,76.066393,23275,405.8,157.5,-2048
44.271318,76.077174,22900,403.5,157.6,-2048
44.251785,76.0883,22525,402.2,157.6,-2112
44.232773,76.099213,22150,401.3,157.6,-2112
44.215781,76.108927,21800,400.4,157.5,-2048
44.196834,76.119779,21425,399.1,157.6,-1920
44.177422,76.130872,21075,397.2,157.5,-1920
44.156892,76.142578,20675,395.9,157.6,-1920
44.136503,76.154284,20300,393.7,157.6,-1856
44.116857,76.165532,19950,391.8,157.5,-1792
44.09642,76.177219,19600,389.2,157.6,-1792
44.077242,76.188158,19250,387.0,157.7,-1856
44.057084,76.199537,18900,385.3,157.9,-1728
44.037277,76.210817,18550,382.9,157.6,-1728
44.02231,76.219286,18275,381.6,157.7,-1792
44.00313,76.230207,17925,379.4,157.7,-1792
43.987839,76.238921,17650,377.5,157.6,-1728
43.967658,76.25048,17300,375.3,157.6,-1728
43.949083,76.261008,16950,373.1,157.6,-1664
43.929159,76.272387,16600,370.9,157.6,-1728
43.90979,76.283378,16250,369.5,157.7,-1664
43.889603,76.294875,15900,367.7,157.6,-1664
43.869898,76.306,15550,366.0,157.9,-1664
43.850922,76.31672,15200,364.2,157.7,-1728
43.831467,76.32777,14850,363.2,157.7,-1792
43.812881,76.338245,14500,361.9,157.8,-1728
43.793839,76.348976,14150,360.6,157.8,-1664
43.774652,76.35982,13825,359.2,157.6,-1600
43.755707,76.370566,13500,357.9,157.7,-1536
43.736938,76.381169,13175,356.5,157.8,-1600
43.718324,76.391602,12825,353.9,157.9,-1728
43.699493,76.402183,12475,352.5,157.7,-1664
43.680616,76.412789,12150,350.8,157.9,-1536
43.669351,76.419067,11975,348.2,158.1,-1664
43.659714,76.424412,11775,347.6,157.9,-1792
43.64946,76.430224,11575,346.7,157.8,-1792
43.640023,76.435481,11375,346.7,157.8,-1792
43.630107,76.44104,11175,345.4,157.9,-1728
43.61998,76.446767,10975,344.9,157.7,-1728
43.609764,76.45255,10775,342.6,157.7,-1792
43.603226,76.456221,10650,341.7,157.6,-1344
43.590864,76.463209,10500,336.9,157.9,-896
43.57606,76.471449,10375,327.9,158.0,-832
43.562531,76.47896,10225,320.7,157.8,-768
43.547928,76.487136,10100,313.1,157.9,-640
43.535792,76.493944,10025,305.9,157.7,-640
43.529182,76.497672,9950,302.3,157.9,-576
43.521501,76.501988,9900,298.2,157.7,-512
43.513367,76.506553,9850,293.8,157.8,-704
43.507095,76.510003,9775,290.2,157.9,-1024
43.497299,76.515432,9600,287.6,158.2,-1344
43.487378,76.520887,9425,286.7,158.1,-1408
43.4783,76.525923,9250,284.9,157.9,-1472
43.469549,76.530762,9075,283.9,157.9,-1408
43.458893,76.536702,8875,283.0,157.8,-1472
43.449966,76.541748,8700,282.1,157.7,-1408
43.440903,76.546794,8525,281.7,157.9,-1408
43.432114,76.551712,8350,279.9,157.7,-1280
43.422318,76.557269,8175,278.9,157.7,-1344
43.412708,76.562674,8000,278.0,157.6,-1280
43.40377,76.56771,7825,277.6,157.8,-1408
43.395112,76.572549,7650,276.7,157.7,-1408
43.385376,76.577965,7500,275.0,158.0,-960
43.378555,76.581733,7400,271.5,158.2,-512
43.372394,76.585039,7375,267.6,158.5,-192
43.367273,76.587786,7375,263.1,158.6,-128
43.362442,76.590484,7375,258.5,158.2,0
43.358615,76.59256,7350,256.6,158.0,0
43.355896,76.594061,7350,251.6,157.8,64
43.350357,76.597191,7350,246.6,157.6,64
43.343719,76.600959,7375,241.6,157.4,192
43.33461,76.606069,7350,236.8,157.7,-128
43.329346,76.609007,7350,231.9,158.0,-64
43.325795,76.611001,7350,227.5,158.1,64
43.321198,76.613542,7375,223.0,158.1,128
43.307556,76.62108,7375,218.0,157.9,-192
43.30345,76.623361,7350,213.6,158.0,-128
43.297989,76.626381,7375,209.1,158.1,128
43.280594,76.635898,7375,205.9,158.0,-64
43.273041,76.640114,7375,205.6,156.8,-64
43.270569,76.641839,7375,205.0,150.8,-64
43.267914,76.644202,7375,205.3,144.9,0
43.266037,76.64631,7375,205.4,140.7,0
43.2643,76.648669,7375,205.1,133.4,0
43.262857,76.651219,7375,205.2,127.9,-128
43.261734,76.653591,7350,205.3,123.1,-576
43.260762,76.656058,7325,207.1,117.9,-1024
43.259226,76.66057,7225,208.5,112.3,-1472
43.258108,76.665017,7150,207.8,107.7,-1536
43.257224,76.66966,7050,207.9,103.6,-1152
43.256607,76.674606,7000,206.0,99.8,-832
43.255781,76.682805,6925,201.6,97.1,-704
43.254913,76.692427,6825,196.7,97.6,-704
43.25386,76.702008,6750,192.5,99.3,-640
43.252662,76.710924,6675,188.3,100.7,-704
43.251526,76.718679,6575,183.8,101.6,-704
43.250153,76.727621,6475,181.0,102.1,-832
43.249008,76.735095,6375,179.1,102.2,-1216
43.248459,76.738288,6300,179.3,102.6,-1664
43.247864,76.741993,6200,181.2,102.4,-1920
43.247262,76.745845,6100,183.4,102.6,-1920
43.246628,76.749466,6000,186.3,102.4,-1984
43.246098,76.752908,5900,188.5,102.6,-1984
43.245353,76.757355,5800,189.7,102.8,-1600
43.244751,76.761155,5700,189.5,102.5,-1536
43.24391,76.766314,5600,187.5,102.6,-1536
43.243057,76.771311,5500,185.6,102.8,-1536
43.242371,76.775591,5400,184.6,102.8,-1536
43.241582,76.780178,5300,184.6,102.8,-1408
43.240744,76.785213,5200,182.7,103.0,-1088
43.239716,76.791304,5125,178.5,102.9,-640
43.238983,76.795647,5075,174.0,102.3,-384
43.23851,76.799404,5075,170.0,98.8,-256
43.238388,76.802098,5075,167.1,92.1,-64
43.238525,76.805037,5075,164.7,84.8,64
43.238892,76.808103,5075,163.4,80.1,64
43.239349,76.810274,5075,162.6,72.5,64
43.240082,76.812702,5075,162.7,67.2,64
43.241043,76.815193,5050,162.4,61.7,-320
43.24173,76.816917,5025,163.5,60.3,-768
43.243652,76.821197,4950,165.7,58.3,-1216
43.245353,76.824777,4850,167.0,57.0,-1280
43.247541,76.829224,4750,166.4,56.0,-1152
43.250055,76.834324,4650,164.2,55.9,-896
43.251963,76.838183,4600,159.8,55.7,-704
43.25354,76.841381,4550,155.6,56.0,-960
43.2556,76.845533,4450,151.2,55.8,-960
43.257431,76.849174,4400,146.7,55.5,-832
43.260361,76.855114,4300,141.7,55.6,-640
43.263519,76.861437,4225,139.0,55.8,-512
43.266632,76.867697,4150,139.5,55.5,-512
43.27034,76.875043,4075,143.1,55.5,-256
43.277847,76.889989,4075,145.1,55.1,0
43.285481,76.905147,4075,144.0,55.8,0
43.287048,76.908257,4075,144.5,55.4,-448
43.287902,76.909921,4050,145.3,55.7,-832
43.288742,76.911579,4000,146.7,55.5,-1280
43.289531,76.913191,3950,148.1,55.5,-1728
43.290323,76.914825,3875,149.8,55.9,-2176
43.2913,76.916787,3775,151.4,56.3,-1984
43.292091,76.918422,3725,151.4,56.3,-1536
43.293777,76.921862,3625,150.6,56.1,-1280
43.295883,76.926142,3525,147.8,56.3,-1152
43.297943,76.930357,3425,145.6,56.2,-1216
43.299819,76.934248,3325,145.3,55.7,-1280
43.301728,76.93791,3225,145.1,55.1,-1216
43.303711,76.941791,3125,144.8,54.5,-1024
43.306274,76.946837,3025,143.7,55.2,-768
43.30957,76.953544,2925,141.2,56.0,-448
43.313828,76.962294,2850,141.2,56.0,-320
43.318588,76.971684,2775,139.3,54.9,-384
43.322769,76.979959,2700,138.4,56.2,-384
43.325842,76.986433,2625,138.1,57.1,-576
43.328842,76.992507,2550,137.3,55.4,-640
43.331726,76.998192,2450,135.9,55.5,-640
43.334793,77.00426,2350,135.4,55.8,-768
43.337294,77.009517,2250,136.2,56.1,-832
43.338135,77.011158,2225,136.2,56.1,-704
43.34729,77.029618,2025,124.0,56.2,-128
43.349269,77.033664,2000,73.0,56.2,-128
43.350071,77.035255,2000,59.5,56.2,-128
43.351527,77.038062,2000,23.5,47.8,-128
43.352749,77.040645,2100,167.8,55.9,64
43.353607,77.042392,2050,170.6,55.8,128
43.354065,77.043351,2025,175.6,55.7,128
43.355589,77.046334,2100,180.6,55.6,256
43.355775,77.046661,2125,183.4,55.4,960
43.356427,77.048035,2150,183.4,55.4,960
43.356659,77.048492,2175,183.9,55.2,1536
43.358522,77.052155,2275,183.7,54.8,1856
43.359741,77.054465,2350,184.3,54.5,1856
43.361343,77.057531,2450,184.3,54.5,2112
43.362579,77.059894,2550,184.3,54.5,2560
43.363503,77.061637,2650,182.6,54.1,2816
43.364639,77.063854,2750,182.6,54.1,2816
43.365692,77.06577,2850,181.2,54.2,2688
43.366761,77.067784,2950,181.2,54.2,2496
43.367935,77.07005,3050,181.8,54.0,2304
43.3694,77.072796,3150,181.8,54.0,2176
43.370636,77.075096,3250,182.4,53.7,1856
43.376495,77.085955,3525,188.0,53.4,1344
43.379144,77.090737,3625,192.8,53.0,1152
43.382492,77.096749,3850,196.8,52.4,2176
43.38414,77.099687,3950,196.8,52.4,2176
43.385568,77.102247,4050,197.6,52.6,2304
43.387105,77.104994,4150,196.8,52.4,2368
43.38858,77.107608,4250,196.2,52.7,2432
43.389758,77.109767,4350,196.2,52.7,2432
43.391155,77.112252,4450,195.4,52.5,2496
43.392598,77.114803,4550,195.4,52.5,2432
43.393994,77.117222,4650,195.2,52.1,2304
43.395401,77.119552,4750,195.7,49.1,2112
43.397206,77.122127,4825,196.6,45.4,1856
43.398972,77.124151,4925,197.7,38.8,1792
43.400838,77.125854,4975,198.9,33.9,1792
43.402932,77.127424,5075,200.4,26.7,1664
43.405151,77.128622,5125,202.7,19.6,1280
43.407806,77.129644,5200,205.0,15.0,1088
43.410187,77.130155,5225,209.0,8.0,896
43.413208,77.130411,5275,213.1,1.9,1024
43.416572,77.130301,5350,217.2,357.6,1152
43.42131,77.129708,5450,222.1,354.3,1216
43.424067,77.12932,5500,226.4,353.7,1216
43.428396,77.128601,5600,230.7,353.0,1408
43.432938,77.127856,5700,234.8,352.9,1728
43.436357,77.127228,5800,237.7,353.2,1792
43.440453,77.126574,5900,242.6,353.4,1728
43.44441,77.125985,6000,245.5,353.7,1600
43.448822,77.125301,6100,250.5,353.8,1600
43.452667,77.12479,6200,254.4,353.9,1728
43.45684,77.124154,6300,257.4,354.0,1920
43.460564,77.123631,6400,259.4,354.0,2048
43.464111,77.123129,6500,261.4,354.1,2240
43.466904,77.122746,6600,263.3,354.3,2368
43.470619,77.122258,6700,265.3,354.4,2560
43.473319,77.121865,6800,265.3,354.4,2624
43.475693,77.121596,6900,266.3,354.4,2688
43.478813,77.121146,7000,267.2,354.6,2752
43.48407,77.12051,7200,268.2,354.6,2624
43.489883,77.119744,7400,270.2,354.7,2560
43.495618,77.119053,7600,272.2,354.7,2624
43.501465,77.118339,7800,273.1,355.0,2624
43.50737,77.117636,8000,275.0,355.2,2688
43.512589,77.117061,8200,276.0,355.2,2688
43.518585,77.116359,8400,276.9,355.4,2752
43.524216,77.115784,8600,277.9,355.5,2752
43.52948,77.115209,8800,277.8,355.7,2752
43.534882,77.114634,9000,278.8,355.7,2816
43.540494,77.114083,9200,278.7,355.9,2880
43.546267,77.11356,9400,279.6,356.1,2816
43.551341,77.113103,9600,279.6,356.3,2816
43.5573,77.112579,9800,280.5,356.7,2752
43.562979,77.112187,10000,281.4,356.9,2688
43.567749,77.111824,10150,283.4,357.0,2240
43.572848,77.111468,10300,285.3,357.2,1792
43.581894,77.110865,10475,292.3,357.5,1344
43.593338,77.110227,10650,302.2,357.7,1216
43.605103,77.109524,10800,310.5,356.9,1024
43.611114,77.108721,10875,315.2,353.3,896
43.617279,77.107225,10925,318.9,349.0,896
43.622799,77.10519,11000,322.0,344.3,832
43.627991,77.10269,11050,326.0,339.3,960
43.636826,77.09758,11150,331.4,336.5,1280
43.647583,77.090937,11325,338.8,335.8,1216
43.66008,77.083208,11500,348.3,335.9,1344
43.669816,77.077332,11650,352.3,336.0,1792
43.678056,77.072296,11850,355.1,336.2,2240
43.693139,77.063141,12250,356.9,336.4,2560
43.70771,77.054313,12650,359.5,336.2,2304
43.72377,77.044569,13050,362.2,336.0,2304
43.739133,77.035152,13450,364.4,336.0,2624
43.752274,77.027063,13850,363.5,336.0,2880
43.765295,77.019065,14225,364.4,336.0,2560
43.780424,77.009779,14625,366.6,336.0,2176
43.797509,76.999316,15000,368.9,336.0,2176
43.814484,76.988802,15400,371.5,335.9,1984
43.832423,76.977735,15775,375.1,335.8,2048
43.847646,76.968318,16125,376.9,335.9,2304
43.862915,76.958845,16525,377.8,336.0,2496
43.879028,76.948945,16925,377.8,336.0,2432
43.895004,76.939044,17325,378.7,336.0,2304
43.911942,76.928569,17725,379.1,335.9,2176
43.928693,76.918161,18125,380.0,335.9,2432
43.94494,76.908155,18525,380.0,335.9,2304
43.961792,76.897692,18925,380.0,335.9,2304
43.979156,76.886967,19325,381.4,335.9,1984
43.998568,76.874935,19675,383.6,335.8,1792
44.01691,76.863556,20050,385.4,336.0,2048
44.034879,76.852439,20425,386.7,335.9,1984
44.053757,76.840742,20800,388.1,335.8,1792
44.074402,76.827916,21125,391.2,335.9,1536
44.095047,76.815065,21475,394.4,335.9,1664
44.114995,76.802739,21825,395.7,335.8,1856
44.135513,76.789962,22175,397.9,335.8,1600
44.157623,76.77623,22500,401.1,335.9,1536
44.179284,76.762717,22825,403.3,335.9,1664
44.200791,76.749282,23175,405.5,335.8,1600
44.222122,76.735971,23525,406.4,335.9,1664
44.244876,76.72175,23900,407.8,335.8,1984
44.263776,76.709959,24275,406.9,335.8,1920
44.283646,76.697518,24625,407.8,335.8,1600
44.306791,76.68303,24925,410.4,335.7,1216
44.332348,76.666952,25200,413.6,335.7,1536
44.35432,76.653152,25550,414.5,335.8,1408
44.358557,76.650539,25600,414.5,335.8,1344
44.797806,76.372245,30175,446.2,335.5,1152
44.825912,76.354196,30475,446.2,335.5,1216
44.829386,76.351966,30500,446.2,335.5,1280
44.858621,76.333276,30850,446.2,335.5,1280
44.885342,76.316126,31150,443.9,335.5,1152
44.915275,76.296967,31425,445.3,335.5,960
44.945068,76.277808,31700,446.2,335.5,1216
44.972122,76.26042,32000,445.3,335.5,1408
44.99744,76.244179,32325,443.0,335.5,1344
45.02449,76.226741,32600,442.1,335.4,1152
45.05279,76.208474,32950,440.8,335.5,1536
45.073563,76.195156,33225,438.5,335.5,1088
45.09208,76.183219,33350,438.5,335.5,768
45.124054,76.162458,33575,440.3,335.3,768
45.143326,76.149968,33700,440.8,335.5,768
45.285272,76.057881,34000,440.3,335.3,-64
45.322357,76.033696,34000,440.7,335.2,0
45.351749,76.014538,34000,442.1,335.4,0
45.387966,75.990958,34000,442.5,335.3,0
45.424463,75.967109,34000,439.9,335.4,64
45.460419,75.943582,34000,437.6,335.1,-128
45.497086,75.919451,33975,436.2,335.2,0
45.533116,75.895698,33975,434.9,335.3,-64
45.569366,75.871984,33950,434.5,335.4,0
45.604706,75.848739,33950,434.4,335.1,0
45.638324,75.826538,33950,435.3,335.1,0
45.663323,75.810059,33950,435.3,335.1,64
45.692697,75.790695,33950,435.3,335.1,64
45.720256,75.77243,33975,435.8,335.0,128
45.750412,75.75234,34000,435.8,335.0,0
45.768857,75.739746,34000,435.6,333.5,0
45.782043,75.729765,34000,433.8,330.9,64
45.793442,75.720185,34000,432.7,328.5,64
45.806854,75.707725,34000,432.4,326.1,0
45.818665,75.695667,34000,430.6,323.7,0
45.830429,75.682537,34000,429.5,321.0,0
45.847092,75.662373,34000,429.1,319.4,0
45.877044,75.625763,34000,429.8,319.5,0
45.907303,75.588753,34025,430.5,319.4,0
45.936026,75.553459,34025,431.9,319.4,0
45.965773,75.516724,34025,431.0,319.1,0
45.985278,75.492622,34025,432.5,319.1,-64
46.012511,75.458839,34000,433.2,319.2,-64
46.053244,75.408714,34025,432.7,319.5,64
46.099843,75.350624,34150,433.2,319.2,768
46.173489,75.259163,34700,428.2,319.2,704
46.225113,75.19465,35100,427.4,318.9,704
46.238983,75.1773,35200,426.7,319.0,640
46.307556,75.091084,35750,428.8,318.9,704
46.335388,75.056182,35950,429.5,319.0,512
46.360629,75.024536,35975,428.9,319.1,64
46.419937,74.950003,36000,428.0,318.8,0
46.452759,74.908403,36000,429.4,318.8,0
46.48092,74.872719,36000,429.4,318.8,0
46.510993,74.834679,36025,430.9,319.0,0
46.540787,74.797066,36000,430.9,318.8,0
46.57044,74.759216,36000,430.8,318.6,0
46.599256,74.722481,36000,430.9,318.8,0
46.629142,74.684441,36000,430.1,318.7,0
46.657911,74.647705,36000,429.4,318.8,-64
46.686355,74.611313,36000,429.3,318.6,0
46.713309,74.576775,35975,429.3,318.6,0
52.967743,64.901505,36000,401.1,311.2,-64
52.988271,64.862653,36000,400.4,311.2,64
53.001492,64.837542,36025,399.7,311.1,64
53.043063,64.759068,36000,399.0,311.2,-64
53.066574,64.714584,36000,397.5,311.2,-64
53.090698,64.668427,36000,397.0,310.9,0
53.114195,64.623198,35975,397.0,310.9,-64
53.136912,64.579818,35975,396.3,310.8,0
53.160645,64.533927,35950,397.7,310.8,-64
53.183278,64.490473,35975,398.4,310.9,64
53.207578,64.443943,35975,399.7,311.1,0
53.230499,64.400051,35975,400.6,310.9,64
53.254317,64.354275,36000,401.2,311.0,0
53.278198,64.308149,36000,402.0,310.9,64
53.298076,64.269696,36000,402.1,310.7,0
53.318419,64.230275,36025,402.7,310.8,64
53.340299,64.187703,36025,402.7,310.8,0
53.364258,64.141166,36025,403.5,310.7,-64
53.387363,64.096177,36025,403.5,310.7,0
53.406555,64.058611,36025,404.3,310.6,-64
53.430771,64.010899,36000,405.1,310.3,64
53.452332,63.968837,36000,405.6,310.8,64
53.476604,63.921284,36025,405.8,310.4,0
53.49852,63.878122,36025,405.8,310.4,0
53.508453,63.858503,36025,405.8,310.4,64
53.530838,63.814322,36025,405.0,310.5,0
53.545408,63.785571,36050,404.4,310.4,0
53.573456,63.730198,36025,404.4,310.4,0
53.933029,63.008004,36000,400.5,309.7,0
54.73732,61.276972,35975,399.9,307.8,0
54.74762,61.253856,35975,399.2,307.7,0
54.768951,61.205803,35975,399.2,307.7,0
54.789843,61.158392,35975,398.0,307.5,0
54.812281,61.107622,35975,398.0,307.5,0
54.821365,61.087054,35975,398.0,307.5,0
54.950774,60.792597,36000,400.2,307.4,0
54.97261,60.742681,36000,402.6,307.1,0
54.980614,60.724265,36000,402.6,307.1,-64
55.063339,60.534668,36025,404.2,307.0,64
55.929794,58.439858,36000,402.6,305.2,0
55.945724,58.399492,36025,403.4,305.1,0
59.290237,47.989197,36050,426.0,281.1,0
59.297379,47.917694,36025,425.0,281.1,0
59.304245,47.849304,36025,424.0,281.1,-64
59.307225,47.81913,36025,424.0,281.1,0
59.31459,47.745117,36025,423.8,281.0,0
59.321823,47.671692,36000,422.6,280.9,-64
59.328461,47.604401,36000,421.7,280.9,0
59.335203,47.535474,36000,422.5,280.8,-64
59.342239,47.462585,35975,422.5,280.8,0
59.349448,47.388579,35975,422.3,280.6,0
59.356201,47.317474,35975,423.2,280.6,64
59.363134,47.245568,35975,424.2,280.6,0
59.370026,47.173004,35975,425.0,280.4,0
59.376892,47.100128,36000,425.2,280.6,64
59.383804,47.027069,36000,426.2,280.5,0
59.384921,47.015044,36000,426.2,280.5,0
59.405731,46.789032,36050,426.6,280.1,0
59.410904,46.732452,36050,425.7,280.1,0
59.41625,46.673142,36050,425.7,280.1,0
59.427612,46.547791,36025,425.5,280.0,-1248
59.447021,46.326789,36000,424.2,279.8,0
59.453476,46.252899,35975,424.0,279.6,0
59.459916,46.178947,35975,424.0,279.6,0
59.466294,46.104694,35975,425.0,279.6,0
59.472718,46.030252,35975,425.0,279.6,64
59.479111,45.954803,36000,425.8,279.5,0
59.48552,45.878812,36000,426.6,279.3,64
59.491805,45.803612,36000,427.6,279.3,0
59.497903,45.730117,36000,428.6,279.3,0
59.501348,45.68835,36000,428.6,279.3,0
59.506805,45.622833,36000,429.6,279.2,0
59.510333,45.579908,36000,429.6,279.2,64
59.561493,44.768624,36025,438.9,276.5,0
59.593102,44.320931,36000,438.1,277.9,0
59.59726,44.261902,36000,438.0,277.7,0
59.60257,44.18454,36000,437.9,277.6,0
59.60788,44.105164,36000,437.7,277.5,-64
59.612934,44.028846,36000,437.6,277.4,0
59.618148,43.949574,35975,437.7,277.5,-64
59.623215,43.874451,35975,437.7,277.5,0
59.628203,43.798702,35975,437.6,277.4,0
59.633277,43.721608,36000,438.6,277.3,64
59.638184,43.646118,36000,438.6,277.3,0
59.643265,43.567291,36000,439.5,277.2,64
59.648034,43.491558,35975,440.4,277.2,0
59.652875,43.413328,36000,440.2,276.9,64
59.657577,43.33775,36025,440.3,277.0,0
59.662512,43.258099,36000,440.2,276.9,0
59.667074,43.182899,36000,440.2,276.9,0
59.670752,43.123611,36000,439.5,277.2,64
59.673019,43.087646,36000,439.5,277.2,0
59.687976,42.836167,36000,437.9,276.6,-64
59.689512,42.811164,36000,438.0,276.7,0
59.709732,42.439087,36025,433.2,275.8,0
59.71735,42.289313,36000,432.0,275.6,0
59.720842,42.218849,36000,430.1,275.6,0
59.766541,41.166687,36025,424.0,273.9,0
59.766928,41.155353,36025,423.9,273.8,0
59.770094,41.070778,36025,423.9,273.8,0
59.793324,30.262693,100,171.8,106.2,1216
59.792486,30.268186,175,172.8,106.1,1536
59.791787,30.273017,275,173.1,106.4,1856
59.791351,30.276123,350,173.1,106.4,2240
59.790577,30.281446,475,171.5,107.0,2560
59.790111,30.284476,575,171.5,107.0,2624
59.789553,30.288075,675,170.2,106.7,2688
59.789108,30.290955,775,168.3,106.9,2752
59.788668,30.293853,850,168.3,106.9,2368
59.788055,30.297546,950,168.3,106.9,2048
59.787369,30.302216,1050,169.8,107.5,2112
59.786774,30.305878,1150,170.5,107.1,2368
59.786224,30.309631,1250,170.5,107.1,2304
59.785583,30.313934,1350,170.5,107.1,2176
59.784618,30.31772,1450,170.5,107.1,1920
59.784479,30.318383,1475,168.9,107.6,1920
59.560143,32.282378,22575,525.8,110.9,1664
59.427237,32.667847,25400,430.0,135.2,1344
59.285904,33.414159,27275,1758.4,20.8,1728
59.289322,33.416656,27300,1758.4,20.8,1728
59.832102,34.672473,29225,1751.7,22.7,1024
59.859754,34.758374,29400,1753.2,22.8,960
59.074185,35.703672,32550,595.0,115.1,1408
59.091797,35.784668,32825,598.0,114.1,1344
59.242285,36.44184,33950,604.0,121.3,768
59.241726,36.443639,33950,604.0,121.3,768
46.262695,48.129697,35975,459.2,104.8,0
46.259191,48.154518,35975,459.9,103.1,-128
46.248917,48.212831,35950,460.2,102.7,64
46.239578,48.272184,35950,460.2,102.7,0
46.230795,48.328514,35950,460.0,102.6,0
46.221531,48.388458,35950,461.2,102.7,192
46.214594,48.432335,36025,459.9,103.6,64
46.211105,48.450176,36000,459.0,107.0,-128
46.207077,48.467124,36000,456.7,109.7,-64
46.203096,48.481293,36000,453.8,113.2,128
46.198105,48.496667,36025,450.8,116.1,64
46.192429,48.511606,36025,448.2,119.2,64
46.186849,48.52462,36025,446.1,122.6,0
46.180847,48.537129,36025,443.8,126.0,-128
46.173349,48.550919,36000,441.5,129.0,-64
46.165787,48.563322,36000,438.9,132.4,0
46.15773,48.575179,36000,436.3,135.8,-64
46.149719,48.585696,36000,434.3,138.6,0
46.140564,48.596415,36000,432.0,141.5,128
46.132476,48.604889,36025,429.2,144.9,64
46.123538,48.613335,36025,427.5,147.6,0
46.114181,48.621162,36025,426.2,150.8,-64
46.103439,48.629039,36000,424.4,154.2,-192
46.093277,48.635537,36000,422.0,156.8,-64
46.083664,48.640762,36000,419.7,160.2,128
46.072037,48.646054,36000,418.9,163.2,0
46.034996,48.661057,36000,421.0,164.1,-64
45.99765,48.6762,36025,422.0,164.2,0
45.961945,48.690535,36025,422.4,164.5,0
45.924667,48.705345,36025,424.6,164.4,-64
45.887798,48.720108,36025,425.6,164.5,64
45.850342,48.735017,36050,427.1,164.2,64
45.812756,48.75087,36050,426.8,163.4,0
45.77584,48.766251,36050,426.6,163.9,0
45.738691,48.781357,36050,427.3,164.1,-64
45.701385,48.796379,36025,426.5,164.5,64
45.680361,48.804222,36025,425.4,166.1,-64
45.66444,48.809097,36025,424.4,168.6,-64
45.647781,48.813328,36025,422.5,170.7,0
45.625809,48.817883,36025,421.6,172.5,0
45.604807,48.821182,36025,421.1,174.3,-64
45.566308,48.82695,36000,420.4,173.9,-64
45.527573,48.832594,36000,420.2,174.1,-64
45.490723,48.838021,35975,420.3,174.0,-64
45.452316,48.843645,35950,420.2,174.1,-64
45.41357,48.849301,35950,420.2,174.1,64
45.375816,48.854593,35950,422.0,174.4,-64
45.337131,48.860288,35950,423.4,173.9,0
45.298353,48.866116,35975,424.3,174.1,0
45.260513,48.871569,35975,426.2,174.2,64
45.222061,48.876931,36000,427.1,174.4,128
45.184158,48.882294,36025,427.2,174.2,64
45.145065,48.887918,36050,427.3,174.1,128
45.106232,48.893514,36050,427.2,174.2,-64
45.068024,48.898904,36050,428.2,174.2,-64
45.0297,48.904367,36000,428.2,174.2,0
44.99025,48.909825,36025,427.0,174.5,128
44.951569,48.915187,36000,427.1,174.4,-64
44.912668,48.920578,36025,426.2,174.2,0
44.874449,48.926072,36000,426.3,174.1,-128
44.836741,48.931431,36000,425.1,174.3,0
44.798859,48.936833,36000,424.3,174.1,64
44.762238,48.942065,36025,423.2,174.2,0
44.723107,48.947642,36000,422.1,174.3,-64
44.684601,48.953051,36000,422.1,174.3,0
44.646901,48.958294,36000,421.0,174.4,-64
44.608841,48.963579,35975,421.0,174.4,-64
44.571533,48.96861,35950,422.1,174.3,-64
44.532522,48.974103,35975,422.2,174.1,64
44.495513,48.979395,35950,421.2,174.1,0
44.457687,48.984702,36025,417.1,174.2,-64
44.420425,48.98998,36000,416.1,174.2,0
44.382066,48.995339,35975,415.9,174.5,-64
44.344528,49.000528,36000,411.1,174.3,-64
44.307953,49.005694,36025,406.1,174.2,64
44.270966,49.010795,36000,406.0,174.4,-64
44.234402,49.015972,36000,407.1,174.2,64
44.19702,49.020996,35975,408.9,174.5,0
44.159271,49.026042,36025,411.9,174.6,64
44.121643,49.031024,35975,417.0,174.4,0
44.083014,49.036364,36000,418.1,174.2,-64
44.045425,49.041691,36000,418.0,174.4,0
44.007692,49.046827,36025,416.1,174.2,64
43.970032,49.051975,35975,416.9,174.5,0
43.931719,49.057225,36000,416.0,174.3,-64
43.894571,49.06226,36000,416.0,174.3,0
43.857742,49.067305,36025,416.0,174.3,64
43.820343,49.072351,36000,418.0,174.4,-64
43.783218,49.077397,36000,417.0,174.4,-128
43.770355,49.079121,35950,417.0,174.4,-576
43.731917,49.084494,35775,417.2,174.1,-512
43.694955,49.089464,35575,419.9,174.5,-576
43.656418,49.094579,35400,418.9,174.5,-576
43.617737,49.099689,35200,421.1,174.3,-576
43.579697,49.104927,35000,423.1,174.3,-384
43.564911,49.10697,35025,423.1,174.3,64
43.52718,49.112222,34975,424.2,174.2,-64
43.488961,49.117323,35025,420.9,174.6,-64
43.452511,49.122227,35000,421.1,174.3,-64
43.414352,49.127538,35000,421.1,174.3,0
43.376083,49.132712,35000,420.0,174.4,64
43.338455,49.137694,35000,418.9,174.5,64
43.300049,49.142868,35000,419.0,174.4,64
43.262054,49.148041,34975,420.1,174.3,0
43.224824,49.152963,34975,420.9,174.6,0
43.187396,49.157933,35000,422.0,174.4,64
43.148618,49.163164,34975,425.0,174.5,-64
43.109933,49.1682,35000,424.9,174.6,64
43.070847,49.173336,35000,427.0,174.5,0
43.031891,49.178637,35000,428.0,174.5,0
42.994157,49.183502,35000,429.1,174.4,64
42.954914,49.188668,35025,428.9,174.6,64
42.914972,49.1939,35050,428.1,174.4,0
42.877853,49.198949,35025,428.2,174.2,-64
42.839231,49.204036,35050,426.9,174.6,0
42.799755,49.209233,35000,427.1,174.4,-64
42.761169,49.214505,34975,427.2,174.2,-64
42.723633,49.219312,34975,426.9,174.6,-64
42.684311,49.224368,34975,427.9,174.6,0
42.646831,49.229289,35000,428.1,174.4,0
42.608047,49.234418,34975,430.1,174.4,-128
42.569412,49.239537,34975,431.1,174.4,128
42.530171,49.244619,34975,432.9,174.6,-64
42.49009,49.249793,35000,434.0,174.4,64
42.451355,49.254768,35000,434.9,174.6,64
42.411184,49.259949,35000,435.0,174.5,-64
42.400452,49.261322,34975,434.9,174.6,-512
42.388504,49.26282,34900,434.0,174.4,-960
42.370743,49.26513,34725,433.0,174.4,-1408
42.363886,49.266081,34625,433.0,174.4,-1856
42.355225,49.26719,34475,432.0,174.4,-2176
42.350052,49.267876,34375,432.0,174.4,-2560
42.342682,49.268813,34200,432.0,174.4,-3008
42.330648,49.270424,33925,433.0,174.4,-2560
42.321477,49.271574,33775,432.9,174.6,-2112
42.313331,49.27266,33675,433.0,174.4,-1664
42.287308,49.276109,33350,437.4,174.0,-1472
42.269525,49.279175,33125,442.5,171.8,-1152
42.258087,49.281609,33050,445.0,170.6,-704
42.24852,49.283856,33000,446.2,169.7,-256
42.229614,49.2891,32975,450.1,167.8,64
42.205856,49.296903,32975,452.4,166.6,0
42.191483,49.302333,32975,455.4,163.7,64
42.173721,49.309834,32975,453.5,161.9,128
42.15065,49.320249,33025,450.6,161.4,64
42.112737,49.3373,33025,449.4,161.4,-128
42.076007,49.353844,33000,452.2,161.6,-64
42.052734,49.364256,32975,451.3,161.5,128
41.915263,49.425766,33000,442.7,161.6,0
41.909443,49.428384,33000,443.7,161.6,0
41.766388,49.491811,33000,443.7,161.6,64
41.731847,49.507013,33000,445.3,161.8,-64
41.693481,49.524058,33000,444.9,161.5,64
41.656494,49.540475,32975,442.7,161.6,-256
41.64679,49.544719,32925,442.4,161.7,-640
41.613138,49.559582,32675,441.5,161.6,-960
41.578995,49.574682,32375,444.9,161.5,-1024
41.546127,49.589226,32075,444.9,161.5,-1024
41.524829,49.598673,31875,443.7,161.6,-1472
41.510284,49.605082,31650,443.7,161.6,-1856
41.503368,49.608126,31500,443.4,161.7,-2368
41.485725,49.615855,31150,441.1,161.8,-2816
41.482727,49.617129,31050,440.5,162.0,-3200
41.469269,49.622498,30700,439.4,164.3,-2816
41.461075,49.625307,30525,437.3,165.8,-2368
41.447413,49.629332,30300,432.8,168.4,-2112
41.433609,49.632485,30050,430.1,170.4,-2112
41.421112,49.634607,29800,424.8,173.4,-2240
41.4064,49.636294,29525,421.2,175.6,-2304
41.386848,49.638019,29125,418.9,176.2,-2432
41.367462,49.639832,28725,417.0,176.0,-2304
41.353563,49.641099,28450,415.1,175.9,-2176
41.333592,49.642972,28075,412.0,176.0,-2176
41.320587,49.644226,27825,410.0,175.9,-2176
41.29985,49.646179,27425,408.0,175.9,-2176
41.279545,49.648028,27025,404.9,176.2,-2240
41.264694,49.649353,26725,403.0,176.0,-2240
41.245605,49.651123,26325,401.0,176.0,-2176
41.223679,49.653137,25925,397.9,176.1,-2112
41.204361,49.654846,25550,393.9,176.1,-2112
41.184219,49.656677,25150,390.9,176.2,-2240
41.164444,49.658447,24750,388.9,176.2,-2112
41.144171,49.660201,24350,385.9,176.1,-1984
41.124023,49.661987,23975,382.9,176.1,-1984
41.104602,49.663759,23600,380.0,175.9,-2112
41.085663,49.665527,23200,377.9,176.1,-2112
41.065777,49.667317,22825,374.8,176.2,-1984
41.046831,49.669002,22450,372.8,176.2,-1984
41.027791,49.670688,22075,369.9,176.0,-1984
41.008378,49.672498,21700,367.9,175.9,-1984
40.988846,49.674316,21325,365.9,176.1,-1920
40.969693,49.676056,20950,363.9,176.1,-1920
40.949982,49.677856,20575,362.9,176.1,-1920
40.931442,49.679504,20225,360.8,176.2,-1920
40.912062,49.681175,19875,359.8,176.2,-1856
40.892277,49.682922,19525,356.8,176.1,-1728
40.873237,49.684608,19175,354.8,176.1,-1728
40.853714,49.68634,18825,352.8,176.1,-1856
40.834396,49.688049,18475,350.8,176.1,-1856
40.814768,49.689789,18100,348.8,176.1,-1792
40.795029,49.691599,17750,347.8,176.0,-1856
40.776672,49.693237,17375,346.8,176.0,-1792
40.75681,49.69497,17025,344.7,176.3,-1664
40.737025,49.696655,16675,343.8,176.2,-1728
40.717986,49.698403,16325,343.8,176.0,-1792
40.697845,49.700256,15975,340.8,176.1,-1728
40.679672,49.701904,15625,337.8,176.1,-1792
40.660633,49.703647,15275,334.9,175.9,-1728
40.642431,49.70527,14925,332.8,176.0,-2048
40.629862,49.706393,14600,333.7,176.2,-2496
40.615082,49.707703,14200,335.8,176.1,-2496
40.598672,49.709202,13800,336.8,176.1,-2048
40.580656,49.710825,13425,335.7,176.2,-1792
40.562668,49.712341,13075,334.7,176.4,-1856
40.54509,49.713806,12700,332.7,176.4,-1984
40.527494,49.71532,12325,332.7,176.2,-2048
40.513714,49.716568,12025,331.8,176.0,-1984
40.504898,49.717346,11825,331.8,176.0,-1984
40.495422,49.718201,11625,330.8,176.0,-1920
40.485736,49.719065,11425,329.8,176.0,-1920
40.476426,49.719939,11225,329.8,176.0,-2048
40.466766,49.720825,11025,329.8,176.0,-1920
40.463104,49.72113,10950,328.8,176.0,-1472
40.457657,49.72168,10875,327.8,176.0,-1024
40.443095,49.722997,10750,320.8,176.1,-704
40.427673,49.724365,10625,312.7,176.1,-576
40.411057,49.72583,10500,304.7,176.1,-704
40.396403,49.72718,10375,297.7,176.0,-768
40.382623,49.728428,10250,292.7,176.1,-960
40.371735,49.72937,10100,288.6,176.2,-1216
40.36079,49.730238,9925,286.6,176.4,-1344
40.350082,49.73114,9775,282.6,176.1,-896
40.339096,49.732178,9625,278.6,176.1,-1216
40.329554,49.733047,9450,277.7,176.1,-1536
40.319595,49.733887,9250,277.6,176.3,-1600
40.310074,49.734741,9050,278.6,176.3,-1664
40.300827,49.735474,8875,278.6,176.3,-1472
40.290869,49.736293,8700,276.6,176.3,-1216
40.28064,49.737183,8525,274.5,176.4,-1216
40.270619,49.737979,8350,272.6,176.2,-1600
40.261871,49.73877,8150,271.7,176.0,-1728
40.252853,49.739624,7950,271.6,176.2,-1664
40.24411,49.740356,7750,268.7,175.9,-1856
40.236191,49.74115,7550,266.8,175.5,-2176
40.23063,49.742036,7375,266.3,170.9,-2432
40.225789,49.74341,7200,267.1,166.8,-2304
40.222687,49.744751,7125,266.6,162.3,-1920
40.218759,49.746843,7025,264.6,156.1,-1728
40.215958,49.748657,6925,263.9,152.9,-1728
40.212801,49.75115,6850,263.1,148.4,-1792
40.209775,49.754084,6750,261.8,143.7,-1856
40.207121,49.757018,6650,260.9,139.0,-1984
40.204605,49.760315,6550,260.9,134.5,-2112
40.202271,49.763916,6450,259.9,129.7,-2112
40.200485,49.76709,6350,260.8,124.8,-2176
40.198608,49.771118,6250,259.9,120.0,-2368
40.197252,49.774746,6150,260.7,116.7,-2368
40.196135,49.778241,6050,261.6,111.8,-2240
40.194971,49.782736,5950,262.0,106.6,-2048
40.19426,49.786865,5875,262.9,103.2,-1856
40.193756,49.791382,5775,263.6,98.1,-1728
40.193481,49.796997,5675,264.4,93.2,-1664
40.193621,49.801088,5600,265.5,86.5,-1600
40.194133,49.807143,5525,265.9,81.6,-1408
40.194946,49.811768,5450,266.5,78.3,-1344
40.196182,49.81665,5375,266.9,71.4,-1216
40.197718,49.821313,5325,266.9,66.6,-1024
40.200073,49.827393,5250,264.8,62.6,-832
40.203873,49.836426,5150,261.4,61.2,-640
40.207959,49.846282,5075,257.2,61.9,-960
40.210473,49.852524,4975,255.4,62.2,-1088
40.21312,49.859131,4875,253.6,62.5,-1216
40.215637,49.86554,4775,251.8,62.8,-1344
40.218018,49.871582,4675,252.3,62.6,-1472
40.220621,49.878117,4575,251.4,62.5,-1472
40.222577,49.882986,4475,250.9,62.2,-1408
40.224792,49.888428,4375,250.9,62.2,-1472
40.227081,49.893982,4275,250.1,62.1,-1472
40.229187,49.899091,4175,248.8,61.7,-1600
40.231339,49.904297,4075,247.9,61.6,-1600
40.233516,49.90964,3975,246.5,61.7,-1664
40.235472,49.914322,3875,246.1,61.9,-1728
40.237101,49.918442,3775,246.1,61.9,-1792
40.238916,49.922874,3675,244.7,62.0,-1792
40.240872,49.927555,3575,244.7,62.0,-1920
40.242188,49.930908,3500,244.7,62.0,-1856
40.243469,49.934021,3425,244.7,62.0,-1664
40.245341,49.938542,3325,244.3,61.7,-1664
40.246948,49.942444,3225,243.8,61.9,-1792
40.249065,49.947593,3125,243.8,61.9,-1536
40.250694,49.951588,3075,242.5,62.0,-1088
40.253255,49.957893,2975,238.0,61.9,-960
40.256839,49.966632,2875,233.5,61.9,-640
40.259628,49.973511,2825,229.5,62.2,-576
40.262425,49.980427,2750,224.5,62.4,-768
40.265213,49.987366,2650,220.5,62.2,-960
40.268188,49.99469,2550,217.9,61.8,-960
40.271922,50.003711,2450,215.2,61.4,-704
40.274994,50.010827,2350,212.7,60.4,-768
40.278951,50.020128,2275,207.8,60.6,-768
40.281512,50.02637,2175,207.1,62.1,-896
40.282791,50.029663,2150,204.4,62.9,-512
40.285981,50.037606,2125,199.5,62.5,-128
40.287284,50.040727,2100,196.0,61.3,-192
40.289062,50.044983,2100,191.5,61.3,-128
40.292172,50.052338,2100,188.0,61.4,64
40.294174,50.057144,2075,179.9,61.4,0
40.29538,50.059998,2075,178.5,61.6,-64
40.296478,50.062866,2075,172.2,62.7,64
40.298859,50.068726,2100,166.4,62.0,128
40.300691,50.073124,2100,159.0,60.2,192
40.304462,50.07818,2100,146.4,33.6,64
40.309479,50.080322,2100,140.4,10.7,0
40.314238,50.080802,2100,140.4,10.7,0
40.316803,50.080933,2100,137.1,2.5,0
40.321267,50.080989,2100,137.0,0.4,0
40.323921,50.08074,2075,132.3,356.1,0
40.327881,50.080261,2100,127.7,354.2,0
40.332092,50.079529,2100,126.4,351.4,64
40.337468,50.078305,2100,128.1,349.7,-64
40.345184,50.076172,2075,127.7,348.2,-64
40.350875,50.074435,2075,126.4,346.7,-64
40.356973,50.0725,2000,127.6,346.4,-384
40.362625,50.07074,1900,125.2,347.1,-768
40.368564,50.068942,1800,125.2,347.1,-768
40.372708,50.067569,1700,123.7,346.0,-768
40.375547,50.066695,1650,119.9,347.5,-448
40.379425,50.065491,1575,119.9,347.5,-448
40.384625,50.063823,1475,119.3,346.4,-704
40.388349,50.062637,1400,119.6,346.0,-640
40.393478,50.061096,1300,120.1,347.0,-576
40.396912,50.059998,1225,120.3,346.5,-640
40.403944,50.057893,1100,119.1,346.9,-704
40.408134,50.056582,1000,119.6,346.0,-704
40.411346,50.055584,950,119.3,346.4,-576
40.416048,50.054023,875,119.3,346.4,-576
40.420898,50.052612,775,118.9,347.4,-576
40.422546,50.052124,750,118.9,347.4,-576
40.429779,50.049683,575,118.9,347.4,-576
40.435041,50.048031,500,121.1,347.1,-640
40.440262,50.046448,400,121.1,347.1,-704
40.441681,50.046021,375,122.0,347.2,-640
40.508035,50.024934,2175,140.4,345.6,960
40.514603,50.022827,2250,150.6,345.8,704
40.515018,50.022687,2250,169.8,346.4,832
40.516937,50.022095,2300,174.1,346.0,960
40.521149,50.020691,2375,184.6,345.9,960
40.533234,50.016785,2725,184.6,345.9,960
40.55603,50.009454,3525,236.5,346.5,2944
40.558172,50.008767,3625,236.5,346.5,2944
40.561478,50.007751,3750,238.9,346.2,2880
40.564875,50.006645,3900,241.1,346.1,2816
40.570724,50.0047,4150,244.7,345.6,2752
40.573022,50.003898,4250,244.7,345.6,2752
40.576793,50.002587,4400,247.9,345.5,2752
40.578964,50.001831,4500,247.9,345.5,2752
40.582518,50.00059,4650,247.9,345.5,2752
40.59816,49.994972,5275,255.9,344.8,2752
40.599976,49.994263,5325,264.3,344.0,2368
40.60318,49.993103,5450,265.2,344.0,2176
40.606726,49.991663,5550,270.7,342.4,1856
40.617898,49.984422,5875,280.8,330.3,2048
40.622223,49.97998,6050,286.3,321.8,2624
40.625107,49.976562,6175,288.0,317.4,3072
40.627396,49.973633,6300,288.0,317.4,3072
40.630737,49.969299,6500,289.2,315.1,3200
40.632751,49.966492,6600,289.2,315.1,3200
40.634564,49.963948,6700,292.9,313.1,2624
40.637283,49.960022,6800,292.9,313.1,2624
40.639481,49.956848,6900,296.7,312.1,2368
40.641873,49.953398,7000,298.1,311.9,2368
40.646155,49.947094,7175,302.4,311.9,2304
40.650055,49.941406,7350,305.9,312.1,2752
40.65393,49.935795,7550,305.9,312.1,3136
40.657471,49.930603,7750,306.5,312.2,3392
40.659935,49.927118,7900,305.8,312.4,3584
40.662827,49.922974,8100,305.1,312.5,3840
40.665207,49.919556,8250,303.6,312.5,4032
40.668082,49.915383,8450,302.9,312.6,4032
40.670921,49.911326,8650,302.2,312.5,3904
40.673813,49.907227,8850,301.5,312.6,3584
40.677252,49.902274,9050,301.6,312.3,3264
40.680558,49.89753,9250,302.2,312.5,3072
40.684296,49.892151,9425,303.0,312.3,2944
40.68754,49.88748,9625,303.6,312.5,2944
40.691823,49.8813,9825,304.4,312.3,2624
40.692801,49.879927,9850,306.5,312.5,2240
40.695831,49.87561,9975,307.9,312.5,1792
40.70267,49.86582,10150,317.0,312.7,1408
40.710526,49.854675,10325,326.2,312.9,1280
40.718353,49.843567,10525,334.7,312.9,1664
40.726784,49.831675,10725,343.2,312.8,1600
40.734651,49.820439,10925,350.3,312.8,1984
40.740463,49.812195,11125,353.1,312.8,2368
40.746569,49.803522,11325,356.6,313.0,2432
40.751782,49.796219,11525,358.8,312.9,2560
40.757089,49.788666,11725,360.2,312.9,2688
40.761977,49.781737,11925,360.8,313.0,3072
40.770264,49.770064,12325,360.2,312.9,3392
40.776672,49.760986,12625,360.2,312.9,2944
40.786652,49.746765,13025,362.3,312.8,2624
40.797729,49.730957,13425,365.2,312.6,2560
40.802524,49.724184,13625,365.2,312.6,3008
40.804733,49.720947,13725,365.9,312.7,3328
40.808669,49.71532,13950,364.4,312.9,3776
40.814069,49.707766,14250,362.3,312.8,4160
40.820297,49.698853,14650,358.1,312.7,4288
40.824171,49.693284,14900,356.0,312.6,3904
40.828033,49.687805,15100,355.3,312.5,3456
40.832411,49.681487,15325,356.0,312.4,3008
40.836973,49.674932,15525,356.7,312.5,2560
40.847534,49.659729,15925,359.5,312.5,2688
40.85727,49.645719,16325,360.2,312.6,2944
40.866119,49.633057,16725,359.5,312.8,3008
40.875006,49.620438,17125,359.5,312.8,3072
40.883944,49.607703,17525,359.5,312.8,3136
40.892303,49.595703,17925,358.1,312.5,3264
40.899902,49.584778,18275,356.7,312.5,3072
40.906196,49.575681,18550,357.5,312.4,2624
40.911896,49.567566,18750,359.5,312.8,2176
40.925003,49.548777,19150,365.2,312.6,1856
40.938736,49.529051,19500,371.6,312.5,1920
40.94696,49.517273,19725,373.7,312.6,2368
40.957626,49.502014,20125,374.4,312.5,2752
40.964767,49.491699,20375,375.1,312.6,2304
40.969554,49.484856,20525,377.2,312.5,1856
40.984497,49.463318,20875,383.6,312.5,1728
40.996307,49.446289,21200,386.5,312.5,2176
41.008347,49.429016,21600,388.5,312.6,2496
41.019608,49.412781,22000,388.5,312.6,2624
41.030914,49.396484,22400,387.9,312.5,2624
41.041901,49.380615,22800,387.1,312.6,2688
41.048134,49.371622,23025,387.1,312.6,2304
41.052743,49.365005,23150,388.5,312.6,1856
41.067352,49.343994,23500,391.4,312.4,1856
41.079929,49.325804,23850,393.5,312.5,2240
41.093399,49.306335,24250,394.3,312.4,2176
41.099075,49.298157,24400,396.4,312.3,1728
41.105255,49.289124,24525,397.1,312.2,1280
41.122421,49.264221,24825,404.9,312.4,1600
41.136887,49.243286,25175,407.7,312.4,2048
41.144451,49.232358,25400,407.6,312.6,2432
41.163723,49.204705,26125,406.2,312.6,2816
41.176851,49.185604,26525,402.0,312.6,2560
41.180715,49.179986,26600,402.0,312.6,2560
41.181972,49.178113,26625,402.9,312.1,1472
41.199475,49.152457,26900,404.3,312.1,1216
41.221298,49.120605,27275,414.1,312.4,1280
41.242676,49.089478,27700,418.3,312.4,2112
41.253662,49.073556,28050,415.4,312.6,2624
41.258969,49.065878,28225,414.8,312.5,2560
41.273621,49.044495,28575,414.8,312.5,2560
41.274399,49.043396,28600,415.6,312.2,1472
41.279846,49.035461,28675,416.9,312.4,1088
41.300034,49.006104,28950,421.9,312.3,1472
41.301378,49.00408,29000,421.9,312.3,1472
41.352167,48.929797,30275,422.6,312.2,1536
41.368744,48.905212,30425,421.4,311.8,768
41.37237,48.899897,30450,426.3,312.0,384
41.427628,48.818963,31025,439.7,312.1,1024
41.428391,48.817874,31050,439.7,312.1,1024
41.582611,48.589908,32000,449.0,311.9,0
41.599182,48.565376,32025,445.4,312.0,64
41.604721,48.557261,32050,445.2,312.5,576
41.621471,48.534532,32275,446.4,313.3,896
41.624725,48.530419,32325,449.1,316.4,1536
41.637159,48.515497,32500,449.9,318.7,1536
41.638641,48.513752,32525,450.1,319.0,1472
41.744835,48.428756,33650,454.6,339.9,960
41.753174,48.425237,33725,455.8,343.0,960
41.766947,48.420389,33825,457.2,345.7,1088
41.777618,48.417497,33900,457.8,349.4,960
41.789978,48.415,34000,457.4,352.1,960
41.798463,48.413874,34075,457.8,354.9,1024
41.809263,48.413043,34175,458.4,357.8,1024
41.828582,48.412979,34325,459.0,359.9,1088
41.863869,48.413363,34600,461.0,0.2,1024
41.897805,48.413554,34875,462.0,0.2,960
41.912933,48.413689,34925,464.0,0.4,512
41.953629,48.414064,35000,463.0,0.5,64
41.994215,48.414512,35000,464.0,0.4,-64
42.021262,48.414832,35000,463.0,0.5,0
42.064133,48.415375,35025,463.0,0.5,0
42.105377,48.415874,35000,465.0,0.5,0
42.147465,48.416429,35000,466.0,0.5,0
42.19075,48.416873,35000,467.0,0.5,0
42.231911,48.417387,35000,467.0,0.6,64
42.274646,48.418026,35025,467.0,0.5,-64
42.313144,48.418409,35000,468.0,0.4,0
42.351876,48.41892,35000,469.0,0.6,-64
42.38475,48.41937,34975,470.0,0.6,-64
42.414628,48.420006,34975,471.2,1.7,-64
42.423101,48.42058,35000,471.8,3.4,384
42.434326,48.421742,35050,473.0,5.2,768
42.447261,48.42371,35150,473.7,7.2,1216
42.462067,48.426798,35300,473.0,9.1,1472
42.479336,48.431439,35500,473.1,11.8,1536
42.494293,48.436349,35675,472.5,14.2,1472
42.513565,48.444027,35900,472.4,16.5,1408
42.544137,48.456733,36175,472.9,17.1,960
42.581472,48.472191,36425,474.8,17.0,704
42.618946,48.48784,36625,477.3,17.2,704
42.657445,48.504128,36850,480.5,17.2,704
42.699234,48.521493,37000,483.0,17.0,256
42.742447,48.539595,37000,489.0,17.2,-64
42.784836,48.557635,37000,489.6,17.5,128
42.799393,48.563253,37000,487.3,14.9,0
42.813171,48.567618,37000,485.0,11.7,0
42.827957,48.571068,37000,483.4,8.6,-64
42.840628,48.573042,37025,481.1,5.4,0
42.854233,48.574134,37000,478.3,2.2,-64
42.863937,48.574197,37000,477.0,0.0,-192
42.876892,48.573495,36975,472.8,356.7,0
42.885544,48.572473,36975,469.3,354.4,64
42.895981,48.570557,37000,464.8,351.0,128
42.913342,48.566044,37025,461.3,348.5,64
42.952958,48.555058,37000,459.1,348.6,64
42.993924,48.54381,37000,458.9,348.7,0
43.035449,48.532497,37000,457.7,348.8,64
43.051666,48.527569,37000,456.5,346.6,0
43.066592,48.522164,36975,454.3,344.2,-64
43.081467,48.515753,36975,452.8,341.7,-64
43.095455,48.508759,36975,451.0,339.4,-128
43.10835,48.5015,36975,449.5,337.1,256
43.12825,48.489053,37000,451.0,335.1,0
43.165466,48.465548,37000,453.3,335.4,0
43.203644,48.441787,37000,452.5,335.6,0
43.242141,48.417598,37000,452.8,335.2,-64
43.27901,48.394187,37000,454.5,335.0,0
43.316025,48.370631,37000,457.3,335.2,64
43.351958,48.347626,37000,457.2,334.9,64
43.389572,48.323691,37000,458.2,335.2,-128
43.426302,48.300476,37000,457.8,335.3,64
43.464615,48.276161,37000,457.7,335.1,-64
43.502182,48.252215,37000,458.2,335.2,0
43.538589,48.229086,37000,457.7,335.1,64
43.576675,48.204686,37025,455.9,335.0,0
43.614487,48.18035,37000,456.3,334.8,-128
43.652452,48.155757,37000,455.4,334.8,-64
43.690765,48.131104,36975,454.5,335.0,64
43.728333,48.106895,37000,453.6,335.0,-64
43.76619,48.082495,36975,454.5,335.0,-64
43.803909,48.058223,36950,455.0,334.9,-64
43.838242,48.035931,36950,456.3,334.8,0
43.874222,48.012489,36950,458.1,334.7,0
43.901505,47.994796,36950,461.0,335.7,0
43.914402,47.987235,36950,463.7,337.7,192
43.929112,47.979649,36975,465.9,340.4,192
43.943802,47.973015,37000,469.4,343.0,64
43.959464,47.967159,37000,472.7,345.7,64
43.972732,47.963039,37000,474.4,348.0,64
43.984772,47.959921,37025,477.1,350.1,128
44.000803,47.956696,37025,478.7,352.9,128
44.043538,47.94996,37050,480.0,353.5,-64
44.087585,47.942739,37050,481.3,353.3,0
44.130386,47.935713,37025,484.4,353.2,-256
44.171324,47.929099,37000,487.2,353.4,-64
44.214249,47.922232,37000,488.3,353.3,0
44.259959,47.914726,37000,490.3,353.3,0
44.305813,47.907358,37025,492.3,353.4,0
44.348419,47.900391,37025,493.3,353.4,64
44.390488,47.893524,37025,493.2,353.5,0
44.432648,47.886789,37025,493.3,353.4,0
44.478149,47.879464,37000,487.1,353.5,64
44.523056,47.87214,37050,484.4,353.2,-128
44.566315,47.864947,37000,486.4,353.3,64
44.60803,47.858053,37000,488.2,353.4,0
44.653015,47.850756,36975,488.5,353.2,64
44.696274,47.843628,37000,484.2,353.4,64
44.740425,47.836348,37025,481.4,353.2,-64
44.781693,47.829437,37000,479.4,353.2,-128
44.825895,47.822214,36975,477.3,353.3,0
44.855409,47.817256,36975,476.4,353.1,-64
44.905359,47.80895,36950,476.4,353.1,-64
44.947815,47.801849,36950,474.2,353.3,64
44.989852,47.794815,36950,475.4,353.1,-64
45.028885,47.788304,37000,478.3,353.3,192
45.06015,47.783138,37000,480.3,353.3,0
45.10451,47.775924,37000,483.1,353.5,0
45.148956,47.768685,37000,483.4,353.2,0
45.192168,47.761387,37000,481.5,353.1,0
45.23588,47.754152,37000,480.2,353.4,-64
45.278894,47.746984,37000,477.3,353.3,64
45.320838,47.740084,37000,476.2,353.4,-64
45.362409,47.73305,37000,473.4,353.1,0
45.404911,47.725681,37000,472.5,353.1,-64
45.448251,47.718379,36975,472.1,353.4,-64
45.490195,47.711412,36975,471.3,353.2,-64
45.5327,47.704337,36950,471.3,353.2,0
45.574967,47.697212,36950,471.3,353.2,0
45.617841,47.689934,36950,472.3,353.2,64
45.660716,47.682587,36975,472.5,353.1,128
45.704335,47.675034,37000,473.4,353.1,-64
45.746465,47.667892,37025,473.2,353.3,64
45.788864,47.660701,37025,473.3,353.2,0
45.833704,47.65313,37025,473.2,353.3,0
45.873047,47.646432,37025,473.4,353.1,0
45.916381,47.638779,37025,473.6,353.0,0
45.957092,47.631628,37000,474.4,353.1,-64
45.999573,47.624393,37000,474.3,353.2,0
46.042537,47.617012,37000,474.3,353.2,-64
46.0849,47.609789,37000,474.3,353.2,0
46.127262,47.602524,37000,475.4,353.1,0
46.14309,47.599159,37000,475.1,350.8,0
46.154388,47.596123,37000,474.0,348.8,0
46.162674,47.593376,37000,473.6,347.3,0
46.173843,47.589022,37000,472.4,344.4,64
46.189774,47.581385,37025,471.9,342.5,64
46.198059,47.576763,37025,469.8,338.1,64
46.211151,47.568456,37050,468.9,335.3,64
46.222834,47.559952,37050,467.4,332.3,0
46.234053,47.550751,37050,465.1,329.1,64
46.246445,47.539316,37050,465.2,327.6,64
46.2686,47.514864,37050,465.2,327.6,64
46.273407,47.508835,37050,459.2,318.7,0
46.284097,47.49424,37050,458.3,316.4,0
46.288834,47.487131,37050,458.3,316.4,0
46.294647,47.477953,37050,456.9,313.6,-64
46.30323,47.463203,37050,453.7,308.9,0
46.308583,47.453178,37050,452.8,307.5,0
46.32019,47.428782,37050,450.1,303.6,0
46.346989,47.36879,37000,450.1,303.6,0
46.355089,47.350731,37000,450.1,303.6,0
46.420495,47.204132,36975,445.2,302.6,0
46.442095,47.155655,36975,444.6,303.0,64
46.462967,47.108571,37000,443.6,302.3,0
46.484458,47.059593,37000,443.3,302.5,0
46.523529,46.970438,36975,443.3,302.5,64
46.544836,46.921783,37000,442.8,302.4,64
46.56476,46.876259,37000,442.8,302.4,-64
46.586407,46.826065,36975,442.7,302.8,-64
46.607941,46.777173,36975,444.7,302.5,0
46.62742,46.736115,36950,441.0,303.4,0
46.63133,46.728973,36950,444.9,302.8,0
46.644608,46.712527,36950,530.8,308.6,0
46.655211,46.709473,36950,531.6,308.5,0
46.670288,46.633881,36975,447.5,302.1,64
46.692123,46.583304,36975,451.1,302.1,128
46.709381,46.543646,37000,453.4,302.1,-64
46.722153,46.514305,37000,453.9,302.2,128
46.722702,46.470426,37025,634.6,316.9,128
46.723364,46.469009,37025,460.1,304.1,128
46.741799,46.469971,37050,455.1,302.0,128
46.768287,46.310257,37025,3014.5,320.4,0
46.768147,46.398834,37050,3023.5,318.5,64
46.771362,46.393321,37050,452.8,302.0,64
46.784487,46.374596,37050,454.5,301.9,0
46.784813,46.371712,37050,227.0,275.3,0
46.784394,46.369377,37050,479.8,303.1,-64
46.783539,46.367396,37050,480.9,303.3,-64
46.786652,46.362506,37050,461.6,302.4,-64
46.789096,46.357841,37050,469.1,302.6,-64
46.788071,46.358047,37050,448.5,301.6,-64
46.788757,46.356611,37050,472.9,302.9,-64
46.810696,46.306961,37050,471.8,302.7,-64
46.811691,46.30476,37050,461.1,302.2,0
46.816049,46.294395,37050,457.0,302.1,0
46.827175,46.268921,37050,455.9,301.9,0
46.85627,46.200668,37000,452.8,302.0,-64
46.870283,46.168635,37000,450.4,303.4,0
46.877405,46.153917,37000,234.6,288.1,0
46.882945,46.142367,37000,453.0,306.7,0
46.887085,46.135162,37000,454.8,307.7,0
46.887772,46.133171,37000,2472.4,144.9,-64
46.888438,46.132014,37000,419.6,308.8,-64
46.889832,46.129601,37000,454.0,308.6,-64
46.891342,46.124863,36975,2419.8,144.4,-64
46.891937,46.123901,36975,382.7,311.2,-64
46.894071,46.120605,36975,454.9,310.1,-64
46.809998,46.236029,36950,199.8,39.1,0
46.661865,46.107074,36975,1466.1,353.3,-64
