lat,lon,alt,gs,track,vs
59.662558,17.969181,200,131.9,76.0,1024
59.66321,17.97458,300,135.8,76.4,1344
59.663773,17.979218,400,136.3,75.6,1536
59.664413,17.98407,500,136.6,75.2,1600
59.665026,17.988597,600,137.3,75.7,1536
59.665741,17.993683,700,138.9,73.3,1280
59.666473,17.997437,775,138.9,67.1,1408
59.667297,18.000824,850,137.8,61.4,1600
59.668331,18.003845,925,137.1,57.8,1536
59.669448,18.006687,1000,137.3,51.2,1280
59.671188,18.010986,1075,142.1,50.7,832
59.673203,18.015656,1125,145.5,49.7,384
59.675354,18.020691,1175,150.4,49.8,768
59.677548,18.025534,1250,152.8,46.1,1024
59.679337,18.028839,1300,154.7,40.3,960
59.680993,18.031216,1350,154.5,33.4,1216
59.682266,18.032593,1400,154.3,27.4,1600
59.6836,18.033679,1450,154.1,20.9,1664
59.685136,18.034531,1500,153.8,14.3,1472
59.686486,18.03491,1550,154.6,10.4,1280
59.687929,18.035099,1600,155.2,2.6,1152
59.689453,18.034973,1625,157.6,354.9,896
59.690909,18.034436,1650,159.5,348.1,896
59.692657,18.033325,1700,161.3,340.4,896
59.693981,18.032163,1725,164.1,333.6,832
59.695471,18.030364,1750,165.3,326.6,960
59.696728,18.02828,1800,167.4,319.4,1088
59.697845,18.026102,1825,170.0,311.7,1088
59.699009,18.022787,1875,172.3,305.1,1088
59.699847,18.019851,1900,174.4,296.6,1024
59.700498,18.016631,1950,176.9,290.2,1024
59.700917,18.013032,1975,178.0,283.6,1024
59.70115,18.009812,2000,181.1,276.3,1088
59.701197,18.00555,2050,183.1,268.4,1152
59.70101,18.002046,2075,184.7,262.2,1152
59.700531,17.99707,2125,186.6,257.3,1024
59.69902,17.985535,2225,191.4,255.2,768
59.697333,17.973443,2275,196.3,254.3,448
59.695908,17.963013,2325,201.1,254.7,512
59.693795,17.947682,2400,205.9,255.1,640
59.691886,17.933192,2500,210.1,255.1,640
59.689838,17.917754,2600,213.0,255.3,768
59.687883,17.903169,2700,214.9,255.4,768
59.686203,17.890137,2800,215.9,255.5,832
59.684372,17.876495,2900,216.8,255.6,832
59.682724,17.863678,3000,218.1,255.4,896
59.680993,17.8507,3100,218.1,255.4,896
59.67941,17.838482,3200,219.0,255.5,896
59.677734,17.825684,3300,219.0,255.5,896
59.676012,17.812532,3400,219.0,255.5,896
59.674336,17.799651,3500,220.0,255.5,832
59.67266,17.786771,3600,220.0,255.5,896
59.671031,17.774079,3700,220.7,255.8,896
59.669308,17.76082,3800,220.7,255.8,896
59.667586,17.747277,3900,221.7,255.9,640
59.665724,17.732597,3925,225.6,256.1,192
59.66423,17.720306,3950,229.9,255.9,64
59.662766,17.708862,3950,234.0,255.9,-64
59.661209,17.696686,3950,238.4,255.7,-128
59.659607,17.685516,3925,242.6,252.2,-64
59.657043,17.671417,3925,245.6,249.5,64
59.653015,17.651367,3950,249.0,248.1,512
59.651505,17.644043,4000,249.4,247.9,960
59.649477,17.634098,4100,246.2,247.8,1280
59.647385,17.623993,4200,244.0,247.9,1216
59.645004,17.612366,4300,243.1,247.8,1024
59.642349,17.599457,4400,241.8,247.9,1024
59.639786,17.587006,4500,240.5,248.0,960
59.637141,17.573958,4600,239.2,248.1,960
59.634813,17.562498,4700,238.2,248.1,960
59.632278,17.55011,4800,236.9,248.2,1024
59.629739,17.537684,4900,236.0,248.1,960
59.627289,17.525574,5000,235.1,248.0,1024
59.624898,17.513628,5100,233.8,248.1,1024
59.62262,17.502411,5200,233.8,248.1,1024
59.620422,17.491608,5300,231.6,248.2,1088
59.618241,17.480953,5400,230.6,248.1,1088
59.616099,17.470345,5500,229.3,248.2,1088
59.613911,17.459643,5600,228.4,248.1,1024
59.611537,17.447899,5700,227.5,248.1,960
59.609023,17.435682,5800,227.5,248.1,960
59.606552,17.423492,5900,226.6,248.0,960
59.604135,17.41172,6000,226.2,248.2,1024
59.601901,17.400734,6100,225.2,248.1,1024
59.599503,17.388977,6200,224.3,248.0,960
59.597122,17.377441,6300,224.3,248.0,960
59.594778,17.365786,6400,224.3,248.0,1024
59.592497,17.354894,6500,223.4,247.9,1024
59.590309,17.344097,6600,222.5,247.8,1024
59.587921,17.332397,6700,222.1,248.1,1024
59.585678,17.321594,6800,221.2,248.0,1024
59.583572,17.31134,6900,221.2,248.0,1024
59.581325,17.300247,7000,220.2,247.9,960
59.577896,17.283508,7150,220.2,247.9,1024
59.574482,17.266909,7300,218.9,248.0,1088
59.57113,17.250808,7450,217.1,247.8,1024
59.567825,17.234619,7600,216.7,248.1,960
59.564621,17.219147,7750,216.2,247.7,1024
59.561234,17.202759,7900,215.8,247.9,960
59.557723,17.185743,8050,215.8,247.9,1024
59.554413,17.169617,8200,215.8,247.9,960
59.550973,17.152878,8350,214.9,247.9,1024
59.547574,17.136399,8500,214.9,247.9,1024
59.544205,17.12027,8650,213.9,247.8,1024
59.541,17.104797,8800,213.6,248.0,1024
59.537796,17.089325,8950,212.6,247.9,1024
59.534637,17.073944,9100,211.7,247.8,1280
59.53156,17.05921,9275,208.5,247.7,1088
59.527954,17.041718,9425,209.5,247.8,832
59.524109,17.023315,9575,209.5,247.8,896
59.520355,17.005188,9700,210.0,248.2,768
59.517269,16.989883,9850,210.0,248.2,1024
59.514175,16.974976,10000,208.5,247.7,1088
59.511031,16.959955,10150,207.6,247.6,896
59.507167,16.941676,10300,207.6,247.6,832
59.503418,16.923706,10425,208.0,247.4,896
59.500044,16.90777,10575,207.6,247.6,960
59.496643,16.891479,10725,207.6,247.6,896
59.492969,16.873958,10850,207.6,247.6,832
59.489384,16.85691,11000,208.0,247.4,832
59.485567,16.838726,11125,208.5,247.7,768
59.481796,16.820826,11250,208.9,247.5,768
59.478118,16.803305,11375,209.8,247.6,832
59.474441,16.785878,11525,210.2,247.3,704
59.470688,16.767975,11650,210.8,247.7,768
59.467346,16.752319,11800,208.9,247.5,1152
59.464199,16.737292,11950,206.7,247.5,960
59.46136,16.723843,12050,206.7,247.5,512
59.454025,16.68924,12200,212.5,247.3,576
59.446838,16.655182,12425,213.4,247.4,768
59.439789,16.621857,12650,213.4,247.4,640
59.432236,16.586334,12850,214.7,247.3,640
59.42477,16.551282,13075,214.7,247.3,640
59.417358,16.516296,13300,214.7,247.3,704
59.409733,16.480439,13475,215.6,247.4,640
59.402023,16.444519,13675,217.8,247.3,576
59.394287,16.408356,13900,216.9,247.2,640
59.387109,16.374838,14125,216.0,247.1,768
59.379456,16.339325,14325,216.0,247.1,576
59.371793,16.303616,14525,216.9,247.2,640
59.364075,16.267731,14725,216.0,247.1,640
59.356384,16.231934,14925,216.0,247.1,640
59.348657,16.196121,15125,216.0,247.1,576
59.341003,16.160797,15300,217.3,247.0,576
59.333313,16.125275,15500,217.3,247.0,576
59.32552,16.089478,15675,217.3,247.0,512
59.317839,16.054246,15850,218.6,246.8,448
59.310013,16.018158,16000,219.5,246.9,192
59.301965,15.981414,16000,227.6,246.7,0
59.293585,15.943056,16000,235.2,246.7,0
59.285066,15.904225,16000,240.6,246.7,0
59.276276,15.864349,16000,245.9,246.8,0
59.267258,15.823425,16000,250.4,246.7,0
59.258159,15.782144,16000,254.9,246.6,0
59.248802,15.739999,16000,257.1,246.6,64
59.239585,15.698326,16000,260.3,246.7,0
59.230225,15.656158,16000,261.6,246.6,0
59.220749,15.613495,16000,263.8,246.5,0
59.211044,15.570007,16000,265.1,246.4,-64
59.20134,15.526337,16000,266.0,246.5,-64
59.191543,15.482483,16000,267.3,246.4,0
59.181747,15.438812,16000,266.4,246.3,0
59.171951,15.395142,16000,266.4,246.3,0
59.162292,15.352203,16000,266.4,246.3,-64
59.152532,15.30888,16000,266.8,246.1,-64
59.142616,15.265124,16000,267.7,246.2,0
59.132794,15.221652,16000,266.8,246.1,0
59.122878,15.177991,16000,267.7,246.2,0
59.113149,15.135182,16000,267.7,246.2,-64
59.103333,15.091919,16000,266.8,246.1,0
59.093364,15.048239,16000,267.2,245.9,0
59.083557,15.005402,16000,267.2,245.9,0
59.073853,14.963104,16000,267.2,245.9,-64
59.06385,14.919528,16000,267.2,245.9,0
59.053848,14.876129,16000,267.2,245.9,0
59.043833,14.832585,16000,266.3,245.8,0
59.033731,14.789018,16000,267.6,245.7,0
59.023727,14.74585,16000,266.7,245.6,0
59.013713,14.702738,16000,266.7,245.6,0
59.003658,14.659645,16000,266.7,245.6,0
58.993607,14.616394,16000,266.7,245.6,0
58.983627,14.573822,16000,266.7,245.6,0
58.973678,14.531124,16000,266.7,245.6,0
58.963577,14.488037,16000,267.2,245.9,0
58.961435,14.477802,16000,267.1,249.4,-64
58.95948,14.466248,16000,267.3,253.3,0
58.957106,14.4492,16000,267.3,255.7,64
58.951333,14.403171,16000,266.6,256.3,0
58.945607,14.357237,16000,267.3,256.6,0
58.939928,14.311965,16000,268.0,256.0,0
58.934052,14.266113,16000,268.0,256.0,-64
58.928662,14.225306,16000,267.1,255.0,0
58.926381,14.210247,16000,267.6,252.4,0
58.922098,14.186286,16000,267.3,250.6,0
58.918213,14.165863,16000,266.7,248.4,0
58.915329,14.153046,16000,266.7,245.2,-64
58.911159,14.136942,16000,266.6,242.8,-64
58.90236,14.104741,16000,267.1,241.6,128
58.898729,14.092712,16000,265.9,238.2,0
58.894027,14.079074,16000,266.0,235.4,0
58.888581,14.064299,16000,265.0,233.1,0
58.884996,14.055776,16000,264.8,230.1,0
58.881546,14.048676,16000,263.8,226.1,0
58.875824,14.037872,16000,263.9,223.3,64
58.85939,14.00885,16000,263.4,222.2,-64
58.841656,13.977997,16000,264.8,221.9,64
58.823685,13.946612,16000,265.5,222.1,64
58.805466,13.914982,16000,264.1,222.1,0
58.787749,13.884155,16000,264.1,222.1,-64
58.769966,13.853394,16000,264.8,221.9,0
58.752228,13.822661,16000,264.8,221.9,0
58.734307,13.791687,16000,264.8,221.9,0
58.716431,13.760819,16000,264.8,221.9,0
58.698303,13.729543,16000,264.8,221.9,0
58.680405,13.698711,16000,265.6,221.8,0
58.662477,13.667908,16000,265.6,221.8,64
58.644694,13.637329,16000,265.6,221.8,0
58.626631,13.606384,16000,265.6,221.8,0
58.608719,13.575646,16000,264.8,221.9,0
58.590729,13.544814,16025,264.2,221.8,0
58.57305,13.514648,16000,264.2,221.8,0
58.555174,13.484161,16000,264.2,221.8,0
58.537216,13.453468,16000,263.5,221.6,0
58.519468,13.423279,16000,263.5,221.6,0
58.501465,13.392777,16000,263.5,221.6,0
58.483763,13.362671,16000,263.5,221.6,0
58.465988,13.332529,16000,262.8,221.4,0
58.448181,13.302494,16000,262.1,221.6,0
58.429995,13.271851,16000,262.1,221.6,0
58.411926,13.241361,16000,262.1,221.6,0
58.393963,13.211151,16000,261.4,221.4,0
58.37618,13.181213,16000,261.4,221.4,64
58.358276,13.151255,16000,261.4,221.4,0
58.350128,13.137522,15975,262.8,221.4,-448
58.333539,13.109802,15750,270.6,221.4,-768
58.3165,13.081329,15500,278.5,221.4,-832
58.2995,13.052821,15250,285.5,221.4,-768
58.281307,13.022461,15025,289.1,221.4,-768
58.265014,12.995453,14775,293.4,221.1,-960
58.247044,12.965515,14525,294.1,221.3,-768
58.22847,12.93457,14300,292.0,221.1,-832
58.211199,12.906006,14050,292.8,221.0,-768
58.192795,12.875445,13825,294.8,221.1,-768
58.174072,12.844524,13575,296.2,221.2,-768
58.155762,12.814134,13350,297.0,221.0,-832
58.137772,12.784453,13100,297.6,221.2,-832
58.119072,12.753662,12875,298.4,221.1,-896
58.102267,12.725922,12625,297.0,221.0,-960
58.085275,12.697998,12375,293.4,221.1,-832
58.067001,12.667857,12150,289.9,220.9,-832
58.056599,12.650848,12000,287.1,220.9,-768
58.046631,12.634543,11875,285.7,220.9,-768
58.036396,12.617798,11750,284.3,220.9,-832
58.026443,12.601584,11625,282.9,220.8,-832
58.017105,12.586256,11475,282.8,221.1,-832
58.006805,12.569423,11350,283.5,221.0,-832
57.997804,12.554718,11200,282.9,220.8,-768
57.987488,12.53797,11075,282.9,220.8,-832
57.977926,12.5224,10925,282.9,220.8,-832
57.967987,12.506163,10800,282.9,220.8,-768
57.957676,12.489441,10675,282.9,220.8,-768
57.948761,12.474887,10525,282.9,220.8,-896
57.938507,12.45823,10375,282.9,220.8,-832
57.928301,12.441559,10250,282.9,220.8,-768
57.918293,12.425446,10125,282.9,220.8,-768
57.908191,12.409058,9975,282.2,220.7,-768
57.898315,12.39311,9850,281.5,220.8,-768
57.888546,12.377289,9700,280.1,220.8,-960
57.879654,12.362823,9550,279.3,220.9,-1024
57.871353,12.349342,9400,278.0,220.6,-1024
57.862663,12.335266,9250,277.2,220.8,-960
57.854004,12.321344,9100,276.6,220.6,-1024
57.845032,12.306902,8950,275.2,220.6,-1024
57.836517,12.293347,8800,273.8,220.6,-1024
57.828261,12.28006,8650,273.8,220.6,-1024
57.819555,12.266052,8500,272.4,220.5,-960
57.811036,12.252411,8350,271.6,220.7,-1024
57.802597,12.238947,8200,270.5,219.8,-1024
57.795822,12.228935,8100,270.4,217.3,-1024
57.78717,12.217063,7950,270.0,215.8,-1024
57.778244,12.205102,7800,269.5,215.6,-1024
57.769363,12.193229,7650,269.7,215.3,-1088
57.76062,12.181623,7500,268.9,215.5,-1024
57.751923,12.170016,7350,269.5,215.6,-960
57.743163,12.158203,7200,268.7,215.8,-1024
57.734482,12.146538,7050,265.9,215.7,-1024
57.728313,12.138245,6950,263.7,215.7,-1024
57.722351,12.130194,6850,262.3,215.7,-896
57.715897,12.121525,6750,262.3,215.7,-960
57.710623,12.114465,6650,262.3,215.7,-1216
57.706154,12.108528,6550,263.1,215.6,-1344
57.701732,12.102592,6450,265.3,215.5,-1472
57.697681,12.097365,6350,264.9,213.4,-1472
57.693466,12.092514,6250,264.3,211.2,-1472
57.689209,12.087965,6150,264.1,209.0,-1472
57.685043,12.083845,6050,263.0,207.6,-1472
57.680511,12.079468,5950,262.5,207.0,-1472
57.676547,12.075747,5850,262.5,207.0,-1472
57.672031,12.071494,5750,262.1,206.8,-1536
57.668028,12.067773,5650,262.1,206.8,-1536
57.663466,12.063431,5550,262.1,206.8,-1600
57.659729,12.059984,5450,261.6,206.6,-1600
57.655505,12.055989,5350,262.5,206.5,-1536
57.651362,12.052179,5250,262.5,206.5,-1536
57.64694,12.048104,5150,261.2,206.4,-1536
57.64261,12.044117,5050,261.2,206.4,-1472
57.638514,12.040218,4950,261.2,206.4,-1472
57.633951,12.036143,4850,261.3,204.9,-1536
57.630112,12.033205,4750,261.0,200.2,-1664
57.626224,12.031004,4675,259.9,195.9,-1664
57.622732,12.029498,4575,260.1,191.3,-1664
57.617798,12.027992,4475,258.7,188.2,-1408
57.612991,12.026768,4375,258.4,187.8,-1344
57.607452,12.025394,4275,257.4,187.8,-1408
57.602482,12.024093,4175,256.4,187.9,-1472
57.597748,12.022905,4075,256.4,187.9,-1472
57.593544,12.02179,3975,255.4,187.9,-1472
57.588913,12.020588,3875,255.5,188.1,-1536
57.584427,12.019386,3775,254.6,188.1,-1472
57.579391,12.018099,3675,254.4,187.9,-1280
57.573527,12.016562,3575,252.6,188.2,-1088
57.566171,12.01479,3475,250.3,185.7,-1088
57.562775,12.01458,3425,248.0,180.5,-1216
57.559887,12.014879,3375,246.0,174.9,-1152
57.557007,12.015781,3325,244.6,168.9,-1088
57.553835,12.01736,3275,241.6,162.2,-1024
57.550902,12.019575,3225,239.1,156.3,-960
57.547737,12.022676,3200,236.8,150.9,-640
57.541397,12.029686,3125,231.9,149.1,-576
57.536133,12.03578,3075,228.8,146.6,-832
57.533631,12.039244,3025,226.8,140.9,-1152
57.531676,12.042788,2975,224.2,134.1,-1216
57.529861,12.046852,2900,223.4,127.2,-1216
57.528122,12.051659,2850,221.2,121.3,-960
57.525066,12.061748,2775,216.3,119.7,-576
57.520736,12.075569,2675,211.5,120.1,-832
57.517338,12.086467,2575,210.1,120.0,-896
57.514545,12.09577,2500,208.4,117.4,-832
57.513335,12.100909,2450,207.1,112.7,-640
57.51265,12.105045,2425,204.5,105.6,-448
57.512238,12.108994,2425,201.1,98.3,-192
57.512124,12.113313,2425,198.0,90.9,0
57.51231,12.117654,2425,195.0,84.1,128
57.512695,12.121868,2425,193.0,78.3,192
57.513382,12.126589,2450,191.7,72.7,64
57.514359,12.131298,2450,190.9,67.2,0
57.515579,12.135859,2450,189.7,61.7,-128
57.517136,12.140408,2450,190.0,55.7,-64
57.518738,12.14427,2450,189.8,50.8,-128
57.520504,12.147867,2425,188.8,45.6,-64
57.522831,12.151853,2425,189.4,40.5,0
57.525112,12.154954,2425,188.7,35.3,-64
57.527847,12.158089,2425,187.3,30.1,0
57.531464,12.161522,2425,185.1,26.3,0
57.538605,12.167702,2425,183.1,24.2,0
57.545921,12.173915,2425,178.5,24.8,64
57.551834,12.179203,2425,173.5,26.0,-64
57.559341,12.186069,2375,169.1,26.0,-256
57.561423,12.188002,2350,164.6,25.9,-448
57.56282,12.189245,2325,162.8,26.2,-896
57.566032,12.192255,2225,161.0,26.6,-960
57.56987,12.195683,2125,158.8,25.8,-1024
57.574272,12.199697,2050,153.8,26.2,-704
57.577011,12.202206,2000,148.9,25.9,-640
57.579159,12.204127,1950,144.5,25.9,-640
57.581208,12.205988,1900,140.0,25.8,-768
57.583923,12.208471,1850,135.5,25.8,-896
57.586212,12.210445,1800,130.6,25.4,-640
57.587814,12.211905,1750,125.7,26.0,-640
57.589494,12.21343,1700,120.8,25.5,-832
57.591775,12.215379,1650,116.3,25.5,-512
57.595917,12.2192,1575,113.6,26.1,-640
57.600082,12.222891,1500,112.7,26.3,-576
57.604205,12.22672,1425,117.6,26.8,-576
57.607463,12.229644,1325,122.5,26.1,-960
57.609558,12.231593,1275,123.0,26.6,-512
57.613266,12.234993,1200,118.1,26.1,-512
57.617386,12.23877,1125,118.5,25.5,-640
57.621289,12.242225,1025,117.6,25.7,-576
57.625386,12.245946,950,114.5,27.0,-576
57.629608,12.249842,875,115.9,25.0,-704
57.633719,12.2533,775,115.0,25.2,-704
57.637848,12.257223,700,114.9,27.5,-576
57.641633,12.260565,600,112.7,25.2,-384
57.645636,12.264109,525,111.4,26.1,-576
57.650024,12.268209,450,110.0,25.9,-448
57.652014,12.269957,400,108.2,26.3,-320
57.659592,12.276878,375,61.5,25.3,-192
57.672311,12.288474,550,132.4,27.0,1216
57.674871,12.290955,650,134.2,26.6,1280
57.675934,12.291899,700,134.2,26.6,1728
57.678083,12.293878,800,134.2,26.6,1792
57.679916,12.295589,900,135.1,26.4,1536
57.683018,12.298486,1000,138.6,26.6,1088
57.685913,12.301168,1075,141.3,26.0,640
57.688019,12.303057,1100,144.9,26.2,192
57.690093,12.304953,1125,149.8,26.6,512
57.693073,12.307788,1150,154.3,26.6,576
57.696192,12.310712,1200,158.3,26.2,576
57.698318,12.312584,1225,162.8,26.2,256
57.700928,12.315245,1250,167.6,30.1,576
57.702255,12.31679,1275,167.8,34.1,1280
57.704152,12.319572,1350,167.0,39.4,1728
57.705921,12.322762,1425,165.5,45.0,1856
57.707474,12.325802,1525,164.3,48.0,1664
57.709645,12.330381,1625,163.6,48.2,1408
57.71196,12.335329,1725,163.7,48.7,1088
57.714478,12.340736,1825,164.4,49.0,1088
57.71714,12.346418,1925,165.2,49.2,1024
57.719513,12.351637,2025,165.3,49.7,1472
57.721344,12.355671,2125,164.5,49.4,1408
57.723495,12.36022,2225,164.5,49.4,1280
57.725784,12.365198,2325,165.2,49.2,1152
57.728531,12.371137,2425,165.2,49.2,1216
57.730728,12.375921,2525,165.2,49.2,1280
57.733015,12.380859,2625,165.1,48.7,1216
57.735855,12.386996,2725,167.3,48.9,960
57.737949,12.391388,2800,168.7,48.8,1408
57.739838,12.395591,2900,168.1,49.6,1472
57.741943,12.40002,3000,167.9,48.6,1152
57.744839,12.406128,3100,168.7,48.8,896
57.747574,12.411981,3200,170.8,49.0,1344
57.749261,12.415649,3275,170.7,48.6,1792
57.75087,12.419069,3375,170.1,48.8,1728
57.751923,12.421284,3425,170.1,48.8,1344
57.754944,12.427752,3525,172.2,48.5,1024
57.757599,12.433334,3625,172.9,48.8,1216
57.759979,12.438561,3725,172.4,49.5,1344
57.762314,12.443611,3825,171.5,48.8,1600
57.764437,12.448059,3925,170.7,48.6,1152
57.767258,12.454066,4025,172.2,48.5,1344
57.769409,12.458585,4125,171.5,48.8,1472
57.771835,12.463901,4225,171.6,49.2,1216
57.77426,12.469025,4325,171.5,48.8,1152
57.777328,12.475596,4425,172.8,48.3,960
57.780029,12.481355,4525,172.9,48.8,1280
57.782318,12.486316,4625,172.2,49.0,1280
57.785153,12.492279,4725,173.5,48.0,1152
57.788132,12.498543,4825,174.2,47.8,1152
57.791019,12.504364,4925,175.5,46.8,1024
57.793952,12.510315,5025,175.5,47.3,1152
57.796829,12.516174,5125,176.2,47.5,1152
57.799724,12.522034,5225,176.9,47.3,1088
57.80275,12.528259,5325,176.9,47.3,1152
57.805893,12.534692,5425,177.7,47.5,1088
57.808802,12.540619,5525,178.4,47.7,1088
57.811641,12.546478,5625,177.7,47.5,1152
57.814621,12.552521,5725,177.7,47.5,1088
57.817786,12.559021,5825,178.3,47.3,1088
57.820952,12.565521,5925,179.1,47.9,1088
57.823929,12.571726,6025,179.8,47.7,1088
57.826957,12.577972,6125,179.1,47.5,1024
57.830402,12.585022,6225,179.8,47.7,1088
57.833405,12.591218,6325,180.5,47.9,1088
57.8365,12.597565,6425,181.2,47.7,960
57.839945,12.604797,6525,182.6,47.7,1024
57.843475,12.61195,6625,182.6,47.7,1088
57.846509,12.618256,6725,183.4,47.9,1088
57.849518,12.624443,6825,183.4,47.9,1088
57.85298,12.631622,6925,184.0,47.6,1088
57.857914,12.641876,7075,183.4,47.9,1088
57.862701,12.651731,7225,184.0,47.6,1024
57.86792,12.662541,7375,184.8,47.8,960
57.873649,12.674377,7525,186.2,47.8,896
57.879515,12.686554,7675,188.4,48.0,960
57.884775,12.69754,7825,189.0,47.8,960
57.890121,12.708524,7975,189.0,47.8,1088
57.895203,12.719055,8125,189.0,47.8,1088
57.900101,12.729256,8275,190.4,47.8,960
57.90577,12.740845,8425,190.4,47.8,1088
57.910721,12.751317,8575,190.5,48.2,960
57.914566,12.759734,8675,191.2,50.7,896
57.917874,12.767761,8775,191.0,53.7,960
57.922156,12.779388,8900,191.7,56.1,960
57.926812,12.79248,9050,192.5,56.2,896
57.931281,12.80484,9200,193.0,56.0,960
57.935936,12.817932,9350,193.0,56.0,960
57.940684,12.830841,9500,193.3,55.3,832
57.945923,12.845144,9625,194.7,55.2,768
57.951233,12.859674,9775,196.4,55.6,768
57.956372,12.873688,9925,196.9,55.3,1088
57.960938,12.885988,10075,194.5,54.8,1216
57.965012,12.896797,10250,192.9,54.5,1216
57.969406,12.908227,10400,191.2,54.2,1024
57.974075,12.920276,10550,190.4,54.0,896
57.979276,12.933746,10700,190.4,54.0,896
57.984695,12.947742,10825,191.2,54.2,768
57.990076,12.961853,10950,192.6,54.1,704
57.99543,12.975769,11075,194.8,54.2,704
58.001175,12.99089,11200,196.5,54.5,640
58.007492,13.007724,11325,198.1,54.9,576
58.013678,13.024384,11450,198.9,55.0,704
58.019211,13.039177,11575,198.9,55.0,768
58.024521,13.053441,11700,199.5,54.8,640
58.029922,13.067972,11825,200.3,55.0,640
58.03569,13.083388,11950,200.3,55.0,768
58.045486,13.109702,12175,200.3,55.0,704
58.055156,13.135895,12400,199.7,55.2,704
58.064886,13.162445,12625,200.6,55.4,704
58.075287,13.190859,12825,201.4,55.5,640
58.085587,13.219299,13025,203.0,55.8,640
58.095474,13.246942,13250,203.0,55.8,704
58.101988,13.264984,13375,203.7,54.6,640
58.104355,13.270687,13425,203.8,50.4,704
58.110972,13.284943,13525,205.5,48.5,512
58.123077,13.311,13725,205.4,48.2,704
58.135574,13.337225,13900,207.5,47.9,576
58.148121,13.363586,14075,208.2,48.1,640
58.160706,13.390208,14275,208.9,48.3,448
58.173386,13.417142,14400,211.8,48.2,448
58.186387,13.444794,14575,212.5,48.4,640
58.199112,13.471896,14750,213.2,48.2,512
58.212067,13.499362,14950,212.5,48.4,576
58.219113,13.514465,15000,216.7,48.4,128
58.232427,13.542847,15000,226.0,48.4,0
58.24616,13.572235,15000,233.8,48.5,0
58.260452,13.602846,15000,240.8,48.4,0
58.274963,13.633856,15000,245.8,48.5,-64
58.289795,13.66584,15000,250.8,48.6,0
58.305095,13.698669,15000,255.0,48.5,-64
58.320504,13.731812,15000,257.2,48.6,0
58.336029,13.765249,15000,260.0,48.6,-128
58.351639,13.799005,15000,261.4,48.6,0
58.367386,13.833028,15000,263.6,48.7,0
58.383362,13.86767,15000,265.0,48.7,0
58.399456,13.902557,15000,265.0,48.7,0
58.415377,13.937073,15000,265.8,48.8,0
58.431519,13.972217,15000,265.8,48.8,0
58.447405,14.006744,14975,265.8,48.8,-128
58.46328,14.041351,15000,265.8,48.8,64
58.478968,14.075592,15000,265.8,48.8,-64
58.495102,14.110964,15000,265.1,49.0,0
58.510986,14.145783,15000,265.1,49.0,128
58.526825,14.180514,15000,265.1,49.0,-64
58.542558,14.21521,15000,265.1,49.0,0
58.558273,14.249711,15000,265.1,49.0,0
58.57412,14.284607,15000,265.1,49.0,0
58.589996,14.319704,15000,265.1,49.0,0
58.606009,14.355011,15000,265.9,49.1,0
58.62179,14.389984,15000,265.9,49.1,0
58.637432,14.424683,15000,265.9,49.1,0
58.653168,14.459603,15000,265.2,49.3,0
58.669235,14.495308,15000,265.2,49.3,64
58.684753,14.530039,15000,265.2,49.3,0
58.700324,14.564667,15000,265.2,49.3,0
58.716151,14.600098,15000,265.2,49.3,0
58.731793,14.635071,15000,263.8,49.3,0
58.747388,14.669952,15000,263.8,49.3,0
58.762936,14.704834,15000,264.5,49.5,0
58.778438,14.739807,15000,263.8,49.3,0
58.794266,14.775421,15000,263.1,49.5,0
58.809582,14.810028,14975,264.5,49.5,0
58.825104,14.84501,15000,263.1,49.5,0
58.840539,14.879791,15025,263.1,49.5,0
58.856041,14.915077,15000,262.5,49.6,0
58.871636,14.950309,15000,263.1,49.5,128
58.886998,14.985257,15000,262.5,49.6,-64
58.902267,15.020015,15000,262.5,49.6,-64
58.917892,15.055573,15000,261.8,49.8,0
58.933271,15.090669,15000,261.1,49.7,0
58.948563,15.125519,15000,261.8,49.8,0
58.964127,15.161224,15000,261.8,49.8,0
58.979462,15.196289,15000,261.8,49.8,0
58.994934,15.231903,15000,261.8,49.8,0
59.010455,15.267587,15000,261.8,49.8,0
59.025742,15.302765,15000,261.2,50.0,-64
59.0409,15.337766,15000,261.2,50.0,-64
59.056262,15.373283,15000,261.2,50.0,0
59.071578,15.408799,15000,261.2,50.0,0
59.086754,15.444031,15000,261.2,50.0,0
59.102163,15.479736,15000,262.0,50.1,0
59.117615,15.515625,15000,261.2,50.0,0
59.132904,15.551239,15000,261.2,50.0,0
59.148063,15.586569,15000,261.3,50.3,0
59.163071,15.621735,15000,262.7,50.2,0
59.17836,15.65744,15000,262.7,50.2,0
59.193787,15.693512,15000,262.7,50.2,0
59.209186,15.729675,15000,261.3,50.3,0
59.224365,15.765289,15000,261.3,50.3,0
59.239445,15.800708,15000,261.3,50.3,0
59.254621,15.836508,15000,260.7,50.5,0
59.269844,15.872403,15000,260.7,50.5,0
59.284833,15.907824,15000,260.7,50.5,0
59.300056,15.943909,15000,260.7,50.5,0
59.315323,15.980164,15000,260.7,50.5,0
59.330521,16.016235,15000,261.5,50.6,0
59.345538,16.051972,15000,261.5,50.6,0
59.360807,16.088436,15000,260.7,50.5,0
59.375793,16.124176,15000,260.8,50.8,0
59.391019,16.160699,15000,261.5,50.6,0
59.401633,16.185892,15000,261.7,49.5,0
59.404938,16.192806,15000,262.3,44.8,-256
59.407379,16.19696,14975,262.9,39.4,-256
59.410059,16.200667,14975,263.8,33.9,-128
59.412712,16.203603,14975,263.4,27.3,0
59.416297,16.206633,14975,263.5,21.6,192
59.420975,16.209595,15000,262.9,16.6,448
59.430402,16.215063,15025,261.4,16.2,0
59.453725,16.228322,15025,263.3,16.1,0
59.476685,16.241272,15000,264.3,16.0,0
59.499579,16.254083,15000,264.3,16.0,0
59.522552,16.267181,15000,265.5,16.2,0
59.545526,16.280223,15000,265.2,16.0,0
59.568849,16.293198,14975,266.9,15.6,-64
59.592087,16.306,15000,265.7,15.5,64
59.615168,16.318486,15025,265.4,15.3,0
59.638398,16.331177,15000,265.7,15.5,0
59.661713,16.343903,15000,266.4,15.2,0
59.67536,16.351255,14975,267.3,15.2,-448
59.684326,16.356079,14900,270.5,15.2,-896
59.700439,16.364777,14675,277.2,16.3,-960
59.704129,16.367356,14625,278.9,21.2,-1088
59.707761,16.370671,14575,279.5,27.0,-1088
59.71088,16.374364,14525,280.5,32.3,-1024
59.714092,16.3791,14475,280.7,38.0,-896
59.717148,16.38446,14425,281.6,43.0,-832
59.720261,16.390961,14375,282.6,48.3,-960
59.722983,16.397758,14325,282.8,53.0,-1024
59.725021,16.403961,14275,283.9,58.1,-1088
59.726847,16.410638,14225,283.6,62.7,-1088
59.728197,16.416889,14175,284.7,68.6,-1088
59.729594,16.425508,14125,284.6,74.3,-1024
59.730331,16.4328,14075,284.4,79.9,-1024
59.730789,16.440582,14025,284.0,85.2,-1024
59.730804,16.450037,13950,284.0,90.0,-1024
59.730469,16.457611,13900,284.6,96.1,-1024
59.729782,16.464752,13850,284.2,102.0,-1024
59.728683,16.472443,13800,284.0,107.4,-896
59.726381,16.484985,13750,282.1,111.2,-768
59.721405,16.508881,13575,280.1,112.9,-1088
59.713715,16.544495,13300,278.6,113.2,-1024
59.706224,16.579222,13025,274.7,112.9,-1088
59.698746,16.614716,12750,270.8,112.6,-1088
59.691193,16.650604,12475,267.6,112.6,-1024
59.683879,16.685486,12200,265.2,111.9,-1024
59.67865,16.71048,12000,263.5,112.8,-1024
59.673981,16.732361,11850,261.2,113.2,-960
59.669681,16.752256,11700,260.3,113.3,-1024
59.665584,16.771103,11550,261.6,113.4,-1024
59.661162,16.791371,11400,262.5,113.3,-960
59.656723,16.811737,11250,263.4,113.3,-960
59.652466,16.831238,11100,264.3,113.2,-1152
59.648666,16.848999,10925,266.2,113.0,-1152
59.644409,16.868774,10775,267.5,113.1,-1024
59.640213,16.88807,10625,267.5,113.1,-960
59.635605,16.909474,10475,267.5,113.1,-960
59.630997,16.930847,10325,267.5,113.1,-960
59.626419,16.951996,10175,267.5,113.1,-1024
59.622151,16.971793,10025,267.5,113.1,-960
59.617449,16.993577,9875,267.5,113.1,-960
59.61298,17.013939,9725,267.9,113.3,-960
59.608566,17.03421,9575,268.3,113.5,-1024
59.603897,17.055267,9425,268.3,113.5,-960
59.599387,17.07569,9275,268.7,113.7,-1024
59.594918,17.095579,9125,269.1,113.9,-1024
59.590402,17.115752,8975,268.6,114.2,-960
59.585999,17.135284,8825,266.4,113.7,-960
59.581464,17.155814,8675,264.7,113.4,-1024
59.577255,17.174927,8525,262.9,113.5,-1216
59.573135,17.193604,8350,263.3,113.7,-1216
59.568741,17.213013,8175,262.8,114.0,-1088
59.564333,17.232435,8025,261.9,114.1,-1024
59.560181,17.250732,7875,259.6,114.1,-1024
59.555557,17.270966,7725,258.7,114.2,-1024
59.551252,17.290113,7575,257.4,114.1,-1024
59.546923,17.309055,7425,256.5,114.2,-1024
59.542686,17.327902,7275,255.2,114.1,-1024
59.538483,17.346313,7125,254.2,114.2,-1024
59.535098,17.36124,7025,253.3,114.2,-960
59.532532,17.372498,6925,253.3,114.2,-1024
59.529831,17.384125,6825,253.1,115.8,-1088
59.527863,17.391174,6775,252.7,119.9,-1152
59.525648,17.397798,6700,253.1,125.5,-1152
59.52301,17.404358,6625,253.4,130.0,-1024
59.519271,17.412099,6575,252.5,134.2,-704
59.513351,17.423859,6475,251.0,135.2,-832
59.507492,17.435303,6375,250.3,135.3,-960
59.50296,17.444092,6275,250.3,135.3,-1024
59.498016,17.453613,6175,250.3,135.6,-1024
59.493108,17.463053,6075,249.6,135.8,-1024
59.48822,17.472334,5975,249.7,136.1,-960
59.483139,17.481995,5875,249.0,136.3,-960
59.477839,17.491939,5775,249.6,135.8,-1088
59.474674,17.498474,5700,248.6,131.6,-1216
59.472206,17.50463,5625,247.6,126.1,-1280
59.470459,17.510101,5575,247.3,120.1,-1280
59.469041,17.515711,5525,246.5,114.7,-1152
59.467072,17.525391,5450,245.9,110.7,-832
59.464554,17.538483,5350,245.6,110.5,-832
59.461918,17.552364,5250,244.6,110.6,-960
59.45961,17.564484,5150,245.6,110.5,-1024
59.457216,17.577178,5050,245.6,110.5,-960
59.453888,17.594513,4975,243.3,110.4,-512
59.451816,17.606443,4925,241.7,107.1,-640
59.450839,17.613925,4875,240.7,102.5,-896
59.450363,17.620514,4825,240.1,97.7,-896
59.449951,17.629761,4775,239.5,93.6,-704
59.449722,17.64338,4700,235.0,90.5,-704
59.449768,17.659386,4600,231.0,89.5,-768
59.44986,17.673706,4500,229.0,89.5,-896
59.44986,17.688538,4400,227.0,89.8,-832
59.449905,17.702911,4300,226.0,89.8,-1024
59.449951,17.713715,4200,224.0,89.7,-1152
59.449997,17.724152,4100,222.0,89.0,-1152
59.450226,17.731384,4025,220.6,85.8,-1280
59.450653,17.73648,3975,220.5,79.8,-1408
59.451397,17.741594,3925,219.5,73.1,-1408
59.452189,17.745667,3850,219.4,66.4,-1344
59.453399,17.750023,3800,218.2,60.0,-1216
59.454935,17.75438,3750,217.2,53.2,-1024
59.457542,17.760347,3700,213.9,48.4,-896
59.460388,17.766449,3625,209.5,47.7,-896
59.464106,17.774648,3525,204.6,48.0,-1152
59.466992,17.780899,3425,201.8,48.0,-1280
59.470298,17.788002,3325,198.2,47.9,-1216
59.473137,17.794253,3225,195.4,47.9,-1088
59.476861,17.802398,3125,190.5,48.2,-960
59.479889,17.809113,3025,188.4,48.4,-1216
59.482727,17.815373,2925,184.9,48.3,-1088
59.486069,17.822937,2825,180.1,49.0,-896
59.489227,17.83017,2725,176.6,49.4,-1024
59.492456,17.837535,2625,173.8,49.4,-1152
59.49525,17.84388,2525,170.9,49.5,-896
59.496088,17.845775,2525,170.2,49.3,-640
59.497147,17.848114,2525,165.9,48.9,-192
59.498703,17.851685,2500,161.7,49.5,-320
59.500743,17.856477,2475,156.7,49.4,-448
59.502372,17.859886,2450,153.4,44.7,-320
59.503784,17.862213,2450,152.8,39.4,-192
59.505203,17.864227,2425,151.3,31.5,-192
59.50708,17.866058,2425,149.4,25.4,64
59.508703,17.867274,2425,150.5,19.4,64
59.511077,17.8686,2450,152.1,14.9,192
59.513917,17.869736,2450,153.6,10.5,-256
59.51834,17.871062,2400,155.3,7.4,-640
59.523553,17.872293,2300,157.4,7.7,-832
59.529327,17.874207,2200,160.5,10.1,-896
59.53418,17.876038,2100,158.5,12.0,-768
59.539288,17.878071,2000,155.9,11.1,-768
59.544362,17.879965,1900,158.7,10.5,-896
59.549561,17.881897,1800,156.9,11.0,-832
59.554916,17.88382,1700,153.6,10.5,-832
59.56005,17.885742,1600,151.3,9.9,-896
59.564529,17.887299,1525,146.5,10.6,-832
59.567638,17.888394,1450,142.0,9.7,-896
59.571176,17.889625,1375,137.1,10.1,-768
59.573318,17.890411,1325,132.2,10.5,-512
59.574854,17.890951,1300,127.9,9.9,-448
59.577135,17.891709,1250,123.6,9.3,-896
59.57959,17.892517,1200,118.9,10.2,-704
59.584259,17.894165,1100,116.6,9.4,-512
59.588959,17.895781,1025,116.3,11.4,-704
59.593149,17.897391,925,113.0,10.7,-640
59.597397,17.898926,850,110.8,10.4,-448
59.601808,17.900517,750,109.8,10.5,-576
59.60623,17.902127,675,110.8,10.4,-512
59.610672,17.903687,600,112.8,10.2,-704
59.615168,17.905252,500,112.8,10.2,-640
59.619644,17.906799,425,113.0,10.7,-384
59.623967,17.908473,350,112.8,10.2,-576
59.628156,17.909893,275,111.5,9.3,-512
59.632346,17.911314,175,113.0,10.7,-640
59.633926,17.911926,150,113.0,10.7,-640
59.662308,17.967682,250,134.4,77.1,1344
59.662811,17.972443,350,136.3,77.3,1536
59.663086,17.974823,425,135.1,77.6,1984
59.663544,17.978851,525,134.2,77.5,2112
59.663955,17.982441,625,134.4,77.1,1856
59.66442,17.986229,725,135.3,75.4,1856
59.664917,17.98938,800,134.1,69.9,2048
59.665558,17.99231,900,133.3,64.2,1856
59.666382,17.994965,975,133.5,57.9,1856
59.667353,17.997405,1050,133.8,51.7,1728
59.668424,17.999678,1125,134.4,45.6,1920
59.669774,18.002046,1200,135.1,39.0,1792
59.670984,18.003751,1300,134.8,32.3,2176
59.672333,18.005035,1400,132.9,24.4,2496
59.672893,18.005455,1425,133.3,21.6,1920
59.674103,18.006213,1475,132.3,16.2,1856
59.675081,18.006592,1525,133.0,12.1,1472
59.676224,18.006866,1575,134.0,6.9,1152
59.677502,18.006876,1600,136.0,358.7,896
59.678945,18.006497,1650,139.3,352.2,832
59.680252,18.005859,1675,143.3,345.9,512
59.681272,18.005266,1675,146.7,341.3,448
59.682296,18.004319,1700,150.1,336.9,448
59.683786,18.002709,1725,154.5,330.1,512
59.685043,18.001004,1725,158.8,323.7,320
59.686295,17.998901,1750,162.9,318.0,448
59.687371,17.996647,1775,165.0,311.8,640
59.688628,17.993332,1800,168.9,304.6,640
59.689774,17.989288,1825,172.7,298.4,896
59.690397,17.986229,1875,175.2,289.7,1344
59.690964,17.982147,1925,177.1,282.4,1536
59.691238,17.977936,1975,179.9,275.7,1216
59.691284,17.973267,2025,183.0,269.4,1024
59.691048,17.968424,2075,187.2,263.6,960
59.690323,17.959625,2150,191.1,259.8,1024
59.689362,17.950287,2250,193.4,257.8,1024
59.688171,17.939484,2350,196.5,257.7,1088
59.687138,17.930445,2450,198.0,257.2,1152
59.685928,17.919983,2550,200.9,257.4,1024
59.68483,17.910095,2650,202.8,257.5,1280
59.68396,17.902679,2750,204.0,257.3,1280
59.682995,17.893698,2850,203.8,257.5,1152
59.682037,17.885376,2950,204.8,257.6,1344
59.681086,17.876461,3050,205.5,257.9,1088
59.680015,17.866895,3150,206.7,257.7,1152
59.679084,17.858182,3250,206.5,258.0,1344
59.678146,17.849487,3350,207.7,257.8,1216
59.677322,17.841888,3450,207.7,257.8,1280
59.676338,17.833273,3550,207.7,257.8,1344
59.6754,17.824768,3650,208.5,258.1,1088
59.67421,17.813232,3750,210.0,258.7,1088
59.673386,17.804626,3850,209.1,258.7,1408
59.67266,17.797473,3950,207.9,258.9,1472
59.671829,17.789062,4050,207.9,258.9,1472
59.671124,17.78213,4150,206.9,258.9,1536
59.670472,17.775216,4250,205.4,259.6,1600
59.669998,17.768738,4350,204.7,262.7,1600
59.669774,17.761862,4450,202.1,268.0,1664
59.669724,17.754639,4550,201.0,269.1,1664
59.669634,17.748129,4650,200.1,268.0,1536
59.669448,17.739889,4750,200.2,267.4,1344
59.669266,17.73175,4850,200.2,267.4,1344
59.669076,17.723504,4950,200.2,267.4,1344
59.668889,17.715454,5050,199.2,267.4,1280
59.668716,17.707031,5150,200.2,267.4,1280
59.668517,17.698596,5250,200.2,267.4,1280
59.668304,17.689545,5350,200.2,267.4,1216
59.668098,17.680412,5450,201.2,267.4,1216
59.667912,17.671319,5550,201.2,267.4,1152
59.667679,17.660901,5650,203.2,267.5,1024
59.6674,17.647926,5750,205.2,267.5,832
59.66712,17.63514,5850,207.2,267.5,1152
59.666977,17.62793,5925,205.2,267.5,1600
59.666841,17.62226,6025,204.2,267.5,1664
59.666655,17.615346,6125,203.2,267.5,1536
59.666515,17.607674,6225,202.2,267.5,1472
59.666336,17.599823,6325,201.2,267.4,1472
59.666189,17.592616,6425,200.2,267.4,1408
59.666016,17.584625,6525,199.2,267.4,1408
59.665864,17.577651,6625,199.2,267.4,1472
59.665677,17.570075,6725,198.2,267.4,1472
59.665512,17.562286,6825,198.2,267.4,1280
59.665305,17.5535,6925,198.2,267.4,1152
59.664963,17.538116,7075,200.2,267.4,1088
59.664597,17.522095,7250,200.2,267.4,1152
59.664276,17.506531,7400,201.2,267.4,1024
59.663908,17.490992,7550,202.2,267.5,1024
59.663536,17.475176,7700,202.2,267.2,1216
59.663164,17.459833,7875,202.2,267.5,1216
59.662791,17.443637,8050,202.2,267.5,1216
59.662465,17.428862,8225,201.2,267.4,1344
59.662139,17.414088,8400,200.2,267.4,1344
59.661767,17.398934,8575,200.2,267.4,1280
59.661438,17.383667,8750,199.2,267.4,1216
59.661072,17.368286,8900,200.2,267.4,1088
59.66066,17.352722,9050,201.2,267.1,960
59.660294,17.336151,9200,202.2,267.2,1088
59.659905,17.320041,9350,202.2,267.2,1216
59.659561,17.305939,9525,202.2,267.2,1088
59.659113,17.287556,9675,204.2,267.2,832
59.658648,17.268708,9825,206.2,267.2,960
59.658229,17.251755,9975,207.2,267.2,960
59.657776,17.233429,10125,208.2,267.2,960
59.657391,17.217281,10275,208.2,267.2,1216
59.656972,17.20137,10425,206.2,267.2,1088
59.656586,17.185547,10575,206.2,267.2,960
59.656174,17.16925,10725,207.2,267.2,960
59.655716,17.151764,10875,208.3,267.0,896
59.65525,17.132989,11025,208.3,267.0,1024
59.6548,17.116333,11175,208.3,267.0,896
59.654319,17.096905,11325,210.3,267.0,896
59.653793,17.077972,11475,210.3,267.0,832
59.653294,17.058832,11600,212.3,267.0,896
59.652786,17.039062,11750,213.3,267.0,896
59.652283,17.020752,11900,212.6,265.7,1024
59.651825,17.013885,11950,211.7,260.8,1088
59.651184,17.008209,12000,211.5,254.6,1088
59.650129,17.002479,12050,211.2,248.9,1088
59.648712,16.996307,12125,210.7,244.4,960
59.645096,16.982483,12225,210.7,242.0,832
59.638367,16.958496,12450,210.0,240.6,960
59.630997,16.932678,12725,208.6,240.7,1024
59.622665,16.903381,12950,209.5,240.9,768
59.614191,16.873201,13175,211.7,240.9,704
59.604787,16.839957,13375,214.8,241.1,640
59.596481,16.810455,13625,215.3,240.8,896
59.588058,16.780609,13875,214.0,240.9,640
59.578491,16.746826,14075,216.7,240.7,704
59.569656,16.715698,14325,216.7,240.7,704
59.560776,16.684387,14550,216.7,240.7,832
59.552032,16.653717,14775,215.8,240.6,768
59.542236,16.619385,14975,218.1,240.6,576
59.533264,16.587799,15200,218.9,240.7,704
59.523321,16.552987,15400,220.3,240.6,576
59.513591,16.518986,15600,221.7,240.5,576
59.50383,16.484894,15775,222.5,240.7,448
59.493713,16.449564,15975,225.2,240.5,448
59.483459,16.414032,16000,234.7,240.4,0
59.472839,16.377045,16000,243.1,240.7,0
59.461853,16.338684,16000,251.2,240.7,64
59.450513,16.299354,16000,257.5,240.4,0
59.439014,16.259481,16000,262.0,240.5,64
59.426971,16.217926,16000,266.9,240.4,0
59.414947,16.176421,16000,270.5,240.3,64
59.402847,16.134796,16000,270.5,240.3,0
59.390579,16.09259,16000,271.9,240.2,0
59.378311,16.050385,16000,271.9,240.2,64
59.366135,16.008636,16000,271.9,240.2,-64
59.353638,15.965976,16000,273.2,240.1,0
59.341208,15.923451,16000,273.2,240.1,0
59.328735,15.881012,16000,273.2,240.1,64
59.316467,15.839264,16000,272.4,240.1,-64
59.304246,15.797677,15975,273.7,240.0,64
59.291863,15.75572,16000,271.5,239.9,128
59.279433,15.713575,16000,271.5,239.9,64
59.266937,15.671448,16025,271.5,239.9,-128
59.254532,15.6297,16000,272.0,239.8,64
59.242264,15.588318,16000,272.0,239.8,64
59.229809,15.546507,16000,271.2,239.6,-64
59.217361,15.504822,16000,271.2,239.6,0
59.205002,15.463531,16000,270.7,239.8,64
59.192474,15.421679,16000,269.8,239.7,0
59.179951,15.380007,16000,269.8,239.7,0
59.167465,15.338379,16000,270.3,239.6,64
59.154877,15.296539,16000,270.3,239.6,0
59.142517,15.255524,16000,270.3,239.6,-64
59.130047,15.214454,15975,270.3,239.6,0
59.117804,15.174013,16000,269.4,239.4,0
59.105255,15.132568,16000,269.4,239.4,0
59.09285,15.091644,16000,268.1,239.5,0
59.080562,15.051175,16000,269.4,239.4,0
59.06804,15.010071,16000,269.4,239.4,-64
59.055496,14.968872,16000,269.9,239.2,64
59.042995,14.928052,16000,269.9,239.2,64
59.030332,14.886664,16000,270.8,239.4,0
59.017548,14.845184,16000,271.3,239.2,0
59.004913,14.803986,16000,269.9,239.2,0
58.992346,14.763257,16000,269.9,239.2,0
58.979919,14.722961,16000,270.5,239.1,0
58.967285,14.682129,16000,270.5,239.1,0
58.954468,14.640747,16000,271.0,238.9,64
58.94165,14.599409,16000,270.5,239.1,0
58.929016,14.558807,16000,270.5,239.1,0
58.916419,14.518338,16000,271.0,238.9,0
58.903617,14.477329,16000,271.5,238.7,-64
58.890815,14.436319,16000,271.0,238.9,-64
58.878153,14.395784,16000,271.0,238.9,128
58.865305,14.354774,16000,271.0,238.9,0
58.852615,14.31427,16000,271.5,238.7,64
58.839794,14.273621,16000,271.5,238.7,0
58.827072,14.233142,16000,272.0,238.5,0
58.814377,14.193054,16000,271.5,238.7,0
58.801482,14.152222,16000,271.5,238.7,0
58.788587,14.111481,16000,271.5,238.7,-128
58.775505,14.07019,15975,272.9,238.6,0
58.762564,14.029541,16000,272.0,238.5,64
58.749802,13.989405,16000,271.2,238.4,0
58.745805,13.977539,16000,271.6,235.2,-128
58.743431,13.97168,16000,271.1,231.4,-128
58.740967,13.96637,16000,271.6,226.2,128
58.735382,13.956092,16025,270.2,223.2,128
58.722017,13.932678,16000,271.2,221.9,-128
58.703522,13.900895,16000,272.6,221.9,0
58.684845,13.868644,16000,271.9,222.0,-64
58.666713,13.83728,16000,272.6,222.2,64
58.648087,13.805119,16000,271.9,222.0,-64
58.629822,13.773577,16000,271.9,222.0,64
58.611455,13.741974,16000,272.6,221.9,0
58.593201,13.710495,16000,272.6,221.9,0
58.574912,13.679169,16000,272.6,221.9,0
58.556625,13.647678,16000,272.6,221.9,0
58.538132,13.616048,16000,271.2,221.9,0
58.519794,13.584595,16000,272.0,221.7,0
58.501465,13.553408,16000,272.0,221.7,-64
58.483017,13.521955,16000,272.0,221.7,0
58.464676,13.490662,16000,272.0,221.7,0
58.446442,13.45967,16000,272.0,221.7,0
58.42776,13.427948,16000,272.0,221.7,0
58.409326,13.396637,16000,272.0,221.7,64
58.391031,13.365601,16000,271.3,221.6,0
58.372696,13.334567,16000,271.3,221.6,64
58.354477,13.303735,16000,271.3,221.6,0
58.336239,13.272949,16000,269.9,221.6,-64
58.318176,13.242512,16000,269.9,221.6,0
58.299555,13.211243,16000,269.9,221.6,0
58.281121,13.180206,16000,269.9,221.6,64
58.262787,13.149483,16000,269.9,221.6,0
58.244156,13.118296,16000,269.2,221.4,0
58.225863,13.087738,16000,269.2,221.4,0
58.207306,13.056631,16000,268.5,221.5,0
58.188675,13.025621,16000,269.2,221.4,0
58.170456,12.99532,16000,268.6,221.2,0
58.152283,12.965108,16000,267.8,221.4,64
58.133835,12.934452,16000,268.6,221.2,0
58.115295,12.903708,16000,268.6,221.2,0
58.0971,12.873596,16000,268.6,221.2,-192
58.089605,12.861237,15925,271.4,221.3,-640
58.071625,12.8315,15700,277.8,221.2,-704
58.053573,12.801727,15475,283.4,221.3,-768
58.035965,12.77267,15250,288.4,221.2,-704
58.016192,12.740112,15025,292.0,221.1,-512
58.004059,12.720219,15000,289.9,220.9,-64
57.991473,12.699646,14975,287.8,221.1,-512
57.985199,12.689298,14900,287.8,221.1,-960
57.970276,12.664756,14625,289.2,221.1,-1024
57.955069,12.639862,14350,291.3,221.0,-1152
57.93988,12.615051,14075,292.8,221.0,-1088
57.924683,12.590243,13800,292.8,221.0,-960
57.908203,12.563309,13525,294.2,221.0,-1088
57.897079,12.545058,13275,289.8,221.2,-1536
57.885985,12.526794,12950,280.0,221.1,-1792
57.8741,12.507492,12625,270.1,220.9,-1664
57.862473,12.48862,12275,261.6,220.8,-1856
57.855377,12.477191,12025,258.8,220.8,-1984
57.850204,12.468774,11825,256.6,220.9,-2048
57.845261,12.4608,11625,255.2,220.9,-1984
57.839859,12.45194,11425,253.8,220.9,-1920
57.834,12.44246,11225,251.6,221.0,-1856
57.828506,12.433511,11025,250.2,220.9,-1856
57.82251,12.423765,10825,248.0,221.4,-1536
57.816436,12.413086,10650,244.7,224.0,-1536
57.810699,12.402678,10450,241.8,224.3,-1600
57.805115,12.392401,10250,241.8,224.3,-1920
57.800096,12.38324,10050,244.0,224.2,-1984
57.795593,12.375124,9850,245.4,223.8,-2048
57.790274,12.36557,9650,247.6,223.4,-1984
57.785153,12.356598,9450,250.5,223.1,-2048
57.780126,12.3479,9250,251.9,222.8,-1984
57.774865,12.338837,9050,254.1,222.6,-1984
57.769913,12.330293,8850,256.2,222.5,-1984
57.764923,12.321787,8700,256.3,222.1,-1536
57.758153,12.310364,8525,259.1,222.2,-1152
57.750006,12.296539,8375,264.0,222.4,-1024
57.743256,12.284912,8250,268.3,222.4,-1088
57.735855,12.272437,8100,272.6,221.9,-896
57.730734,12.263397,8025,273.7,224.6,-448
57.726032,12.254186,8000,274.0,227.8,-192
57.721097,12.243288,8000,270.8,230.8,-64
57.718071,12.2362,8000,266.9,231.5,0
57.714386,12.227612,8000,261.9,231.5,-320
57.712509,12.223148,7975,260.5,231.6,-768
57.708481,12.213964,7875,259.8,230.0,-1216
57.702663,12.201735,7725,259.7,227.3,-1408
57.696899,12.190704,7550,260.2,224.7,-1344
57.690399,12.179375,7400,260.5,222.2,-1280
57.683395,12.167873,7225,259.5,220.9,-1344
57.676919,12.157347,7050,260.1,221.1,-1536
57.673416,12.151651,6950,260.9,221.0,-1600
57.670169,12.14636,6850,261.5,221.1,-1664
57.66687,12.141008,6750,262.9,221.1,-1664
57.66314,12.134931,6650,262.9,221.1,-1536
57.659881,12.129526,6550,263.7,221.0,-1664
57.656754,12.124615,6450,264.4,220.9,-1664
57.653131,12.118629,6350,265.9,220.9,-1600
57.649841,12.113371,6250,266.5,221.0,-1472
57.645996,12.107191,6150,267.1,219.5,-1600
57.642883,12.102728,6050,266.8,216.3,-1664
57.638992,12.097836,5950,265.5,212.9,-1728
57.635193,12.093716,5850,263.1,208.6,-1664
57.631302,12.090111,5750,261.2,205.9,-1664
57.627045,12.08642,5650,260.9,204.7,-1472
57.622696,12.082644,5550,260.9,204.7,-1600
57.618942,12.079468,5450,260.9,204.7,-1728
57.615005,12.076012,5350,260.4,205.0,-1664
57.611281,12.072823,5250,259.9,205.3,-1600
57.606857,12.068911,5150,259.9,205.3,-1664
57.603104,12.065563,5050,259.9,205.3,-1664
57.598297,12.061443,4950,260.0,204.8,-1344
57.594269,12.05801,4850,258.6,204.7,-1792
57.590332,12.054571,4750,256.8,204.9,-1792
57.58712,12.051913,4650,255.3,203.6,-1792
57.582791,12.048901,4550,252.7,198.9,-1920
57.579392,12.046952,4450,251.1,195.5,-1664
57.575867,12.045393,4350,250.1,192.7,-1728
57.570786,12.043505,4250,247.3,190.7,-1536
57.565473,12.041724,4150,245.4,189.6,-1600
57.561172,12.040415,4050,244.1,189.2,-1408
57.556582,12.039066,3950,240.0,189.1,-1088
57.54982,12.036982,3850,235.3,189.5,-960
57.543228,12.034836,3775,230.9,190.5,-832
57.539264,12.033485,3700,226.9,190.7,-832
57.535629,12.032347,3650,222.3,188.3,-1088
57.532374,12.03189,3575,219.1,182.1,-1216
57.529861,12.032003,3550,216.6,175.8,-1088
57.527533,12.032776,3500,212.8,169.2,-960
57.525066,12.034016,3450,208.7,161.6,-768
57.523178,12.035437,3450,204.9,155.2,-512
57.521301,12.037411,3425,201.2,149.9,-512
57.519526,12.039687,3400,197.2,143.2,-448
57.51785,12.042522,3375,192.4,136.3,-576
57.516035,12.046332,3350,188.1,130.0,-448
57.514452,12.050053,3325,183.8,127.9,-512
57.508438,12.064533,3250,186.2,127.4,-512
57.504318,12.074661,3200,189.5,125.1,-512
57.502907,12.078936,3175,190.9,120.2,-512
57.501984,12.082558,3150,191.7,113.4,-704
57.501371,12.085758,3125,190.7,107.4,-640
57.500977,12.088995,3100,190.4,100.9,-512
57.500719,12.092935,3075,189.5,94.2,-576
57.500748,12.097063,3075,187.3,86.6,-512
57.501045,12.100909,3050,186.0,79.8,-448
57.501617,12.104874,3025,183.8,73.2,-448
57.502628,12.109769,3025,183.5,67.9,-320
57.50592,12.124271,2975,187.1,66.0,-256
57.507294,12.129421,2975,188.4,61.8,-64
57.508819,12.133868,2975,188.9,56.2,0
57.510448,12.137855,2975,188.2,50.4,0
57.512357,12.141576,2975,188.1,45.0,0
57.514312,12.144854,2975,188.2,39.6,-64
57.516632,12.148046,2975,188.6,34.2,0
57.519154,12.15079,2975,187.2,29.4,64
57.522675,12.154055,2975,187.0,25.3,-128
57.52758,12.158144,2950,182.3,23.6,-64
57.530559,12.160536,2950,177.8,23.5,-384
57.534004,12.163371,2900,172.8,23.9,-576
57.536471,12.165409,2900,168.7,24.9,-384
57.538147,12.166929,2875,165.5,25.0,-704
57.541443,12.169847,2775,163.2,25.8,-1088
57.545828,12.173738,2675,161.9,25.6,-832
57.550461,12.178001,2575,164.1,26.4,-832
57.555278,12.18242,2475,165.0,26.2,-832
57.560074,12.186842,2375,160.1,26.7,-896
57.564775,12.191103,2275,161.9,25.6,-832
57.569183,12.195082,2175,162.8,25.5,-896
57.574173,12.199545,2075,161.0,25.8,-768
57.579163,12.204008,1975,158.8,25.8,-896
57.584061,12.208471,1875,153.8,26.2,-768
57.588226,12.212248,1775,150.7,25.5,-960
57.592072,12.215767,1675,145.8,26.0,-768
57.594894,12.218214,1625,140.9,25.7,-640
57.599736,12.222556,1525,139.1,26.0,-768
57.602808,12.225302,1475,134.2,25.6,-448
57.60434,12.226667,1450,129.7,25.6,-576
57.60588,12.228049,1425,124.8,26.1,-960
57.608208,12.230175,1325,119.9,25.7,-896
57.61235,12.233877,1250,119.4,25.3,-448
57.616516,12.237654,1175,120.3,26.1,-512
57.620911,12.241688,1100,120.7,26.6,-576
57.624252,12.244778,1000,121.2,25.9,-768
57.628598,12.248693,925,118.1,26.1,-512
57.632881,12.252591,825,115.4,25.7,-640
57.636932,12.256365,750,114.5,27.0,-576
57.640795,12.259856,650,112.7,25.2,-960
57.641539,12.260565,650,112.3,25.9,-576
57.645493,12.264175,550,111.8,25.4,-768
57.649872,12.268096,475,111.4,26.1,-512
57.655866,12.273501,450,87.0,25.3,-128
57.659381,12.27669,450,55.5,25.3,-128
57.66151,12.278639,525,129.2,26.2,1024
57.662338,12.279367,575,129.7,26.6,1536
57.663419,12.280411,625,127.9,27.0,2112
57.664902,12.281857,725,127.0,27.2,2368
57.666073,12.282981,825,122.1,26.8,2432
57.667282,12.284088,925,120.3,26.1,2176
57.668564,12.28529,1000,120.7,26.6,1728
57.66989,12.286525,1050,122.5,27.2,1280
57.672031,12.288562,1150,124.8,27.2,1408
57.673325,12.289753,1200,125.7,27.0,1024
57.676346,12.292585,1275,129.7,26.6,576
57.679293,12.295385,1325,134.2,27.5,448
57.680695,12.296791,1350,139.1,26.0,384
57.681656,12.297649,1350,140.9,25.7,128
57.683075,12.298851,1350,145.8,25.2,-192
57.684461,12.30008,1350,149.9,24.9,64
57.686695,12.30203,1375,154.3,25.7,448
57.688418,12.303624,1400,156.1,26.2,832
57.692142,12.30708,1475,160.1,25.9,384
57.695633,12.310181,1525,164.6,25.9,640
57.699921,12.314129,1625,166.4,26.4,1024
57.702118,12.316446,1675,166.4,30.7,1024
57.703082,12.317712,1700,166.0,36.2,1472
57.704571,12.320104,1775,164.9,42.3,1664
57.706741,12.324257,1875,164.1,46.5,1344
57.707794,12.326317,1900,164.8,46.7,1024
57.711044,12.333012,2000,168.6,48.4,896
57.713654,12.338591,2100,168.8,49.3,1344
57.715851,12.343483,2200,167.5,49.8,1408
57.718164,12.348544,2300,166.0,49.4,1344
57.720108,12.352839,2400,165.3,49.7,1472
57.721848,12.356701,2500,164.5,49.4,1664
57.723937,12.361125,2575,164.4,49.0,1216
57.725985,12.365644,2675,166.0,49.4,960
57.729197,12.372528,2775,167.4,49.4,1024
57.731525,12.377747,2875,168.8,49.3,1216
57.734116,12.383187,2975,167.9,48.6,1216
57.737,12.389566,3075,168.9,49.8,1216
57.739059,12.393996,3175,169.4,49.1,1216
57.742185,12.400635,3275,170.7,48.6,1088
57.744699,12.405945,3375,171.5,48.8,1152
57.747665,12.412247,3475,172.2,49.0,1024
57.75103,12.419495,3575,172.9,48.8,1024
57.75373,12.425262,3675,173.6,48.5,1216
57.756409,12.430942,3775,173.6,48.5,1152
57.759317,12.437164,3875,172.9,48.8,1088
57.761644,12.442017,3975,172.8,48.3,1216
57.764603,12.448307,4075,172.9,48.8,1280
57.766812,12.453094,4175,172.9,48.8,1344
57.769363,12.458496,4275,172.2,48.5,1344
57.771001,12.462067,4325,173.6,48.5,896
57.77417,12.468774,4425,175.1,48.9,896
57.777286,12.475525,4525,176.6,49.4,1024
57.780579,12.482595,4625,177.9,48.9,960
57.783757,12.489349,4725,179.2,48.4,896
57.787108,12.496399,4825,180.5,47.9,1024
57.790558,12.503416,4925,181.9,47.5,1088
57.793488,12.509441,5025,182.6,47.2,1152
57.796233,12.514984,5125,181.9,47.5,1280
57.79884,12.520386,5225,182.6,47.7,1216
57.801773,12.526452,5325,182.7,48.1,1024
57.805115,12.533451,5425,184.2,48.5,1088
57.808057,12.539703,5525,184.3,49.0,1216
57.810654,12.545235,5625,184.3,49.0,1280
57.813364,12.551056,5725,183.5,48.8,1216
57.816297,12.557281,5825,183.5,48.8,1152
57.81926,12.563575,5925,183.5,48.8,1088
57.822441,12.570465,6025,183.5,48.8,1088
57.825514,12.577057,6125,184.2,48.5,960
57.828959,12.584381,6225,184.9,48.7,960
57.832535,12.591927,6325,184.9,48.7,960
57.836035,12.599396,6425,185.6,48.5,1152
57.838577,12.604862,6525,184.9,48.7,1344
57.841141,12.610178,6625,184.2,48.5,1344
57.843716,12.615784,6725,183.5,48.8,1088
57.846742,12.622192,6825,183.5,48.8,1088
57.849768,12.628601,6925,184.2,48.5,1216
57.854563,12.638763,7075,183.5,48.8,1088
57.85936,12.648896,7250,183.4,48.3,1152
57.864304,12.65944,7400,183.5,48.8,1024
57.868947,12.669342,7550,183.5,48.8,1152
57.873835,12.679779,7700,183.4,48.3,1024
57.878723,12.690272,7875,184.2,48.5,1024
57.884079,12.701613,8025,184.9,48.7,896
57.889197,12.712463,8175,185.6,48.5,1024
57.894241,12.72332,8325,186.4,48.7,960
57.899811,12.735168,8475,186.4,48.7,896
57.90564,12.747596,8625,187.8,48.7,832
57.911453,12.76,8750,189.2,48.6,832
57.917362,12.772705,8900,189.2,48.6,896
57.922762,12.784241,9050,189.2,48.6,960
57.928022,12.795502,9200,189.2,48.6,960
57.933701,12.807587,9350,189.2,48.6,896
57.93966,12.820404,9475,190.6,48.6,768
57.945236,12.832297,9625,190.6,48.6,960
57.950455,12.843461,9775,190.6,48.6,960
57.956745,12.857025,9900,192.1,49.0,832
57.962331,12.869019,10050,192.8,48.8,832
57.965057,12.875356,10100,194.0,52.5,704
57.966522,12.879521,10150,194.2,57.6,704
57.968383,12.885773,10200,195.1,61.9,832
57.971832,12.898924,10325,194.6,64.1,832
57.975831,12.914612,10475,195.9,64.6,960
57.979323,12.928528,10625,194.6,64.8,896
57.983047,12.943312,10775,194.1,64.4,896
57.987076,12.959171,10900,195.5,64.2,576
57.991193,12.975311,11025,197.3,64.5,832
57.99515,12.990784,11150,198.2,64.6,704
57.999247,13.007172,11275,199.5,65.1,704
58.003326,13.02376,11400,200.0,65.5,960
58.006805,13.038291,11550,199.6,65.8,896
58.010606,13.05423,11675,199.2,66.0,640
58.014516,13.070801,11800,200.1,66.1,768
58.018295,13.086843,11925,200.9,65.6,576
58.026014,13.11795,12150,202.2,64.8,768
58.03299,13.146293,12375,202.7,65.2,768
58.039993,13.174645,12625,203.1,64.9,640
58.047089,13.203351,12850,201.8,65.1,832
58.054923,13.234406,13075,204.0,64.4,576
58.061371,13.260587,13250,205.4,65.6,704
58.068889,13.291534,13475,204.0,65.1,576
58.07634,13.322429,13700,204.1,65.7,832
58.083298,13.352198,13925,204.6,66.1,576
58.090988,13.384892,14100,206.8,66.0,768
58.097992,13.415104,14325,207.3,66.4,576
58.105545,13.447354,14500,208.1,65.9,704
58.113393,13.480225,14700,208.1,65.9,640
58.121121,13.513,14900,210.4,65.9,576
58.128848,13.546051,15075,210.9,66.2,640
58.136627,13.579279,15300,209.6,66.4,640
58.144455,13.612769,15450,210.9,66.2,448
58.152124,13.64621,15625,210.5,66.5,640
58.159653,13.67913,15800,212.7,66.4,384
58.16758,13.713226,15925,216.3,66.3,448
58.175354,13.747101,16125,215.0,66.4,448
58.183268,13.781616,16275,216.8,66.6,576
58.191089,13.815765,16450,216.3,66.3,640
58.194855,13.832319,16525,216.7,68.1,256
58.196411,13.840558,16550,217.9,71.8,320
58.198304,13.852936,16575,218.6,74.9,256
58.201355,13.876353,16625,221.2,76.4,448
58.206024,13.91321,16775,220.5,77.2,320
58.207242,13.924713,16825,221.3,80.1,512
58.208908,13.945549,16900,221.2,81.9,320
58.211655,13.983381,17000,223.3,81.8,0
58.214644,14.022217,16975,231.2,82.1,0
58.21753,14.062408,17000,235.1,82.4,-128
58.220398,14.103256,17000,241.1,82.4,-64
58.22321,14.145355,16975,247.0,82.8,0
58.225937,14.187337,16975,248.8,83.1,64
58.228656,14.22995,16975,251.8,83.2,64
58.231293,14.273101,16975,254.8,83.2,0
58.234131,14.317223,17000,256.0,82.8,0
58.237036,14.361786,16975,258.1,82.7,64
58.240128,14.40662,16975,259.4,82.2,0
58.243227,14.451416,16975,260.1,82.7,64
58.246253,14.49646,16975,261.0,83.0,64
58.249186,14.541779,16975,262.0,83.0,0
58.249969,14.553784,16975,263.0,83.0,-448
58.250815,14.56723,16875,265.9,83.1,-896
58.252677,14.59726,16650,275.9,83.3,-1344
58.254353,14.624084,16375,284.9,83.3,-1472
58.255966,14.650357,16175,292.0,83.3,-1024
58.258209,14.686949,15875,296.1,83.2,-1472
58.260265,14.719299,15550,296.0,83.4,-1536
58.261734,14.744007,15300,286.9,83.4,-1664
58.263617,14.774506,14975,278.0,83.2,-1472
58.265665,14.806641,14675,270.1,82.8,-1408
58.267639,14.836416,14350,268.9,83.2,-1728
58.269343,14.863129,14050,268.0,82.9,-1280
58.2706,14.882904,13925,262.8,83.2,-832
58.272812,14.918813,13650,258.7,83.3,-1088
58.274836,14.954498,13375,265.4,84.2,-1088
58.276,14.974274,13225,268.7,81.9,-1088
58.277023,14.983934,13150,270.5,77.4,-1152
58.278095,14.990753,13100,271.7,72.4,-1088
58.279584,14.998169,13050,273.2,67.8,-832
58.281189,15.005021,13025,273.9,65.4,-448
58.287186,15.028765,13000,272.4,64.1,0
58.298309,15.071293,12975,272.4,63.2,-256
58.309424,15.111694,12975,271.5,62.1,-64
58.320282,15.151564,13000,267.9,63.2,0
58.331537,15.193817,12975,267.9,63.2,-128
58.342756,15.235199,12975,266.6,62.3,-128
58.353975,15.276306,12975,266.1,63.0,64
58.36377,15.312195,12975,264.8,62.1,-64
58.367149,15.323364,12975,264.3,58.8,-64
58.370687,15.333618,12975,264.4,55.2,0
58.376038,15.347103,12975,264.6,52.5,0
58.389999,15.381037,13000,263.3,51.5,0
58.405182,15.417206,12975,263.0,50.9,0
58.420545,15.453094,13000,263.5,50.4,64
58.433393,15.4823,12975,264.1,50.2,-384
58.43749,15.491821,12900,265.7,50.5,-768
58.450338,15.522217,12650,263.2,51.2,-832
58.462628,15.551331,12400,258.3,51.4,-1088
58.474173,15.578888,12125,261.7,51.2,-960
58.480969,15.595184,12025,263.3,51.5,-576
58.488327,15.612724,11975,264.1,51.6,-128
58.503113,15.648607,11975,262.9,52.0,64
58.518173,15.68511,11975,263.9,51.3,0
58.533061,15.720428,11975,263.8,51.0,-64
58.543396,15.745357,12000,263.0,52.3,-64
58.546794,15.754303,11975,264.1,55.7,-256
58.548982,15.761261,11975,264.3,60.0,-128
58.55159,15.77114,11950,264.3,64.2,192
58.559782,15.804657,11975,264.9,65.5,-256
58.565508,15.829193,11950,265.0,65.9,192
58.57547,15.871948,12000,262.8,66.0,128
58.584967,15.913147,11975,262.8,66.0,-192
58.594743,15.955353,11975,262.4,66.2,0
58.604286,15.996918,11975,261.0,66.3,0
58.613736,16.038208,12000,259.7,66.4,64
58.623233,16.07959,12000,258.8,66.3,0
58.632963,16.12207,12000,259.7,66.4,128
58.642273,16.162903,11975,258.8,66.3,128
58.651677,16.204376,11975,259.7,66.4,64
58.66127,16.246476,11975,259.7,66.4,-64
58.670746,16.288206,11975,258.8,66.3,0
58.679993,16.329139,11975,258.4,66.5,64
58.68943,16.370728,11975,259.3,66.6,0
58.698741,16.412109,11975,258.4,66.5,64
58.707916,16.452912,11975,260.3,66.7,0
58.717362,16.495056,11975,259.3,66.6,-64
58.726765,16.536987,11975,259.3,66.6,0
58.736169,16.579193,11975,259.3,66.6,-64
58.745499,16.620897,12000,258.9,66.8,-64
58.754745,16.66245,11975,258.9,66.8,0
58.763914,16.703796,11975,258.9,66.8,0
58.773131,16.745178,11975,258.5,67.0,-64
58.782488,16.787567,11975,258.5,67.0,0
58.791733,16.82946,11975,258.9,66.8,0
58.801117,16.871899,11950,260.8,67.0,0
58.810327,16.914001,11975,260.4,67.2,-64
58.819519,16.955803,11975,260.4,67.2,64
58.828812,16.998153,12000,259.5,67.1,-128
58.838104,17.040592,11975,260.4,67.2,0
58.847242,17.082458,12000,259.5,67.1,0
58.856598,17.125305,11975,261.3,67.3,-64
58.865891,17.167969,11975,261.3,67.3,0
58.874954,17.2099,11975,260.0,67.4,0
58.884155,17.25238,11975,261.3,67.3,-64
58.893356,17.294952,11975,261.3,67.3,64
58.902557,17.337708,11975,260.9,67.5,-64
58.911624,17.379992,11975,260.0,67.4,0
58.920795,17.422801,12000,258.7,67.5,64
58.925217,17.44288,12000,258.3,66.0,0
58.926819,17.448944,11975,259.1,61.2,-256
58.928709,17.454718,11975,258.5,56.7,-256
58.930478,17.45898,11975,259.6,51.1,-192
58.932632,17.463318,11950,259.5,45.2,-64
58.93625,17.469493,11975,258.9,40.5,256
58.950635,17.492318,12000,258.0,39.2,-64
58.968837,17.52111,11975,258.0,39.2,-256
58.980789,17.539948,11875,261.5,39.4,-512
58.992966,17.559357,11775,262.9,39.4,-512
59.004868,17.578314,11675,262.2,39.3,-512
59.016739,17.597256,11550,261.5,39.4,-512
59.028534,17.616119,11450,262.9,39.4,-640
59.039246,17.633148,11325,262.2,39.3,-512
59.050919,17.651642,11225,261.0,38.9,-512
59.063059,17.670562,11125,260.3,38.8,-704
59.071609,17.684052,10975,261.7,38.8,-960
59.078002,17.693481,10875,262.8,35.9,-1024
59.082504,17.699341,10800,263.8,32.3,-1024
59.088104,17.705604,10700,265.4,28.6,-960
59.094177,17.711426,10625,266.2,25.1,-960
59.100311,17.716461,10525,267.4,22.0,-1024
59.107237,17.721326,10425,268.5,18.9,-960
59.115383,17.726251,10325,269.0,16.4,-1024
59.123291,17.730286,10200,270.7,13.7,-1024
59.13414,17.735046,10050,270.9,11.9,-1088
59.144348,17.739075,9900,272.2,11.2,-1024
59.155106,17.743011,9750,272.3,10.1,-1088
59.165194,17.746519,9600,267.8,9.7,-1088
59.175018,17.749603,9450,263.2,9.0,-1216
59.184402,17.752441,9275,259.0,8.7,-1344
59.192963,17.755005,9100,256.1,9.0,-1536
59.201843,17.757751,8900,252.2,9.1,-1408
59.210724,17.760498,8725,248.2,9.3,-1344
59.219513,17.763428,8550,246.6,9.8,-1600
59.227432,17.766174,8350,247.1,10.5,-1600
59.235855,17.769287,8150,247.5,10.9,-1600
59.244333,17.772469,7950,248.5,10.9,-1600
59.252701,17.775604,7750,248.5,10.9,-1600
59.260813,17.778625,7575,248.3,10.7,-1472
59.26918,17.781647,7400,247.1,10.5,-1408
59.277328,17.784576,7225,246.1,10.5,-1280
59.286667,17.787964,7075,243.0,10.4,-1024
59.292572,17.79007,6975,239.9,10.3,-896
59.29985,17.792633,6875,237.7,10.2,-896
59.306671,17.795013,6775,234.8,10.3,-1024
59.312765,17.797189,6675,232.6,10.1,-1088
59.31877,17.799272,6575,230.5,10.0,-1088
59.324682,17.801356,6475,228.7,10.3,-1088
59.330017,17.803253,6375,226.6,10.2,-1152
59.335007,17.804993,6275,225.4,10.0,-1280
59.339905,17.80666,6175,224.4,10.0,-1344
59.343955,17.80808,6075,224.4,10.0,-1344
59.348657,17.80969,5975,223.4,10.1,-1472
59.352614,17.811016,5875,222.4,10.1,-1472
59.356524,17.812437,5775,221.3,9.9,-1536
59.360667,17.813858,5675,221.3,9.9,-1472
59.364304,17.815063,5575,220.3,9.9,-1600
59.368698,17.81662,5475,218.5,10.3,-1152
59.373734,17.818359,5375,215.6,10.4,-1280
59.378677,17.82019,5275,214.4,10.2,-1280
59.382873,17.821624,5175,211.4,10.4,-1216
59.387621,17.823328,5075,207.5,10.6,-1216
59.392369,17.825033,4975,204.4,10.4,-1216
59.396885,17.826643,4875,201.2,10.3,-1088
59.402344,17.828613,4775,197.3,10.5,-1024
59.407126,17.830337,4675,195.2,10.3,-1024
59.412712,17.832326,4575,193.0,10.1,-1088
59.417228,17.834031,4475,190.2,10.6,-1088
59.422256,17.835846,4375,189.3,10.7,-960
59.427475,17.837769,4275,189.1,10.4,-1088
59.432373,17.839508,4175,189.1,10.4,-1024
59.437618,17.841418,4075,188.3,10.7,-1024
59.442506,17.843218,3975,187.1,10.5,-1152
59.447254,17.844922,3875,185.1,10.6,-960
59.452515,17.846924,3775,182.2,10.8,-1024
59.457275,17.848572,3675,180.9,10.2,-1088
59.462616,17.85051,3575,181.0,10.5,-960
59.467575,17.852325,3475,183.8,10.0,-1024
59.472532,17.854109,3375,185.0,10.3,-1088
59.477737,17.855896,3275,186.1,10.5,-896
59.482774,17.857708,3175,187.1,10.5,-1024
59.487615,17.859508,3075,187.3,10.8,-1024
59.492706,17.861389,2975,187.1,10.5,-1088
59.49765,17.863129,2875,185.0,10.3,-832
59.502777,17.86496,2775,183.8,10.0,-1024
59.507263,17.866516,2675,183.8,10.0,-1152
59.511915,17.868221,2575,184.0,10.3,-1024
59.516922,17.869995,2475,181.0,10.5,-1088
59.521912,17.871826,2375,177.1,10.7,-1024
59.527405,17.87384,2275,172.8,10.3,-832
59.53291,17.875798,2175,169.7,10.2,-960
59.53743,17.877411,2075,167.5,10.0,-1152
59.541962,17.878967,1975,167.5,10.0,-832
59.546127,17.880432,1925,164.6,10.1,-384
59.548874,17.881348,1875,159.7,10.5,-832
59.552928,17.882901,1775,156.7,10.7,-1024
59.557755,17.884552,1675,154.4,10.1,-960
59.560959,17.885742,1625,149.5,10.4,-768
59.56366,17.886658,1575,145.5,10.7,-640
59.566707,17.887826,1500,141.2,10.2,-896
59.569061,17.888672,1450,137.1,10.1,-768
59.571549,17.889531,1400,132.2,10.5,-640
59.572998,17.890045,1375,128.3,10.8,-512
59.574692,17.890686,1350,123.8,9.8,-704
59.576752,17.891327,1300,118.9,10.2,-896
59.578766,17.892059,1250,114.0,10.6,-704
59.58058,17.892751,1200,109.8,10.5,-640
59.584991,17.894257,1125,111.8,10.3,-640
59.589332,17.895971,1050,112.2,11.3,-576
59.593661,17.897581,975,112.0,10.8,-640
59.597758,17.899096,875,113.6,9.6,-576
59.602112,17.900574,800,114.0,10.6,-448
59.606509,17.902222,725,113.8,10.1,-640
59.610885,17.903832,650,112.6,9.7,-640
59.614792,17.905151,550,110.6,9.9,-448
59.619049,17.906708,475,112.2,11.3,-640
59.623535,17.908356,400,116.6,9.4,-576
59.627458,17.909609,300,114.8,10.0,-512
59.631958,17.911285,225,112.8,10.2,-448
59.633514,17.911835,200,111.0,10.9,-640
59.662139,17.965014,300,119.3,76.4,2304
59.662399,17.967133,375,118.1,76.8,2368
59.662766,17.970337,475,115.7,77.5,2176
59.66307,17.973349,575,114.5,77.9,2112
59.663361,17.97583,650,114.1,78.9,1920
59.663676,17.979126,750,114.3,78.4,1600
59.664139,17.982422,850,114.2,72.7,1664
59.664607,17.984903,925,113.7,66.1,2048
59.665283,17.987274,1000,113.7,60.5,1728
59.666189,17.990018,1100,113.2,56.2,1664
59.667586,17.99409,1200,116.5,55.5,1216
59.669266,17.998535,1300,118.4,52.5,1152
59.671357,18.00394,1400,121.8,52.0,768
59.673019,18.007874,1450,126.1,48.2,640
59.674243,18.010191,1475,128.9,41.9,256
59.675174,18.011517,1475,131.2,35.4,448
59.676431,18.012937,1500,132.9,28.3,512
59.677455,18.013695,1500,135.4,20.3,256
59.678665,18.014358,1500,138.0,13.8,192
59.679969,18.014642,1525,142.4,4.0,256
59.681213,18.014648,1525,144.0,0.8,64
59.682129,18.014465,1525,148.8,354.2,-256
59.683553,18.013884,1525,153.2,348.3,-64
59.685059,18.013,1525,157.5,342.3,192
59.686114,18.01199,1525,161.6,335.5,256
59.687371,18.01057,1550,164.8,330.2,320
59.688674,18.008675,1550,168.4,322.7,640
59.689911,18.006226,1575,171.8,315.2,768
59.690918,18.003754,1600,173.6,306.8,1152
59.69184,18.000909,1650,173.7,301.6,1280
59.692566,17.997986,1700,174.9,295.4,1344
59.693161,17.994781,1725,175.8,289.3,1216
59.693655,17.99087,1775,178.7,281.6,832
59.693848,17.986725,1800,181.5,274.4,832
59.693841,17.983104,1825,183.0,268.8,960
59.693527,17.976837,1900,183.3,263.1,1280
59.693115,17.971069,1975,185.1,261.3,832
59.692017,17.958893,2075,188.3,259.3,1152
59.691422,17.953033,2125,189.6,258.8,704
59.690397,17.942568,2175,193.8,258.7,576
59.689224,17.931061,2275,197.9,258.6,640
59.687836,17.916996,2375,201.8,258.9,576
59.686672,17.905726,2425,204.0,258.7,1024
59.685699,17.895905,2525,207.1,258.6,832
59.684578,17.884795,2625,209.1,258.7,1088
59.684097,17.879974,2675,208.1,258.6,1408
59.683926,17.87845,2700,207.1,258.6,1856
59.683833,17.877408,2725,205.1,258.5,2432
59.6836,17.875419,2775,203.0,258.6,2880
59.683414,17.87343,2850,202.0,258.6,3072
59.683319,17.872467,2875,200.8,258.8,3392
59.683136,17.870544,2950,195.9,258.5,3840
59.682855,17.868031,3025,191.2,257.9,3712
59.682529,17.86538,3125,189.7,257.2,3328
59.682358,17.86377,3175,188.5,256.2,2880
59.682083,17.861938,3200,187.3,255.1,2496
59.681808,17.860107,3250,186.8,254.5,2304
59.68158,17.858551,3275,187.3,252.9,1856
59.681412,17.857613,3300,186.9,251.3,1344
59.6809,17.855056,3325,187.6,249.7,960
59.679977,17.851044,3350,191.4,242.6,576
59.678991,17.847858,3375,192.3,238.0,960
59.677921,17.845017,3425,192.4,232.2,1408
59.676058,17.841039,3500,190.9,225.9,1536
59.674569,17.838387,3550,191.3,221.6,1088
59.672516,17.835388,3600,192.8,217.0,640
59.670658,17.833084,3625,193.1,210.1,1088
59.668167,17.830627,3700,191.9,205.6,1472
59.665329,17.828156,3800,191.6,204.0,1216
59.661621,17.824585,3875,192.4,207.9,1280
59.658737,17.821289,3975,192.4,211.0,1472
59.655715,17.817551,4075,191.4,212.2,1472
59.652832,17.813965,4175,192.0,212.4,1408
59.649307,17.809479,4275,191.7,212.9,1280
59.645599,17.804718,4375,193.1,212.9,1280
59.642441,17.80069,4475,193.1,212.9,1344
59.63891,17.796241,4575,193.4,212.5,1216
59.634767,17.791032,4675,193.7,212.1,1152
59.63081,17.786202,4775,193.1,211.9,1088
59.62674,17.781189,4875,193.5,211.5,1152
59.622345,17.775879,4975,193.8,211.1,1024
59.617868,17.770575,5075,193.8,211.1,1152
59.614004,17.766029,5175,194.7,210.9,1088
59.609344,17.760498,5275,194.7,210.9,1088
59.605179,17.755554,5375,195.5,210.8,1152
59.601249,17.75097,5475,195.5,210.8,1152
59.596966,17.745951,5575,195.5,210.8,1152
59.59287,17.74112,5675,196.9,210.9,1152
59.588494,17.736006,5775,196.9,210.9,1088
59.584351,17.731081,5875,197.7,210.7,1088
59.579498,17.725433,5975,197.7,210.7,1024
59.574875,17.720032,6075,198.6,210.6,960
59.570245,17.714602,6175,199.1,210.8,1024
59.565445,17.708954,6275,200.0,210.7,1088
59.561214,17.703994,6375,200.0,210.7,1152
59.557118,17.699259,6475,201.3,210.8,1216
59.553254,17.694713,6575,200.5,210.9,1280
59.549469,17.690277,6675,201.3,210.8,1088
59.544642,17.684673,6775,200.8,210.5,1088
59.540726,17.680023,6875,200.8,210.5,1152
59.536377,17.674988,6975,200.8,210.5,1024
59.529556,17.667023,7125,201.3,210.8,960
59.521774,17.657867,7275,202.7,210.9,1088
59.515081,17.650104,7425,202.2,210.6,1152
59.507726,17.641486,7600,202.2,210.6,1024
59.500488,17.633057,7750,202.2,210.6,1088
59.493853,17.62529,7900,201.3,210.8,1024
59.486664,17.616943,8050,202.7,210.9,896
59.478607,17.607513,8200,204.4,210.6,896
59.470344,17.597919,8350,204.9,210.8,1024
59.463318,17.589752,8500,204.4,210.6,1088
59.456039,17.581238,8650,204.4,210.6,1024
59.448837,17.572916,8800,204.4,210.6,960
59.440567,17.563293,8925,205.8,210.7,768
59.432404,17.553785,9075,206.7,210.5,1024
59.425468,17.545734,9225,205.8,210.7,1024
59.41788,17.536832,9375,205.8,210.7,896
59.409348,17.526947,9525,206.7,210.5,832
59.401108,17.517426,9675,207.2,210.8,960
59.393859,17.508892,9825,207.2,210.8,960
59.386131,17.499989,9975,206.7,210.5,1024
59.379318,17.492065,10125,205.8,210.7,1024
59.371765,17.483276,10275,205.8,210.7,960
59.363833,17.474134,10425,205.8,210.7,832
59.355267,17.464189,10550,206.7,210.5,832
59.347772,17.455476,10700,206.7,210.5,832
59.339035,17.445374,10825,208.0,210.6,704
59.33075,17.43576,10950,209.4,210.7,704
59.321982,17.425548,11075,210.3,210.6,768
59.31351,17.415793,11225,210.3,210.6,896
59.30527,17.406227,11375,210.3,210.6,896
59.296875,17.396576,11500,210.3,210.6,768
59.288498,17.386963,11650,210.3,210.6,832
59.279846,17.376984,11775,211.6,210.7,768
59.271101,17.366922,11900,212.5,210.6,768
59.255493,17.348877,12125,213.4,210.4,704
59.240112,17.331207,12350,213.4,210.4,768
59.225014,17.313885,12600,213.4,210.4,832
59.21021,17.296932,12850,212.0,210.3,832
59.194196,17.278558,13075,213.4,210.4,704
59.179001,17.261169,13300,213.4,210.4,768
59.162215,17.242095,13525,214.2,210.3,640
59.145456,17.222964,13725,215.6,210.4,640
59.130112,17.205505,13950,216.4,210.2,576
59.11908,17.192963,14000,221.4,210.4,128
59.105072,17.177032,13975,230.8,210.4,-64
59.086568,17.156004,13975,240.6,210.2,0
59.067062,17.133842,13975,248.7,210.2,0
59.047557,17.111774,13975,255.0,210.4,0
59.027307,17.088855,13975,260.4,210.2,64
59.006358,17.065177,13975,264.8,210.1,64
58.985549,17.041689,13975,267.6,210.3,-64
58.964461,17.017917,13975,270.7,210.2,0
58.943326,16.99405,13950,272.9,210.1,128
58.921463,16.969482,14000,274.3,210.2,-64
58.899765,16.945129,13975,275.1,210.1,0
58.878067,16.920868,13975,275.1,210.1,-64
58.85646,16.896594,13975,276.5,210.2,0
58.8349,16.872519,14000,276.0,210.0,64
58.813027,16.848083,13975,277.3,210.1,64
58.791092,16.823612,13975,277.3,210.1,0
58.769577,16.79969,13975,276.8,209.9,0
58.747248,16.774841,13975,277.3,210.1,0
58.725648,16.750854,13975,277.3,210.1,-64
58.703934,16.726862,13975,276.8,209.9,0
58.681703,16.70224,13975,277.7,209.8,-64
58.659544,16.677795,13975,276.8,209.9,-64
58.637878,16.653944,13975,276.4,209.7,64
58.615906,16.629757,13975,276.4,209.7,64
58.594116,16.605835,13975,276.8,209.9,64
58.571933,16.58139,14000,276.4,209.7,64
58.550125,16.557548,13975,277.7,209.8,-64
58.528267,16.5336,13975,277.7,209.8,0
58.506638,16.50997,13975,278.6,209.7,-64
58.484461,16.485718,13975,276.8,209.9,0
58.462535,16.461823,13975,277.7,209.8,0
58.440841,16.438202,13975,278.6,209.7,0
58.418976,16.41446,13975,277.2,209.6,-64
58.397232,16.390893,13975,277.2,209.6,-128
58.375482,16.367249,13950,277.2,209.6,128
58.353424,16.343315,14000,275.0,209.6,128
58.332049,16.32019,13975,275.9,209.5,64
58.309616,16.296003,14000,275.9,209.5,128
58.287918,16.272701,14000,277.2,209.6,-64
58.266037,16.249222,13975,276.7,209.4,64
58.244158,16.225708,13975,276.7,209.4,-64
58.222558,16.202545,13975,276.7,209.4,128
58.200302,16.178786,14000,277.6,209.3,0
58.178329,16.155307,13975,276.7,209.4,-64
58.156082,16.131474,13975,276.7,209.4,-64
58.134155,16.108083,14000,275.9,209.5,128
58.112686,16.085225,13975,276.7,209.4,0
58.090942,16.0621,13975,276.7,209.4,-64
58.068749,16.038483,13975,276.2,209.3,0
58.047103,16.015594,14000,275.4,209.4,-64
58.02513,15.99234,13975,275.4,209.4,0
58.00351,15.969425,13975,275.4,209.4,0
57.981371,15.946106,13975,275.4,209.4,0
57.959491,15.923035,14000,274.9,209.2,0
57.938049,15.900495,13975,274.9,209.2,0
57.916534,15.877814,13975,276.2,209.3,64
57.89502,15.855132,14000,275.4,209.4,-64
57.872671,15.831665,13950,277.1,209.2,64
57.850754,15.808795,14000,275.7,209.1,64
57.828726,15.785706,13975,277.1,209.2,-64
57.806846,15.762817,13975,276.2,209.3,0
57.785156,15.740219,13975,275.7,209.1,0
57.763041,15.717224,13975,274.9,209.2,0
57.741028,15.694324,13975,275.7,209.1,0
57.733387,15.686371,14000,274.9,209.2,384
57.730501,15.68335,14025,273.5,209.1,832
57.721436,15.673971,14175,266.8,209.2,1216
57.714294,15.66659,14300,262.7,208.9,768
57.693864,15.645417,14525,256.0,209.0,704
57.673828,15.624619,14725,251.6,209.0,576
57.653961,15.604105,14875,250.2,208.9,512
57.634186,15.583591,14975,250.7,209.1,256
57.613934,15.562665,15000,254.7,208.9,0
57.59317,15.541277,14975,259.6,209.0,0
57.57225,15.519819,14975,265.0,208.9,0
57.551147,15.498104,14975,267.2,208.9,-64
57.529861,15.476281,14975,270.3,208.8,0
57.507795,15.453688,14975,272.5,208.7,64
57.486557,15.431929,14975,274.4,209.0,0
57.464264,15.409184,14975,276.1,208.8,0
57.442063,15.38653,14975,277.0,208.7,0
57.419625,15.363671,14975,277.0,208.7,0
57.397659,15.341377,14975,277.5,208.9,0
57.375229,15.318546,14975,277.0,208.7,0
57.353195,15.296158,14975,277.0,208.7,0
57.33078,15.273485,14975,277.9,208.6,-64
57.308945,15.251427,14975,277.9,208.6,0
57.28688,15.229025,14975,277.0,208.7,0
57.265228,15.20731,14975,278.2,207.9,-64
57.254271,15.197281,14975,277.7,205.8,64
57.231583,15.177441,14975,278.7,205.3,-64
57.208464,15.157057,15000,278.6,205.7,0
57.185303,15.136499,14975,278.6,205.7,64
57.162657,15.116302,14975,280.0,205.8,-64
57.139847,15.095987,15000,278.6,205.7,0
57.117279,15.075903,14975,277.7,205.8,0
57.094208,15.055475,14975,277.3,205.6,0
57.071554,15.035322,14975,277.7,205.8,-64
57.048706,15.015135,14975,277.7,205.8,64
57.025467,14.994566,14975,277.3,205.6,0
57.002796,14.974542,14975,277.3,205.6,0
56.980312,14.954696,14975,277.7,205.8,0
56.957501,14.934584,14975,279.5,205.6,0
56.934769,14.914627,14975,279.5,205.6,0
56.9116,14.894271,14975,278.6,205.7,-64
56.888443,14.874029,14975,279.5,205.6,0
56.865646,14.854031,14975,279.5,205.6,-64
56.842896,14.834204,15000,279.5,205.6,-64
56.820053,14.814205,14975,280.4,205.6,0
56.797222,14.794331,14975,280.4,205.6,0
56.774323,14.774294,14975,282.7,205.6,0
56.751068,14.754124,14975,281.3,205.5,0
56.728043,14.734125,14975,281.8,205.7,-64
56.705063,14.714127,15000,281.3,205.5,64
56.681854,14.694042,14975,282.7,205.6,0
56.658729,14.674013,14975,282.3,205.4,0
56.635266,14.653813,15000,281.3,205.5,0
56.611908,14.633617,14975,280.9,205.3,-64
56.588993,14.613876,14975,281.3,205.5,128
56.56604,14.594088,14975,281.3,205.5,0
56.543,14.574308,14975,282.3,205.4,-64
56.51991,14.554482,14975,282.3,205.4,-64
56.496368,14.53433,14975,283.2,205.3,0
56.473297,14.514604,14975,282.3,205.4,0
56.449988,14.494658,14975,283.2,205.3,0
56.434799,14.481812,14975,282.5,204.0,64
56.428807,14.477491,14975,281.6,200.4,-64
56.422755,14.473972,14975,280.6,196.6,64
56.416306,14.471075,14975,280.0,192.8,-64
56.405685,14.46733,14975,278.7,190.5,64
56.380765,14.459467,14975,279.0,189.7,64
56.355652,14.451433,14975,279.5,190.3,0
56.330303,14.443073,14975,280.5,190.3,0
56.305206,14.434703,14975,280.9,190.7,-64
56.296506,14.4314,14975,281.6,193.4,-128
56.291897,14.428911,14975,281.8,198.0,-64
56.286346,14.425132,14975,282.3,201.8,0
56.28119,14.420843,14975,282.7,206.0,128
56.273209,14.41323,15000,282.0,208.8,128
56.250732,14.390758,14975,281.5,208.7,0
56.230957,14.371865,14975,282.2,207.6,0
56.208389,14.350891,14975,281.8,207.0,64
56.185199,14.329691,15000,280.4,206.9,-64
56.162668,14.309092,15000,278.6,207.1,-64
56.139999,14.288469,14975,279.1,206.8,-64
56.117477,14.267994,14975,280.4,206.9,0
56.099396,14.251598,14950,281.8,207.0,-448
56.07622,14.230556,14725,290.2,206.8,-832
56.056575,14.21279,14475,299.2,206.8,-960
56.038055,14.196001,14200,305.9,206.8,-1024
56.018555,14.178356,13925,305.5,207.1,-1024
55.998505,14.160212,13650,303.7,206.8,-1024
55.97995,14.143438,13375,303.2,206.6,-1024
55.96105,14.126444,13100,301.4,206.8,-1024
55.941126,14.108505,12850,300.1,206.7,-960
55.922379,14.09163,12575,299.2,206.8,-1024
55.9021,14.073486,12300,297.8,206.7,-1088
55.882237,14.055634,12025,297.8,206.7,-1024
55.871567,14.046021,11875,297.8,206.7,-1088
55.86073,14.036322,11725,296.1,206.9,-1088
55.850235,14.026961,11550,296.5,206.6,-1088
55.838699,14.01664,11400,295.6,206.7,-960
55.827393,14.006486,11250,295.6,206.7,-896
55.816086,13.996416,11100,294.7,206.8,-1024
55.80524,13.986626,10950,294.7,206.8,-1024
55.79425,13.976857,10800,293.4,206.7,-832
55.782074,13.965953,10650,292.9,206.6,-896
55.770355,13.955467,10500,292.5,206.8,-896
55.758636,13.945063,10350,292.0,206.6,-1024
55.747655,13.935299,10200,292.0,206.6,-1024
55.736575,13.925343,10050,292.0,206.6,-1024
55.725906,13.915849,9900,292.0,206.6,-1024
55.715534,13.906717,9750,292.9,206.6,-1024
55.704712,13.897039,9600,292.0,206.6,-960
55.69368,13.887218,9450,291.1,206.7,-960
55.682947,13.877707,9300,289.8,206.6,-1024
55.672566,13.868523,9150,288.9,206.7,-1216
55.662186,13.859253,8975,287.6,206.6,-1152
55.652037,13.850241,8825,286.2,206.6,-1088
55.641953,13.841359,8675,284.9,206.5,-1024
55.631554,13.83213,8525,284.4,206.3,-896
55.619543,13.821573,8375,284.9,206.5,-832
55.607858,13.811274,8250,286.2,206.6,-896
55.597803,13.802433,8100,286.2,206.6,-960
55.586817,13.792648,7950,286.7,206.7,-1024
55.576343,13.783379,7800,287.6,206.6,-1024
55.566055,13.774359,7650,288.5,206.6,-1024
55.555939,13.765453,7500,287.6,206.6,-960
55.545456,13.756131,7350,283.5,206.8,-960
55.535796,13.747587,7225,278.6,206.7,-960
55.526113,13.739004,7075,274.1,206.7,-1088
55.519782,13.733425,6975,272.4,206.4,-1088
55.513321,13.727833,6875,271.9,206.2,-1088
55.507631,13.722954,6775,271.0,206.3,-1152
55.50144,13.717546,6675,271.5,206.5,-1152
55.495468,13.712269,6575,271.5,206.5,-1024
55.488647,13.706277,6475,270.1,206.4,-896
55.480865,13.699535,6375,267.0,206.5,-960
55.474182,13.693626,6275,266.1,206.6,-1088
55.467922,13.688107,6175,267.0,206.5,-1088
55.462143,13.683139,6075,267.0,206.5,-1024
55.455353,13.67712,5975,267.9,206.4,-1024
55.449051,13.671653,5875,267.9,206.4,-960
55.442458,13.66591,5775,268.3,206.6,-960
55.43573,13.660045,5675,267.9,206.4,-1024
55.429092,13.654229,5575,267.9,206.4,-960
55.422487,13.648432,5475,267.9,206.4,-960
55.41481,13.641788,5375,267.0,206.5,-960
55.408708,13.636447,5275,267.0,206.5,-960
55.40213,13.630721,5175,267.0,206.5,-960
55.395767,13.625066,5075,267.0,206.5,-1024
55.388718,13.618927,4975,267.0,206.5,-1024
55.382446,13.613434,4875,265.2,206.7,-1024
55.375946,13.607698,4775,261.6,206.6,-1024
55.369812,13.602367,4675,258.0,206.5,-1088
55.363832,13.597162,4575,256.7,206.4,-1088
55.357681,13.591865,4475,257.6,206.3,-1088
55.352799,13.587258,4400,256.5,209.2,-1088
55.3494,13.583346,4325,255.5,215.1,-1024
55.346283,13.579021,4275,253.0,219.2,-960
55.343262,13.574012,4225,251.1,223.6,-896
55.340881,13.569408,4175,247.6,229.8,-704
55.338088,13.562955,4150,243.9,234.7,-640
55.335938,13.556887,4100,241.1,239.6,-704
55.333649,13.549374,4050,236.1,243.3,-640
55.331543,13.541942,4000,231.2,243.6,-640
55.32962,13.535156,3950,226.7,243.6,-704
55.327789,13.528613,3900,221.8,243.8,-704
55.325519,13.520591,3850,216.9,243.4,-640
55.321888,13.50794,3775,212.9,243.8,-640
55.320352,13.501781,3725,211.5,248.6,-832
55.319467,13.496871,3675,210.3,254.8,-832
55.319002,13.492876,3650,209.1,260.1,-832
55.318771,13.488626,3625,208.4,266.4,-768
55.318816,13.483471,3575,207.0,271.1,-640
55.319092,13.479417,3550,206.2,278.4,-576
55.319607,13.475481,3525,204.7,283.6,-640
55.320352,13.471319,3500,204.3,289.1,-640
55.321243,13.467703,3475,203.2,294.4,-640
55.322617,13.463422,3450,203.1,300.5,-704
55.323936,13.460083,3425,201.4,306.9,-640
55.325938,13.456171,3375,201.0,312.6,-640
55.327754,13.453258,3350,199.8,318.6,-512
55.330719,13.449124,3325,200.0,323.1,-448
55.336971,13.441023,3250,200.8,323.3,-512
55.343628,13.43224,3175,203.0,323.4,-512
55.350006,13.423961,3100,204.4,323.4,-512
55.353424,13.4198,3075,204.4,326.8,-576
55.356171,13.416972,3025,204.9,332.1,-512
55.358897,13.414806,3000,203.9,337.2,-512
55.361481,13.413176,2975,202.4,342.5,-448
55.36453,13.411893,2950,200.5,347.9,-448
55.368254,13.410894,2925,197.5,353.0,-448
55.375609,13.409479,2850,194.0,354.1,-512
55.383384,13.408148,2775,191.9,354.3,-512
55.391484,13.4064,2700,189.7,352.4,-448
55.399258,13.404569,2625,187.7,352.3,-640
55.405334,13.40324,2525,187.4,353.0,-896
55.410896,13.401989,2425,187.4,353.0,-960
55.416046,13.400978,2325,185.2,353.5,-1024
55.421417,13.399825,2225,182.2,353.4,-1024
55.426444,13.398826,2125,178.1,353.5,-960
55.431793,13.397746,2025,173.2,353.4,-896
55.436639,13.396745,1950,169.2,353.2,-704
55.439896,13.39605,1925,164.2,353.0,-448
55.441406,13.395727,1900,162.1,353.3,-896
55.444926,13.395081,1800,160.1,353.2,-1152
55.448914,13.394165,1700,158.1,353.1,-960
55.452988,13.393333,1625,154.1,353.3,-768
55.456843,13.392506,1550,150.1,353.1,-768
55.459776,13.391905,1500,146.0,353.3,-704
55.461405,13.391562,1475,141.9,353.5,-640
55.463733,13.391132,1425,137.9,353.3,-640
55.465897,13.390669,1375,133.0,353.1,-704
55.467545,13.390336,1350,128.9,353.3,-512
55.46933,13.38992,1325,123.9,353.0,-576
55.47084,13.389671,1300,119.8,353.3,-832
55.473462,13.389072,1225,114.9,353.0,-832
55.475052,13.388755,1200,110.8,353.3,-640
55.477249,13.388256,1150,105.8,352.9,-512
55.481323,13.387423,1075,105.8,352.9,-640
55.485752,13.386412,1000,107.7,353.6,-640
55.490035,13.385553,900,105.6,354.0,-576
55.494224,13.384781,825,101.6,353.8,-512
55.498123,13.384011,750,100.7,353.2,-512
55.50238,13.383095,675,104.8,352.9,-384
55.506683,13.38218,600,106.7,353.5,-576
55.510797,13.381519,500,106.6,354.1,-576
55.515313,13.380575,425,106.8,353.0,-512
55.519642,13.379631,350,108.8,353.1,-448
55.524582,13.378601,250,110.7,353.8,-576
55.530768,13.377314,200,99.7,353.1,-64
55.534376,13.376584,175,60.5,354.4,-64
55.53732,13.376005,175,40.5,354.4,-64
55.537972,13.375876,175,36.5,354.4,-64
55.537994,13.375854,225,104.7,353.4,-128
55.538361,13.375771,225,117.7,353.7,0
55.539706,13.375511,250,123.7,354.0,768
55.541199,13.375272,300,124.7,354.0,1088
55.542732,13.374996,375,125.7,354.1,1536
55.544315,13.374653,450,124.9,353.1,1984
55.545731,13.374356,550,123.2,352.1,2176
55.547653,13.373774,650,122.5,351.1,1984
55.549389,13.373365,750,123.5,351.1,1600
55.551623,13.372765,850,126.3,351.8,1344
55.554975,13.371906,950,130.3,352.1,1024
55.558141,13.37122,1025,134.1,352.7,704
55.560333,13.370694,1075,139.0,353.0,704
55.562842,13.370275,1125,142.8,354.0,832
55.566559,13.369612,1200,147.7,354.6,896
55.57045,13.368946,1250,150.7,354.7,704
55.572106,13.368645,1275,154.7,354.4,768
55.575119,13.368114,1350,156.8,354.1,1152
55.577879,13.367615,1450,157.9,353.8,1472
55.581184,13.366928,1550,157.9,353.8,1344
55.584303,13.366327,1650,158.9,353.9,1344
55.587662,13.3657,1750,159.0,353.5,1472
55.590774,13.365126,1850,160.0,353.5,1472
55.594254,13.364452,1950,161.0,353.6,1216
55.598036,13.363667,2050,163.0,353.7,1088
55.601898,13.362954,2150,164.0,353.7,1280
55.604919,13.362371,2250,165.0,353.7,1472
55.607998,13.361778,2350,164.0,353.7,1472
55.611649,13.361123,2450,164.9,354.1,1216
55.614469,13.360834,2500,166.1,358.3,1088
55.61675,13.361006,2575,167.4,4.1,1152
55.618652,13.361539,2625,166.5,10.0,1280
55.620334,13.362465,2675,166.7,17.5,1536
55.62215,13.363838,2750,166.4,24.9,1664
55.623966,13.365641,2825,165.7,31.7,1472
55.625828,13.36813,2875,166.6,38.2,1344
55.627853,13.37136,2950,167.7,43.3,1216
55.630096,13.375355,3050,169.0,45.2,1152
55.632997,13.380489,3150,169.7,46.0,1344
55.635269,13.384344,3250,169.3,41.4,1280
55.637466,13.38734,3325,168.0,36.5,1344
55.640352,13.391047,3425,168.4,35.6,1152
55.644196,13.395913,3525,170.4,35.9,1024
55.64772,13.400407,3625,171.2,35.7,1152
55.650833,13.404402,3725,171.2,35.7,1280
55.653763,13.408148,3825,172.0,35.5,1088
55.657059,13.412309,3900,173.4,35.6,640
55.660276,13.416367,3925,177.6,35.8,640
55.663023,13.419886,4000,179.3,35.5,1088
55.666351,13.424128,4100,179.8,35.7,1152
55.670378,13.429155,4200,182.9,35.4,1088
55.674242,13.433962,4300,183.7,35.2,1152
55.677933,13.438693,4400,184.8,35.8,1152
55.681504,13.443232,4500,184.8,35.8,1152
55.685623,13.448431,4600,187.0,35.6,832
55.690861,13.455076,4700,188.4,35.7,1024
55.694366,13.459584,4800,189.3,35.5,1216
55.69812,13.464328,4900,189.3,35.5,1152
55.702127,13.46941,5000,189.3,35.5,1088
55.705618,13.473873,5100,189.3,35.5,1216
55.709015,13.478144,5200,189.3,35.5,1280
55.712906,13.483054,5300,188.4,35.7,1216
55.716185,13.487263,5400,187.0,35.6,1344
55.719086,13.490961,5500,187.0,35.6,1344
55.72229,13.49504,5600,186.2,35.8,1344
55.72554,13.499201,5700,185.6,35.6,1344
55.728661,13.503141,5800,185.6,35.6,1216
55.732199,13.507605,5900,184.8,35.8,1152
55.735737,13.512154,6000,184.8,35.8,1216
55.739043,13.516359,6100,184.3,35.5,1152
55.742569,13.520758,6200,184.3,35.5,1088
55.746351,13.525629,6300,184.3,35.5,1088
55.750122,13.530436,6400,184.8,35.8,1216
55.753567,13.534813,6500,184.3,35.5,1216
55.757338,13.539619,6600,183.4,35.7,1088
55.761015,13.54434,6700,184.8,35.8,960
55.765391,13.549919,6800,185.6,35.6,1024
55.769441,13.555069,6900,186.2,35.8,1088
55.772964,13.559543,7000,186.2,35.8,1216
55.779007,13.5672,7175,185.6,35.6,1216
55.784897,13.574724,7325,185.4,36.0,1152
55.790809,13.582363,7475,186.2,35.8,960
55.796721,13.589916,7625,187.6,35.9,896
55.802959,13.597898,7775,189.0,36.0,1088
55.809197,13.605795,7925,190.1,35.4,1024
55.815388,13.613777,8075,190.4,36.0,1024
55.821808,13.622048,8225,190.6,35.6,1024
55.827957,13.629913,8375,191.2,35.8,1088
55.834289,13.638067,8525,191.2,35.8,960
55.841085,13.646822,8675,192.0,35.7,896
55.848312,13.656089,8825,192.6,35.9,960
55.854725,13.664246,8975,192.6,35.9,960
55.861847,13.673429,9125,192.6,35.9,960
55.868551,13.682098,9275,193.4,35.7,960
55.876236,13.691961,9400,196.2,35.9,768
55.883587,13.70141,9525,197.6,35.9,832
55.890335,13.710105,9675,197.6,35.9,896
55.897888,13.719843,9825,198.4,35.8,960
55.904303,13.728104,9975,197.6,35.9,1024
55.910797,13.736489,10125,196.2,35.9,896
55.918222,13.746128,10250,197.6,35.9,832
55.924759,13.75455,10400,196.8,36.1,896
55.932495,13.764537,10525,197.6,35.9,896
55.938659,13.772564,10675,196.0,36.3,1024
55.944809,13.780434,10825,195.6,35.6,960
55.952408,13.790255,10950,196.2,35.9,576
55.959641,13.799577,11000,201.2,35.9,128
55.970314,13.813419,11000,210.4,36.1,0
55.984699,13.832045,11000,219.8,35.9,64
56.001205,13.853427,11000,228.4,35.9,0
56.017914,13.87515,11000,234.8,36.0,0
56.035534,13.898048,11000,239.8,36.0,0
56.053345,13.921176,11000,242.6,36.1,-192
56.071564,13.94498,11000,246.2,36.1,64
56.08992,13.968867,11000,247.6,36.1,64
56.108139,13.992753,11000,249.0,36.2,0
56.126404,14.016581,11000,250.4,36.2,64
56.144943,14.040943,11000,251.8,36.3,0
56.163739,14.06559,11000,251.8,36.3,0
56.182251,14.089883,11000,251.8,36.3,64
56.20047,14.113853,11000,253.2,36.3,0
56.219182,14.13846,11000,253.0,36.6,0
56.23764,14.162792,11000,251.8,36.3,0
56.256317,14.187428,11000,251.8,36.3,64
56.274765,14.211731,11000,251.8,36.3,64
56.293294,14.236221,11000,251.0,36.4,0
56.312027,14.261003,11000,251.8,36.3,0
56.330109,14.28489,11000,251.8,36.3,-64
56.348557,14.309359,10975,252.4,36.5,-64
56.367451,14.334497,11000,251.0,36.4,-64
56.385886,14.359131,10975,251.6,36.6,-128
56.404228,14.383507,11000,251.6,36.6,128
56.422714,14.408153,11000,251.0,36.4,0
56.440864,14.432344,11000,251.6,36.6,0
56.459381,14.457176,11000,252.4,36.5,0
56.477737,14.481645,11000,251.6,36.6,0
56.496323,14.506531,11000,252.4,36.5,0
56.514725,14.53125,11000,251.6,36.6,64
56.53327,14.556112,11000,251.6,36.6,-64
56.551519,14.580574,11000,251.6,36.6,64
56.570047,14.605637,11000,253.0,36.6,0
56.58847,14.63046,11025,252.2,36.8,64
56.606918,14.655333,11000,253.0,36.6,0
56.625444,14.680392,11000,253.0,36.6,-64
56.643631,14.705029,11000,253.0,36.6,0
56.662127,14.730008,11000,252.2,36.8,128
56.680794,14.755347,11000,253.6,36.8,-128
56.699387,14.780645,11000,253.6,36.8,64
56.71771,14.805583,11000,253.6,36.8,64
56.736424,14.8311,11000,254.4,36.7,-64
56.754859,14.856262,11000,253.6,36.8,0
56.773453,14.881668,11025,252.8,37.0,64
56.792175,14.90716,11000,253.6,36.8,-64
56.810806,14.932652,11000,253.6,36.8,-64
56.829017,14.95762,11000,252.8,37.0,0
56.847358,14.982871,11000,252.8,37.0,0
56.865875,15.008268,11000,252.8,37.0,0
56.884094,15.033331,11000,252.8,37.0,0
56.902523,15.058712,11000,253.4,37.1,-64
56.921173,15.084486,11000,253.4,37.1,-64
56.939713,15.110064,10975,253.4,37.1,64
56.958013,15.135439,11000,253.4,37.1,0
56.976448,15.160956,11000,253.4,37.1,64
56.994463,15.185941,11000,253.4,37.1,64
57.013,15.211601,11000,253.4,37.1,0
57.031147,15.236885,11000,254.0,37.3,64
57.049721,15.262756,11000,253.4,37.1,0
57.068435,15.288805,11025,253.4,37.1,-64
57.086963,15.314587,10975,256.2,37.2,-128
57.105698,15.340776,11000,256.2,37.2,128
57.124512,15.367041,11000,256.2,37.2,-64
57.143151,15.393175,11025,255.4,37.4,0
57.161819,15.419312,10975,256.8,37.4,-64
57.180588,15.445747,11000,256.2,37.2,128
57.199127,15.471754,11000,255.4,37.4,-64
57.217588,15.497722,11000,254.0,37.3,0
57.235565,15.523081,11000,253.2,37.5,0
57.254039,15.54911,11000,253.2,37.5,0
57.272507,15.575266,11000,253.2,37.5,0
57.291,15.601358,11000,252.4,37.6,64
57.309036,15.626936,11000,251.8,37.4,0
57.327172,15.652682,11000,251.0,37.5,0
57.345467,15.678642,11000,251.0,37.5,64
57.363281,15.704012,11000,251.0,37.5,0
57.3815,15.730019,11000,250.2,37.7,0
57.399628,15.755939,11000,250.2,37.7,0
57.417903,15.782038,11000,250.2,37.7,128
57.435837,15.807695,11000,251.0,37.5,-64
57.453981,15.833691,11000,251.6,37.7,0
57.472321,15.85988,11000,251.6,37.7,0
57.490477,15.885965,11000,251.6,37.7,0
57.508713,15.912237,11000,251.6,37.7,64
57.527069,15.938587,11000,251.6,37.7,0
57.545151,15.96468,10975,251.6,37.7,0
57.563004,15.990429,11000,250.2,37.7,64
57.581208,16.016649,11000,250.8,37.9,0
57.599549,16.043229,11000,252.2,37.9,-64
57.617425,16.0691,11000,253.6,38.0,0
57.635788,16.095657,11000,253.6,38.0,0
57.654144,16.122351,11000,253.6,38.0,-64
57.672318,16.148701,10975,255.0,38.0,0
57.690491,16.175222,11000,253.6,38.0,0
57.708847,16.202002,11000,253.6,38.0,64
57.727242,16.228844,11000,255.7,38.2,-128
57.74577,16.256012,11000,256.5,38.0,128
57.764465,16.283244,11000,256.5,38.0,0
57.782779,16.31012,11000,256.5,38.0,-64
57.801167,16.337128,11000,254.3,38.1,64
57.819741,16.36441,11000,254.3,38.1,0
57.837753,16.390893,11000,254.3,38.1,0
57.856099,16.417877,11000,252.9,38.1,0
57.874208,16.444611,11000,252.1,38.2,0
57.892044,16.470987,11000,252.1,38.2,0
57.909805,16.497301,11000,252.1,38.2,64
57.921924,16.515106,11000,252.2,36.8,0
57.925555,16.519592,11000,252.5,32.0,-192
57.929993,16.524146,10975,252.7,27.6,0
57.936774,16.530304,11000,252.8,24.5,128
57.951233,16.542132,11000,252.2,23.1,0
57.972014,16.558777,11000,253.6,23.2,0
57.993149,16.575989,11000,253.0,23.5,0
58.014084,16.593342,11000,253.4,23.7,0
58.035278,16.610885,11000,253.4,23.7,-64
58.056413,16.628448,11000,253.4,23.7,-64
58.077988,16.646325,11000,253.4,23.7,0
58.099411,16.664133,11000,253.4,23.7,0
58.12019,16.681458,11000,253.4,23.7,0
58.141883,16.699493,11000,254.8,23.9,-64
58.16304,16.717116,11000,254.8,23.9,64
58.184097,16.734747,11025,254.8,23.9,-64
58.205246,16.752378,11000,255.7,23.8,0
58.226807,16.770453,11000,256.1,24.0,0
58.248394,16.788574,11000,257.0,23.9,0
58.269576,16.806335,11000,257.0,23.9,0
58.290757,16.824097,11000,257.0,23.9,0
58.312171,16.842133,11000,257.0,23.9,0
58.333771,16.86026,10975,257.9,23.8,-64
58.354889,16.878101,11025,255.2,24.0,64
58.37645,16.896352,11000,256.1,24.0,0
58.39801,16.914604,11000,257.0,23.9,0
58.419342,16.932767,11000,257.4,24.1,0
58.441132,16.951196,11000,257.0,23.9,0
58.462302,16.969116,11000,257.4,24.1,0
58.483704,16.987344,11000,256.5,24.2,0
58.50513,17.005554,11000,255.2,24.0,64
58.52655,17.023758,11000,254.2,24.1,0
58.547699,17.041833,11000,255.2,24.0,-64
58.568573,17.05973,11000,254.2,24.1,0
58.58963,17.077715,11000,252.9,24.0,0
58.610385,17.095551,10975,254.2,24.1,-64
58.631332,17.11351,10975,254.2,24.1,0
58.65271,17.13185,11000,253.3,24.2,64
58.673859,17.15019,11000,253.3,24.2,0
58.69487,17.168264,11000,254.2,24.1,-64
58.71579,17.186338,11000,253.3,24.2,0
58.736755,17.204413,11025,253.3,24.2,64
58.757629,17.222576,11000,253.3,24.2,-128
58.778392,17.24057,11000,254.2,24.1,0
58.799154,17.258514,11000,254.7,24.4,0
58.820343,17.276976,11000,254.7,24.4,0
58.841284,17.295227,11000,255.6,24.3,0
58.862549,17.313721,11000,256.5,24.2,0
58.883789,17.332214,11000,256.0,24.5,0
58.904874,17.350632,11000,255.6,24.3,0
58.925962,17.369101,11000,255.6,24.3,0
58.945654,17.386338,10975,256.9,24.4,-448
58.950027,17.390167,10925,258.2,24.5,-896
58.959595,17.39859,10775,261.8,24.6,-1152
58.969023,17.406985,10600,262.7,24.5,-1152
58.9785,17.415253,10450,264.5,24.3,-1216
58.987225,17.422896,10275,265.4,24.2,-1216
58.997001,17.431514,10100,266.7,24.4,-1216
59.006424,17.439697,9950,264.5,24.3,-1152
59.014784,17.447141,9775,261.8,24.6,-1280
59.022995,17.454437,9600,259.1,24.4,-1344
59.032013,17.462311,9425,257.8,24.3,-1280
59.040946,17.470156,9250,256.9,24.4,-1280
59.049605,17.477827,9075,255.6,24.3,-1280
59.058217,17.485404,8900,257.8,24.3,-1216
59.0679,17.493833,8725,257.8,24.3,-1152
59.077536,17.502357,8550,256.9,24.4,-1152
59.086707,17.510408,8400,257.3,24.6,-1216
59.094854,17.517605,8225,258.2,24.5,-1280
59.103838,17.525656,8050,258.2,24.5,-1216
59.113358,17.534088,7875,259.1,24.4,-1216
59.122925,17.542514,7700,260.4,24.5,-1216
59.132235,17.550754,7550,261.8,24.6,-1216
59.141327,17.558807,7375,262.7,24.5,-1152
59.151031,17.567505,7200,261.8,24.6,-1152
59.160167,17.575568,7050,259.5,24.6,-1216
59.164775,17.579735,6950,258.2,24.5,-1216
59.170395,17.584717,6850,257.3,24.6,-1216
59.175762,17.58949,6750,255.1,24.6,-1280
59.181061,17.594147,6650,255.1,24.6,-1216
59.186329,17.598866,6550,252.8,24.5,-1216
59.191681,17.603668,6450,251.9,24.6,-1088
59.19806,17.609284,6350,250.6,24.5,-896
59.205322,17.615819,6250,251.5,24.4,-832
59.213013,17.62262,6150,253.7,24.4,-832
59.220359,17.629174,6050,255.1,24.6,-832
59.228645,17.636561,5950,255.1,24.6,-768
59.237536,17.644517,5850,255.1,24.6,-768
59.245637,17.651714,5750,255.1,24.6,-832
59.253387,17.658691,5650,255.1,24.6,-832
59.261138,17.665637,5550,254.2,24.6,-768
59.269684,17.673248,5450,253.3,24.7,-768
59.277145,17.679932,5350,253.3,24.7,-832
59.284882,17.68689,5250,252.8,24.5,-832
59.29298,17.694144,5150,252.8,24.5,-832
59.300289,17.700774,5050,251.0,24.7,-832
59.308044,17.707764,4950,248.8,24.7,-896
59.315139,17.714128,4850,248.8,24.7,-832
59.322464,17.720673,4750,248.4,24.5,-832
59.330222,17.727672,4650,247.5,24.6,-832
59.337996,17.734585,4550,246.5,24.7,-832
59.346096,17.741878,4450,245.6,24.8,-704
59.354645,17.749603,4350,244.3,24.7,-704
59.3636,17.7576,4250,243.4,24.8,-704
59.371994,17.765167,4150,242.1,24.7,-704
59.380737,17.773041,4050,241.2,24.8,-704
59.38884,17.780365,3950,240.3,24.9,-704
59.397675,17.788422,3875,239.4,25.0,-640
59.405916,17.795863,3775,237.6,24.6,-704
59.414342,17.803439,3675,236.7,24.7,-704
59.422814,17.811111,3575,236.7,24.7,-768
59.430679,17.818268,3475,236.7,24.7,-768
59.438873,17.825684,3375,232.6,24.9,-640
59.442215,17.828705,3350,227.7,25.2,-704
59.445282,17.831543,3300,223.2,25.2,-704
59.448558,17.834599,3275,218.3,24.9,-704
59.451258,17.837061,3225,213.9,24.9,-640
59.455261,17.840698,3175,209.0,24.6,-640
59.457822,17.842933,3150,204.5,24.6,-640
59.460892,17.845734,3125,200.0,24.5,-640
59.463687,17.848142,3075,196.1,24.1,-640
59.467318,17.850984,3025,191.1,20.5,-576
59.470505,17.853058,3000,187.9,17.7,-576
59.472998,17.854393,2975,183.6,14.2,-576
59.476364,17.855804,2925,179.4,11.2,-576
59.479843,17.857086,2900,175.1,10.9,-576
59.482262,17.857992,2875,171.0,10.8,-576
59.488732,17.860265,2800,170.3,9.5,-448
59.496088,17.862728,2725,171.6,10.1,-448
59.50383,17.865326,2650,171.5,9.7,-384
59.51152,17.867981,2575,170.5,9.8,-640
59.517455,17.87002,2475,171.8,10.4,-896
59.522203,17.871725,2375,170.7,10.1,-960
59.525894,17.873108,2350,165.7,10.4,-576
59.530014,17.874664,2275,160.8,10.8,-768
59.534729,17.876312,2175,156.5,10.3,-768
59.53981,17.878143,2075,157.5,10.2,-1024
59.543338,17.879397,1975,157.5,10.2,-1216
59.545805,17.880249,1925,154.6,10.4,-768
59.55098,17.88208,1825,151.4,10.3,-704
59.55574,17.88382,1725,148.1,9.7,-896
59.559724,17.885174,1650,143.4,10.4,-768
59.564255,17.886749,1550,139.3,10.3,-896
59.569427,17.888672,1450,134.3,10.7,-576
59.571671,17.889496,1425,131.2,10.5,-512
59.572852,17.890004,1400,127.1,10.4,-640
59.574063,17.890383,1375,123.0,10.3,-576
59.577621,17.891693,1300,119.1,10.6,-640
59.581883,17.893224,1200,115.1,11.0,-576
59.586227,17.894897,1100,110.6,9.9,-768
59.59021,17.896362,1000,108.3,11.7,-640
59.594376,17.89801,925,109.0,11.1,-512
59.598689,17.899665,850,109.7,10.0,-576
59.602832,17.90099,750,109.5,9.5,-576
59.60758,17.902506,675,106.5,9.7,-512
59.611496,17.903961,600,105.1,11.5,-512
59.615799,17.905792,525,106.3,11.9,-448
59.619095,17.906982,500,106.4,9.2,-384
59.622803,17.908188,400,107.5,9.6,-768
59.626968,17.909454,325,108.2,8.5,-512
59.629486,17.910278,275,109.4,12.1,-640
59.633324,17.911882,200,110.8,10.4,-512
59.634208,17.912166,175,110.6,9.9,-512
