lat,lon,alt,gs,track
42.21508,-83.356049,-50.0,8.8,30.9
42.215199,-83.355906,-50.0,10.2,39.4
42.215862,-83.355108,-50.0,13.2,14.1
42.215909,-83.355108,-50.0,13.2,11.2
42.214554,-83.362323,425,167.5,209.3
42.213569,-83.363044,475,167.5,209.3
42.21286,-83.363571,525,167.5,209.3
42.21167,-83.364445,600,167.0,209.0
42.210311,-83.365471,700,164.3,209.5
42.20929,-83.366255,800,163.0,209.4
42.20789,-83.367324,900,160.8,209.4
42.206726,-83.368253,1000,159.5,210.1
42.205673,-83.369127,1100,158.3,210.8
42.204529,-83.370063,1175,157.1,211.5
42.203514,-83.370965,1275,155.9,212.2
42.202211,-83.371987,1375,155.4,211.9
42.200775,-83.373184,1475,155.4,211.9
42.199631,-83.374183,1575,154.9,211.5
42.198441,-83.375119,1625,155.2,211.0
42.196764,-83.376394,1725,157.3,210.1
42.194504,-83.378178,1825,159.0,209.8
42.19249,-83.379676,1925,161.6,209.3
42.190155,-83.381486,2025,164.0,210.0
42.187966,-83.383548,2125,168.4,214.4
42.186103,-83.385656,2200,171.2,219.6
42.184381,-83.388147,2300,173.2,225.2
42.182419,-83.391287,2400,173.9,229.9
42.180331,-83.394726,2475,176.2,230.5
42.17805,-83.398622,2550,180.1,231.5
42.176653,-83.400985,2575,183.8,232.1
42.174046,-83.405712,2675,188.6,233.2
42.171341,-83.410513,2750,192.8,233.0
42.168972,-83.414782,2825,197.0,232.8
42.166319,-83.419509,2900,201.4,233.1
42.164841,-83.422186,2950,205.0,233.1
42.161819,-83.427492,3025,209.8,232.8
42.159243,-83.431964,3100,214.6,232.4
42.157288,-83.435419,3125,218.8,232.2
42.15596,-83.437729,3125,223.0,232.1
42.154681,-83.439949,3150,227.2,232.0
42.152912,-83.442887,3175,232.1,231.6
42.15097,-83.446156,3225,237.1,231.7
42.148453,-83.450775,3300,241.2,232.8
42.146627,-83.454767,3350,245.5,236.6
42.145432,-83.458391,3400,249.6,242.8
42.14447,-83.461949,3450,251.5,247.3
42.143967,-83.464883,3500,254.0,252.4
42.143417,-83.468815,3600,255.7,259.0
42.143143,-83.472124,3700,256.5,260.6
42.14295,-83.477187,3800,258.7,265.8
42.14296,-83.48105,3900,260.0,269.3
42.143089,-83.484852,4000,261.2,272.2
42.143508,-83.488876,4100,262.8,276.8
42.144196,-83.493347,4200,263.1,280.1
42.144858,-83.496413,4300,263.6,283.8
42.145417,-83.498904,4400,264.5,286.9
42.146255,-83.501899,4500,264.1,289.5
42.147171,-83.505145,4600,264.3,290.8
42.148178,-83.508329,4700,264.8,291.7
42.149281,-83.511935,4800,265.4,292.6
42.150491,-83.515575,4900,267.3,293.6
42.152027,-83.520174,5000,267.6,294.3
42.153331,-83.523943,5100,269.4,294.6
42.154727,-83.527903,5200,270.2,295.0
42.156124,-83.531927,5300,272.0,295.2
42.15752,-83.535887,5400,272.4,295.4
42.159027,-83.540101,5500,273.7,295.5
42.160172,-83.543347,5600,273.7,295.5
42.161591,-83.547342,5700,274.6,295.5
42.162781,-83.550706,5800,275.1,295.6
42.163805,-83.55358,5900,275.1,295.6
42.165161,-83.557392,6000,274.6,295.5
42.166226,-83.560415,6100,274.6,295.5
42.167587,-83.564384,6200,275.5,295.4
42.16864,-83.567318,6300,275.1,295.2
42.169693,-83.570376,6400,275.1,295.2
42.171067,-83.574339,6500,275.1,295.2
42.172211,-83.577555,6600,276.0,295.1
42.173814,-83.582132,6700,276.9,295.0
42.17514,-83.585982,6800,276.9,295.0
42.17656,-83.590116,6900,278.3,295.1
42.177817,-83.593757,7000,278.3,295.1
42.180313,-83.600901,7200,279.2,295.0
42.182938,-83.608512,7400,279.2,295.0
42.185405,-83.615602,7600,280.1,294.9
42.188049,-83.62331,7800,280.1,294.9
42.190613,-83.630739,7975,280.1,294.9
42.19368,-83.639665,8175,283.2,294.9
42.197136,-83.649583,8375,285.4,294.9
42.199997,-83.657892,8575,286.8,295.0
42.202698,-83.665695,8775,287.2,295.1
42.20519,-83.672897,8975,286.8,295.0
42.207504,-83.679553,9175,285.9,295.0
42.20993,-83.686482,9375,284.5,294.9
42.212824,-83.694934,9575,285.4,294.9
42.215943,-83.703876,9775,287.7,294.9
42.218271,-83.71071,9925,288.1,295.0
42.220963,-83.718504,10050,289.0,295.0
42.224167,-83.727618,10175,296.6,294.9
42.229248,-83.742475,10325,304.2,294.9
42.234512,-83.757706,10475,312.3,295.0
42.240057,-83.773562,10625,321.2,295.0
42.245458,-83.789212,10775,327.5,294.9
42.251312,-83.806145,10900,336.4,295.0
42.257142,-83.822809,11050,344.5,295.1
42.263123,-83.840103,11200,352.1,295.0
42.269028,-83.857207,11350,358.4,294.9
42.275253,-83.875247,11500,365.1,295.0
42.281021,-83.891976,11650,370.9,295.0
42.286011,-83.906333,11850,374.0,295.0
42.294434,-83.93074,12200,377.2,294.9
42.301941,-83.952526,12600,377.2,294.9
42.309219,-83.973624,13000,377.2,294.9
42.312632,-83.983516,13150,378.1,294.9
42.321943,-84.010727,13475,382.5,294.9
42.331719,-84.039151,13800,388.3,295.0
42.340485,-84.064636,14150,390.1,294.9
42.348804,-84.088908,14525,391.1,294.8
42.35709,-84.113117,14900,392.0,294.7
42.365845,-84.138607,15275,394.2,294.7
42.374361,-84.163513,15675,394.2,294.7
42.38274,-84.188041,16075,394.2,294.7
42.391166,-84.212632,16450,394.2,294.7
42.399406,-84.236777,16825,394.2,294.7
42.406128,-84.256335,17075,395.1,294.7
42.41663,-84.287237,17375,400.9,294.8
42.423566,-84.308379,17600,403.0,292.6
42.426313,-84.319046,17725,403.5,288.4
42.428641,-84.330991,17850,403.1,284.7
42.429977,-84.341042,18000,403.2,280.9
42.430875,-84.351111,18100,402.0,277.0
42.431434,-84.363439,18250,402.7,273.3
42.432365,-84.392821,18600,403.4,272.4
42.433203,-84.420478,18975,402.3,272.3
42.434134,-84.452288,19300,405.3,272.3
42.435111,-84.484991,19625,407.3,272.2
42.436042,-84.518908,19950,409.3,272.1
42.436981,-84.554152,20250,412.3,272.1
42.437951,-84.590447,20550,415.3,272.1
42.438882,-84.626089,20850,417.3,272.1
42.439774,-84.661019,21175,420.2,271.9
42.440605,-84.695584,21500,421.2,271.8
42.441422,-84.731556,21800,423.2,271.8
42.44228,-84.767825,22100,426.2,271.8
42.443118,-84.804297,22425,427.2,271.9
42.443985,-84.83911,22750,427.2,271.9
42.444763,-84.874129,23075,428.2,271.7
42.445724,-84.915515,23350,432.2,271.7
42.44661,-84.955168,23625,434.2,271.7
42.447464,-84.994729,23925,436.2,271.6
42.448288,-85.03574,24200,438.2,271.6
42.44917,-85.079019,24475,442.2,271.6
42.450055,-85.122198,24750,444.2,271.7
42.450846,-85.159373,25075,444.2,271.7
42.451637,-85.195334,25400,443.2,271.7
42.452454,-85.23674,25700,444.2,271.5
42.453369,-85.285742,25950,447.1,271.4
42.454193,-85.332558,26200,450.1,271.4
42.454926,-85.378813,26475,453.0,270.6
42.45457,-85.400178,26575,454.2,268.5
42.453639,-85.421128,26700,455.1,266.0
42.451963,-85.443229,26850,456.0,263.5
42.449356,-85.467182,27025,456.4,261.2
42.443677,-85.513043,27275,457.4,260.4
42.437759,-85.561211,27525,460.2,260.6
42.431351,-85.613272,27775,462.3,260.5
42.426685,-85.650947,28100,461.3,260.5
42.421844,-85.690357,28400,460.3,260.5
42.416656,-85.732124,28700,460.3,260.5
42.412254,-85.767517,29025,458.3,260.5
42.407776,-85.80366,29375,455.2,260.5
42.403409,-85.838353,29725,452.3,260.5
42.402152,-85.848382,29875,451.3,260.4
42.398801,-85.874953,30275,444.4,260.3
42.397404,-85.885876,30425,442.4,260.2
42.396103,-85.896294,30525,441.4,260.2
42.39505,-85.904472,30600,441.4,260.2
42.393307,-85.918451,30650,442.2,260.4
42.386993,-85.968392,30875,445.4,260.3
42.37999,-86.023136,31075,449.6,260.1
42.377243,-86.044422,31200,449.6,260.1
42.373011,-86.077114,31450,448.7,260.1
42.368961,-86.108668,31825,444.5,260.2
42.364957,-86.140158,32175,440.4,260.2
42.360767,-86.172798,32525,437.5,260.1
42.356392,-86.206459,32875,434.5,260.1
42.351969,-86.240696,33200,431.6,260.0
42.347672,-86.273512,33525,428.4,260.0
42.343002,-86.309405,33850,425.5,260.0
42.337724,-86.349729,34125,424.5,260.0
42.332696,-86.388181,34425,422.5,259.9
42.328217,-86.42239,34750,419.2,260.1
42.323991,-86.454674,35100,414.3,260.0
42.319427,-86.489182,35400,411.5,259.8
42.316263,-86.512991,35550,410.5,259.8
42.310165,-86.558277,35775,410.5,259.8
42.305374,-86.59455,35950,409.2,260.0
42.298828,-86.644114,35975,406.4,259.8
42.292243,-86.692987,36000,406.6,259.7
42.285645,-86.742117,36000,408.6,259.7
42.278961,-86.791181,36000,408.8,259.6
42.272278,-86.840869,36000,406.6,259.7
42.26564,-86.889808,36000,404.6,259.6
42.259048,-86.938248,36000,403.7,259.6
42.252301,-86.987511,36000,403.7,259.6
42.245644,-87.03631,36000,402.7,259.6
42.23894,-87.08511,35975,402.9,259.4
42.232097,-87.134293,35975,401.9,259.4
42.225347,-87.182709,35975,402.9,259.4
42.21855,-87.23202,35975,402.9,259.4
42.2118,-87.280948,35950,404.8,259.5
42.204911,-87.330003,35975,406.0,259.4
42.198067,-87.378803,35975,408.1,259.3
42.191038,-87.428497,35975,409.1,259.3
42.184021,-87.47845,36000,410.3,259.2
42.176971,-87.528139,36025,411.1,259.4
42.169996,-87.577515,36050,412.4,259.1
42.16301,-87.626391,36050,411.5,259.1
42.155914,-87.67583,36050,410.5,259.0
42.148727,-87.725643,36050,410.5,259.0
42.141553,-87.775588,36000,410.5,259.0
42.134491,-87.824645,36000,408.5,259.0
42.127401,-87.873315,36000,408.7,258.9
42.120232,-87.922626,35975,408.7,258.9
42.113063,-87.971937,35950,409.7,258.9
42.105894,-88.020864,35950,409.7,258.9
42.098632,-88.070622,35950,410.7,258.9
42.091324,-88.120589,35950,411.8,258.8
42.083954,-88.170277,35975,413.0,258.7
42.076659,-88.219704,35975,413.8,258.9
42.069443,-88.268717,35975,415.0,258.7
42.062027,-88.318405,36000,415.2,258.6
42.054474,-88.368655,36000,415.2,258.6
42.046912,-88.419118,36025,415.0,258.7
42.039464,-88.468812,36025,415.2,258.6
42.032062,-88.517995,36025,414.2,258.6
42.024445,-88.56797,36025,413.6,258.3
42.016886,-88.617511,36025,413.4,258.4
42.009391,-88.66663,36025,411.5,258.4
42.001785,-88.71641,36025,410.3,258.5
41.994186,-88.765973,36025,409.3,258.4
41.986674,-88.815201,36000,408.3,258.4
41.979126,-88.863851,36000,407.5,258.2
41.971684,-88.91197,35975,407.5,258.2
41.964142,-88.960706,35975,407.5,258.2
41.956508,-89.009953,35950,408.5,258.3
41.948822,-89.059358,35950,408.5,258.3
41.941239,-89.108063,35975,408.7,258.1
41.93367,-89.156612,35975,409.7,258.2
41.925888,-89.205801,35975,410.9,258.1
41.918106,-89.255052,35975,411.1,257.9
41.910324,-89.303929,35975,412.1,258.0
41.902451,-89.353554,36000,413.1,258.0
41.8945,-89.403417,36000,413.3,257.9
41.886586,-89.453047,36000,414.2,257.9
41.878693,-89.502369,36000,415.2,257.9
41.870805,-89.551285,36000,416.4,257.8
41.862798,-89.600979,35975,418.4,257.9
41.854698,-89.651376,36000,419.3,257.9
41.846512,-89.702058,36000,420.5,257.8
41.838405,-89.752105,36025,421.7,257.7
41.830307,-89.801872,36050,421.5,257.8
41.822159,-89.852184,36050,420.5,257.8
41.813873,-89.902434,36050,420.0,257.5
41.805679,-89.951997,36050,419.8,257.6
41.797348,-90.00231,36025,419.0,257.5
41.788966,-90.052632,36025,418.0,257.4
41.780727,-90.102582,36000,417.8,257.6
41.772446,-90.151998,36000,417.0,257.4
41.764294,-90.200884,36000,417.0,257.4
41.756007,-90.250322,36000,416.1,257.4
41.747628,-90.300272,35975,416.1,257.4
41.739258,-90.350314,35975,416.1,257.4
41.730962,-90.399596,35975,416.1,257.4
41.722458,-90.449878,35975,417.3,257.3
41.714035,-90.499566,35975,417.3,257.3
41.705521,-90.549504,35975,417.5,257.1
41.697119,-90.598563,35975,417.5,257.1
41.688583,-90.64863,35975,417.5,257.1
41.679988,-90.698782,35975,418.5,257.2
41.671463,-90.748256,36000,418.7,257.0
41.662949,-90.79757,36000,419.7,257.1
41.654434,-90.847008,36000,419.7,257.1
41.646004,-90.896663,36000,420.5,257.8
41.642792,-90.919402,36000,421.5,259.9
41.640046,-90.943866,36000,422.1,262.0
41.638138,-90.967047,36000,423.3,264.0
41.634739,-91.018982,36025,424.6,265.0
41.631271,-91.07073,36025,424.7,264.9
41.627747,-91.122541,36025,423.7,264.9
41.624268,-91.17354,36025,423.7,264.9
41.620789,-91.224726,36025,423.8,264.7
41.617218,-91.276412,36025,422.8,264.7
41.613651,-91.32794,36000,422.8,264.7
41.610066,-91.379551,36000,422.8,264.7
41.606461,-91.431531,36000,422.8,264.7
41.60285,-91.482579,36000,422.9,264.6
41.599219,-91.533998,35975,423.9,264.6
41.595612,-91.58509,36000,423.9,264.6
41.59205,-91.635685,36000,424.9,264.6
41.588287,-91.687587,36000,425.0,264.5
41.584555,-91.739225,36000,425.0,264.5
41.58078,-91.791146,36000,425.0,264.5
41.576935,-91.843269,36000,425.1,264.3
41.573104,-91.894694,36000,425.1,264.3
41.56924,-91.946177,36000,425.1,264.3
41.565469,-91.996701,36000,425.1,264.3
41.561554,-92.048388,36000,425.2,264.2
41.557709,-92.09945,36000,425.2,264.2
41.553831,-92.150701,36000,426.2,264.2
41.549921,-92.202376,36000,426.2,264.2
41.54599,-92.253758,36000,426.3,264.1
41.542053,-92.30451,36025,426.3,264.1
41.537979,-92.356505,36000,426.3,264.1
41.533953,-92.408241,36000,426.3,264.1
41.529877,-92.460251,36000,426.4,263.9
41.525757,-92.512436,36000,426.4,263.9
41.521663,-92.563902,36000,426.4,263.9
41.517517,-92.61562,36000,426.4,263.9
41.513284,-92.667634,36000,426.5,263.8
41.509094,-92.719179,36000,426.5,263.8
41.504837,-92.771364,36000,426.5,263.8
41.50058,-92.823049,36000,426.5,263.8
41.496368,-92.874735,36000,427.5,263.8
41.492157,-92.925921,36000,427.6,263.7
41.487808,-92.977857,36000,427.7,263.6
41.483444,-93.029991,36000,427.6,263.7
41.479068,-93.081665,36000,426.7,263.5
41.474625,-93.132914,36000,426.7,263.5
41.47023,-93.185099,36025,426.7,263.5
41.465801,-93.23624,36025,426.8,263.4
41.461471,-93.286701,36025,425.7,263.5
41.457047,-93.338408,36025,424.7,263.5
41.452626,-93.389282,36025,423.7,263.5
41.448212,-93.439782,36000,423.0,263.2
41.44368,-93.490781,36000,423.0,263.2
41.439194,-93.541842,35975,422.8,263.4
41.434753,-93.592342,35950,421.9,263.3
41.430222,-93.643591,35950,422.0,263.2
41.42558,-93.694983,35950,423.0,263.2
41.420924,-93.74621,35950,425.1,263.1
41.41626,-93.797212,35975,426.1,263.1
41.411591,-93.84921,35975,427.1,263.1
41.406912,-93.900466,35975,428.2,263.0
41.402115,-93.952644,36000,429.2,263.0
41.397308,-94.005078,36025,430.3,262.9
41.392456,-94.056514,36025,431.3,262.9
41.387695,-94.107826,36025,432.3,263.0
41.382797,-94.159912,36025,432.4,262.8
41.377853,-94.21228,36050,432.4,262.8
41.372975,-94.263756,36025,432.4,262.8
41.367966,-94.316284,36025,432.4,262.8
41.362967,-94.368751,36050,431.4,262.8
41.357986,-94.420349,36025,431.4,262.8
41.353043,-94.471802,36025,431.5,262.7
41.348007,-94.523193,36000,430.7,262.5
41.342949,-94.574744,36000,430.5,262.7
41.337891,-94.627014,36000,430.5,262.7
41.332855,-94.677856,36000,430.7,262.5
41.327773,-94.72924,36000,429.7,262.5
41.322693,-94.780334,36000,429.7,262.5
41.31752,-94.832031,36000,428.8,262.4
41.312347,-94.883667,35975,428.8,262.4
41.30722,-94.934692,35975,428.8,262.4
41.301956,-94.986511,36000,427.9,262.2
41.29663,-95.038417,36000,427.7,262.5
41.291473,-95.089966,36000,427.8,262.3
41.286301,-95.140808,36000,427.0,262.2
41.280942,-95.192663,36000,426.0,262.2
41.275681,-95.24335,36000,425.0,262.2
41.270281,-95.294911,36000,425.0,262.2
41.26506,-95.344788,36000,424.1,262.0
41.259659,-95.395508,36025,424.1,262.0
41.25436,-95.44591,36200,426.1,262.0
41.248914,-95.497222,36325,428.2,262.0
41.243421,-95.548845,36500,430.2,262.0
41.237974,-95.600031,36725,430.3,261.9
41.233383,-95.642883,36975,429.4,261.8
41.229172,-95.681946,37250,425.3,261.9
41.225126,-95.719757,37525,422.3,261.8
41.220474,-95.762451,37775,419.3,261.8
41.216446,-95.799438,37950,417.2,261.9
41.211044,-95.849182,38000,419.3,261.8
41.205597,-95.89917,38000,418.3,261.8
41.200104,-95.949463,38000,416.3,261.7
41.194541,-95.999222,38000,412.5,261.5
41.188908,-96.048848,38000,412.5,261.5
41.183415,-96.097662,38000,413.5,261.5
41.177902,-96.146912,38000,413.5,261.5
41.172289,-96.196913,37975,414.5,261.5
41.166842,-96.245852,37975,415.4,261.7
41.161209,-96.296165,37975,416.6,261.4
41.155483,-96.346352,37975,416.6,261.4
41.149758,-96.396415,38000,416.8,261.3
41.144028,-96.446716,38000,416.6,261.4
41.138214,-96.497253,38000,417.8,261.3
41.13244,-96.54729,38000,419.8,261.4
41.126575,-96.59754,37975,421.0,261.1
41.120662,-96.648414,37975,420.9,261.2
41.114868,-96.69873,38000,421.9,261.3
41.109117,-96.748602,38025,421.9,261.3
41.103112,-96.799101,38025,422.0,261.1
41.097198,-96.849121,38050,420.9,261.2
41.091334,-96.89904,38050,420.2,261.0
41.085329,-96.94854,38050,418.2,260.9
41.079324,-96.998666,38050,416.3,260.9
41.073319,-97.048104,38050,415.3,260.9
41.06736,-97.097106,38025,414.3,260.8
41.061264,-97.147034,37975,415.3,260.9
41.055267,-97.196594,37950,416.3,260.9
41.049271,-97.246338,37950,417.3,260.9
41.043137,-97.296692,37950,418.2,260.9
41.03714,-97.346436,37975,419.2,260.9
41.031006,-97.396973,37975,419.4,260.8
41.024826,-97.447021,38000,419.5,260.7
41.0186,-97.497131,38000,420.5,260.7
41.012466,-97.546753,38025,420.5,260.7
41.006287,-97.59613,38000,420.7,260.6
40.999952,-97.646734,38025,420.7,260.6
40.993652,-97.696777,38025,420.7,260.6
40.987335,-97.74646,38025,420.9,260.4
40.980913,-97.796985,38025,420.9,260.4
40.974675,-97.84686,38025,419.7,260.5
40.96825,-97.897048,38025,418.7,260.5
40.961884,-97.947205,38050,417.9,260.4
40.955475,-97.996582,38050,416.1,260.2
40.949158,-98.045288,38025,414.9,260.3
40.94274,-98.094739,38000,414.0,260.3
40.936295,-98.143921,38000,414.0,260.3
40.929977,-98.192688,38000,414.0,260.3
40.92366,-98.241089,37975,413.0,260.2
40.917183,-98.290558,37975,413.1,260.1
40.910712,-98.339747,37950,414.1,260.1
40.904297,-98.388306,37975,414.1,260.1
40.897956,-98.436564,37975,413.1,260.1
40.891479,-98.485535,38000,412.2,260.1
40.884933,-98.534485,38025,411.2,260.1
40.878342,-98.583801,38025,410.4,259.9
40.871748,-98.632382,38025,410.4,259.9
40.865184,-98.681446,38000,408.2,260.0
40.858666,-98.729886,38000,407.4,259.8
40.852112,-98.778076,37975,407.4,259.8
40.845585,-98.826017,37975,406.4,259.8
40.838928,-98.874394,37975,406.6,259.7
40.832199,-98.922852,38000,404.5,259.8
40.825607,-98.970825,38000,404.5,259.8
40.818957,-99.019276,38000,403.5,259.7
40.812393,-99.066655,38000,403.5,259.7
40.805876,-99.113971,38000,403.7,259.6
40.799126,-99.162223,38000,402.5,259.7
40.792694,-99.208862,38000,402.5,259.7
40.786011,-99.256165,38000,400.7,259.5
40.779481,-99.303048,38025,400.7,259.5
40.772731,-99.350489,38000,400.7,259.5
40.766052,-99.397705,38000,399.9,259.3
40.759231,-99.445808,38025,398.7,259.5
40.752713,-99.492,38025,397.8,259.4
40.745956,-99.539429,38000,397.8,259.4
40.739227,-99.586487,38000,397.9,259.3
40.732463,-99.6332,38000,397.9,259.3
40.725853,-99.67933,37975,397.9,259.3
40.719086,-99.726318,37975,397.9,259.3
40.712265,-99.773621,38000,398.1,259.1
40.705536,-99.819641,38000,397.1,259.1
40.698713,-99.866347,38025,396.2,259.1
40.691823,-99.913601,38025,396.2,259.1
40.684933,-99.960292,38025,395.2,259.1
40.67809,-100.006797,38025,394.2,259.0
40.671294,-100.052678,38025,392.2,259.0
40.66445,-100.099182,38025,391.3,259.0
40.657516,-100.145569,38025,390.5,258.8
40.65065,-100.191589,38000,390.3,258.9
40.643874,-100.237073,38000,388.3,258.9
40.636938,-100.283328,38000,388.3,258.9
40.630142,-100.328613,38000,386.4,258.8
40.623459,-100.37323,38000,386.4,258.8
40.616548,-100.418972,38000,385.4,258.8
40.609726,-100.463928,38000,384.4,258.8
40.603001,-100.508485,38000,382.2,258.8
40.596205,-100.553492,38000,381.3,258.8
40.589362,-100.598436,38000,381.4,258.7
40.582565,-100.642818,37975,380.5,258.6
40.575629,-100.687762,37975,379.7,258.5
40.568802,-100.731934,37975,380.5,258.6
40.562073,-100.776672,38000,380.3,258.8
40.555239,-100.820847,37975,379.7,258.5
40.548203,-100.865784,37975,379.9,258.3
40.541227,-100.910235,38000,378.9,258.3
40.534197,-100.955055,38000,379.5,258.6
40.527214,-100.999874,38000,378.7,258.4
40.520232,-101.044194,38000,379.7,258.5
40.513202,-101.089263,38000,378.7,258.4
40.506219,-101.13377,38000,378.9,258.3
40.499143,-101.178464,38000,378.9,258.3
40.492172,-101.222412,38000,379.1,258.1
40.485031,-101.267334,38000,378.9,258.3
40.47789,-101.312073,38000,379.1,258.1
40.470886,-101.356305,38000,380.1,258.2
40.463791,-101.400513,38000,380.1,258.2
40.456502,-101.445632,37975,380.1,258.2
40.449371,-101.490112,37975,381.1,258.2
40.442163,-101.53502,38000,382.3,258.1
40.43486,-101.5802,38000,382.5,257.9
40.427582,-101.624878,38000,383.4,258.0
40.420212,-101.67041,38000,384.4,258.0
40.412882,-101.715234,38000,386.4,258.0
40.405527,-101.760178,38000,387.8,257.8
40.398056,-101.805969,38000,388.5,258.0
40.390686,-101.850891,38025,387.6,257.9
40.383321,-101.896133,38050,386.6,257.9
40.375873,-101.94089,38000,382.9,257.6
40.368484,-101.985168,38000,381.7,257.8
40.361116,-102.029218,38000,382.9,257.6
40.353653,-102.073914,38000,383.9,257.7
40.346173,-102.118794,38000,382.5,257.9
40.33873,-102.163818,38000,381.7,257.8
40.331314,-102.208069,38000,379.5,257.8
40.323853,-102.252747,37975,378.8,257.6
40.316379,-102.296573,37975,378.0,257.5
40.308978,-102.340143,37975,377.0,257.4
40.301468,-102.384399,37950,376.0,257.4
40.294052,-102.427917,37950,377.0,257.4
40.286586,-102.471917,37950,378.0,257.5
40.279091,-102.515862,37950,379.2,257.4
40.271576,-102.559875,38000,381.1,257.4
40.264008,-102.604065,38000,385.3,257.4
40.256332,-102.648987,38000,387.2,257.5
40.248553,-102.694328,38000,388.4,257.4
40.240723,-102.739929,38000,388.4,257.4
40.232941,-102.784912,38000,387.4,257.3
40.22523,-102.829534,38025,388.6,257.2
40.217377,-102.87439,38000,387.9,257.0
40.209589,-102.918736,38000,387.9,257.0
40.201721,-102.963318,38000,388.9,257.1
40.19371,-103.009094,37975,389.8,257.1
40.185745,-103.054626,37975,389.8,257.1
40.177734,-103.099792,37975,391.0,257.0
40.169724,-103.144958,37950,393.0,257.1
40.161758,-103.190247,37950,394.0,257.1
40.153726,-103.235904,37950,396.1,257.0
40.145416,-103.282471,37950,399.5,256.8
40.137039,-103.329529,37975,401.2,257.0
40.128845,-103.375671,38000,401.5,256.9
40.12056,-103.421692,38000,402.7,256.8
40.112183,-103.468628,38025,404.6,256.9
40.103668,-103.515869,38050,405.6,256.9
40.095256,-103.562372,38050,405.8,256.8
40.086594,-103.609802,38050,407.0,256.6
40.077939,-103.657379,38025,408.0,256.7
40.069382,-103.704285,38050,408.0,256.7
40.060822,-103.750977,38025,406.0,256.6
40.052261,-103.797607,38025,406.0,256.6
40.043769,-103.844334,38000,407.0,256.6
40.035018,-103.8919,38000,406.3,256.5
40.02626,-103.939331,38000,407.2,256.5
40.017654,-103.986145,37975,409.4,256.4
40.009003,-104.032898,37975,410.4,256.5
40.000214,-104.080505,37975,411.4,256.5
39.991333,-104.128357,38000,411.6,256.4
39.9826,-104.175422,38000,412.3,256.5
39.973662,-104.223612,38025,412.6,256.4
39.964631,-104.27149,38025,413.0,256.1
39.9556,-104.318993,38025,413.0,256.1
39.946661,-104.366247,38000,414.0,256.2
39.937677,-104.413626,38000,414.0,256.2
39.928665,-104.461121,37975,415.0,256.2
39.919615,-104.50946,38000,414.7,256.3
39.910444,-104.5578,38000,414.0,256.2
39.901506,-104.605042,38000,413.3,256.0
39.892475,-104.652039,37975,413.3,256.0
39.883397,-104.699646,37975,413.3,256.0
39.874133,-104.747681,37950,414.5,255.9
39.864944,-104.794942,37950,416.7,255.8
39.855605,-104.843445,37950,417.4,256.0
39.846222,-104.892027,37975,418.6,255.9
39.836984,-104.939941,37975,419.6,255.9
39.827674,-104.988037,37975,423.0,255.8
39.81827,-105.036377,38000,424.7,256.0
39.808868,-105.084885,38025,424.0,255.8
39.799301,-105.134145,38050,423.0,255.8
39.789734,-105.183044,38025,421.0,255.7
39.78033,-105.230713,38050,416.9,255.7
39.771113,-105.277527,38025,409.6,255.7
39.761803,-105.323975,38000,402.2,255.3
39.752492,-105.370422,38000,403.6,255.6
39.743454,-105.416207,38000,403.8,255.5
39.734151,-105.463135,38025,405.8,255.6
39.724823,-105.510128,38000,405.8,255.6
39.715623,-105.556213,38000,403.8,255.5
39.706452,-105.602234,38000,406.0,255.4
39.697188,-105.648376,38000,405.1,255.4
39.687973,-105.694328,38000,403.1,255.3
39.678497,-105.741199,37975,406.3,255.3
39.669024,-105.788269,38000,408.5,255.2
39.659574,-105.834595,38000,409.4,255.3
39.65017,-105.880798,38000,409.4,255.3
39.64072,-105.927551,38025,407.5,255.2
39.63127,-105.974365,38025,406.3,255.3
39.621826,-106.020216,38025,405.6,255.1
39.612213,-106.066968,38025,403.6,255.1
39.602692,-106.113301,38025,402.4,255.2
39.593283,-106.159058,38025,403.6,255.1
39.583832,-106.205073,38000,406.8,255.0
39.57431,-106.251108,37975,407.8,255.1
39.564743,-106.297262,37975,407.8,255.1
39.555297,-106.342896,38000,406.8,255.0
39.545609,-106.389691,38000,405.8,255.0
39.536071,-106.435608,38000,404.9,255.0
39.526566,-106.481224,38000,405.1,254.8
39.516861,-106.527438,38000,406.1,254.9
39.507202,-106.573772,38000,406.1,254.9
39.497543,-106.619747,38000,408.3,254.8
39.487656,-106.666678,38000,409.5,254.7
39.477741,-106.713623,38000,408.3,254.8
39.467965,-106.76001,38000,407.3,254.8
39.460563,-106.79364,38025,406.9,253.4
39.456001,-106.81134,38025,405.7,251.2
39.451206,-106.827576,38025,405.2,248.9
39.445434,-106.84491,38025,404.8,246.4
39.439428,-106.861206,38025,404.3,243.9
39.432266,-106.878582,38025,405.0,241.5
39.424713,-106.895301,38000,405.4,239.1
39.417206,-106.910347,38000,406.1,236.9
39.408518,-106.92627,38000,406.5,234.5
39.399261,-106.941814,38000,408.3,232.1
39.389969,-106.956203,38000,408.6,229.6
39.380028,-106.970154,38000,411.1,227.1
39.367355,-106.986714,38000,412.2,225.1
39.340831,-107.020935,38000,413.7,225.1
39.314296,-107.055115,38000,413.7,224.9
39.287808,-107.089172,38000,413.0,225.0
39.2612,-107.123327,38000,413.7,224.9
39.234226,-107.15802,38000,414.4,225.0
39.206993,-107.19281,38000,415.8,224.8
39.180272,-107.22699,38000,416.5,224.9
39.153644,-107.261108,38000,417.2,224.8
39.126551,-107.295715,38000,417.2,224.8
39.099271,-107.330322,38000,416.5,224.7
39.072556,-107.36431,38000,416.5,224.9
39.045364,-107.399109,38000,416.5,224.9
39.018127,-107.43375,38000,415.1,224.7
38.991316,-107.467773,38000,415.1,224.7
38.964549,-107.501709,38000,415.8,224.8
38.937735,-107.535706,38000,416.5,224.7
38.910736,-107.569766,38000,417.2,224.6
38.884048,-107.603382,38000,417.9,224.5
38.856594,-107.638,38000,417.9,224.5
38.829454,-107.672241,38000,418.6,224.6
38.802429,-107.70614,38000,417.9,224.5
38.775146,-107.740472,38000,417.9,224.5
38.747895,-107.774719,38000,417.9,224.5
38.720078,-107.809554,38025,418.6,224.4
38.692429,-107.844066,38025,418.6,224.4
38.665009,-107.878458,38000,417.2,224.4
38.638032,-107.912354,38000,416.5,224.5
38.611038,-107.946107,38000,416.5,224.5
38.584167,-107.979783,38000,415.8,224.4
38.557159,-108.013219,38000,415.8,224.2
38.530403,-108.046448,38000,415.1,224.3
38.503077,-108.080322,38000,414.4,224.2
38.476076,-108.113831,37975,413.7,224.3
38.44931,-108.147085,38000,415.1,224.3
38.422028,-108.180821,37975,415.8,224.2
38.394699,-108.214631,38000,417.2,224.2
38.367462,-108.248233,37975,419.4,224.1
38.339767,-108.282419,38000,419.3,224.3
38.31198,-108.316836,38000,421.5,224.2
38.284328,-108.35087,38025,420.8,224.1
38.256821,-108.384685,38025,421.5,224.0
38.228851,-108.419047,38025,420.8,224.3
38.201523,-108.452824,38025,422.2,224.1
38.173279,-108.487244,38000,424.3,223.9
38.14495,-108.521874,38000,427.2,224.1
38.117065,-108.556087,38000,428.6,224.1
38.089142,-108.590153,38000,429.3,224.0
38.060877,-108.624692,38000,430.7,224.0
38.032294,-108.659502,38000,430.7,224.0
38.004227,-108.693763,38000,432.1,224.0
37.976303,-108.727716,38025,431.4,223.9
37.947615,-108.762559,38050,430.7,224.0
37.919312,-108.79707,38050,430.0,223.9
37.890564,-108.83191,38025,429.3,223.8
37.862549,-108.865804,38025,428.6,223.9
37.83454,-108.899709,38025,426.5,223.8
37.813964,-108.924965,38025,423.6,225.1
37.802032,-108.94078,38025,421.7,227.1
37.788803,-108.959714,38025,418.9,229.0
37.76326,-108.996413,38025,415.9,228.6
37.73841,-109.031843,38025,413.7,228.5
37.713455,-109.067474,38000,412.3,228.5
37.688785,-109.102777,37975,409.6,228.8
37.664429,-109.137599,37975,410.9,228.6
37.639618,-109.172896,37950,413.7,228.5
37.614674,-109.20846,37950,417.3,228.6
37.589117,-109.244882,37950,417.3,228.6
37.563839,-109.280886,37975,416.6,228.5
37.538727,-109.316536,37975,416.6,228.5
37.513516,-109.352298,38000,415.8,228.4
37.48861,-109.387585,38000,416.6,228.5
37.463472,-109.423231,38000,417.2,228.4
37.438241,-109.458877,38000,417.2,228.4
37.413208,-109.494246,38000,416.5,228.3
37.387871,-109.52993,38000,418.0,228.5
37.362762,-109.565423,38000,418.6,228.4
37.337595,-109.600923,38000,419.3,228.3
37.311805,-109.637166,38000,419.3,228.3
37.286407,-109.672832,38000,419.3,228.3
37.260644,-109.708935,38000,419.3,228.3
37.234955,-109.744886,38000,420.0,228.2
37.20939,-109.780705,38000,420.7,228.3
37.183879,-109.816589,38000,421.5,228.4
37.157857,-109.852892,38000,421.4,228.2
37.132253,-109.888657,38025,421.4,228.2
37.106603,-109.924363,38000,422.0,228.1
37.080394,-109.960785,38000,422.8,228.2
37.054779,-109.996578,38000,422.8,228.2
37.029053,-110.032284,38025,422.7,228.0
37.003006,-110.068398,38000,423.5,228.1
36.97728,-110.103987,38000,424.1,228.0
36.95149,-110.13979,38000,424.9,228.1
36.925919,-110.175164,38000,424.9,228.1
36.899771,-110.211321,38000,425.5,227.9
36.873795,-110.247146,38025,426.2,227.9
36.847772,-110.282924,38025,425.5,227.9
36.82196,-110.31847,38025,426.2,227.9
36.796051,-110.354061,38000,425.5,227.9
36.769937,-110.389982,38000,426.2,227.9
36.7441,-110.425512,38000,427.6,227.8
36.717682,-110.461693,38000,429.0,227.8
36.691729,-110.497216,38000,429.0,227.8
36.665427,-110.533214,38000,429.7,227.7
36.639404,-110.568744,38000,429.0,227.8
36.613382,-110.604274,38025,429.0,227.8
36.586807,-110.640621,38025,428.3,227.7
36.560669,-110.676155,38000,427.6,227.6
36.534531,-110.711689,38000,427.6,227.6
36.507708,-110.748207,38000,427.6,227.6
36.481732,-110.783503,37975,428.2,227.6
36.45557,-110.818975,38000,427.6,227.6
36.429245,-110.854683,38000,427.6,227.6
36.403702,-110.889187,38000,427.5,227.5
36.377563,-110.924606,38000,426.8,227.6
36.350647,-110.960999,38000,426.8,227.6
36.324509,-110.996304,38000,427.5,227.5
36.298409,-111.031397,38000,426.1,227.5
36.272644,-111.06617,38000,426.1,227.5
36.246368,-111.101532,38000,426.8,227.4
36.220367,-111.136436,38000,425.3,227.4
36.194138,-111.171684,38000,424.7,227.5
36.168249,-111.206418,38000,425.3,227.4
36.150466,-111.23067,38000,423.7,228.6
36.138931,-111.247673,38000,422.8,230.7
36.128128,-111.264782,38000,421.6,232.6
36.117828,-111.282291,38000,421.7,234.6
36.108124,-111.300087,37975,421.6,236.6
36.098467,-111.319145,37975,421.0,238.5
36.088486,-111.340485,37975,421.0,240.4
36.069605,-111.381323,37975,422.8,240.2
36.0504,-111.42271,37975,425.1,240.2
36.030945,-111.464596,38000,425.1,240.2
36.011787,-111.505796,38000,426.4,240.2
35.992142,-111.547929,38025,426.9,240.1
35.972637,-111.589888,38025,426.4,240.2
35.953317,-111.631437,38025,427.3,240.3
35.934045,-111.672753,38025,426.9,240.1
35.914819,-111.714068,38050,426.4,240.2
35.895493,-111.755333,38050,425.6,240.1
35.875901,-111.79705,38050,423.8,240.0
35.856908,-111.837489,38025,422.5,240.0
35.837769,-111.878242,38025,421.1,240.1
35.818595,-111.919945,38000,419.4,241.1
35.800067,-111.961319,38000,418.9,241.2
35.781447,-112.002752,37975,418.5,241.0
35.763062,-112.043324,37975,419.0,240.9
35.744344,-112.084799,37975,418.5,241.0
35.725525,-112.126179,37975,418.6,240.7
35.706497,-112.166612,37975,419.0,239.8
35.687364,-112.206934,37975,419.4,239.9
35.668418,-112.247314,37975,419.2,240.3
35.649399,-112.287884,37975,420.7,239.9
35.629966,-112.329128,37975,421.1,240.1
35.610414,-112.370502,37975,422.5,240.0
35.591327,-112.411174,38000,422.3,240.3
35.57252,-112.451847,38000,424.1,240.5
35.553341,-112.493163,38000,423.7,240.3
35.533975,-112.534654,38025,423.7,240.3
35.514999,-112.575417,38025,423.7,240.3
35.495569,-112.616876,38025,422.5,240.0
35.476135,-112.658215,38025,422.0,240.1
35.457071,-112.698864,38025,421.5,240.3
35.438077,-112.739303,38025,421.1,240.1
35.419084,-112.779684,38025,419.7,240.1
35.400055,-112.819977,38000,418.9,240.1
35.380678,-112.860854,38000,418.5,239.9
35.361918,-112.900592,37975,418.9,240.1
35.342972,-112.940884,37975,418.4,240.2
35.324117,-112.980944,37975,418.9,240.1
35.304886,-113.021564,38000,418.5,239.9
35.285712,-113.061997,38000,419.4,239.9
35.266718,-113.102086,38000,419.4,239.9
35.247253,-113.142872,38000,419.0,239.8
35.22789,-113.183563,38000,419.4,239.9
35.208528,-113.224182,38000,419.4,239.9
35.189438,-113.264391,38000,419.4,239.9
35.169891,-113.305197,38025,419.0,239.8
35.150803,-113.345219,38000,418.5,239.9
35.131302,-113.385969,38000,419.0,239.8
35.1117,-113.426628,37975,420.0,239.5
35.09252,-113.466682,37975,420.4,239.7
35.07334,-113.506565,37975,420.9,239.6
35.053882,-113.547134,37975,422.6,239.7
35.034237,-113.588047,37975,423.1,239.6
35.014847,-113.628229,38000,423.1,239.6
34.995575,-113.668082,38025,424.0,239.7
34.975814,-113.709126,38025,423.1,239.6
34.956215,-113.749752,38050,423.1,239.6
34.936707,-113.789997,38050,422.8,239.4
34.91684,-113.830915,38025,422.2,239.6
34.89743,-113.870993,38025,422.2,239.6
34.878147,-113.910713,38025,422.8,239.4
34.858292,-113.951428,38000,422.6,238.9
34.84179,-113.983383,38000,423.4,237.7
34.820981,-114.023323,38000,423.4,237.7
34.800476,-114.062805,38000,422.8,237.9
34.779922,-114.102402,38000,422.8,237.9
34.762985,-114.135225,37975,422.3,238.0
34.754737,-114.151154,37875,421.5,237.9
34.739319,-114.180964,37600,419.2,237.9
34.722061,-114.214204,37350,420.1,237.9
34.704437,-114.248171,37100,426.4,237.8
34.687408,-114.281074,36850,431.7,238.0
34.670242,-114.314258,36575,435.9,237.8
34.652527,-114.348225,36325,438.0,237.4
34.641708,-114.367676,36175,438.5,235.4
34.631187,-114.385242,36025,439.6,233.4
34.619522,-114.403213,35875,440.4,231.4
34.607529,-114.420477,35750,442.4,229.2
34.585659,-114.450703,35500,445.7,228.7
34.564292,-114.480228,35225,447.2,228.9
34.541947,-114.511185,34975,448.6,228.9
34.519501,-114.54228,34725,447.9,228.8
34.497396,-114.572697,34475,447.9,228.8
34.475517,-114.602852,34225,449.3,228.8
34.453404,-114.63335,33950,450.7,228.8
34.430873,-114.664364,33675,449.9,228.7
34.408668,-114.694977,33425,449.3,228.8
34.385857,-114.726391,33175,447.1,228.7
34.363495,-114.757074,32925,447.8,228.6
34.341293,-114.787454,32675,449.2,228.6
34.318636,-114.818459,32425,449.9,228.7
34.296384,-114.8489,32150,452.0,228.6
34.273773,-114.879829,31900,452.0,228.6
34.250995,-114.910927,31650,452.0,228.6
34.228371,-114.941711,31375,453.4,228.6
34.205978,-114.972316,31125,452.7,228.5
34.183448,-115.002995,30875,452.7,228.5
34.160706,-115.033862,30625,453.3,228.4
34.139503,-115.062733,30350,453.3,228.4
34.116925,-115.093231,30100,451.9,228.4
34.107971,-115.105385,30050,450.5,228.4
34.080963,-115.141988,29950,451.2,228.3
34.058212,-115.172705,29700,449.8,228.3
34.03569,-115.203197,29425,449.9,228.5
34.012229,-115.234966,29175,451.9,228.4
33.989273,-115.265864,28925,452.6,228.3
33.968144,-115.294418,28650,453.3,228.4
33.947388,-115.322589,28375,452.0,228.6
33.924943,-115.353127,28100,450.5,228.4
33.902365,-115.383797,27850,447.7,228.4
33.879741,-115.41441,27600,446.3,228.4
33.858234,-115.443478,27325,445.5,228.4
33.836587,-115.472603,27050,444.1,228.4
33.815918,-115.500501,26775,442.7,228.4
33.794174,-115.529816,26525,441.3,228.4
33.772438,-115.55912,26275,439.1,228.3
33.749863,-115.589512,26050,437.7,228.3
33.723083,-115.625498,25925,436.3,228.3
33.702749,-115.652847,25650,435.6,228.3
33.680916,-115.681801,25400,434.7,227.8
33.658851,-115.710812,25150,433.9,227.7
33.638763,-115.737379,24875,432.8,228.3
33.626404,-115.754814,24725,432.5,230.4
33.615045,-115.772095,24550,431.4,232.4
33.604105,-115.790005,24375,430.9,234.5
33.585671,-115.821877,24125,428.6,235.5
33.578979,-115.83351,24050,427.7,235.4
33.557041,-115.871544,24000,426.6,235.6
33.534622,-115.910431,24000,427.7,235.4
33.512165,-115.949315,24000,427.7,235.4
33.492874,-115.982446,23975,428.3,235.3
33.484466,-115.996959,23875,428.3,235.3
33.466357,-116.028237,23625,426.9,235.3
33.448288,-116.059351,23375,426.9,235.3
33.437347,-116.078192,23200,428.3,235.3
33.431808,-116.08775,23075,428.3,235.3
33.423855,-116.101442,22850,428.3,235.3
33.412399,-116.121094,22450,426.9,235.3
33.400635,-116.141364,22050,423.3,235.3
33.388916,-116.161414,21650,420.3,235.2
33.377563,-116.180914,21250,416.7,235.2
33.366363,-116.200207,20850,413.9,235.2
33.354632,-116.220329,20450,409.5,235.1
33.348813,-116.229522,20250,407.2,232.5
33.344055,-116.236011,20100,406.0,228.7
33.338525,-116.242638,19950,404.5,224.8
33.331879,-116.249359,19775,403.5,220.7
33.326431,-116.254083,19650,402.2,216.1
33.320183,-116.258669,19500,400.3,211.3
33.312195,-116.263641,19350,399.9,207.4
33.2943,-116.274308,18975,397.6,206.4
33.277029,-116.284566,18575,395.8,206.6
33.259277,-116.295062,18175,394.0,206.4
33.241516,-116.305609,17800,393.1,206.4
33.223587,-116.316236,17425,390.9,206.4
33.206596,-116.326213,17025,389.5,206.4
33.189046,-116.336583,16650,387.3,206.4
33.171066,-116.347192,16250,384.6,206.2
33.153759,-116.357322,15875,382.4,206.2
33.13623,-116.367572,15500,381.5,206.3
33.119078,-116.377613,15125,380.1,206.2
33.101212,-116.388116,14750,377.9,206.2
33.083176,-116.398608,14375,376.6,206.2
33.066284,-116.408496,13975,374.3,206.1
33.053375,-116.415967,13675,373.0,206.1
33.049435,-116.418308,13625,373.0,206.1
33.040963,-116.423184,13525,369.4,206.0
33.024445,-116.432776,13375,360.0,205.9
33.013824,-116.439258,13275,351.7,208.5
33.006729,-116.444421,13200,346.0,212.1
33.00119,-116.449091,13100,341.8,215.0
32.995574,-116.454293,13000,338.1,218.4
32.983983,-116.46584,12700,332.0,220.4
32.971252,-116.478699,12325,327.8,220.3
32.962326,-116.487653,12025,326.4,220.3
32.956924,-116.493091,11825,326.4,220.3
32.950838,-116.499136,11625,325.7,220.1
32.946213,-116.503802,11475,325.0,220.3
32.943948,-116.50603,11425,325.0,220.3
32.939117,-116.510944,11325,322.1,220.2
32.929284,-116.520772,11175,315.0,220.4
32.919708,-116.530444,11000,307.9,220.3
32.911606,-116.538574,10800,304.4,220.3
32.904704,-116.545547,10600,302.9,220.3
32.897827,-116.552417,10400,301.5,220.3
32.890823,-116.559503,10200,300.1,220.3
32.884547,-116.565782,10000,298.7,220.2
32.877704,-116.572677,9800,297.3,220.2
32.870087,-116.580267,9625,295.1,220.3
32.863226,-116.587194,9425,292.3,220.3
32.855576,-116.594934,9225,290.1,220.4
32.848846,-116.601691,9025,288.7,220.4
32.841161,-116.609447,8850,286.6,220.5
32.838409,-116.612238,8775,286.6,220.5
32.835388,-116.615277,8650,287.3,220.3
32.829942,-116.620714,8450,290.1,220.4
32.826187,-116.624487,8325,291.6,220.4
32.819747,-116.630971,8175,292.3,220.3
32.813788,-116.636969,8075,290.1,220.4
32.809296,-116.641516,8025,287.3,220.3
32.80513,-116.645746,8000,282.3,220.4
32.801824,-116.64902,8000,278.1,220.3
32.798565,-116.652328,8000,273.1,220.4
32.795197,-116.655743,8000,268.9,220.3
32.791946,-116.659039,8000,264.7,220.2
32.785492,-116.665521,7975,260.4,220.2
32.779358,-116.671893,7975,255.5,222.3
32.776749,-116.675244,7950,253.2,226.0
32.774277,-116.67887,7950,249.1,231.5
32.772079,-116.68277,7950,247.4,235.5
32.769098,-116.688594,7950,243.5,239.1
32.764618,-116.697711,7875,238.8,240.1
32.760625,-116.70597,7750,235.2,240.2
32.756927,-116.713696,7625,232.4,240.4
32.754527,-116.718694,7550,228.8,240.4
32.752292,-116.723346,7450,226.6,240.4
32.748801,-116.730577,7250,226.6,240.4
32.745483,-116.737537,7050,227.5,240.5
32.744053,-116.740554,6950,228.4,240.6
32.742237,-116.744422,6850,228.7,241.0
32.740356,-116.748358,6750,228.4,240.6
32.738388,-116.752533,6650,228.4,240.6
32.736328,-116.756873,6550,227.0,240.7
32.734406,-116.760883,6450,226.1,240.6
32.732694,-116.764489,6350,226.1,240.6
32.730692,-116.768693,6250,225.6,240.8
32.728551,-116.773233,6150,225.6,240.8
32.725711,-116.779287,6075,224.3,240.9
32.721521,-116.788143,6000,223.4,240.8
32.711426,-116.809497,5975,224.8,240.7
32.708161,-116.81701,5975,222.3,243.6
32.706578,-116.821439,5975,218.2,247.1
32.704809,-116.826932,5950,213.6,249.4
32.702408,-116.834491,5900,209.2,249.6
32.700247,-116.841337,5800,206.0,249.5
32.698517,-116.84696,5700,203.8,249.6
32.696895,-116.852099,5600,201.9,249.4
32.695404,-116.856848,5500,201.5,249.7
32.694195,-116.860731,5400,201.5,249.7
32.693171,-116.863926,5300,202.5,249.8
32.692007,-116.867738,5200,203.8,249.6
32.690598,-116.872064,5100,204.7,249.7
32.688888,-116.877547,5000,206.0,249.5
32.687027,-116.88349,4900,206.0,249.5
32.685287,-116.889148,4800,206.2,250.2
32.683731,-116.894476,4700,205.6,250.7
32.682138,-116.899856,4600,205.6,250.7
32.680435,-116.905518,4500,205.6,250.7
32.678879,-116.910956,4400,206.2,251.0
32.67739,-116.916055,4300,206.5,250.8
32.675528,-116.922389,4200,207.5,250.9
32.674072,-116.92782,4100,208.5,253.6
32.67334,-116.932379,4025,208.3,258.4
32.673107,-116.936459,3950,208.2,263.9
32.673157,-116.938916,3900,207.0,269.7
32.67348,-116.942008,3850,206.9,275.3
32.674085,-116.946716,3800,205.5,279.0
32.674942,-116.951715,3700,205.1,281.5
32.676361,-116.957922,3625,202.8,284.9
32.678375,-116.965887,3575,199.0,287.2
32.68144,-116.977321,3500,200.5,287.7
32.683209,-116.984047,3400,201.2,287.4
32.684745,-116.989821,3300,199.9,287.2
32.686203,-116.995551,3200,197.7,287.1
32.687771,-117.001592,3100,196.2,286.6
32.689224,-117.007361,3000,194.0,286.5
32.690657,-117.013195,2900,192.0,286.6
32.6922,-117.019281,2825,190.8,286.4
32.693637,-117.025134,2800,189.6,286.2
32.697361,-117.040605,2750,193.4,285.9
32.698618,-117.045874,2700,194.4,285.8
32.699661,-117.050153,2600,195.6,286.0
32.700806,-117.054954,2500,196.6,286.0
32.702016,-117.059831,2400,196.6,286.0
32.70314,-117.0646,2300,195.6,286.0
32.704422,-117.069873,2200,194.6,286.1
32.705787,-117.075413,2100,194.0,286.5
32.706997,-117.080234,2000,193.7,286.2
32.708207,-117.085166,1900,193.0,286.6
32.709641,-117.090747,1800,189.8,286.5
32.710648,-117.095032,1700,185.4,286.3
32.711838,-117.099921,1625,181.0,286.0
32.712845,-117.104041,1525,176.9,286.1
32.713933,-117.108596,1450,172.8,286.1
32.714818,-117.11224,1350,168.7,286.2
32.716075,-117.117285,1250,164.6,286.2
32.717285,-117.122049,1175,159.8,286.7
32.718338,-117.126398,1075,155.1,286.1
32.719613,-117.131746,975,151.4,285.3
32.720683,-117.136343,875,149.5,285.5
32.721847,-117.140939,775,145.2,286.8
32.723197,-117.14604,675,143.6,287.4
32.724564,-117.151501,575,143.0,286.7
32.725851,-117.15697,475,143.8,284.9
32.727081,-117.162488,375,141.9,285.1
32.728318,-117.167788,275,142.2,285.5
32.729389,-117.17216,175,141.5,286.0
32.730553,-117.177093,75,141.2,285.6
32.732162,-117.183801,-25,140.5,286.1
32.732973,-117.187126,-25,136.1,285.8
32.733206,-117.188135,-25,132.0,285.8
32.733346,-117.188752,-25,128.8,285.8
32.733536,-117.189404,-25,125.0,286.3
32.733719,-117.190283,-25,120.9,286.3
32.733811,-117.190546,-25,116.8,286.4
32.734131,-117.191931,-25,109.5,286.5
32.734268,-117.192426,0,105.4,286.5
32.73437,-117.1929,-50.0,97.0,286.9
32.734486,-117.193346,-50.0,93.0,284.1
32.734589,-117.193758,-50.0,91.0,284.1
32.734684,-117.194175,-50.0,87.0,284.1
32.734886,-117.195021,-50.0,79.0,284.1
32.734966,-117.195364,-50.0,75.0,284.1
32.735069,-117.195776,-50.0,73.0,284.1
32.735243,-117.196501,-50.0,67.5,286.9
32.735371,-117.197034,-50.0,60.5,286.9
32.735481,-117.197493,-50.0,57.5,286.9
32.735603,-117.198015,-50.0,51.5,284.1
32.735673,-117.198281,-50.0,48.5,286.9
32.735779,-117.198743,-50.0,44.5,286.9
32.735882,-117.199182,-50.0,40.5,286.9
32.735906,-117.199276,-50.0,37.5,286.9
32.735999,-117.19964,-50.0,33.5,286.9
32.736092,-117.20006,-50.0,29.5,286.9
32.736168,-117.200377,-50.0,28.5,284.1
32.736214,-117.200652,-50.0,26.5,281.2
32.736237,-117.200871,-50.0,25.5,275.6
32.73622,-117.201055,-50.0,22.5,270.0
32.736202,-117.201256,-50.0,20.5,264.4
32.736174,-117.201406,-50.0,19.5,258.8
32.736134,-117.201558,-50.0,16.5,253.1
32.736065,-117.201709,-50.0,15.5,247.5
32.735985,-117.201846,-50.0,12.2,241.9
32.735906,-117.201994,-50.0,9.8,236.2
32.735767,-117.20219,-50.0,7.2,233.4
32.735673,-117.202359,-50.0,7.2,236.2
32.735662,-117.202443,-50.0,7.2,244.7
32.735662,-117.202527,-50.0,7.8,253.1
32.735662,-117.202583,-50.0,7.8,261.6
32.735687,-117.202684,-50.0,8.2,270.0
32.73571,-117.20278,-50.0,8.2,278.4
32.735766,-117.202933,-50.0,8.8,284.1
32.735847,-117.203288,-50.0,10.2,286.9
32.735929,-117.203648,-50.0,10.2,284.1
32.736046,-117.204138,-50.0,11.2,284.1
32.736069,-117.204349,-50.0,10.8,278.4
32.736069,-117.204545,-50.0,10.8,272.8
32.736065,-117.204909,-50.0,9.2,270.0
32.736076,-117.205252,-50.0,4.2,270.0
32.736069,-117.205315,-50.0,0.0,270.0
32.736076,-117.205307,-50.0,0.0,270.0
32.736069,-117.205315,-50.0,0.0,270.0
32.736065,-117.205321,-50.0,0.0,267.2
32.736046,-117.205329,-50.0,0.0,258.8
32.736011,-117.205357,-50.0,2.2,250.3
32.735976,-117.205371,-50.0,3.2,239.1
32.735918,-117.205357,-50.0,4.8,222.2
32.735883,-117.205343,-50.0,5.2,210.9
32.735859,-117.205321,-50.0,5.2,199.7
32.735836,-117.20528,-50.0,5.2,188.4
32.735825,-117.205238,-50.0,4.8,177.2
32.735813,-117.205211,-50.0,4.8,165.9
32.735813,-117.20517,-50.0,4.2,157.5
32.735813,-117.205142,-50.0,3.8,146.2
32.735813,-117.205101,-50.0,3.2,137.8
32.735801,-117.205049,-50.0,2.2,129.4
32.73579,-117.205005,-50.0,2.2,126.6
32.735731,-117.204909,-50.0,3.2,123.8
32.735638,-117.204727,-50.0,5.8,123.8
32.735527,-117.204497,-50.0,7.2,120.9
32.735452,-117.20432,-50.0,8.8,118.1
32.735413,-117.204167,-50.0,9.2,112.5
32.735378,-117.204044,-50.0,9.8,106.9
32.735275,-117.203604,-50.0,8.2,106.9
32.735266,-117.203536,-50.0,8.2,106.9
32.735252,-117.203508,-50.0,8.2,106.9
32.73515,-117.203073,-50.0,10.2,106.9
32.735069,-117.202753,-50.0,8.2,106.9
32.735001,-117.202643,-50.0,7.8,115.3
32.734943,-117.202574,-50.0,7.8,123.8
32.734905,-117.202555,-50.0,7.8,132.2
32.734852,-117.202533,-50.0,7.8,140.6
32.7348,-117.202513,-50.0,7.8,149.1
32.734737,-117.202505,-50.0,7.8,157.5
32.734696,-117.202527,-50.0,8.2,165.9
32.734646,-117.202533,-50.0,8.8,174.4
32.734579,-117.202555,-50.0,8.8,182.8
32.734498,-117.202597,-50.0,8.8,188.4
32.73436,-117.202629,-50.0,8.8,191.2
32.734119,-117.202725,-50.0,8.8,194.1
32.733856,-117.202794,-50.0,8.8,191.2
32.733765,-117.202794,-50.0,8.8,185.6
32.733685,-117.20278,-50.0,8.8,177.2
32.733593,-117.202739,-50.0,8.8,171.6
32.733474,-117.202695,-50.0,8.8,165.9
32.733261,-117.202643,-50.0,7.2,168.8
32.733204,-117.202657,-50.0,7.2,174.4
32.733159,-117.202667,-50.0,7.2,182.8
32.733113,-117.202709,-50.0,7.2,191.2
32.733066,-117.202751,-50.0,7.2,199.7
32.733043,-117.202807,-50.0,7.8,208.1
32.733031,-117.202863,-50.0,7.8,219.4
32.733021,-117.202917,-50.0,6.8,230.6
32.733021,-117.202959,-50.0,6.8,241.9
32.733032,-117.203014,-50.0,6.8,250.3
32.733044,-117.203082,-50.0,6.2,255.9
32.733008,-117.203298,-50.0,5.8,258.8
32.732973,-117.203592,-50.0,3.8,258.8
32.732952,-117.203673,-50.0,1.9,261.6
32.732975,-117.20359,-50.0,0.0,261.6
32.732975,-117.20359,-50.0,0.0,261.6
32.732938,-117.203718,-50.0,0.0,261.6
32.732952,-117.2037,-50.0,0.0,261.6
32.732918,-117.203714,-50.0,0.0,261.6
32.73295,-117.20369,-50.0,0.0,261.6
32.732915,-117.203718,-50.0,0.0,261.6
32.732903,-117.203718,-50.0,0.0,261.6
32.732906,-117.203714,-50.0,0.0,261.6
32.732938,-117.20369,-50.0,0.0,261.6
32.732941,-117.203687,-50.0,0.0,261.6
32.732941,-117.2037,-50.0,0.0,261.6
32.732941,-117.2037,-50.0,0.0,261.6
32.73288,-117.203788,-50.0,0.0,261.6
32.73288,-117.203774,-50.0,0.0,261.6
32.732892,-117.20376,-50.0,0.0,261.6
32.732895,-117.203741,-50.0,0.0,261.6
32.732903,-117.203746,-50.0,0.0,261.6
32.732927,-117.203718,-50.0,0.0,261.6
32.732952,-117.203687,-50.0,0.0,261.6
32.73295,-117.20369,-50.0,0.0,261.6
32.732938,-117.203718,-50.0,0.0,261.6
32.732952,-117.203659,-50.0,0.0,261.6
32.732962,-117.203578,-50.0,2.8,258.8
32.732975,-117.203481,-50.0,2.8,255.9
32.732985,-117.203382,-50.0,2.8,253.1
32.732986,-117.203329,-50.0,2.8,250.3
32.732975,-117.203288,-50.0,2.8,244.7
32.732986,-117.203233,-50.0,2.8,239.1
32.733055,-117.203115,-50.0,2.8,239.1
32.733078,-117.203087,-50.0,2.8,244.7
32.733113,-117.203059,-50.0,2.8,250.3
32.733136,-117.203031,-50.0,2.8,255.9
32.733159,-117.203003,-50.0,2.8,261.6
32.733181,-117.202986,-50.0,2.8,270.0
32.733192,-117.202945,-50.0,2.8,275.6
32.733204,-117.202917,-50.0,2.8,281.2
32.733218,-117.202891,-50.0,2.8,289.7
32.733227,-117.202863,-50.0,2.8,295.3
32.733229,-117.202835,-50.0,2.8,300.9
32.733241,-117.202793,-50.0,2.8,306.6
32.733241,-117.202765,-50.0,2.8,312.2
32.733227,-117.202739,-50.0,2.8,317.8
32.733227,-117.202698,-50.0,2.8,323.4
32.733204,-117.20267,-50.0,2.8,329.1
32.733148,-117.202625,-50.0,2.2,331.9
32.733135,-117.202615,-50.0,0.9,331.9
32.733171,-117.202653,-50.0,1.9,329.1
32.733241,-117.202681,-50.0,2.8,331.9
32.733264,-117.202681,-50.0,2.8,337.5
32.733307,-117.202684,-50.0,2.8,340.3
32.733341,-117.20267,-50.0,2.8,345.9
32.733398,-117.20267,-50.0,2.2,348.8
32.73345,-117.202695,-50.0,1.6,348.8
32.733513,-117.202725,-50.0,2.2,345.9
32.733532,-117.202723,-50.0,0.0,345.9
32.733532,-117.202723,-50.0,0.0,345.9
32.733532,-117.202723,-50.0,0.0,345.9
32.733532,-117.202723,-50.0,0.0,345.9
32.733536,-117.202725,-50.0,0.0,345.9
32.733718,-117.202779,-50.0,3.2,345.9
32.733811,-117.202793,-50.0,4.2,348.8
32.733881,-117.202793,-50.0,4.8,354.4
32.733936,-117.202766,-50.0,5.2,0.0
32.733994,-117.202739,-50.0,5.8,5.6
32.734067,-117.202723,-50.0,5.8,11.2
32.7343,-117.202639,-50.0,7.2,14.1
32.734591,-117.202541,-50.0,8.8,14.1
32.734603,-117.202541,-50.0,8.8,14.1
32.734894,-117.202443,-50.0,9.2,16.9
32.735266,-117.202303,-50.0,8.2,16.9
32.735359,-117.202247,-50.0,8.2,25.3
32.735413,-117.202176,-50.0,8.2,33.8
32.735458,-117.202107,-50.0,8.2,42.2
32.735487,-117.202036,-50.0,8.2,50.6
32.735493,-117.201956,-50.0,8.2,61.9
32.735493,-117.201888,-50.0,8.2,70.3
32.73547,-117.201805,-50.0,7.8,84.4
32.735447,-117.201709,-50.0,7.8,92.8
32.735417,-117.201574,-50.0,7.2,98.4
32.735378,-117.201407,-50.0,7.2,101.2
32.735313,-117.201111,-50.0,7.8,104.1
32.735219,-117.200733,-50.0,8.2,104.1
32.73515,-117.200425,-50.0,8.8,104.1
32.735058,-117.200089,-50.0,9.2,106.9
32.734978,-117.199745,-50.0,10.2,106.9
32.734875,-117.199306,-50.0,12.8,106.9
32.734754,-117.198813,-50.0,13.2,106.9
32.734646,-117.198386,-50.0,13.2,106.9
32.734543,-117.197919,-50.0,13.2,106.9
32.734428,-117.197454,-50.0,13.8,106.9
32.734303,-117.196971,-50.0,13.8,106.9
32.734211,-117.196573,-50.0,14.2,104.1
32.734114,-117.196179,-50.0,14.2,106.9
32.733994,-117.19568,-50.0,14.8,106.9
32.733879,-117.1952,-50.0,15.5,106.9
32.733776,-117.194763,-50.0,16.5,104.1
32.733685,-117.194376,-50.0,16.5,106.9
32.733559,-117.193881,-50.0,16.5,106.9
32.73345,-117.193418,-50.0,16.5,106.9
32.73333,-117.192906,-50.0,17.5,106.9
32.733206,-117.192409,-50.0,17.5,106.9
32.733101,-117.191986,-50.0,17.5,106.9
32.732985,-117.191498,-50.0,17.5,106.9
32.732857,-117.190994,-50.0,17.5,106.9
32.732769,-117.190627,-50.0,17.5,106.9
32.732655,-117.190132,-50.0,18.5,106.9
32.73254,-117.189651,-50.0,18.5,106.9
32.732426,-117.1892,-50.0,18.5,106.9
32.732311,-117.188745,-50.0,18.5,106.9
32.732194,-117.188247,-50.0,19.5,106.9
32.732094,-117.187852,-50.0,19.5,106.9
32.731979,-117.187372,-50.0,19.5,106.9
32.731865,-117.186891,-50.0,19.5,106.9
32.731762,-117.186479,-50.0,20.5,106.9
32.731647,-117.185977,-50.0,20.5,106.9
32.731542,-117.185571,-50.0,20.5,106.9
32.731425,-117.185066,-50.0,18.5,106.9
32.731309,-117.184618,-50.0,18.5,106.9
32.73119,-117.184117,-50.0,15.5,106.9
32.731075,-117.183636,-50.0,15.5,106.9
32.730961,-117.183128,-50.0,12.2,106.9
32.730892,-117.182854,-50.0,9.8,104.1
32.730824,-117.182607,-50.0,7.2,106.9
32.730762,-117.182334,-50.0,6.2,106.9
32.730698,-117.182085,-50.0,5.8,106.9
32.730657,-117.181913,-50.0,5.8,104.1
32.730587,-117.181605,-50.0,3.8,104.1
32.730564,-117.181535,-50.0,3.8,106.9
32.730492,-117.181247,-50.0,4.8,106.9
32.730377,-117.18078,-50.0,3.8,106.9
32.730297,-117.180437,-50.0,2.2,106.9
32.73025,-117.180246,-50.0,2.8,106.9
32.73025,-117.180232,-50.0,2.8,106.9
32.730168,-117.179882,-50.0,3.8,106.9
32.730122,-117.179713,-50.0,0.9,106.9
32.730122,-117.179685,-50.0,0.0,106.9
32.730122,-117.179685,-50.0,0.0,106.9
32.730125,-117.179681,-50.0,0.0,106.9
32.73011,-117.179629,-50.0,1.1,106.9
32.730057,-117.179448,-50.0,2.2,106.9
32.73,-117.179173,-50.0,3.2,106.9
32.729965,-117.179063,-50.0,3.2,104.1
32.729936,-117.178915,-50.0,3.2,104.1
32.729901,-117.178788,-50.0,3.2,106.9
32.729819,-117.178494,-50.0,2.8,106.9
32.729759,-117.178239,-50.0,2.2,106.9
32.729726,-117.178144,-50.0,2.2,106.9
32.729725,-117.17813,-50.0,2.2,106.9
32.729633,-117.177814,-50.0,3.8,106.9
32.729633,-117.177786,-50.0,2.8,106.9
32.729622,-117.177759,-50.0,0.6,106.9
32.729563,-117.177541,-50.0,3.2,106.9
32.729482,-117.177177,-50.0,4.8,106.9
32.72947,-117.177107,-50.0,5.2,104.1
32.729462,-117.177017,-50.0,5.2,98.4
32.729519,-117.17688,-50.0,4.8,78.8
32.729528,-117.176855,-50.0,2.8,75.9
32.729542,-117.176825,-50.0,0.2,73.1
32.729563,-117.176743,-50.0,2.2,73.1
32.72961,-117.17656,-50.0,6.8,73.1
32.729703,-117.176266,-50.0,10.2,70.3
32.729854,-117.175986,-50.0,10.2,53.4
32.729959,-117.175902,-50.0,9.2,42.2
32.730251,-117.175905,-50.0,6.2,0.0
32.730343,-117.176056,-50.0,7.8,323.4
32.730355,-117.176238,-50.0,9.8,292.5
32.730401,-117.17656,-50.0,12.2,284.1
32.730469,-117.176811,-50.0,15.5,286.9
32.730494,-117.176953,-50.0,19.5,286.9
32.730634,-117.177541,-50.0,34.5,286.9
32.730709,-117.177827,-50.0,40.5,286.9
32.730743,-117.177965,-50.0,46.5,286.9
32.730938,-117.178748,-50.0,57.5,286.9
32.730984,-117.178926,-50.0,62.5,286.9
32.731065,-117.179293,-50.0,67.5,286.9
32.731169,-117.179741,-50.0,73.0,286.9
32.731293,-117.180203,-50.0,79.0,286.9
32.731577,-117.181353,50,79.0,0.0
32.731809,-117.182474,50,98.8,285.9
32.732368,-117.18466,50,112.4,286.0
32.732554,-117.185333,50,117.4,285.8
32.732787,-117.186342,50,121.6,285.8
32.732941,-117.186987,50,130.1,286.1
32.733159,-117.187855,50,135.2,285.9
32.733485,-117.189312,50,139.3,285.8
32.733672,-117.190153,50,147.5,285.7
32.73423,-117.192227,0,159.2,286.0
32.73468,-117.194073,25,162.4,286.1
32.734863,-117.194843,50,165.8,286.5
32.735001,-117.195392,50,168.0,286.6
32.735321,-117.196655,100,169.9,286.4
32.73555,-117.197589,150,171.2,286.6
32.735766,-117.198505,175,172.1,286.5
32.736145,-117.200006,250,172.1,286.5
32.736511,-117.201434,325,171.2,286.6
32.736877,-117.202863,425,170.2,286.7
32.737335,-117.204675,525,170.2,286.7
32.737675,-117.20596,600,169.5,287.1
32.738047,-117.207417,700,168.6,287.2
32.73842,-117.208875,800,167.6,287.4
32.738792,-117.21022,900,166.7,287.5
32.739166,-117.211597,1000,166.7,287.5
32.739491,-117.212911,1100,166.7,287.5
32.73999,-117.214783,1200,165.4,287.2
32.740329,-117.21605,1300,164.5,287.3
32.740814,-117.217804,1400,164.5,287.3
32.741135,-117.219067,1500,164.2,287.0
32.741539,-117.220702,1600,162.9,286.8
32.741958,-117.222327,1700,162.9,286.8
32.74233,-117.223953,1800,162.6,286.4
32.742874,-117.226044,1900,163.9,286.7
32.743494,-117.228493,2000,166.8,286.4
32.744247,-117.231537,2100,167.7,286.3
32.745026,-117.234888,2200,168.4,285.9
32.746054,-117.239087,2300,169.4,285.8
32.747079,-117.243515,2400,172.5,285.8
32.747917,-117.247103,2500,172.5,285.8
32.748848,-117.250914,2600,173.2,285.4
32.749779,-117.255062,2700,174.2,285.3
32.750748,-117.259003,2800,175.7,285.9
32.751755,-117.263397,2900,176.6,285.8
32.752808,-117.267627,3000,177.6,285.7
32.753689,-117.27143,3100,177.9,286.0
32.754573,-117.275017,3200,177.9,286.0
32.755924,-117.280622,3300,180.8,285.7
32.757134,-117.285611,3375,185.2,286.0
32.758065,-117.289535,3425,189.0,285.6
32.759136,-117.294131,3475,193.4,285.9
32.760299,-117.298839,3550,197.5,285.9
32.761642,-117.304596,3650,201.6,285.8
32.762833,-117.30943,3750,203.8,286.0
32.763698,-117.313301,3850,204.7,284.7
32.764297,-117.31701,3925,205.5,280.6
32.764435,-117.319977,4025,205.4,276.7
32.764389,-117.322998,4100,205.0,271.1
32.764069,-117.326514,4175,206.7,265.3
32.763428,-117.329974,4225,208.5,259.5
32.762512,-117.332941,4275,210.1,253.1
32.761459,-117.335687,4325,212.7,246.4
32.760067,-117.338356,4375,214.8,241.6
32.758577,-117.340767,4400,217.8,234.3
32.756715,-117.343009,4450,220.0,227.0
32.754639,-117.344971,4500,221.6,222.3
32.75235,-117.346893,4525,224.6,217.6
32.750015,-117.348212,4550,227.6,210.1
32.747591,-117.349343,4600,230.1,202.2
32.745255,-117.350079,4625,231.9,196.8
32.742703,-117.350464,4650,234.0,191.8
32.739956,-117.350632,4675,236.7,184.4
32.737256,-117.350352,4700,238.0,179.3
32.734463,-117.349847,4725,241.4,171.9
32.732694,-117.349287,4725,243.0,169.6
32.731567,-117.348871,4725,245.0,165.3
32.728365,-117.347381,4725,249.6,158.4
32.725385,-117.345643,4725,253.6,154.0
32.723197,-117.34413,4725,257.3,151.4
32.719894,-117.34173,4725,261.9,149.2
32.716827,-117.339203,4775,266.8,146.3
32.713806,-117.336456,4800,270.8,143.3
32.711288,-117.333929,4825,274.1,140.3
32.707901,-117.330304,4850,279.0,138.2
32.705182,-117.327202,4875,282.9,136.4
32.703319,-117.325016,4925,285.0,135.7
32.699387,-117.320306,5025,288.5,134.7
32.695999,-117.316241,5125,291.3,134.4
32.693024,-117.312671,5225,292.0,134.6
32.69046,-117.309595,5325,293.5,134.9
32.687851,-117.306519,5425,293.5,135.1
32.685862,-117.30422,5525,293.5,135.4
32.683302,-117.301306,5625,293.5,135.7
32.680974,-117.298615,5725,293.5,136.0
32.678507,-117.295869,5825,293.5,136.2
32.675621,-117.292674,5925,294.3,136.6
32.673107,-117.289927,6025,294.3,136.9
32.670044,-117.286578,6125,295.8,137.5
32.666977,-117.283282,6225,295.9,137.7
32.664001,-117.280096,6325,296.7,137.9
32.66091,-117.276811,6425,297.4,138.0
32.65821,-117.273952,6525,298.1,138.1
32.655167,-117.270758,6625,298.1,138.1
32.652764,-117.268179,6725,298.2,138.4
32.650064,-117.265376,6825,298.2,138.4
32.647271,-117.262461,6925,298.3,138.7
32.64215,-117.256688,7125,297.0,135.3
32.639357,-117.252708,7225,296.5,130.4
32.636889,-117.248336,7350,295.7,125.1
32.634796,-117.243842,7475,295.8,120.5
32.633057,-117.239447,7575,294.7,116.0
32.631592,-117.234723,7700,294.5,111.5
32.630372,-117.229558,7825,294.1,105.8
32.629395,-117.223505,7950,294.2,100.8
32.62793,-117.212036,8150,296.1,98.3
32.626785,-117.201874,8350,298.3,97.1
32.625916,-117.191931,8550,298.6,96.0
32.625205,-117.183034,8750,298.3,95.4
32.624413,-117.172945,8950,299.2,95.2
32.623718,-117.163696,9150,299.2,95.2
32.622924,-117.153663,9350,300.3,95.3
32.621979,-117.141888,9550,301.3,95.3
32.621063,-117.130463,9750,303.4,95.5
32.620131,-117.119078,9950,304.5,95.7
32.619186,-117.10838,10150,305.6,95.8
32.618688,-117.102599,10225,306.6,95.8
32.617401,-117.087946,10400,312.7,96.1
32.615801,-117.069976,10550,321.7,95.9
32.614197,-117.051746,10675,328.8,95.9
32.612732,-117.035541,10825,334.8,96.0
32.610992,-117.016425,10950,342.9,96.0
32.609344,-116.997858,11100,351.0,96.1
32.607559,-116.977917,11225,358.0,96.1
32.605886,-116.959216,11375,365.0,96.0
32.604024,-116.938701,11500,371.8,95.7
32.603531,-116.926447,11575,375.3,92.4
32.603714,-116.917108,11625,379.2,88.3
32.604446,-116.908594,11650,382.7,84.6
32.605591,-116.900024,11700,385.0,80.7
32.607655,-116.888926,11775,388.4,77.4
32.611862,-116.86767,11925,394.6,76.7
32.616081,-116.84655,12075,399.7,76.7
32.619758,-116.828389,12275,402.4,76.3
32.621658,-116.820648,12400,402.5,73.6
32.623855,-116.813759,12525,402.0,70.5
32.625624,-116.808715,12650,400.8,67.4
32.629069,-116.800475,12850,397.6,63.2
32.633584,-116.791843,13125,394.6,59.2
32.637402,-116.785509,13300,392.8,55.1
32.641033,-116.78024,13425,390.9,50.8
32.646246,-116.773682,13575,389.7,46.1
32.651733,-116.767914,13700,389.3,42.5
32.657326,-116.763088,13800,388.8,37.4
32.663269,-116.758795,13925,388.7,32.2
32.669037,-116.755334,14025,387.8,27.2
32.677204,-116.751148,14200,387.5,23.3
32.693823,-116.743021,14475,389.2,22.4
32.714771,-116.732819,14800,391.8,22.5
32.735673,-116.722562,15125,394.5,22.7
32.756668,-116.712192,15475,395.4,22.6
32.777012,-116.702158,15825,397.6,22.6
32.798146,-116.691789,16150,398.5,22.6
32.81956,-116.681195,16475,400.8,22.6
32.842511,-116.669928,16800,403.9,22.6
32.863273,-116.659727,17150,404.8,22.5
32.869583,-116.656622,17225,404.8,22.5
32.878647,-116.652173,17325,406.2,22.6
32.910477,-116.636521,17550,415.6,22.5
32.944041,-116.619985,17775,425.5,22.5
32.976334,-116.604053,18025,432.2,22.6
33.001673,-116.591566,18325,434.4,22.6
33.026505,-116.579224,18650,435.5,23.0
33.05246,-116.56571,18950,437.8,24.0
33.078232,-116.551978,19250,439.1,24.1
33.101388,-116.539718,19575,439.6,23.9
33.127258,-116.526105,19875,441.0,24.0
33.155136,-116.511438,20175,442.8,23.8
33.184623,-116.495997,20450,445.9,23.8
33.212089,-116.481591,20725,448.2,23.8
33.2403,-116.466793,21000,449.5,23.9
33.272598,-116.44986,21250,454.5,23.7
33.304321,-116.433215,21500,457.6,23.7
33.330917,-116.419318,21800,457.6,23.7
33.35817,-116.404967,22100,458.9,23.8
33.371704,-116.397125,22200,460.2,26.5
33.381353,-116.390393,22275,462.4,30.1
33.390518,-116.383008,22350,462.9,33.7
33.397181,-116.376829,22425,464.1,37.7
33.404257,-116.369318,22475,464.8,41.3
33.410541,-116.361582,22550,465.3,45.2
33.415558,-116.354663,22600,465.9,49.3
33.422012,-116.344336,22700,466.6,53.3
33.4422,-116.310498,22950,468.7,54.4
33.455278,-116.289611,23100,470.2,52.7
33.46756,-116.271442,23225,471.7,50.5
33.4813,-116.252616,23375,473.3,48.6
33.505275,-116.220442,23650,476.0,48.4
33.526735,-116.191462,23950,476.1,48.6
33.548584,-116.161923,24225,476.8,48.5
33.572869,-116.129093,24475,479.6,48.5
33.599533,-116.09309,24700,482.4,48.5
33.623378,-116.060829,24950,484.7,48.7
33.647507,-116.028013,25200,486.1,48.7
33.677239,-115.987701,25400,490.3,48.6
33.701539,-115.954571,25650,491.8,48.8
33.725793,-115.921497,25900,492.5,48.7
33.750512,-115.887794,26175,493.9,48.7
33.777419,-115.851059,26400,496.0,48.8
33.801347,-115.818329,26675,496.8,48.8
33.823242,-115.788387,26975,496.0,48.8
33.843244,-115.761051,27275,494.6,48.8
33.865682,-115.730324,27575,493.2,48.8
33.890402,-115.696507,27825,494.6,48.8
33.904633,-115.677011,28025,494.0,48.9
33.915756,-115.661764,28225,491.8,48.8
33.93338,-115.637606,28600,487.6,48.8
33.948349,-115.617034,28850,486.2,48.8
33.970322,-115.586934,29125,486.2,48.8
33.992398,-115.556488,29400,486.3,49.0
34.012985,-115.528079,29700,484.9,49.0
34.032944,-115.500501,30000,482.7,49.0
34.051752,-115.474606,30350,479.9,49.0
34.063995,-115.457668,30500,479.2,49.1
34.090164,-115.42141,30725,481.3,49.0
34.113739,-115.388844,30975,482.0,49.0
34.134568,-115.359993,31275,481.3,49.0
34.156168,-115.330124,31550,480.6,49.0
34.18275,-115.293274,31800,482.0,49.0
34.204396,-115.263348,32075,480.6,49.0
34.22474,-115.235081,32375,478.6,49.2
34.248413,-115.202076,32650,478.6,49.2
34.272766,-115.16822,32900,477.7,48.9
34.293274,-115.140026,33200,476.2,48.8
34.315384,-115.109421,33475,475.0,49.1
34.338932,-115.076351,33725,474.5,49.5
34.365048,-115.039387,33950,475.9,49.5
34.392151,-115.001295,34175,476.5,49.3
34.418793,-114.963964,34400,477.9,49.2
34.441952,-114.931526,34650,476.5,49.3
34.465576,-114.898439,34900,475.7,49.2
34.476242,-114.883529,34975,476.5,49.3
34.504669,-114.843563,35000,475.8,49.3
34.53259,-114.80444,35000,475.1,49.3
34.560707,-114.764957,35000,475.1,49.3
34.589172,-114.724787,35000,476.6,49.4
34.617645,-114.684598,35000,478.8,49.5
34.646347,-114.644072,35000,479.4,49.4
34.675095,-114.603433,35000,480.2,49.5
34.703855,-114.562683,35000,478.8,49.5
34.731812,-114.522605,35000,478.7,50.4
34.745499,-114.501474,35000,479.1,52.3
34.757538,-114.481519,35000,479.5,54.4
34.770704,-114.458084,35000,479.5,56.3
34.782342,-114.435768,35000,480.1,58.2
34.79306,-114.413639,35000,480.3,60.0
34.804688,-114.387703,35000,480.1,61.8
34.824938,-114.34164,35000,480.0,62.0
34.845612,-114.294359,35000,480.0,62.0
34.866394,-114.24705,35000,479.6,61.9
34.88736,-114.199518,35000,480.1,61.8
34.908234,-114.152153,35000,480.9,61.8
34.929029,-114.104862,35000,480.5,61.9
34.949791,-114.057598,34975,481.8,61.9
34.970673,-114.01006,34975,482.7,62.0
34.99118,-113.963031,35000,483.1,62.1
35.011798,-113.915806,35000,483.6,62.0
35.032561,-113.868141,35025,484.5,62.1
35.053253,-113.820826,35025,484.5,62.1
35.074219,-113.772564,35025,484.9,62.2
35.095127,-113.724403,35025,485.4,62.1
35.115889,-113.676796,35000,485.8,62.0
35.13652,-113.629574,35000,486.2,62.2
35.156809,-113.582325,35000,486.2,62.4
35.177582,-113.534116,35000,487.1,62.2
35.19838,-113.485851,35000,487.5,62.4
35.216721,-113.443851,35000,487.8,61.3
35.227475,-113.421307,35000,487.4,59.3
35.238973,-113.39895,35000,487.1,57.3
35.255081,-113.369637,35025,487.3,55.8
35.279526,-113.325405,35000,487.3,56.2
35.304703,-113.279686,35025,487.9,56.1
35.329657,-113.234272,35025,487.9,56.1
35.354645,-113.188934,35025,487.0,56.0
35.379654,-113.143577,35000,487.9,56.1
35.404513,-113.098229,35000,487.9,56.1
35.42926,-113.053265,35000,487.9,56.1
35.45462,-113.006973,34975,488.1,56.3
35.479276,-112.961835,34975,488.1,56.3
35.503967,-112.916679,34975,488.7,56.2
35.52904,-112.870438,35000,489.2,56.5
35.554092,-112.824383,35000,490.4,56.3
35.578991,-112.778866,35025,489.5,56.2
35.604315,-112.732583,35025,489.2,56.1
35.6295,-112.686534,35025,488.1,56.3
35.654114,-112.64122,35025,488.1,56.3
35.678329,-112.596474,35000,487.9,56.5
35.703192,-112.550432,35000,488.4,56.4
35.727676,-112.505093,35000,487.9,56.5
35.752026,-112.459912,35000,487.9,56.5
35.776652,-112.414213,35000,486.5,56.6
35.801231,-112.368573,35000,486.5,56.6
35.825532,-112.323342,35000,486.5,56.6
35.850158,-112.27741,35000,485.9,56.7
35.874847,-112.23135,35000,486.5,56.6
35.899429,-112.185688,34975,486.2,56.4
35.924222,-112.139321,34975,486.2,56.8
35.948383,-112.093915,35000,486.8,56.7
35.972626,-112.048416,35000,486.2,56.8
35.996567,-112.003498,35000,485.9,56.7
36.020492,-111.958456,34975,485.7,56.9
36.044746,-111.912816,34975,485.4,56.8
36.068802,-111.867485,34975,486.2,56.8
36.093201,-111.821537,35000,486.2,56.8
36.117321,-111.775896,35000,486.5,57.0
36.142133,-111.728853,35000,486.5,57.0
36.166626,-111.682491,35000,486.2,56.8
36.191116,-111.6362,35000,487.1,56.9
36.215453,-111.589888,35000,487.3,57.1
36.239474,-111.544073,35000,488.2,57.1
36.263306,-111.498585,35000,488.2,57.1
36.287562,-111.452325,35025,488.2,57.1
36.311325,-111.406975,35025,488.7,57.0
36.335744,-111.360168,35025,488.5,57.3
36.35994,-111.313763,35025,488.2,57.1
36.384521,-111.266785,35000,489.0,57.2
36.408783,-111.220264,35025,489.0,57.2
36.43222,-111.17506,35000,488.5,57.3
36.456894,-111.12751,35000,488.5,57.3
36.481201,-111.080589,35000,489.3,57.3
36.504449,-111.035663,35000,489.3,57.3
36.528534,-110.988979,35000,488.8,57.5
36.552398,-110.942746,35000,490.2,57.4
36.576736,-110.895538,35000,490.2,57.4
36.600906,-110.84856,35000,490.5,57.6
36.625031,-110.801582,35000,489.6,57.5
36.649384,-110.754147,35000,489.6,57.5
36.673416,-110.70734,35000,490.5,57.6
36.697769,-110.65979,35000,490.5,57.6
36.721893,-110.61264,35000,490.5,57.6
36.745972,-110.565434,35000,491.3,57.6
36.769867,-110.51857,35000,491.3,57.6
36.793625,-110.471992,35000,492.2,57.7
36.817327,-110.425396,35025,492.2,57.7
36.840866,-110.379009,35025,493.0,57.8
36.865136,-110.331156,35000,493.0,57.8
36.889436,-110.28309,35000,493.0,57.8
36.913467,-110.235648,35000,493.0,57.8
36.937546,-110.187904,35000,493.9,57.8
36.961899,-110.139751,35025,493.9,57.8
36.985794,-110.092241,35025,493.3,57.9
37.009448,-110.045093,35025,493.3,57.9
37.033469,-109.997326,35025,493.3,57.9
37.057205,-109.949886,35000,492.8,58.0
37.08044,-109.903465,35000,492.8,58.0
37.104554,-109.855161,35000,492.3,58.1
37.128571,-109.807006,35000,491.9,58.0
37.152283,-109.759496,35000,491.4,58.1
37.176407,-109.710992,35000,491.7,58.2
37.199754,-109.664035,34975,491.7,58.2
37.223465,-109.616264,34975,492.3,58.1
37.247283,-109.568203,34950,493.1,58.2
37.271255,-109.519783,34975,493.1,58.2
37.294999,-109.471834,35000,493.1,58.2
37.318415,-109.424485,35000,493.4,58.3
37.342157,-109.376241,35025,493.4,58.3
37.365712,-109.328235,35025,493.8,58.5
37.389873,-109.278976,35025,492.9,58.4
37.413116,-109.231626,35050,492.1,58.4
37.436966,-109.183064,35025,492.1,58.4
37.460493,-109.135019,35025,491.5,58.5
37.483704,-109.087576,35025,490.7,58.4
37.507371,-109.039128,35000,490.2,58.5
37.530762,-108.991212,34975,489.6,58.6
37.554153,-108.942884,35000,489.1,58.7
37.577591,-108.894614,34975,488.8,58.5
37.600754,-108.846754,34975,489.1,58.7
37.624283,-108.798133,34975,489.1,58.7
37.647537,-108.749981,34975,489.1,58.7
37.670929,-108.701535,34975,489.1,58.7
37.693906,-108.653949,35000,490.0,58.8
37.717461,-108.605168,35000,490.0,58.8
37.740189,-108.557895,35000,490.8,58.8
37.763397,-108.509392,35000,490.8,58.8
37.786498,-108.461271,35000,490.8,58.8
37.809357,-108.413553,35000,491.7,58.9
37.832474,-108.365108,35000,492.5,59.0
37.85582,-108.316079,35025,492.5,59.0
37.878571,-108.268277,35025,492.0,59.1
37.901761,-108.219571,35025,492.5,59.0
37.924713,-108.171328,35025,492.0,59.1
37.947801,-108.122605,35025,492.4,59.2
37.970752,-108.074002,35025,491.5,59.2
37.993652,-108.025584,35025,491.0,59.3
38.016403,-107.977314,35000,490.1,59.2
38.039474,-107.928285,35000,489.6,59.3
38.062317,-107.879782,35000,490.1,59.2
38.084944,-107.831646,34975,489.6,59.3
38.108081,-107.782327,35000,489.6,59.3
38.13089,-107.73357,35000,489.6,59.3
38.153842,-107.684585,34975,490.5,59.4
38.17628,-107.636579,34975,490.5,59.4
38.198685,-107.588702,34975,490.5,59.4
38.221855,-107.539016,35000,491.4,59.4
38.244572,-107.490115,35000,490.8,59.5
38.267383,-107.440975,35025,490.8,59.5
38.290466,-107.391182,35025,490.8,59.5
38.313492,-107.341451,35025,490.8,59.5
38.335922,-107.293006,35025,490.3,59.6
38.35849,-107.244035,35025,489.8,59.7
38.38083,-107.195454,35025,489.0,59.7
38.403688,-107.145837,35025,489.0,59.7
38.419655,-107.112122,35025,488.1,58.2
38.431458,-107.089293,35000,487.3,56.2
38.444366,-107.065887,35025,485.1,54.3
38.458374,-107.042243,35025,484.2,52.5
38.47197,-107.020808,35000,482.6,50.8
38.485794,-107.000387,35000,481.3,49.0
38.500423,-106.980103,35000,480.4,46.9
38.516065,-106.959717,35000,478.7,45.1
38.547363,-106.920139,34975,478.0,44.8
38.578217,-106.881031,34975,477.3,44.9
38.609024,-106.841922,34975,477.3,44.9
38.639568,-106.803101,34975,477.3,44.9
38.670135,-106.764181,34975,477.3,44.9
38.70108,-106.724774,35000,477.3,44.9
38.731659,-106.685784,35000,477.3,44.9
38.762421,-106.646556,35000,476.6,45.0
38.793594,-106.606731,35000,476.6,45.0
38.824265,-106.567502,35000,475.9,45.1
38.854614,-106.528692,35000,476.6,45.0
38.884964,-106.489822,35000,475.9,45.1
38.915948,-106.450012,35000,475.9,45.1
38.946394,-106.41095,35000,475.9,45.1
38.976837,-106.371659,35000,475.2,45.2
39.007144,-106.332642,35000,475.2,45.2
39.037491,-106.29362,35000,475.2,45.2
39.067802,-106.254456,35000,475.9,45.3
39.098526,-106.214783,35000,475.9,45.3
39.128952,-106.175398,35000,475.2,45.3
39.159137,-106.136169,35025,475.2,45.3
39.189582,-106.096619,35025,475.2,45.3
39.219955,-106.057116,35000,475.9,45.3
39.249939,-106.018126,35000,475.2,45.3
39.280732,-105.978027,35000,474.5,45.3
39.31113,-105.938416,35000,474.5,45.4
39.341855,-105.898193,35000,473.8,45.5
39.372116,-105.858526,35000,475.2,45.3
39.403071,-105.818054,34975,475.9,45.4
39.433273,-105.778517,34975,475.9,45.6
39.463356,-105.738892,35025,475.9,45.6
39.493835,-105.698806,35025,477.3,45.6
39.524231,-105.658742,35025,476.6,45.5
39.554626,-105.618737,35025,476.6,45.7
39.584764,-105.578857,35025,477.3,45.6
39.615417,-105.538489,35000,478.7,45.6
39.646213,-105.497803,35000,480.2,45.6
39.677032,-105.456689,34950,478.8,45.9
39.707336,-105.416386,35000,475.2,45.8
39.737137,-105.37674,35050,473.8,45.7
39.767109,-105.336792,35025,472.4,45.9
39.79681,-105.297241,35000,471.7,45.8
39.826447,-105.257681,35000,469.6,45.9
39.855789,-105.218393,35000,471.0,45.9
39.886004,-105.177979,34950,469.6,45.9
39.915844,-105.137939,34975,468.9,46.0
39.945465,-105.098267,34975,467.5,46.0
39.974779,-105.05901,34975,468.2,45.9
40.004386,-105.019122,34975,468.2,46.0
40.034226,-104.97886,35000,466.8,46.0
40.064209,-104.938416,35000,468.2,46.0
40.093767,-104.898522,35000,468.9,46.1
40.123947,-104.857666,35000,470.3,46.1
40.153726,-104.817311,35000,470.3,46.1
40.183799,-104.776549,35000,471.7,46.1
40.213303,-104.73645,35000,471.0,46.2
40.243423,-104.695374,35025,471.0,46.2
40.273407,-104.65448,35025,471.0,46.2
40.303116,-104.614075,35025,470.3,46.3
40.332596,-104.573792,35025,470.3,46.3
40.36203,-104.533508,35025,470.3,46.3
40.391515,-104.493152,35025,469.7,46.4
40.421541,-104.45189,35025,471.1,46.4
40.451477,-104.410767,35000,470.4,46.5
40.480865,-104.3703,35000,470.4,46.5
40.510117,-104.330139,34975,470.4,46.5
40.539734,-104.289246,35000,469.7,46.5
40.569443,-104.248169,35000,469.7,46.4
40.585731,-104.226671,35000,468.8,44.6
40.616921,-104.18722,35000,468.9,44.0
40.647903,-104.147705,35000,468.2,44.1
40.67837,-104.108942,35000,469.6,44.1
40.708786,-104.070129,35000,469.6,44.1
40.739306,-104.031164,35000,468.2,44.1
40.769752,-103.992275,35000,468.2,44.1
40.800848,-103.952512,35000,468.9,44.2
40.831238,-103.913574,34975,468.9,44.2
40.861925,-103.874234,34975,469.6,44.3
40.89251,-103.834846,35000,469.6,44.3
40.923065,-103.795471,35000,470.3,44.4
40.95433,-103.755188,35000,470.3,44.2
40.984916,-103.715806,35000,471.0,44.3
41.015167,-103.676697,35000,471.0,44.5
41.046179,-103.636468,35025,471.0,44.5
41.07681,-103.59683,35000,471.0,44.5
41.107819,-103.556641,35000,471.0,44.5
41.139038,-103.516113,35000,471.0,44.5
41.169479,-103.476562,35000,471.0,44.5
41.199848,-103.437028,35000,471.0,44.5
41.230179,-103.397461,35000,470.2,44.6
41.260785,-103.357502,35000,470.9,44.7
41.291323,-103.317552,35000,470.2,44.6
41.322327,-103.276917,35000,470.9,44.7
41.352814,-103.236938,35000,470.2,44.7
41.38317,-103.197015,35000,470.2,44.7
41.414081,-103.156383,35000,470.2,44.7
41.444916,-103.115803,35000,470.2,44.7
41.475174,-103.075853,35000,470.2,44.7
41.506256,-103.034841,35000,471.6,44.9
41.536377,-102.994954,35000,471.6,44.9
41.566681,-102.954754,35000,472.4,44.8
41.596938,-102.914684,35000,472.4,44.8
41.628082,-102.873358,35000,473.1,44.9
41.658713,-102.832606,35000,473.1,44.9
41.689019,-102.792174,35000,473.1,45.1
41.719324,-102.751806,35000,473.1,44.9
41.749695,-102.711244,35025,473.1,45.1
41.780777,-102.669671,35000,473.1,45.1
41.810939,-102.629231,35000,473.1,45.1
41.841705,-102.58796,35025,472.4,45.2
41.871872,-102.547385,35025,472.4,45.2
41.901995,-102.506913,35025,472.4,45.2
41.932846,-102.465425,35000,471.6,45.3
41.962967,-102.424788,34975,471.6,45.3
41.992958,-102.384275,35000,470.9,45.2
42.02298,-102.343701,35000,471.6,45.3
42.053375,-102.302503,35000,472.4,45.3
42.083633,-102.261429,34975,472.4,45.3
42.113761,-102.220565,35000,471.6,45.3
42.143692,-102.17978,35000,472.4,45.3
42.174,-102.138487,35000,473.1,45.4
42.204437,-102.096946,35000,473.1,45.4
42.234329,-102.056059,35000,473.1,45.4
42.26445,-102.014986,35000,473.1,45.4
42.294388,-101.973974,35000,473.8,45.5
42.324783,-101.932338,35000,473.8,45.5
42.354355,-101.891701,35000,473.8,45.5
42.379761,-101.856292,35000,475.4,46.7
42.393726,-101.835277,35000,476.8,48.5
42.407135,-101.813736,35000,477.3,50.4
42.419952,-101.791638,35000,479.2,52.5
42.432907,-101.767731,35000,480.1,54.3
42.445632,-101.742532,35000,480.9,56.3
42.45741,-101.717366,35000,482.3,58.2
42.468489,-101.69188,35000,484.2,60.2
42.479141,-101.665421,35000,485.4,62.1
42.489391,-101.637524,35000,486.1,64.0
42.50359,-101.596069,35000,487.7,65.3
42.522125,-101.541699,35000,487.3,65.4
42.540894,-101.486268,35000,487.3,65.4
42.559033,-101.432616,35000,488.2,65.4
42.577515,-101.37794,35000,488.2,65.4
42.595917,-101.323658,35000,488.6,65.3
42.614337,-101.269034,35025,488.7,65.6
42.633041,-101.213171,35000,488.7,65.6
42.651215,-101.158801,35000,489.2,65.7
42.669781,-101.10277,35000,489.7,65.9
42.687744,-101.048688,35000,488.8,65.8
42.705906,-100.993738,35025,488.8,65.8
42.724527,-100.937465,35000,488.8,65.8
42.742682,-100.882661,35000,488.8,65.8
42.760837,-100.827601,35025,487.5,65.9
42.779132,-100.772031,35025,487.5,65.9
42.797424,-100.716352,35000,487.1,66.0
42.815506,-100.661401,35000,486.6,65.9
42.833785,-100.605665,34975,486.7,66.1
42.851715,-100.550771,34975,486.7,66.1
42.869522,-100.495967,34975,486.7,66.1
42.887741,-100.440078,34975,486.7,66.1
42.90501,-100.38705,35000,486.7,66.1
42.923172,-100.331109,35000,487.6,66.2
42.941041,-100.275879,34975,488.5,66.2
42.958824,-100.22062,35000,489.5,66.5
42.976886,-100.163727,35000,490.4,66.6
42.994855,-100.10801,35000,490.3,66.3
43.013057,-100.051705,35000,491.6,66.2
43.030794,-99.996316,35000,492.7,66.6
43.048096,-99.942116,35000,492.7,66.6
43.066313,-99.884883,35000,494.0,66.5
43.084282,-99.828317,35000,494.5,66.7
43.102345,-99.771293,35000,495.4,66.7
43.120102,-99.715172,35000,495.8,66.6
43.137726,-99.65941,35000,496.7,66.6
43.155807,-99.602115,35000,496.7,66.6
43.173477,-99.546097,35000,498.2,66.8
43.191352,-99.489506,35025,499.0,66.6
43.209366,-99.431571,35025,499.6,67.0
43.227173,-99.374404,35050,498.7,67.0
43.244608,-99.318303,35050,497.8,66.9
43.262624,-99.260363,35025,497.8,66.9
43.279907,-99.204691,35025,496.5,67.0
43.297485,-99.147971,35000,496.5,67.0
43.315567,-99.089526,34975,496.1,67.1
43.333104,-99.032658,34950,496.5,67.0
43.350747,-98.975503,34950,497.0,67.2
43.36853,-98.917433,34950,497.9,67.2
43.385894,-98.860801,34975,497.5,67.3
43.403351,-98.803515,34975,497.5,67.3
43.421227,-98.744986,35000,497.5,67.3
43.438964,-98.68685,35025,496.6,67.3
43.456374,-98.62963,35025,496.2,67.4
43.473404,-98.573488,35025,494.9,67.4
43.49087,-98.515647,35025,494.0,67.4
43.508148,-98.458451,35025,493.6,67.5
43.525179,-98.40186,35025,493.2,67.6
43.542356,-98.344639,35025,491.0,67.6
43.559372,-98.287971,35025,491.0,67.6
43.576263,-98.231187,35000,490.6,67.7
43.593384,-98.173509,35000,489.1,68.2
43.602176,-98.141327,35000,489.7,69.9
43.617259,-98.084041,34975,489.4,70.1
43.632797,-98.025449,34975,488.4,70.0
43.647983,-97.967965,34975,488.4,70.0
43.663113,-97.910941,34975,489.7,69.9
43.678207,-97.853628,34975,490.3,70.1
43.693085,-97.796716,34975,490.0,70.2
43.708374,-97.738271,35000,490.0,70.2
43.723584,-97.679967,35000,490.0,70.2
43.738621,-97.622288,35025,490.0,70.2
43.753936,-97.563498,35000,490.6,70.3
43.768936,-97.505642,35000,490.6,70.3
43.783676,-97.448475,35000,490.2,70.5
43.798859,-97.389614,35000,491.2,70.5
43.813802,-97.331478,35000,491.2,70.5
43.828606,-97.273734,35000,492.1,70.5
43.843277,-97.216421,35000,492.1,70.5
43.858167,-97.158116,35000,493.1,70.6
43.873063,-97.099522,35000,493.7,70.7
43.888146,-97.040013,35000,493.7,70.7
43.902857,-96.981942,35025,493.7,70.7
43.917707,-96.923218,35025,495.0,70.7
43.932495,-96.864794,35025,494.6,70.8
43.947098,-96.806797,35025,495.6,70.8
43.962067,-96.747266,35025,495.6,70.8
43.976596,-96.689301,35025,495.2,70.9
43.991306,-96.629987,35025,494.9,71.0
44.006203,-96.570413,35025,495.2,70.9
44.020727,-96.512015,35000,494.9,71.0
44.035309,-96.453063,35000,494.6,71.1
44.049776,-96.394501,35000,494.6,71.1
44.064514,-96.33464,35000,494.6,71.1
44.079197,-96.274828,35000,494.3,71.2
44.093488,-96.216627,35000,493.3,71.2
44.108047,-96.157134,35000,494.3,71.2
44.122238,-96.098817,34975,494.9,71.4
44.136596,-96.039734,35000,494.9,71.4
44.145676,-96.003964,35000,494.2,69.9
44.15382,-95.975189,35000,493.4,67.8
44.162805,-95.946481,35000,491.9,65.9
44.173096,-95.916393,35000,491.5,64.1
44.183427,-95.888541,35000,490.7,62.2
44.205074,-95.833539,35000,490.9,61.4
44.212988,-95.813241,34950,490.9,61.4
44.221756,-95.790972,34850,491.4,61.3
44.238602,-95.748073,34575,490.9,61.4
44.256775,-95.701708,34325,491.8,61.5
44.274576,-95.65615,34075,494.0,61.5
44.292173,-95.611133,33825,495.4,61.4
44.300903,-95.588902,33675,496.3,61.5
44.30658,-95.574254,33500,497.1,61.5
44.310242,-95.564968,33375,497.6,61.4
44.32057,-95.538449,32975,496.3,61.5
44.332441,-95.507835,32575,494.4,61.6
44.343939,-95.478158,32175,493.1,61.7
44.355484,-95.448348,31775,491.7,61.7
44.367262,-95.418002,31400,492.2,61.6
44.37876,-95.388191,31025,495.8,61.6
44.388565,-95.363094,30625,496.3,61.5
44.399616,-95.334599,30225,493.5,61.6
44.411487,-95.303918,29850,490.8,61.7
44.422985,-95.274308,29450,486.8,61.5
44.433929,-95.245775,29050,485.4,62.1
44.443542,-95.218964,28675,483.9,64.0
44.452377,-95.192086,28350,481.7,66.0
44.461121,-95.16292,28000,480.4,67.9
44.468932,-95.134166,27625,478.4,69.8
44.476547,-95.102822,27250,476.2,71.6
44.483922,-95.071195,26875,473.1,72.0
44.491196,-95.039782,26500,470.2,71.9
44.498932,-95.006823,26125,466.1,71.9
44.506127,-94.975936,25750,462.7,72.0
44.513576,-94.943982,25375,458.5,72.0
44.520767,-94.912981,25000,455.1,72.1
44.527867,-94.882217,24625,451.9,72.1
44.534912,-94.851706,24250,447.8,72.1
44.542465,-94.81914,23875,443.4,72.1
44.54984,-94.787092,23500,438.0,72.2
44.556962,-94.756276,23150,433.9,72.2
44.563852,-94.726198,22775,430.7,72.2
44.571068,-94.69478,22425,428.5,72.2
44.578004,-94.664567,22050,426.3,72.2
44.585083,-94.633811,21675,424.4,72.2
44.592178,-94.602814,21300,422.2,72.2
44.599091,-94.572536,20950,418.7,72.3
44.606308,-94.540636,20600,414.3,72.4
44.613281,-94.509626,20250,412.1,72.5
44.620102,-94.479741,19900,410.2,72.4
44.627335,-94.447893,19550,408.3,72.3
44.63443,-94.416765,19200,406.4,72.2
44.641222,-94.387095,18850,405.4,72.2
44.6483,-94.356014,18500,403.2,72.2
44.655327,-94.32513,18150,401.7,72.5
44.662125,-94.295066,17800,400.7,72.4
44.668827,-94.265308,17450,398.5,72.5
44.675858,-94.234183,17125,397.5,72.4
44.682358,-94.205279,16775,395.6,72.3
44.68931,-94.174403,16450,394.4,72.4
44.695735,-94.145999,16100,393.1,72.5
44.702485,-94.11572,15750,390.0,72.5
44.709421,-94.085038,15425,385.9,72.5
44.716232,-94.054544,15100,382.7,72.5
44.723154,-94.023743,14775,380.5,72.6
44.729965,-93.993334,14450,379.5,72.5
44.736421,-93.96439,14125,377.3,72.6
44.743057,-93.935002,13800,375.4,72.5
44.750015,-93.903939,13475,372.9,72.7
44.756625,-93.87402,13150,368.5,72.8
44.760582,-93.856067,13025,365.3,72.8
44.767378,-93.825654,12875,355.5,72.5
44.773756,-93.797317,12725,346.0,72.5
44.78046,-93.767306,12575,336.2,72.7
44.785068,-93.746539,12450,329.9,72.7
44.792284,-93.713915,12200,326.7,72.7
44.796982,-93.692583,12025,330.6,72.9
44.800369,-93.67715,11850,333.1,72.7
44.803711,-93.66224,11675,333.4,72.5
44.80719,-93.646545,11475,333.1,72.7
44.810944,-93.629477,11300,330.8,72.8
44.814862,-93.611755,11125,328.9,72.7
44.818588,-93.594884,10975,325.2,73.0
44.82225,-93.578012,10800,323.0,73.1
44.825429,-93.563389,10625,323.3,72.9
44.828659,-93.548649,10425,323.3,72.9
44.832086,-93.532841,10250,323.3,72.9
44.834198,-93.523342,10175,321.4,72.8
44.838547,-93.503723,10050,315.3,72.7
44.842209,-93.487047,9875,312.2,72.7
44.845447,-93.472484,9700,310.9,72.8
44.847931,-93.459712,9500,310.7,75.7
44.848846,-93.452323,9400,311.6,79.1
44.84931,-93.445621,9300,312.5,84.3
44.84935,-93.438786,9200,313.2,88.2
44.849078,-93.432625,9100,314.3,92.6
44.848434,-93.426492,9025,314.4,97.1
44.847427,-93.420541,8950,313.6,101.8
44.846285,-93.415408,8875,312.3,106.8
44.844269,-93.409097,8800,311.4,111.9
44.841843,-93.402754,8725,308.6,116.6
44.838593,-93.395037,8650,305.4,120.9
44.832413,-93.380912,8475,303.6,121.8
44.827198,-93.369051,8300,303.1,121.6
44.821747,-93.356389,8125,302.0,121.3
44.816849,-93.345075,8025,300.1,121.1
44.813736,-93.337817,7975,295.7,121.2
44.810577,-93.330492,7975,291.2,121.2
44.807236,-93.32271,7975,286.2,121.1
44.803689,-93.314522,7975,281.3,121.0
44.800384,-93.306751,7950,277.7,121.0
44.797623,-93.30028,7950,274.1,121.0
44.794844,-93.293755,7925,269.6,121.0
44.790329,-93.283304,7850,265.1,121.1
44.785309,-93.271572,7750,260.7,121.2
44.779816,-93.258885,7600,256.2,121.3
44.774506,-93.246591,7450,252.6,121.2
44.770111,-93.236258,7275,249.9,121.1
44.765305,-93.225076,7100,247.1,120.9
44.763016,-93.219779,7000,246.3,121.0
44.760681,-93.214286,6900,246.3,121.0
44.75853,-93.20925,6800,246.3,121.0
44.756653,-93.204869,6700,246.3,121.0
44.754364,-93.199506,6600,245.4,121.2
44.752396,-93.194994,6500,245.4,121.2
44.750061,-93.189519,6400,244.0,121.1
44.748013,-93.184762,6300,244.0,121.1
44.745639,-93.179269,6200,242.7,121.0
44.743698,-93.174722,6100,241.8,121.1
44.741589,-93.169824,6000,241.8,121.1
44.73967,-93.16537,5900,241.0,121.2
44.737678,-93.160713,5800,240.4,121.1
44.735769,-93.156359,5700,240.4,121.1
44.733721,-93.151535,5600,239.6,121.2
44.73158,-93.146645,5500,239.6,121.2
44.729485,-93.141755,5400,238.2,121.1
44.727402,-93.136924,5300,237.4,121.2
44.725388,-93.132242,5200,236.8,121.0
44.723387,-93.127553,5100,236.0,121.1
44.721313,-93.122733,5000,236.0,121.1
44.719116,-93.117698,4900,235.1,121.3
44.717055,-93.112949,4800,233.8,121.2
44.715134,-93.108477,4700,233.8,121.2
44.713238,-93.104107,4600,232.9,121.3
44.71119,-93.09935,4500,232.9,121.3
44.709561,-93.095599,4400,232.9,121.3
44.707672,-93.091278,4300,233.8,121.2
44.70565,-93.086488,4200,234.6,121.1
44.703043,-93.080459,4100,236.0,121.1
44.699878,-93.073157,4025,236.0,121.1
44.695874,-93.063511,3975,234.8,120.2
44.693686,-93.057147,3950,235.2,116.2
44.692616,-93.052792,3950,235.9,111.1
44.691871,-93.048304,3950,236.3,105.2
44.691545,-93.044285,3950,236.9,99.0
44.691467,-93.039551,3950,237.3,92.9
44.691685,-93.035643,3950,235.5,86.3
44.692197,-93.03149,3950,234.6,79.9
44.693221,-93.026599,3950,236.0,76.0
44.694443,-93.022417,3950,235.7,69.6
44.695781,-93.01903,3950,234.8,63.4
44.697601,-93.015289,3950,234.4,57.2
44.699707,-93.011823,3950,233.2,50.9
44.702112,-93.008579,3950,231.9,45.0
44.70488,-93.005349,3950,231.8,39.0
44.709229,-93.001033,3950,230.6,35.8
44.713211,-92.997567,3950,230.7,31.4
44.716218,-92.995516,3950,229.4,27.2
44.719437,-92.993774,3950,229.9,22.8
44.723419,-92.991943,3950,228.3,18.1
44.728958,-92.989916,3950,227.8,15.0
44.738888,-92.986607,3950,226.8,13.0
44.749374,-92.983311,3950,225.7,11.8
44.752947,-92.982721,3950,225.1,7.9
44.755927,-92.982654,3950,224.2,2.6
44.758942,-92.983115,3950,222.4,356.4
44.761642,-92.983769,3950,221.3,350.1
44.764492,-92.984999,3950,219.7,345.8
44.767658,-92.986807,3950,218.6,339.7
44.771851,-92.989458,3950,217.9,335.3
44.775925,-92.992532,3950,217.8,332.4
44.778397,-92.994952,3950,216.6,325.7
44.781235,-92.998287,3950,216.0,320.6
44.783981,-93.00208,3950,215.7,315.6
44.786865,-93.006723,3925,212.6,311.2
44.78991,-93.01213,3850,210.2,307.9
44.793634,-93.019231,3750,207.3,305.4
44.796846,-93.025997,3725,202.5,303.9
44.797917,-93.028207,3700,199.1,303.5
44.799081,-93.030753,3650,195.8,303.1
44.801422,-93.035889,3550,193.1,303.0
44.803363,-93.040131,3450,190.6,302.4
44.805412,-93.044955,3350,188.5,301.3
44.807879,-93.050448,3250,183.7,301.9
44.810486,-93.056292,3150,179.2,302.0
44.812627,-93.061233,3050,179.6,301.6
44.81407,-93.064516,3000,178.7,301.7
44.815653,-93.067999,2900,177.0,302.1
44.818074,-93.073626,2825,172.4,301.5
44.82019,-93.078461,2775,167.9,301.6
44.821381,-93.081142,2725,163.5,301.8
44.822962,-93.084814,2700,159.3,301.4
44.824917,-93.089235,2600,156.8,302.0
44.827377,-93.09494,2500,154.9,301.5
44.830307,-93.101545,2400,153.5,301.4
44.832738,-93.107188,2300,153.0,301.1
44.835671,-93.114021,2200,151.1,300.6
44.838181,-93.119856,2100,149.6,301.9
44.840978,-93.12628,2000,147.7,301.4
44.843724,-93.13251,1900,149.6,301.9
44.846471,-93.138807,1800,148.0,300.9
44.849031,-93.144769,1700,149.0,301.6
44.851079,-93.149593,1625,148.9,300.7
44.853928,-93.15615,1525,146.8,301.6
44.856573,-93.16212,1425,144.6,301.7
44.859179,-93.168149,1325,141.8,301.5
44.861833,-93.174245,1225,141.3,301.1
44.864719,-93.180743,1125,141.5,302.0
44.867569,-93.187343,1050,144.1,301.4
44.869421,-93.191662,950,144.1,301.4
44.87233,-93.19846,875,144.4,300.8
44.874985,-93.204542,775,141.8,301.5
44.877521,-93.210419,775,139.6,301.5
44.878418,-93.212455,750,133.3,301.2
44.880066,-93.216248,775,111.3,301.4
44.880512,-93.217286,-50.0,95.0,300.9
44.88071,-93.217772,-50.0,91.0,300.9
44.88089,-93.218177,-50.0,85.0,300.9
44.881428,-93.219436,-50.0,66.5,300.9
44.881966,-93.220662,-50.0,35.5,300.9
44.882397,-93.22169,-50.0,32.5,300.9
44.882675,-93.222329,-50.0,30.5,300.9
44.882961,-93.222869,-50.0,15.5,315.0
44.883041,-93.222934,-50.0,14.2,323.4
44.883156,-93.222951,-50.0,12.2,340.3
44.883282,-93.222869,-50.0,11.8,2.8
44.88335,-93.22282,-50.0,11.8,14.1
44.883591,-93.222411,-50.0,11.2,47.8
44.883875,-93.222009,-50.0,12.2,45.0
44.88419,-93.221573,-50.0,12.8,45.0
44.884495,-93.221152,-50.0,13.2,45.0
44.884747,-93.220792,-50.0,13.8,45.0
44.885353,-93.219926,-50.0,14.8,45.0
44.885691,-93.219463,-50.0,15.5,45.0
44.886005,-93.219028,-50.0,16.5,45.0
44.886168,-93.218776,-50.0,16.5,45.0
44.886459,-93.218374,-50.0,16.5,45.0
44.886762,-93.217956,-50.0,17.5,45.0
44.887169,-93.217386,-50.0,17.5,45.0
44.887413,-93.217049,-50.0,18.5,45.0
44.887658,-93.2167,-50.0,18.5,45.0
44.888123,-93.215937,-50.0,10.8,56.2
44.887937,-93.214891,-50.0,12.8,112.5
44.887619,-93.213812,-50.0,11.2,112.5
44.887064,-93.211776,-50.0,7.8,112.5
44.886797,-93.210989,-50.0,0.0,118.1
44.886795,-93.211,-50.0,0.0,118.1
44.886797,-93.210989,-50.0,0.0,118.1
44.88675,-93.210872,-50.0,2.8,118.1
44.886703,-93.210771,-50.0,3.8,118.1
44.886645,-93.210654,-50.0,4.8,123.8
44.886578,-93.210607,-50.0,5.8,135.0
44.886509,-93.210607,-50.0,6.2,151.9
44.886475,-93.210607,-50.0,6.8,157.5
44.886372,-93.21064,-50.0,7.2,171.6
44.886292,-93.210656,-50.0,6.2,177.2
44.886168,-93.210654,-50.0,5.2,180.0
44.88611,-93.210654,-50.0,5.2,180.0
44.885807,-93.210654,-50.0,1.9,180.0
44.885772,-93.210654,-50.0,0.0,180.0
44.885772,-93.210671,-50.0,0.0,180.0
44.885772,-93.210671,-50.0,0.0,180.0
44.885831,-93.210671,-50.0,0.0,180.0
44.885925,-93.210673,-50.0,3.2,182.8
44.886028,-93.210673,-50.0,2.8,182.8
44.886086,-93.210673,-50.0,2.8,185.6
44.886131,-93.210673,-50.0,3.2,188.4
44.886166,-93.210689,-50.0,3.2,194.1
44.8862,-93.210689,-50.0,3.2,199.7
44.886238,-93.210687,-50.0,3.2,205.3
44.886261,-93.210704,-50.0,3.2,213.8
44.886292,-93.210705,-50.0,2.8,222.2
44.886326,-93.210722,-50.0,3.2,230.6
44.886349,-93.210722,-50.0,3.8,236.2
44.886383,-93.210705,-50.0,4.2,244.7
44.886417,-93.210689,-50.0,4.2,253.1
44.88644,-93.210673,-50.0,4.8,264.4
44.886463,-93.21064,-50.0,3.8,272.8
44.886486,-93.210607,-50.0,3.8,278.4
44.886494,-93.210553,-50.0,3.2,284.1
44.886497,-93.210526,-50.0,0.0,286.9
44.886494,-93.21052,-50.0,0.0,286.9
44.886506,-93.210553,-50.0,0.0,286.9
44.88652,-93.210591,-50.0,2.2,289.7
44.886552,-93.210654,-50.0,3.2,295.3
44.886599,-93.210721,-50.0,4.2,300.9
44.886635,-93.210787,-50.0,5.2,303.8
44.88668,-93.210855,-50.0,6.2,306.6
44.886808,-93.211089,-50.0,8.2,306.6
44.886925,-93.211341,-50.0,9.8,303.8
44.887111,-93.211927,-50.0,11.2,292.5
44.887264,-93.21252,-50.0,11.2,292.5
44.88739,-93.212961,-50.0,11.8,292.5
44.887507,-93.213384,-50.0,11.2,292.5
44.8876,-93.213702,-50.0,11.8,292.5
44.887716,-93.214137,-50.0,9.2,289.7
44.887722,-93.2144,-50.0,8.8,272.8
44.887527,-93.214711,-50.0,8.8,233.4
44.887437,-93.214824,-50.0,8.8,227.8
44.886703,-93.215855,-50.0,14.8,225.0
44.886447,-93.216197,-50.0,16.5,225.0
44.886154,-93.21664,-50.0,17.5,225.0
44.885777,-93.217147,-50.0,17.5,225.0
44.885598,-93.217403,-50.0,17.5,225.0
44.88533,-93.217788,-50.0,18.5,225.0
44.885033,-93.218209,-50.0,18.5,225.0
44.884725,-93.218626,-50.0,18.5,225.0
44.884472,-93.218994,-50.0,19.5,225.0
44.884225,-93.219329,-50.0,19.5,225.0
44.883923,-93.219763,-50.0,17.5,225.0
44.883739,-93.219991,-50.0,15.5,222.2
44.883682,-93.22004,-50.0,14.8,216.6
44.883625,-93.220073,-50.0,14.2,210.9
44.883515,-93.220116,-50.0,14.2,202.5
44.883445,-93.220133,-50.0,14.2,196.9
44.883362,-93.220139,-50.0,14.8,188.4
44.883294,-93.220133,-50.0,14.8,182.8
44.883224,-93.220106,-50.0,14.8,174.4
44.883133,-93.220024,-50.0,15.5,165.9
44.883061,-93.219982,-50.0,15.5,157.5
44.882984,-93.219893,-50.0,15.5,149.1
44.882881,-93.219763,-50.0,15.5,140.6
44.882549,-93.219061,-50.0,16.5,120.9
44.882362,-93.218626,-50.0,17.5,120.9
44.882223,-93.218291,-50.0,18.5,120.9
44.88208,-93.217964,-50.0,18.5,120.9
44.881897,-93.217537,-50.0,19.5,120.9
44.881313,-93.216182,-50.0,20.5,120.9
44.881094,-93.215695,-50.0,21.5,120.9
44.880638,-93.214645,-50.0,22.5,120.9
44.880384,-93.21407,-50.0,21.5,120.9
44.88018,-93.213583,-50.0,21.5,120.9
44.879723,-93.212536,-50.0,22.5,120.9
44.879494,-93.212013,-50.0,22.5,120.9
44.879025,-93.210918,-50.0,23.5,120.9
44.878068,-93.208694,-50.0,26.5,120.9
44.877834,-93.208155,-50.0,27.5,120.9
44.877674,-93.207763,-50.0,27.5,120.9
44.877463,-93.207304,-50.0,28.5,120.9
44.877205,-93.206716,-50.0,27.5,120.9
44.87659,-93.205278,-50.0,21.5,120.9
44.876255,-93.204509,-50.0,22.5,120.9
44.876218,-93.204424,-50.0,23.5,120.9
44.874905,-93.201387,-50.0,14.2,120.9
44.874699,-93.200929,-50.0,11.2,123.8
44.874607,-93.200782,-50.0,8.8,129.4
44.874542,-93.200739,-50.0,8.2,137.8
44.874495,-93.200723,-50.0,8.2,146.2
44.874425,-93.200723,-50.0,8.8,157.5
44.874367,-93.200733,-50.0,8.8,165.9
44.874298,-93.200749,-50.0,8.8,177.2
44.874251,-93.20079,-50.0,8.8,185.6
44.874181,-93.20084,-50.0,9.2,194.1
44.874104,-93.200912,-50.0,9.2,202.5
44.873878,-93.201108,-50.0,10.8,213.8
44.873809,-93.201225,-50.0,11.8,219.4
44.87376,-93.201321,-50.0,12.2,227.8
44.873737,-93.201648,-50.0,12.8,261.6
44.873772,-93.201779,-50.0,13.8,272.8
44.873855,-93.201962,-50.0,15.5,292.5
44.873937,-93.202146,-50.0,17.5,300.9
44.874065,-93.202448,-50.0,20.5,300.9
44.874184,-93.202711,-50.0,27.5,300.9
44.874275,-93.202923,-50.0,32.5,300.9
44.874527,-93.203512,-50.0,42.5,300.9
44.874733,-93.20397,-50.0,50.5,300.9
44.874879,-93.204323,-50.0,55.5,300.9
44.875263,-93.205211,-50.0,64.5,300.9
44.875426,-93.205596,-50.0,68.5,300.9
44.875751,-93.206357,-50.0,77.0,300.9
44.87595,-93.206802,-50.0,83.0,300.9
44.876163,-93.207288,-50.0,87.0,300.9
44.876495,-93.208008,850,87.0,0.0
44.877847,-93.211156,875,111.1,300.3
44.879057,-93.21397,875,123.3,300.7
44.879383,-93.214707,875,130.5,300.9
44.880733,-93.217788,875,144.4,300.8
44.882904,-93.222852,850,144.4,300.8
44.88348,-93.224152,875,164.6,301.1
44.883957,-93.225207,925,166.5,301.5
44.884506,-93.226515,975,167.4,301.3
44.885388,-93.228507,1050,167.9,301.6
44.886273,-93.23065,1150,165.7,301.7
44.887344,-93.233054,1250,165.2,301.4
44.888351,-93.235474,1350,164.6,301.1
44.889345,-93.237818,1450,164.6,301.1
44.890276,-93.239962,1550,164.6,301.1
44.891254,-93.242307,1650,165.0,300.6
44.892371,-93.24512,1750,166.5,298.7
44.89307,-93.247532,1850,166.4,297.2
44.893616,-93.250187,1925,167.7,290.6
44.894001,-93.252958,2025,169.3,283.0
44.894094,-93.255169,2075,170.6,277.8
44.894047,-93.258451,2150,172.0,271.0
44.893768,-93.262002,2225,174.6,265.4
44.893256,-93.267026,2325,177.5,262.5
44.892697,-93.272318,2425,182.2,261.2
44.892151,-93.276869,2525,185.3,261.0
44.891556,-93.281708,2625,187.7,260.2
44.890742,-93.288262,2725,190.9,260.0
44.889997,-93.29409,2825,195.0,260.0
44.889267,-93.299822,2925,197.1,259.8
44.888507,-93.305411,3025,200.4,259.4
44.887573,-93.312247,3125,203.8,259.0
44.88652,-93.319768,3225,207.9,258.9
44.885605,-93.326242,3325,210.8,259.1
44.884918,-93.331342,3400,214.8,259.3
44.884369,-93.335397,3475,218.1,258.9
44.884186,-93.336836,3475,219.1,259.0
44.883713,-93.340179,3500,221.0,259.0
44.883408,-93.342394,3500,225.1,259.0
44.883014,-93.345404,3500,229.3,258.9
44.882538,-93.348672,3525,233.4,258.9
44.882176,-93.3515,3525,237.3,259.1
44.881804,-93.354113,3575,240.3,259.2
44.880407,-93.362017,3675,245.0,255.3
44.878967,-93.367179,3725,248.9,250.8
44.877521,-93.371463,3775,253.3,245.8
44.875845,-93.375214,3825,257.1,240.1
44.873611,-93.379502,3925,258.1,234.5
44.87114,-93.383397,4025,260.9,229.0
44.86821,-93.387124,4125,262.4,223.6
44.865005,-93.390459,4225,264.1,218.4
44.862808,-93.392421,4325,265.2,213.1
44.85997,-93.39471,4425,267.4,209.8
44.856995,-93.396606,4525,268.8,205.8
44.854757,-93.397991,4625,269.8,204.8
44.852509,-93.399288,4725,269.7,203.1
44.850723,-93.400269,4800,270.9,202.1
44.849171,-93.401139,4850,271.7,201.4
44.846098,-93.402814,4950,273.2,201.0
44.843212,-93.404288,5050,273.4,200.6
44.840093,-93.405829,5150,274.6,200.0
44.837036,-93.407397,5250,275.8,199.5
44.834181,-93.408776,5350,275.5,199.3
44.831155,-93.41025,5450,276.1,199.0
44.828568,-93.411516,5525,276.7,198.8
44.82622,-93.412662,5625,276.7,198.8
44.823753,-93.4138,5725,278.0,198.9
44.820145,-93.415571,5825,278.9,198.8
44.816986,-93.41701,5925,279.5,198.6
44.814303,-93.418289,6025,279.2,198.4
44.811676,-93.419495,6125,280.2,198.3
44.809204,-93.420606,6225,279.2,198.4
44.806715,-93.421772,6325,279.2,198.4
44.804155,-93.422978,6425,279.2,198.4
44.800873,-93.42453,6525,279.5,198.6
44.798382,-93.425725,6625,279.9,198.8
44.795746,-93.427015,6725,279.5,198.6
44.792703,-93.428404,6825,280.5,198.5
44.789429,-93.429958,6925,280.5,198.5
44.783067,-93.43296,7125,281.8,198.6
44.775467,-93.436628,7325,284.3,199.5
44.770157,-93.439832,7450,285.6,202.4
44.765703,-93.443209,7550,287.1,207.4
44.762304,-93.446425,7650,289.0,213.1
44.759232,-93.449975,7725,288.5,218.1
44.75647,-93.453762,7825,286.5,223.2
44.753677,-93.458535,7950,284.8,228.4
44.751225,-93.463306,8075,282.0,233.9
44.747268,-93.471613,8275,281.0,236.0
44.743264,-93.480187,8475,282.1,237.1
44.739532,-93.488486,8675,282.2,237.9
44.735733,-93.497314,8875,284.5,238.7
44.732511,-93.50484,9075,283.8,239.3
44.729345,-93.512409,9275,284.2,239.6
44.726226,-93.519912,9475,283.2,239.9
44.723014,-93.527683,9675,282.7,240.1
44.719803,-93.53557,9875,283.2,239.9
44.716095,-93.544268,10075,283.3,239.4
44.713704,-93.549924,10175,285.2,239.2
44.70845,-93.562055,10375,290.4,238.7
44.703229,-93.573973,10550,295.0,238.3
44.69783,-93.586055,10725,299.7,237.9
44.692243,-93.598424,10875,304.3,237.6
44.685447,-93.613162,11025,312.6,237.3
44.678238,-93.629085,11175,319.9,237.9
44.670876,-93.64592,11325,328.6,238.4
44.662766,-93.664529,11475,336.1,238.6
44.656082,-93.679766,11600,343.4,238.6
44.650439,-93.692679,11800,346.1,238.5
44.644775,-93.705662,12000,347.5,238.4
44.636148,-93.725169,12400,348.5,238.1
44.628327,-93.74272,12800,346.8,238.0
44.619919,-93.761444,13200,346.0,237.9
44.611661,-93.779833,13550,347.4,237.8
44.604353,-93.796111,13775,350.1,237.7
44.596024,-93.81461,14025,354.0,237.9
44.589689,-93.828668,14300,354.6,237.8
44.581467,-93.845934,14650,353.9,235.6
44.571719,-93.864843,15025,354.8,233.7
44.56105,-93.88504,15400,355.4,233.6
44.549747,-93.906511,15750,357.0,233.8
44.53741,-93.930091,16100,359.8,233.7
44.526005,-93.951729,16450,361.2,233.7
44.514507,-93.973567,16825,361.8,233.5
44.503008,-93.995406,17175,362.0,233.8
44.491608,-94.017138,17525,363.4,233.7
44.478149,-94.042838,17850,366.4,233.9
44.463593,-94.070565,18150,372.0,233.8
44.450821,-94.094827,18475,374.0,233.6
44.438049,-94.118958,18825,374.8,233.7
44.425278,-94.143154,19150,376.2,233.6
44.412418,-94.16757,19475,377.6,233.6
44.398871,-94.19316,19800,379.8,233.7
44.38591,-94.217769,20125,379.8,233.7
44.372955,-94.242292,20450,382.0,233.7
44.358277,-94.270064,20750,384.8,233.7
44.343475,-94.298009,21050,387.6,233.6
44.329089,-94.32513,21350,389.6,233.4
44.314545,-94.352286,21650,391.6,233.3
44.299026,-94.381387,21950,394.6,233.4
44.283515,-94.410542,22250,396.8,233.5
44.267853,-94.439915,22550,398.8,233.4
44.251347,-94.470833,22850,401.0,233.4
44.235443,-94.500667,23150,403.8,233.4
44.218918,-94.531599,23425,406.0,233.4
44.20256,-94.562207,23700,408.2,233.5
44.186279,-94.592732,24000,409.6,233.4
44.169479,-94.624094,24275,412.4,233.4
44.152679,-94.655393,24575,414.4,233.2
44.135385,-94.6875,24850,415.8,233.2
44.118439,-94.718947,25125,418.0,233.3
44.101227,-94.75082,25400,420.0,233.1
44.08493,-94.781033,25700,420.8,233.2
44.069281,-94.81005,26000,420.8,233.2
44.051971,-94.842224,26250,422.2,233.2
44.030914,-94.881251,26475,426.4,233.1
44.013474,-94.91338,26775,426.4,233.1
43.995496,-94.946529,27050,427.8,233.1
43.976782,-94.981907,27325,428.5,234.3
43.958254,-95.01794,27600,429.5,234.6
43.9394,-95.05443,27875,430.7,234.4
43.923386,-95.085231,28175,429.1,234.2
43.907745,-95.115247,28475,429.1,234.2
43.890564,-95.148244,28750,428.5,234.3
43.87432,-95.179465,29050,428.3,234.1
43.858446,-95.209743,29350,427.5,234.0
43.840714,-95.243672,29625,426.9,234.1
43.829361,-95.265326,29825,426.9,234.1
43.815106,-95.292467,30175,423.9,234.0
43.802124,-95.317255,30550,421.1,234.1
43.788012,-95.344195,30900,417.5,234.1
43.772697,-95.37323,31200,416.6,234.0
43.75589,-95.405146,31500,416.6,234.0
43.739227,-95.436763,31775,416.6,234.0
43.720558,-95.472238,32025,418.0,233.9
43.70096,-95.50912,32275,420.0,233.8
43.685551,-95.538221,32575,418.0,233.9
43.66977,-95.567976,32875,415.8,233.9
43.656316,-95.593349,33125,415.0,233.8
43.638347,-95.627289,33400,414.4,233.9
43.621948,-95.658151,33700,412.8,233.8
43.604919,-95.690088,33925,412.8,233.8
43.597335,-95.704389,33975,412.8,233.8
43.575211,-95.745913,34000,410.6,233.7
43.552691,-95.788095,34000,410.6,233.7
43.530533,-95.829716,34000,410.0,233.8
43.508932,-95.870231,34000,409.2,233.8
43.487006,-95.911233,34000,408.4,233.7
43.464707,-95.952693,34000,407.6,233.6
43.442368,-95.994192,34000,408.2,233.5
43.42012,-96.03539,34000,408.2,233.5
43.398184,-96.076224,34000,407.6,233.6
43.376404,-96.116638,34000,407.4,233.4
43.354294,-96.157454,34000,408.2,233.5
43.331955,-96.198716,34000,407.4,233.4
43.31488,-96.230845,34000,407.9,234.5
43.305634,-96.24956,34000,407.2,236.6
43.297026,-96.268681,34000,405.6,238.8
43.288088,-96.290065,34000,405.6,240.8
43.280319,-96.310304,34000,404.8,242.8
43.273315,-96.330361,33975,404.4,244.8
43.259399,-96.373028,33975,404.2,245.9
43.244329,-96.418958,33975,405.5,245.8
43.229279,-96.464879,34000,405.5,245.8
43.214218,-96.510741,34000,405.9,245.7
43.198837,-96.557305,34000,406.4,245.6
43.183594,-96.603422,34025,406.9,245.8
43.168396,-96.649411,34025,408.2,245.7
43.153336,-96.694953,34025,408.2,245.7
43.13791,-96.741682,34025,409.1,245.8
43.122391,-96.788465,34025,409.5,245.6
43.106907,-96.835196,34025,409.5,245.6
43.0914,-96.881976,34025,410.4,245.7
43.076019,-96.92803,34025,409.5,245.6
43.06068,-96.974226,34025,408.6,245.6
43.04512,-97.020775,34025,409.0,245.4
43.029739,-97.066636,34000,408.1,245.4
43.014038,-97.113392,34000,407.7,245.5
42.99844,-97.159947,34000,407.2,245.3
42.983031,-97.20592,34000,407.2,245.3
42.967667,-97.251424,33975,407.2,245.3
42.952057,-97.297605,34000,400.0,245.2
42.936905,-97.342253,34000,392.9,245.3
42.921799,-97.387092,34000,399.2,245.4
42.906693,-97.431804,34000,405.4,245.2
42.891037,-97.477921,34000,408.9,245.1
42.875449,-97.523673,34000,408.0,245.1
42.859863,-97.569325,34000,406.7,245.1
42.844162,-97.615186,34000,405.8,245.1
42.82869,-97.660473,34000,405.8,245.1
42.812836,-97.706844,34000,405.8,245.1
42.797102,-97.752835,34000,405.8,245.1
42.78146,-97.798377,34000,406.2,244.9
42.765865,-97.843663,34000,406.2,244.9
42.749954,-97.889744,34000,406.6,244.8
42.734161,-97.935562,34000,407.5,244.9
42.718277,-97.98138,34000,407.5,244.9
42.702255,-98.027635,34000,408.0,244.8
42.686417,-98.073266,34000,408.9,244.8
42.670666,-98.118577,34000,408.0,244.8
42.654373,-98.165401,34025,408.0,244.8
42.638397,-98.211219,34000,408.4,244.6
42.622559,-98.256538,34000,408.4,244.6
42.606491,-98.302481,34000,408.4,244.6
42.590689,-98.347629,34000,408.4,244.6
42.574722,-98.393118,34000,407.5,244.6
42.558838,-98.438249,34000,407.5,244.6
42.542694,-98.484128,34000,407.9,244.4
42.52668,-98.529415,34000,407.9,244.4
42.510479,-98.575212,34000,407.9,244.4
42.494522,-98.619898,34000,407.9,243.5
42.486557,-98.640185,34025,409.0,241.4
42.478126,-98.659718,34025,409.9,239.2
42.458221,-98.703169,34025,410.4,238.2
42.439301,-98.74467,34000,409.9,238.4
42.419656,-98.787593,34000,410.4,238.2
42.399902,-98.830761,34025,410.4,238.2
42.38031,-98.873333,34000,410.1,238.1
42.360581,-98.916236,34000,410.4,238.2
42.340668,-98.959538,34000,409.6,238.2
42.320892,-99.002547,34000,410.1,238.1
42.301181,-99.045133,34000,410.1,238.1
42.281722,-99.087162,34000,410.1,238.1
42.261429,-99.131012,34000,410.1,238.1
42.250578,-99.154869,34000,410.2,239.4
42.245877,-99.166749,34000,408.8,242.3
42.241928,-99.178391,34000,407.8,245.8
42.238586,-99.189939,34000,407.3,249.3
42.235635,-99.202583,34000,406.4,252.7
42.233587,-99.213569,33975,404.8,256.1
42.231771,-99.22628,34000,401.5,259.7
42.230576,-99.239939,34000,398.8,263.2
42.230095,-99.250808,34000,395.6,266.8
42.230142,-99.263774,34000,393.0,270.4
42.230747,-99.276357,34000,390.0,274.1
42.232469,-99.299352,34000,387.2,276.1
42.236298,-99.34562,34000,383.3,276.3
42.240104,-99.39248,34000,383.3,276.3
42.243851,-99.439565,34000,384.1,276.0
42.247552,-99.487078,34000,385.1,276.0
42.251266,-99.534135,34000,385.2,276.1
42.255112,-99.58064,34000,386.4,276.4
42.259003,-99.627956,34000,386.3,276.2
42.262802,-99.675147,34025,387.3,276.2
42.266639,-99.722198,34025,387.3,276.2
42.270549,-99.770103,34025,387.4,276.4
42.274366,-99.816859,34025,387.3,276.2
42.27823,-99.863998,34025,386.4,276.4
42.28212,-99.910792,34025,386.4,276.4
42.286005,-99.957254,34025,386.4,276.4
42.289993,-100.004675,34025,385.5,276.5
42.294012,-100.051915,34025,384.5,276.6
42.298141,-100.099057,34000,383.6,276.7
42.302353,-100.145936,34000,382.9,277.0
42.30672,-100.192438,33975,383.0,277.2
42.31105,-100.238883,33975,381.9,277.1
42.315399,-100.285638,33975,382.2,277.4
42.319839,-100.331893,33975,382.2,277.4
42.32441,-100.379142,34000,381.3,277.5
42.328857,-100.424715,34000,381.3,277.5
42.333527,-100.471469,34000,380.4,277.7
42.338143,-100.518387,34000,380.2,277.4
42.342519,-100.563993,34000,380.2,277.4
42.346988,-100.610302,34000,373.1,277.4
42.351364,-100.656036,34000,375.2,277.5
42.355088,-100.693019,34000,377.0,278.4
42.35709,-100.707071,34000,378.1,281.1
42.359511,-100.720357,34000,378.8,284.4
42.362411,-100.733143,34000,380.1,287.8
42.365982,-100.746065,34000,381.5,291.0
42.37059,-100.760406,34000,383.3,293.7
42.374873,-100.771711,34000,385.1,297.0
42.379854,-100.7834,34000,387.3,300.4
42.385712,-100.795441,34000,388.0,303.6
42.391538,-100.806012,34000,388.8,306.6
42.397497,-100.815785,34000,389.6,310.1
42.404388,-100.825903,34000,391.3,313.0
42.411789,-100.835522,34000,393.3,316.4
42.419703,-100.844719,34000,396.0,319.9
42.428238,-100.853556,34000,398.8,322.6
42.436203,-100.860859,34000,401.6,326.3
42.445358,-100.868225,34000,403.5,329.3
42.45433,-100.87453,34000,405.2,333.0
42.463648,-100.880233,34000,406.4,335.9
42.473465,-100.885329,34000,408.8,339.5
42.484177,-100.889886,34000,410.8,342.6
42.493469,-100.893007,34000,412.8,345.7
42.502798,-100.895499,34000,415.2,349.3
42.514023,-100.897564,34000,417.6,352.4
42.524094,-100.898625,34000,419.3,355.5
42.533478,-100.898874,34000,421.1,358.6
42.543503,-100.898438,34000,424.4,2.4
42.556985,-100.896968,34000,426.7,5.1
42.574722,-100.894318,34000,426.1,6.9
42.585892,-100.891821,34000,428.6,10.1
42.597931,-100.888075,34000,430.5,13.3
42.608239,-100.884002,34000,433.0,17.0
42.619039,-100.8787,34000,435.0,20.3
42.628464,-100.873219,33975,438.2,24.1
42.638638,-100.866309,33925,441.4,27.4
42.647232,-100.859486,33875,444.9,30.8
42.656141,-100.85149,33850,446.5,33.6
42.664102,-100.843314,33800,449.8,37.7
42.672455,-100.833643,33750,452.9,41.2
42.681061,-100.82222,33700,454.7,44.5
42.68654,-100.81406,33675,457.4,48.0
42.694454,-100.800902,33650,458.2,51.4
42.700104,-100.79026,33600,460.0,54.8
42.706329,-100.776776,33575,461.7,58.1
42.711166,-100.764941,33550,464.0,61.6
42.715728,-100.752038,33500,465.7,65.0
42.719825,-100.738242,33475,466.9,67.7
42.723038,-100.725278,33425,468.3,71.8
42.726105,-100.710234,33375,469.3,75.3
42.728344,-100.695063,33325,471.1,78.7
42.72988,-100.68018,33275,471.4,82.2
42.730682,-100.665914,33250,471.4,85.6
42.730951,-100.651948,33200,470.2,88.4
42.730637,-100.639759,33150,469.3,91.9
42.729538,-100.624279,33100,469.1,95.4
42.728065,-100.610813,33075,467.6,98.9
42.725555,-100.595315,33025,466.4,101.5
42.723037,-100.582836,32975,463.9,105.5
42.719513,-100.568723,32925,462.0,108.9
42.715402,-100.555306,32900,460.5,112.3
42.71084,-100.54234,32850,458.0,115.6
42.705826,-100.529959,32825,456.1,119.0
42.699646,-100.516787,32775,454.4,122.3
42.693802,-100.505868,32750,452.1,125.7
42.687332,-100.495064,32725,450.1,129.0
42.680191,-100.484453,32675,448.1,132.2
42.672958,-100.474902,32650,445.5,135.6
42.665312,-100.465883,32600,442.2,138.9
42.658097,-100.458282,32575,439.1,142.2
42.64981,-100.450489,32525,435.8,145.5
42.640221,-100.442569,32475,432.5,148.8
42.631795,-100.436501,32425,428.1,152.0
42.622344,-100.43056,32400,425.5,155.1
42.613034,-100.425578,32350,421.4,158.9
42.603118,-100.421107,32325,417.4,162.0
42.593353,-100.417598,32275,414.1,165.0
42.583194,-100.414784,32250,410.7,168.2
42.573465,-100.412803,32225,407.0,171.9
42.563735,-100.41159,32175,404.6,174.9
42.55394,-100.411106,32150,402.2,178.0
42.544556,-100.411334,32100,400.1,181.0
42.534348,-100.412292,32050,397.1,184.3
42.502845,-100.416317,32000,397.8,185.5
42.466415,-100.421032,32000,399.8,185.4
42.430344,-100.425713,32000,400.8,185.4
42.394518,-100.430305,32000,399.8,185.4
42.357834,-100.435139,32000,398.9,185.6
42.328903,-100.439072,32000,396.6,186.5
42.319057,-100.441291,32000,394.4,189.5
42.310351,-100.44391,32000,391.6,192.7
42.300622,-100.447551,32000,389.6,196.2
42.280372,-100.455088,32000,392.7,194.6
42.252301,-100.464158,32000,393.7,193.4
42.217163,-100.475464,32000,393.9,193.5
42.18196,-100.486897,32000,395.1,193.6
42.14686,-100.498459,32000,394.4,193.8
42.11174,-100.509983,32000,393.2,193.7
42.076355,-100.521656,32000,393.6,194.0
42.041336,-100.533454,32000,394.8,194.1
42.006454,-100.54519,32000,394.8,194.1
41.971684,-100.556775,32000,394.6,193.9
41.937057,-100.568536,32000,396.1,194.2
41.901669,-100.5806,32000,395.3,194.4
41.866755,-100.592545,32000,395.3,194.4
41.83223,-100.604366,32000,393.4,194.4
41.796936,-100.616538,32000,394.6,194.5
41.762013,-100.628698,32000,395.8,194.6
41.726898,-100.640821,32000,395.8,194.6
41.691626,-100.653034,32000,394.6,194.5
41.656677,-100.665103,32000,394.6,194.5
41.621384,-100.6774,32000,395.1,194.8
41.586411,-100.689572,32000,394.9,194.7
41.551437,-100.701745,32000,394.9,194.7
41.516739,-100.714042,32000,396.6,195.1
41.481491,-100.726526,32000,396.4,194.9
41.446854,-100.738816,32000,397.3,194.9
41.42894,-100.745503,32000,394.6,196.2
41.420971,-100.749228,32000,392.2,199.4
41.412689,-100.753805,32000,389.5,202.8
41.404907,-100.758799,32000,387.7,206.5
41.39695,-100.764941,32000,385.4,210.2
41.389641,-100.771328,32000,382.5,214.0
41.383031,-100.778025,32000,381.3,217.9
41.377121,-100.784851,32000,380.0,220.9
41.371113,-100.792632,32000,380.4,224.8
41.365494,-100.800903,32000,381.6,227.9
41.360499,-100.809298,32000,382.3,231.7
41.355891,-100.818038,32000,384.7,235.5
41.350754,-100.829285,32000,385.5,238.6
41.346863,-100.838928,32000,387.8,242.2
41.33066,-100.881022,32000,397.6,242.9
41.313947,-100.923968,32000,404.8,242.8
41.296967,-100.96759,32000,405.2,242.7
41.280167,-101.010803,32000,403.0,242.7
41.263298,-101.054119,32000,403.0,242.7
41.246613,-101.096863,32000,403.9,242.7
41.229781,-101.140324,32000,403.4,242.9
41.212743,-101.184144,32000,402.5,242.8
41.196213,-101.226746,32000,401.6,242.7
41.182892,-101.260803,31950,401.6,242.7
41.167648,-101.299927,31725,397.2,242.7
41.155609,-101.33075,31550,387.3,242.6
41.141052,-101.368042,31325,377.9,242.8
41.126575,-101.405119,31100,369.4,242.6
41.111073,-101.444633,30875,364.1,242.5
41.095871,-101.483459,30675,361.4,242.6
41.080953,-101.521412,30450,359.1,242.6
41.06575,-101.560303,30225,359.1,242.6
41.058003,-101.579465,30125,361.3,240.7
41.053767,-101.588204,30050,362.3,237.1
41.049344,-101.596257,29975,364.2,233.0
41.043944,-101.604808,29925,364.8,229.9
41.037613,-101.613735,29850,365.7,226.4
41.025009,-101.630432,29750,365.6,224.7
41.002579,-101.659302,29525,365.6,224.2
40.980789,-101.687378,29300,362.8,224.2
40.957169,-101.717529,29075,360.7,224.1
40.933802,-101.747443,28875,360.0,224.2
40.911457,-101.776033,28650,360.0,224.0
40.889577,-101.803811,28425,358.6,224.0
40.866301,-101.833524,28200,357.1,224.2
40.843277,-101.862854,27975,355.0,224.1
40.824544,-101.886895,27775,353.6,224.8
40.818725,-101.895322,27725,352.8,228.4
40.812973,-101.904785,27650,351.9,231.9
40.808441,-101.913208,27600,350.9,235.4
40.804061,-101.922788,27525,350.7,239.1
40.800293,-101.932129,27475,350.2,242.6
40.796494,-101.943176,27400,349.2,246.0
40.783951,-101.981262,27200,351.1,246.5
40.776993,-102.00238,27100,360.6,246.6
40.767609,-102.030884,27000,369.5,246.6
40.753877,-102.072352,27000,376.2,246.5
40.739914,-102.114502,27000,379.7,246.4
40.726044,-102.15625,27000,377.5,246.4
40.71212,-102.19832,27000,374.0,246.5
40.698573,-102.239144,27000,370.8,246.5
40.685165,-102.279724,27000,371.7,246.5
40.671433,-102.321167,27000,373.0,246.5
40.657887,-102.362054,27000,372.1,246.4
40.644247,-102.40294,27000,368.6,246.5
40.630783,-102.443542,27000,366.4,246.5
40.617599,-102.483276,27000,364.5,246.4
40.604212,-102.523228,27000,363.6,246.3
40.590991,-102.562804,27000,362.7,246.3
40.577584,-102.602816,27000,361.4,246.3
40.564223,-102.642704,27000,360.5,246.3
40.551049,-102.682155,27000,361.4,246.3
40.538713,-102.718797,26975,364.0,246.2
40.534896,-102.730096,26900,364.9,246.2
40.524307,-102.761475,26625,363.1,246.1
40.513435,-102.793579,26375,359.9,246.1
40.502609,-102.825623,26125,359.5,246.2
40.492766,-102.854753,25850,357.7,246.1
40.482198,-102.886089,25575,354.2,246.2
40.470886,-102.919495,25325,353.2,246.1
40.460175,-102.951172,25075,352.3,246.1
40.450287,-102.980286,24800,350.1,246.1
40.439575,-103.011841,24550,350.1,246.1
40.42992,-103.040335,24275,347.9,246.1
40.419159,-103.071777,24000,345.1,245.9
40.40831,-103.103516,23750,344.2,245.8
40.397613,-103.134967,23475,346.0,245.9
40.387482,-103.164734,23200,346.9,246.0
40.377365,-103.194214,22925,346.4,245.8
40.367308,-103.223544,22650,346.4,245.8
40.356766,-103.254395,22400,346.0,245.9
40.346466,-103.284546,22125,345.1,245.9
40.335709,-103.315796,21875,345.5,245.7
40.32569,-103.344768,21600,344.6,245.7
40.315867,-103.37317,21325,342.4,245.7
40.30544,-103.403445,21075,339.7,245.9
40.295757,-103.43166,20800,336.6,245.8
40.2854,-103.461426,20550,334.3,245.4
40.275146,-103.490906,20300,332.5,245.7
40.264984,-103.520142,20025,331.6,245.6
40.261368,-103.530518,19900,332.1,245.8
40.254044,-103.552063,19550,330.9,246.3
40.250244,-103.564453,19325,330.2,248.9
40.247498,-103.575195,19175,328.9,252.1
40.244875,-103.587529,19000,327.9,255.2
40.240406,-103.610375,18650,325.2,255.6
40.235891,-103.633159,18300,323.3,255.5
40.231235,-103.656443,17950,320.7,255.2
40.226487,-103.680101,17600,318.5,255.3
40.221954,-103.70282,17250,317.3,255.4
40.217422,-103.725586,16925,316.0,255.5
40.212894,-103.748516,16600,315.3,255.3
40.208239,-103.771674,16250,314.4,255.3
40.203676,-103.794459,15900,314.4,255.3
40.199066,-103.817505,15550,314.4,255.3
40.197327,-103.826111,15450,313.4,255.2
40.193756,-103.844055,15300,309.0,255.4
40.188547,-103.869802,15150,300.0,255.1
40.183823,-103.894043,15000,290.1,256.4
40.182961,-103.901076,14950,286.1,260.3
40.182587,-103.908142,14900,283.4,264.3
40.182681,-103.912811,14875,282.1,271.2
40.183273,-103.919861,14850,282.3,275.5
40.184189,-103.926575,14775,284.6,280.3
40.185707,-103.936469,14650,284.8,281.5
40.189178,-103.95813,14325,285.9,281.7
40.193062,-103.983224,14025,282.6,281.4
40.1966,-104.00632,13725,280.4,281.3
40.200165,-104.029358,13425,277.5,281.4
40.203964,-104.053223,13150,275.7,281.7
40.207489,-104.075195,12850,275.0,282.0
40.211171,-104.098393,12550,273.4,281.4
40.214859,-104.12207,12300,273.8,281.8
40.216758,-104.133911,12225,272.8,281.9
40.219345,-104.150085,12125,267.7,281.9
40.22049,-104.157288,12050,265.5,281.7
40.222483,-104.169554,11875,263.8,282.0
40.224997,-104.18491,11750,258.5,281.8
40.227325,-104.199579,11600,254.4,281.8
40.228867,-104.20874,11525,252.6,282.1
40.229653,-104.213687,11425,250.7,282.2
40.231422,-104.224798,11225,249.3,280.6
40.231794,-104.229292,11150,248.9,277.1
40.231979,-104.234924,11025,248.5,273.5
40.231794,-104.239842,10900,249.2,267.5
40.231189,-104.246209,10775,250.9,262.9
40.230072,-104.254449,10625,251.9,259.9
40.228209,-104.266246,10450,251.4,258.1
40.226166,-104.278809,10300,248.5,257.9
40.22438,-104.289795,10125,247.5,257.9
40.22319,-104.297058,10050,246.3,258.0
40.221817,-104.305481,10000,244.6,257.7
40.217316,-104.333538,9950,242.8,258.6
40.213173,-104.361565,9950,239.3,259.2
40.209229,-104.389648,9950,239.9,259.7
40.205213,-104.417558,9950,241.1,259.5
40.201116,-104.446023,9950,239.5,258.9
40.197019,-104.474113,9950,237.1,259.3
40.193024,-104.502197,9950,240.1,259.4
40.188919,-104.530043,9950,241.2,259.2
40.18473,-104.55832,9950,240.6,258.7
40.181305,-104.579895,9950,236.1,258.0
40.179794,-104.589233,9950,231.5,257.5
40.177607,-104.601766,9950,227.0,256.8
40.176816,-104.605137,9950,223.4,253.4
40.175537,-104.609131,9975,220.4,248.4
40.174023,-104.612753,9975,218.7,242.5
40.172626,-104.615374,9975,218.8,235.8
40.170624,-104.618371,9975,219.9,229.4
40.168488,-104.620911,9975,220.6,224.6
40.166336,-104.622986,9950,221.6,217.9
40.163781,-104.625112,9975,222.5,212.3
40.160065,-104.627625,9975,223.7,207.7
40.15354,-104.631667,9950,225.0,205.0
40.135391,-104.642639,9925,229.9,205.2
40.132219,-104.644651,9900,232.1,205.8
40.123793,-104.650019,9750,233.9,206.1
40.114334,-104.656006,9600,232.6,206.0
40.104309,-104.662354,9475,230.8,206.2
40.096115,-104.667664,9325,229.9,206.3
40.087808,-104.672928,9175,229.4,206.1
40.080639,-104.677485,9000,229.4,206.1
40.076843,-104.67981,8900,230.9,204.6
40.072906,-104.681702,8775,233.4,199.5
40.069187,-104.682915,8650,235.3,195.3
40.065399,-104.683838,8550,236.6,190.0
40.060272,-104.684448,8425,237.2,185.8
40.054337,-104.684788,8300,236.2,182.2
40.045073,-104.6851,8125,236.1,181.2
40.036973,-104.685225,7950,236.0,180.5
40.028826,-104.685287,7775,235.0,180.5
40.019562,-104.68535,7625,232.0,180.2
40.010205,-104.685412,7450,229.0,180.2
40.001495,-104.685547,7300,224.0,180.8
39.992569,-104.68573,7125,221.0,180.5
39.986206,-104.685791,7025,218.0,180.5
39.982227,-104.685849,6950,216.0,180.5
39.978653,-104.685852,6850,212.0,180.3
39.973103,-104.685912,6750,208.0,180.3
39.968308,-104.685912,6650,203.0,180.3
39.963234,-104.686037,6550,199.0,181.1
39.957834,-104.686161,6450,194.0,180.9
39.953339,-104.686218,6375,189.0,180.3
39.948943,-104.686161,6300,184.0,179.7
39.944229,-104.686218,6200,179.0,180.6
39.93837,-104.68634,6100,176.0,181.3
39.93237,-104.686411,6000,175.0,180.3
39.927203,-104.686473,5900,175.0,181.0
39.922028,-104.686571,5800,174.0,180.7
39.916915,-104.686523,5700,173.0,179.7
39.911934,-104.686584,5600,172.0,180.3
39.905319,-104.68675,5500,171.0,181.3
39.899923,-104.686829,5400,168.0,180.3
39.895407,-104.686829,5300,168.0,180.3
39.893784,-104.68687,5300,168.0,180.7
39.890938,-104.68689,5300,164.0,180.7
39.889076,-104.686951,5300,159.0,180.4
39.888016,-104.686929,5300,156.0,180.4
39.88768,-104.686951,5300,148.0,180.8
39.886656,-104.686951,5300,144.0,180.4
39.886047,-104.686929,5300,140.0,180.4
39.885445,-104.686951,5300,136.0,180.4
39.884887,-104.686951,5300,132.0,180.4
39.884308,-104.686989,5300,128.0,180.9
39.883444,-104.687012,5300,125.0,180.9
39.882931,-104.687012,5325,117.0,181.0
39.881814,-104.687012,5325,113.0,181.0
39.881628,-104.687012,5325,106.0,180.5
39.880966,-104.687049,5325,102.0,180.6
39.880883,-104.687027,-50.0,102.5,180.0
39.880486,-104.687034,-50.0,99.0,180.0
39.880057,-104.687027,-50.0,95.0,180.0
39.879673,-104.687042,-50.0,91.0,180.0
39.87951,-104.687027,-50.0,85.0,180.0
39.879135,-104.687034,-50.0,81.0,180.0
39.878792,-104.687034,-50.0,77.0,180.0
39.878471,-104.687034,-50.0,75.0,180.0
39.878036,-104.687049,-50.0,71.0,180.0
39.877881,-104.687042,-50.0,67.5,180.0
39.877464,-104.687049,-50.0,64.5,180.0
39.877054,-104.687057,-50.0,60.5,180.0
39.876629,-104.687064,-50.0,56.5,180.0
39.876298,-104.687073,-50.0,55.5,180.0
39.875844,-104.687073,-50.0,50.5,180.0
39.875518,-104.687057,-50.0,48.5,180.0
39.875343,-104.687057,-50.0,45.5,180.0
39.875146,-104.687057,-50.0,42.5,180.0
39.874912,-104.687034,-50.0,38.5,177.2
39.874729,-104.687004,-50.0,37.5,174.4
39.874546,-104.686974,-50.0,37.5,171.6
39.874377,-104.68692,-50.0,36.5,168.8
39.874065,-104.686825,-50.0,34.5,165.9
39.873837,-104.686735,-50.0,33.5,163.1
39.873644,-104.686646,-50.0,32.5,160.3
39.873435,-104.686523,-50.0,30.5,157.5
39.873116,-104.686332,-50.0,28.5,154.7
39.872749,-104.686079,-50.0,24.5,151.9
39.872411,-104.685822,-50.0,20.5,149.1
39.872074,-104.685586,-50.0,19.5,151.9
39.871708,-104.685332,-50.0,19.5,151.9
39.871503,-104.685196,-50.0,19.5,154.7
39.871305,-104.68512,-50.0,19.5,160.3
39.871119,-104.685074,-50.0,19.5,165.9
39.870941,-104.685034,-50.0,19.5,171.6
39.870723,-104.685013,-50.0,19.5,174.4
39.870549,-104.684998,-50.0,19.5,177.2
39.870141,-104.685013,-50.0,20.5,180.0
39.869699,-104.685013,-50.0,20.5,180.0
39.86928,-104.685013,-50.0,21.5,180.0
39.86887,-104.685019,-50.0,21.5,180.0
39.868454,-104.685028,-50.0,21.5,180.0
39.868011,-104.685028,-50.0,22.5,180.0
39.867611,-104.685034,-50.0,22.5,180.0
39.867185,-104.685043,-50.0,23.5,180.0
39.866787,-104.685049,-50.0,23.5,180.0
39.866386,-104.685049,-50.0,24.5,180.0
39.86594,-104.685064,-50.0,24.5,180.0
39.865544,-104.685059,-50.0,24.5,180.0
39.86515,-104.685064,-50.0,22.5,180.0
39.864741,-104.685074,-50.0,19.5,180.0
39.864326,-104.685078,-50.0,16.5,180.0
39.863892,-104.685078,-50.0,16.5,180.0
39.863457,-104.685078,-50.0,17.5,180.0
39.86303,-104.685089,-50.0,17.5,180.0
39.862623,-104.685104,-50.0,18.5,180.0
39.862181,-104.685104,-50.0,18.5,180.0
39.861762,-104.685104,-50.0,19.5,180.0
39.861331,-104.685104,-50.0,19.5,180.0
39.860889,-104.68512,-50.0,19.5,180.0
39.860447,-104.685123,-50.0,20.5,180.0
39.860016,-104.685135,-50.0,20.5,180.0
39.8596,-104.685138,-50.0,21.5,180.0
39.859211,-104.685138,-50.0,21.5,180.0
39.858794,-104.685135,-50.0,21.5,180.0
39.858353,-104.685138,-50.0,22.5,180.0
39.85791,-104.68515,-50.0,22.5,180.0
39.857494,-104.685153,-50.0,22.5,180.0
39.857072,-104.68515,-50.0,23.5,180.0
39.856676,-104.685165,-50.0,23.5,180.0
39.856292,-104.685165,-50.0,23.5,180.0
39.855881,-104.685168,-50.0,23.5,180.0
39.85548,-104.685183,-50.0,23.5,180.0
39.85507,-104.685181,-50.0,22.5,180.0
39.854651,-104.685181,-50.0,20.5,180.0
39.854221,-104.685198,-50.0,17.5,180.0
39.853801,-104.685196,-50.0,15.5,180.0
39.853443,-104.685198,-50.0,13.8,177.2
39.853348,-104.68515,-50.0,14.2,168.8
39.853294,-104.685108,-50.0,14.2,163.1
39.853214,-104.685049,-50.0,13.8,151.9
39.853173,-104.684952,-50.0,13.2,140.6
39.853126,-104.684845,-50.0,13.2,129.4
39.853115,-104.684738,-50.0,12.2,118.1
39.8531,-104.684646,-50.0,11.8,109.7
39.853103,-104.68454,-50.0,11.2,101.2
39.8531,-104.684377,-50.0,10.8,95.6
39.853103,-104.684189,-50.0,10.2,90.0
39.8531,-104.683645,-50.0,9.2,90.0
39.8531,-104.683138,-50.0,8.2,90.0
39.853103,-104.682648,-50.0,8.2,90.0
39.853091,-104.682281,-50.0,9.2,90.0
39.853077,-104.682048,-50.0,10.2,95.6
39.853033,-104.681915,-50.0,11.2,104.1
39.852975,-104.681747,-50.0,12.2,109.7
39.852835,-104.681274,-50.0,13.8,106.9
39.852835,-104.681107,-50.0,13.8,98.4
39.852835,-104.680939,-50.0,13.8,90.0
39.852847,-104.680389,-50.0,14.2,90.0
39.852837,-104.679839,-50.0,14.8,90.0
39.852835,-104.679306,-50.0,15.5,90.0
39.852825,-104.678764,-50.0,15.5,90.0
39.852824,-104.678207,-50.0,16.5,90.0
39.852824,-104.677658,-50.0,16.5,90.0
39.852824,-104.677139,-50.0,17.5,90.0
39.852812,-104.676498,-50.0,17.5,90.0
39.852814,-104.675988,-50.0,17.5,90.0
39.852801,-104.675293,-50.0,17.5,90.0
39.852802,-104.674749,-50.0,18.5,90.0
39.852801,-104.67421,-50.0,18.5,90.0
39.852779,-104.673764,-50.0,18.5,90.0
39.852757,-104.672928,-50.0,17.5,90.0
39.852779,-104.67242,-50.0,16.5,90.0
39.852777,-104.671921,-50.0,12.2,90.0
39.852777,-104.671448,-50.0,11.8,90.0
39.852779,-104.670883,-50.0,10.2,90.0
39.852777,-104.670609,-50.0,7.8,90.0
39.852791,-104.670554,-50.0,6.8,81.6
39.852824,-104.670517,-50.0,6.2,73.1
39.852882,-104.670495,-50.0,6.8,59.1
39.85294,-104.67048,-50.0,6.8,45.0
39.852985,-104.67048,-50.0,6.8,33.8
39.853033,-104.670502,-50.0,6.8,25.3
39.853068,-104.670502,-50.0,6.2,16.9
39.853134,-104.67051,-50.0,5.8,8.4
39.853191,-104.670525,-50.0,5.2,2.8
39.853348,-104.670517,-50.0,3.8,2.8
39.853441,-104.670517,-50.0,2.2,0.0
39.853466,-104.670525,-50.0,0.0,0.0
39.853466,-104.670525,-50.0,0.7,0.0
