lat,lon,alt,gs,track
23.331299,61.062313,-50.0,0.0,276.0
23.349159,60.926922,-50.0,0.0,278.0
23.383896,60.662109,-50.0,492.0,278.0
23.392593,60.627003,-50.0,492.0,285.0
23.396921,60.612438,-50.0,492.0,288.0
23.398737,60.606586,34000,492.0,289.0
23.403671,60.591946,34000,492.0,290.0
23.408466,60.578869,34000,492.0,292.0
23.423456,60.53772,34000,492.0,291.0
23.441286,60.488739,34000,493.0,292.0
23.453901,60.454254,34000,493.0,292.0
23.470917,60.407776,34000,490.0,292.0
23.487419,60.362396,34000,490.0,291.0
23.499989,60.327862,34000,490.0,291.0
23.516514,60.28249,34000,492.0,292.0
23.530563,60.243832,34000,490.0,292.0
23.547913,60.196125,34000,492.0,292.0
23.554594,60.177715,34000,490.0,292.0
23.570562,60.133667,34000,490.0,291.0
23.586855,60.088684,34000,490.0,292.0
23.598866,60.055416,34000,490.0,292.0
23.613922,60.013783,34000,490.0,292.0
23.626144,59.979961,34000,490.0,292.0
23.642761,59.93388,34000,494.0,291.0
23.65538,59.898911,34000,494.0,292.0
23.674164,59.846851,34000,490.0,292.0
23.687622,59.809368,34000,490.0,291.0
23.704166,59.763344,34000,490.0,291.0
23.71734,59.726757,34000,494.0,292.0
23.729816,59.692036,34000,490.0,291.0
23.745438,59.64854,34000,490.0,292.0
23.760956,59.605206,34000,490.0,292.0
23.773994,59.568752,34000,494.0,291.0
23.786316,59.534199,34000,494.0,291.0
23.797504,59.502937,34000,490.0,292.0
23.816162,59.450481,34000,490.0,291.0
23.833443,59.402039,34000,490.0,291.0
23.846695,59.364979,34000,493.0,291.0
23.861235,59.324253,34000,490.0,291.0
23.874735,59.28627,34000,490.0,292.0
23.889496,59.244587,34000,490.0,291.0
23.906111,59.197758,34000,493.0,291.0
23.920309,59.158993,34000,490.0,292.0
23.931341,59.130646,34000,490.0,293.0
23.945984,59.094543,34000,490.0,294.0
23.963882,59.05238,34000,493.0,295.0
23.980408,59.013622,34000,493.0,295.0
23.994186,58.9814,34000,492.0,295.0
24.014694,58.93346,34000,492.0,295.0
24.029205,58.899433,34000,492.0,295.0
24.044861,58.862762,34000,492.0,295.0
24.064133,58.817493,34000,492.0,295.0
24.080933,58.778126,34000,490.0,295.0
24.095673,58.743389,34000,490.0,295.0
24.114199,58.699745,34000,490.0,295.0
24.130325,58.661907,34000,490.0,295.0
24.148834,58.618279,34000,490.0,295.0
24.164291,58.581848,34000,490.0,295.0
24.176113,58.55402,34000,480.0,295.0
24.183376,58.536919,34000,490.0,295.0
24.190451,58.520077,34000,480.0,295.0
24.211075,58.471375,34000,489.0,294.8
24.229509,58.427832,34000,489.0,294.8
24.248502,58.382954,34000,489.0,294.8
24.266693,58.339793,34000,489.0,294.8
24.284912,58.296611,34000,489.9,294.7
24.303223,58.253174,34000,489.9,294.7
24.321304,58.210144,34000,490.4,294.6
24.339066,58.167979,34000,490.9,294.7
24.357388,58.124413,34000,490.4,294.6
24.375824,58.080343,34000,490.4,294.6
24.391836,58.042171,34000,490.4,294.6
24.410597,57.997396,34000,491.4,294.5
24.428101,57.955526,34000,491.8,294.6
24.444214,57.917074,34000,491.4,294.5
24.461792,57.87501,34000,490.9,294.4
24.479828,57.831777,34000,490.4,294.6
24.498138,57.787933,34000,490.0,294.5
24.514595,57.747509,34000,490.4,293.4
24.527164,57.714136,34000,491.2,292.1
24.541735,57.674906,34000,492.1,292.1
24.558354,57.630028,34000,493.0,292.0
24.575578,57.583802,34000,492.9,292.3
24.592163,57.539927,34000,492.3,292.5
24.608551,57.496592,34000,492.3,292.5
24.625534,57.45163,34000,492.3,292.5
24.642471,57.406718,34000,491.0,292.4
24.659363,57.361806,34000,491.0,292.4
24.67669,57.315985,34000,491.4,292.5
24.693821,57.270588,34000,491.4,292.5
24.710905,57.225399,34000,491.4,292.5
24.727711,57.180677,34000,491.9,292.3
24.744324,57.136383,34000,491.9,292.3
24.761275,57.091387,34000,491.0,292.4
24.777987,57.046872,34000,491.9,292.3
24.795135,57.000885,34000,491.6,292.2
24.811877,56.956079,34000,491.6,292.2
24.828776,56.910786,34000,491.6,292.2
24.845901,56.864827,34000,490.6,292.3
24.863038,56.818905,34000,490.6,292.3
24.879593,56.774394,34000,490.2,292.2
24.896072,56.729889,34000,489.3,292.2
24.912802,56.684996,34000,489.3,292.2
24.929214,56.640778,34000,489.3,292.2
24.946106,56.595154,34000,488.6,292.0
24.957865,56.561815,34000,488.6,290.7
24.971832,56.519775,34000,488.4,289.6
24.984329,56.479594,34000,488.3,288.5
24.998552,56.432881,34000,489.2,288.5
25.01261,56.386604,34000,488.9,288.4
25.026627,56.340281,34000,489.8,288.3
25.040588,56.293945,34000,489.8,288.3
25.054733,56.247152,34000,489.8,288.3
25.069199,56.199137,34000,489.5,288.2
25.083277,56.152004,34000,489.5,287.8
25.089515,56.128839,34000,489.7,285.9
25.095008,56.105364,34000,490.4,283.9
25.099503,56.082967,34000,490.5,281.9
25.103667,56.058413,34000,490.4,280.0
25.106827,56.035665,34000,490.7,278.0
25.112977,55.98638,34000,490.6,277.9
25.118958,55.938059,34000,491.5,277.7
25.124894,55.889265,34000,491.3,277.6
25.1309,55.83993,34000,491.3,277.6
25.136078,55.799815,34000,490.8,278.8
25.141342,55.766042,34000,490.8,280.2
25.14743,55.73171,34000,490.9,281.5
25.154984,55.693868,34000,491.2,282.8
25.164836,55.645804,34000,490.8,282.6
25.174347,55.599213,34000,491.0,282.7
25.183969,55.552368,34000,491.0,282.7
25.193939,55.503743,34000,491.0,282.7
25.200402,55.471266,34000,490.7,281.4
25.202545,55.456645,34000,491.1,279.0
25.20408,55.44152,34000,490.9,276.2
25.204964,55.42701,34000,490.9,273.4
25.205337,55.409546,34000,491.0,270.5
25.204918,55.392755,34000,491.3,268.0
25.204056,55.378774,34000,491.6,265.5
25.202362,55.363363,34000,491.8,262.9
25.199203,55.34139,34000,491.4,260.8
25.192116,55.292117,34000,492.2,260.9
25.184854,55.243455,34000,491.7,260.5
25.177551,55.195312,34000,491.7,260.5
25.170329,55.147895,34000,491.7,260.5
25.164883,55.110635,34000,491.0,261.8
25.161575,55.081075,34000,491.2,263.5
25.156769,55.031382,34000,490.6,264.1
25.152237,54.98291,34000,490.7,264.0
25.147565,54.93475,34000,490.8,263.9
25.142761,54.886576,34000,491.0,263.7
25.13768,54.837392,34000,490.2,263.4
25.132482,54.788507,34000,490.3,263.3
25.127315,54.73995,34000,490.4,263.2
25.122008,54.691081,34000,490.4,263.2
25.116655,54.641747,34000,490.6,263.1
25.111588,54.595896,34000,490.6,263.1
25.108089,54.562148,34000,490.3,264.5
25.107112,54.545979,34000,490.9,266.6
25.106646,54.525717,34000,491.1,268.6
25.106873,54.509023,34000,491.1,271.4
25.107834,54.488525,34000,490.9,273.5
25.109393,54.470629,34000,491.6,275.8
25.111813,54.450833,34000,491.2,278.3
25.118134,54.40684,34000,490.8,278.8
25.124848,54.360144,34000,491.2,279.1
25.131729,54.313253,34000,490.2,279.1
25.138824,54.264425,34000,491.1,279.0
25.145874,54.216054,34000,491.1,279.0
25.152453,54.170578,34000,491.1,279.0
25.159203,54.12342,34000,490.9,278.9
25.162881,54.097405,33975,491.9,278.9
25.164324,54.087766,33925,492.2,279.1
25.166794,54.07074,33800,491.2,279.1
25.168793,54.057191,33675,490.2,279.1
25.172052,54.035115,33400,488.3,279.2
25.176242,54.006509,33000,485.1,279.1
25.180292,53.978577,32600,482.9,278.9
25.184143,53.951467,32200,480.7,278.9
25.187622,53.9269,31850,478.8,278.9
25.190186,53.909149,31600,476.8,278.9
25.193939,53.88265,31225,473.7,278.9
25.197739,53.855794,30850,471.7,278.9
25.201287,53.831246,30500,468.9,279.1
25.205566,53.804576,30125,466.4,280.2
25.210327,53.778127,29750,463.4,281.6
25.216137,53.748693,29350,460.2,282.7
25.222561,53.719206,28950,457.2,283.8
25.228008,53.69459,28575,455.7,283.6
25.23392,53.66785,28200,452.8,283.7
25.240265,53.639526,27800,449.9,283.8
25.246256,53.61297,27425,447.2,284.0
25.251938,53.587646,27050,444.1,283.9
25.257661,53.562236,26700,441.7,283.8
25.263574,53.535703,26325,438.7,283.9
25.269379,53.509725,25975,436.6,283.8
25.273636,53.49055,25700,434.4,283.7
25.279029,53.466106,25350,432.2,283.6
25.282288,53.451388,25150,431.0,283.5
25.288605,53.423157,24775,428.6,283.9
25.292725,53.404744,24450,427.6,283.9
25.297806,53.382111,24075,427.4,283.8
25.304214,53.353221,23700,424.9,283.6
25.310312,53.325408,23325,421.3,283.9
25.315666,53.30157,23100,417.9,283.7
25.322937,53.268534,22800,412.6,283.6
25.326462,53.252411,22675,408.4,283.6
25.332825,53.223368,22475,399.2,283.6
25.334938,53.213783,22425,397.0,283.5
25.340385,53.188442,22250,386.5,282.7
25.342163,53.177439,22150,384.4,280.5
25.343445,53.165538,22025,383.3,277.5
25.343969,53.155587,21900,382.8,273.6
25.344062,53.144652,21750,383.0,270.1
25.343504,53.132318,21575,383.3,267.9
25.34248,53.122161,21425,385.8,263.1
25.340711,53.110035,21250,385.8,263.1
25.338409,53.095856,21075,387.8,260.0
25.333681,53.065882,20700,386.8,260.0
25.330423,53.046242,20425,387.0,259.9
25.327396,53.028103,20100,380.0,260.0
25.326416,53.022205,20075,390.0,260.0
25.324448,53.010712,19950,380.0,259.0
25.316803,52.965851,19700,380.0,259.0
25.316483,52.963918,19675,380.0,259.0
25.312593,52.941196,19425,383.0,260.0
25.307236,52.909342,19200,382.3,259.6
25.301102,52.872569,18850,381.3,259.6
25.297138,52.849007,18675,380.0,260.0
25.29332,52.826336,18425,380.0,259.0
25.288284,52.796375,18300,370.0,260.0
25.28294,52.764484,18050,370.0,260.0
25.280565,52.743702,17750,376.0,263.0
25.280228,52.737988,17675,374.1,268.5
25.279588,52.698099,17425,374.0,269.7
25.279681,52.662912,17150,375.0,270.0
25.27977,52.64389,17050,370.0,270.0
25.279819,52.627102,16950,360.0,270.0
25.279961,52.597824,16725,360.0,270.0
25.280045,52.564697,16550,350.0,270.0
25.28009,52.537891,16375,340.0,270.0
25.280136,52.527973,16325,340.0,270.0
25.280146,52.51786,115900,340.0,270.0
25.280146,52.49651,115900,330.0,270.0
25.280182,52.491047,16125,330.0,270.0
25.2801,52.456402,16025,330.0,270.0
25.280193,52.421265,15675,330.0,270.0
25.280333,52.396027,15500,330.0,270.0
25.280565,52.369133,15325,330.0,270.0
25.280704,52.348713,15175,333.0,270.0
25.280457,52.340546,15100,330.0,268.0
25.278214,52.325287,15100,330.0,259.0
25.267502,52.30189,14875,330.0,259.0
25.265529,52.299275,14850,335.8,233.2
25.254076,52.288029,14775,330.0,218.0
25.251471,52.286163,14700,335.0,213.0
25.230289,52.27751,14650,330.0,208.0
25.217952,52.276577,14575,332.0,182.1
25.213158,52.276784,14550,333.0,179.8
25.190643,52.279307,14450,332.0,173.8
25.185928,52.279968,14425,331.5,172.9
25.167768,52.282433,14350,330.0,173.0
25.161667,52.283223,14300,330.3,173.2
25.144958,52.285282,14175,329.1,173.5
25.135712,52.286175,14175,328.2,175.1
25.121887,52.286633,14100,320.0,179.0
25.116257,52.286732,14025,326.0,179.1
25.107193,52.286835,13975,326.1,181.1
25.090538,52.286476,13900,326.4,182.8
25.07785,52.285461,13825,326.4,182.8
25.07336,52.285023,13825,320.0,185.0
25.046768,52.281901,13400,320.0,186.0
25.032442,52.280048,13225,320.0,187.0
25.027405,52.279408,13150,310.0,187.0
25.015124,52.277665,12950,310.0,187.0
24.99939,52.273102,12575,318.0,200.0
24.996323,52.271679,12575,320.0,203.0
24.981491,52.261505,12575,320.0,217.0
24.975494,52.255451,12075,332.4,228.8
24.971924,52.250977,12000,334.2,233.0
24.962473,52.233459,12000,334.2,233.0
24.960659,52.228123,11625,330.0,249.0
24.958284,52.218224,11475,340.0,255.0
24.956223,52.208252,11325,340.0,258.0
24.954187,52.198845,11150,340.0,257.0
24.951874,52.188568,11000,340.0,256.0
24.950592,52.182667,10950,330.0,256.0
24.947296,52.167461,10800,330.0,257.0
24.944275,52.153065,10600,330.0,257.0
24.942215,52.143047,10475,330.0,257.0
24.940247,52.133533,10350,320.0,257.0
24.938232,52.123821,10225,320.0,257.0
24.935257,52.109272,10000,320.0,257.0
24.931229,52.089489,9800,310.0,257.0
24.9277,52.072346,9600,310.0,257.0
24.924486,52.056953,9400,310.0,257.0
24.92202,52.045242,9200,310.0,257.0
24.92053,52.038506,9100,310.0,256.0
24.919327,52.032978,9050,310.0,256.0
24.917542,52.024841,8950,300.0,256.0
24.913742,52.007343,8750,300.0,257.0
24.911079,51.995285,8575,300.0,256.0
24.907541,51.979168,8425,300.0,256.0
24.904795,51.966629,8275,300.0,256.0
24.902298,51.955158,8050,300.0,256.0
24.898651,51.938385,8050,290.0,257.0
24.895624,51.924236,7775,290.0,257.0
24.894367,51.918327,7700,280.0,257.0
24.892179,51.908119,7575,280.0,256.0
24.888885,51.892292,7400,270.0,257.0
24.885801,51.877907,7250,270.0,257.0
24.882776,51.863811,7075,270.0,257.0
24.880325,51.852467,6900,260.0,256.0
24.875931,51.832275,6875,260.0,256.0
24.874956,51.827797,6725,260.0,256.0
24.872536,51.816654,6625,260.0,257.0
24.87179,51.81308,6600,260.0,257.0
24.870071,51.805012,20300,260.0,257.0
24.866436,51.788204,6375,260.0,256.0
24.864061,51.777218,6300,260.0,257.0
24.862432,51.7696,6250,264.0,257.0
24.860184,51.756641,6150,260.0,260.0
24.859543,51.752117,6125,260.0,261.0
24.858307,51.740417,6050,260.0,264.0
24.857685,51.731667,6000,260.0,265.0
24.85675,51.718647,5925,260.0,266.0
24.855515,51.703491,5825,264.0,265.0
24.85437,51.688587,5725,260.0,266.0
24.853168,51.672432,5625,260.0,266.0
24.852797,51.666782,5600,260.0,266.0
24.852703,51.660099,5550,260.0,269.0
24.852983,51.655903,5525,260.0,274.0
24.856009,51.643669,5425,270.0,285.0
24.85817,51.63905,5425,270.0,297.0
24.861694,51.633404,5375,270.0,304.0
24.864624,51.629688,5325,270.0,311.0
24.87328,51.622425,5275,270.0,325.0
24.882357,51.618019,5200,270.0,338.0
24.887943,51.616722,5150,270.0,348.0
24.895624,51.61636,5075,267.0,1.0
24.90271,51.617535,5025,260.0,9.0
24.90976,51.620331,4975,255.0,23.0
24.913788,51.622875,4950,250.0,30.0
24.91777,51.626129,4900,240.0,36.0
24.92202,51.62999,4900,240.0,40.0
24.928444,51.636364,4825,242.0,42.0
24.93552,51.643723,4750,240.0,43.0
24.946014,51.654613,4650,241.0,43.0
24.950603,51.659374,4600,230.0,43.0
24.961258,51.67033,4525,230.0,43.0
24.964195,51.673313,4450,220.0,43.0
24.968899,51.678082,4400,220.0,43.0
24.975788,51.685078,4300,220.0,42.0
24.983322,51.691029,4225,220.0,34.0
24.986914,51.692852,4150,226.1,18.8
24.994812,51.695913,4125,226.1,18.8
25.006792,51.699482,4025,220.0,14.0
25.009918,51.70039,4000,210.0,15.0
25.018433,51.702679,3925,210.0,13.0
25.027954,51.702474,3875,210.0,6.0
25.028961,51.702321,3850,215.8,352.5
25.038447,51.699795,3800,215.5,351.2
25.041194,51.698862,3775,214.2,343.2
25.047729,51.69632,3750,214.4,341.2
25.054733,51.693217,3675,214.0,339.2
25.065633,51.688497,3600,212.4,338.8
25.076202,51.684011,3525,210.2,338.8
25.087048,51.679377,3450,209.7,338.5
25.094284,51.676178,3375,208.7,338.4
25.10213,51.672743,3225,206.5,338.4
25.105622,51.67124,3150,205.6,338.3
25.110696,51.669012,3050,204.6,338.2
25.115982,51.666718,2950,200.2,338.3
25.118591,51.665548,2900,197.0,338.2
25.121124,51.664452,2850,193.5,338.5
25.123489,51.663411,2825,189.4,338.3
25.12657,51.662068,2750,186.3,338.3
25.128851,51.661031,2725,184.4,338.0
25.130768,51.660207,2675,179.9,338.1
25.135666,51.658071,2600,175.5,338.3
25.139145,51.656545,2525,171.4,338.1
25.143469,51.654657,2425,169.2,338.1
25.149241,51.652118,2325,166.9,338.2
25.154755,51.649679,2225,164.7,338.3
25.159653,51.647542,2125,165.6,338.4
25.165302,51.64507,2025,166.0,338.1
25.170935,51.642583,1925,164.7,338.3
25.175869,51.640406,1850,164.7,338.3
25.181362,51.637971,1750,163.8,338.1
25.1849,51.636416,1675,163.8,338.1
25.188995,51.634623,1600,163.8,338.1
25.19463,51.632166,1500,163.8,338.1
25.198517,51.630452,1400,164.7,338.3
25.204285,51.627909,1300,163.8,338.1
25.209915,51.625417,1200,160.6,338.1
25.215363,51.623027,1100,158.4,338.1
25.223602,51.619415,950,158.4,338.1
25.227775,51.617604,875,158.4,338.1
25.233856,51.614889,775,159.7,337.9
25.23587,51.613973,725,160.6,338.1
25.244751,51.610158,550,160.3,338.4
25.249786,51.60792,450,161.6,338.2
25.254449,51.605841,350,161.9,337.9
25.257429,51.604493,275,162.9,338.0
25.259756,51.603509,250,162.5,338.3
25.263806,51.601695,225,155.6,337.7
25.266586,51.600494,250,144.5,338.0
25.267205,51.600192,250,139.1,338.0
25.267996,51.599881,250,135.6,338.4
25.268875,51.599477,275,132.8,337.9
25.270137,51.598948,275,129.2,338.2
25.27051,51.598741,275,120.7,338.1
25.271022,51.598534,275,118.5,338.2
25.272,51.598119,275,115.3,338.1
25.2724,51.5979,275,113.1,338.2
25.272791,51.597756,275,109.9,338.1
25.273117,51.597601,275,106.8,338.0
25.273862,51.59729,275,100.1,338.3
25.274467,51.597031,275,96.9,338.2
25.27486,51.596858,-50.0,91.0,337.5
25.275261,51.59668,-50.0,87.0,337.5
25.275524,51.596565,-50.0,83.0,337.5
25.276028,51.596336,-50.0,77.0,337.5
25.276634,51.596069,-50.0,69.5,337.5
25.278819,51.595204,-50.0,33.5,345.9
25.280344,51.595191,-50.0,20.5,5.6
25.280331,51.596462,-50.0,0.0,0.0
25.278016,51.597497,-50.0,15.5,157.5
25.276271,51.598262,-50.0,18.5,157.5
25.275742,51.598498,-50.0,19.5,157.5
25.274929,51.598854,-50.0,20.5,157.5
25.274529,51.599032,-50.0,21.5,157.5
25.274188,51.599182,-50.0,21.5,157.5
25.273885,51.599311,-50.0,21.5,157.5
25.273842,51.599325,-50.0,21.5,157.5
25.273443,51.599505,-50.0,21.5,157.5
25.273052,51.599681,-50.0,21.5,157.5
25.272686,51.599842,-50.0,21.5,157.5
25.27232,51.600011,-50.0,21.5,157.5
25.271906,51.600179,-50.0,21.5,157.5
25.271542,51.600355,-50.0,21.5,157.5
25.271173,51.600503,-50.0,21.5,157.5
25.270789,51.600684,-50.0,21.5,157.5
25.270409,51.60085,-50.0,21.5,157.5
25.269998,51.601021,-50.0,22.5,157.5
25.26963,51.601181,-50.0,22.5,157.5
25.269218,51.601371,-50.0,22.5,157.5
25.268822,51.601539,-50.0,22.5,157.5
25.268417,51.601728,-50.0,22.5,157.5
25.268017,51.601893,-50.0,22.5,157.5
25.267624,51.602071,-50.0,21.5,157.5
25.267262,51.602224,-50.0,21.5,157.5
25.26685,51.602414,-50.0,18.5,157.5
25.266449,51.60258,-50.0,15.5,157.5
25.266048,51.60277,-50.0,14.2,157.5
25.265648,51.602936,-50.0,12.8,157.5
25.265316,51.603088,-50.0,9.8,160.3
25.265179,51.603152,-50.0,9.8,157.5
25.26511,51.603216,-50.0,9.8,149.1
25.265064,51.603317,-50.0,9.2,137.8
25.26503,51.603508,-50.0,8.2,118.1
25.26503,51.603572,-50.0,7.8,109.7
25.26503,51.603622,-50.0,7.2,104.1
25.265063,51.60369,-50.0,7.2,95.6
25.265087,51.60375,-50.0,6.8,87.2
25.26511,51.603813,-50.0,6.8,81.6
25.265133,51.604014,-50.0,5.8,84.4
25.26511,51.604105,-50.0,5.2,90.0
25.265087,51.604156,-50.0,5.8,98.4
25.265052,51.604208,-50.0,5.2,104.1
25.265018,51.604233,-50.0,5.2,109.7
25.264993,51.604273,-50.0,5.2,115.3
25.264889,51.604338,-50.0,5.2,129.4
25.264824,51.604373,-50.0,5.2,137.8
25.264737,51.604416,-50.0,5.2,143.4
25.264691,51.604442,-50.0,5.8,146.2
25.264598,51.604467,-50.0,6.2,151.9
25.2644,51.604558,-50.0,7.2,154.7
25.264179,51.604662,-50.0,8.2,157.5
25.263874,51.604792,-50.0,7.2,157.5
25.263818,51.604869,-50.0,7.8,149.1
25.263794,51.604919,-50.0,7.8,137.8
25.263794,51.604996,-50.0,8.2,129.4
25.263794,51.605047,-50.0,7.8,120.9
25.263817,51.60511,-50.0,7.2,112.5
25.26383,51.605154,-50.0,7.2,101.2
25.263863,51.605212,-50.0,6.8,92.8
25.263908,51.605275,-50.0,6.8,81.6
25.263946,51.605348,-50.0,6.2,75.9
25.263988,51.605466,-50.0,6.2,70.3
25.264057,51.605644,-50.0,4.2,67.5
25.264149,51.605899,-50.0,1.9,67.5
25.264179,51.60597,-50.0,0.0,67.5
25.264183,51.605975,-50.0,0.0,67.5
25.264179,51.60597,-50.0,0.0,67.5
25.264183,51.605988,-50.0,0.0,67.5
25.264183,51.605988,-50.0,0.0,0.0
25.262878,51.611951,-50.0,0.0,67.5
25.262878,51.611951,-50.0,0.0,67.5
25.262878,51.611951,-50.0,0.0,67.5
25.262878,51.611951,-50.0,0.0,67.5
25.262775,51.611684,-50.0,2.2,70.3
25.262695,51.611468,-50.0,2.8,73.1
25.262661,51.611392,-50.0,2.8,75.9
25.262631,51.611334,-50.0,2.8,81.6
25.262608,51.611282,-50.0,2.2,84.4
25.262596,51.611243,-50.0,2.2,90.0
25.262573,51.611204,-50.0,2.2,92.8
25.262573,51.611191,-50.0,2.2,95.6
25.262549,51.61114,-50.0,2.2,104.1
25.262524,51.611074,-50.0,1.9,115.3
25.262515,51.611049,-50.0,1.9,120.9
25.262503,51.611023,-50.0,1.6,126.6
25.262491,51.610997,-50.0,1.6,132.2
25.262491,51.610958,-50.0,1.6,137.8
25.262489,51.610934,-50.0,1.6,143.4
25.262503,51.610906,-50.0,1.6,146.2
25.262547,51.610858,-50.0,1.6,149.1
25.262592,51.610819,-50.0,1.9,151.9
25.262638,51.610781,-50.0,2.2,154.7
25.262695,51.610743,-50.0,2.2,157.5
25.262856,51.610667,-50.0,1.9,157.5
25.262856,51.610667,-50.0,0.0,157.5
25.26284,51.610673,-50.0,0.0,157.5
25.262689,51.610738,-50.0,3.2,157.5
25.262615,51.610743,-50.0,3.8,163.1
25.262558,51.610743,-50.0,4.2,168.8
25.262503,51.610725,-50.0,4.8,174.4
25.262455,51.610705,-50.0,5.2,180.0
25.262421,51.61068,-50.0,5.8,185.6
25.262387,51.610634,-50.0,5.8,194.1
25.262352,51.610595,-50.0,6.2,202.5
25.262306,51.610489,-50.0,6.8,219.4
25.262272,51.610425,-50.0,6.8,225.0
25.262235,51.610349,-50.0,6.8,230.6
25.262203,51.61026,-50.0,7.2,236.2
25.262169,51.610171,-50.0,7.8,241.9
25.2621,51.609968,-50.0,8.2,244.7
25.261991,51.609663,-50.0,9.2,247.5
25.26186,51.609306,-50.0,10.2,247.5
25.261712,51.608911,-50.0,11.2,247.5
25.261572,51.60851,-50.0,12.2,247.5
25.261432,51.608121,-50.0,10.8,247.5
25.261281,51.607706,-50.0,11.8,247.5
25.261139,51.607323,-50.0,12.8,247.5
25.260979,51.60689,-50.0,12.2,247.5
25.260818,51.606445,-50.0,11.8,247.5
25.260652,51.605983,-50.0,11.8,247.5
25.260501,51.605595,-50.0,10.2,247.5
25.26085,51.605063,-50.0,8.2,323.4
25.260967,51.604999,-50.0,8.8,329.1
25.261048,51.604973,-50.0,8.8,331.9
25.261758,51.604662,-50.0,10.8,337.5
25.261921,51.604597,-50.0,11.2,337.5
25.262295,51.604424,-50.0,12.2,337.5
25.26319,51.604027,-50.0,13.8,337.5
25.263609,51.603846,-50.0,14.2,337.5
25.263828,51.60375,-50.0,14.8,337.5
25.264091,51.603635,-50.0,15.5,337.5
25.264446,51.603483,-50.0,15.5,337.5
25.264812,51.603317,-50.0,16.5,337.5
25.265213,51.603139,-50.0,16.5,337.5
25.265575,51.602978,-50.0,17.5,337.5
25.265971,51.602809,-50.0,17.5,337.5
25.266335,51.602643,-50.0,17.5,337.5
25.266747,51.602465,-50.0,18.5,337.5
25.267147,51.602287,-50.0,18.5,337.5
25.267559,51.602109,-50.0,18.5,337.5
25.26795,51.601941,-50.0,16.5,337.5
25.268326,51.601766,-50.0,14.8,337.5
25.268706,51.601604,-50.0,13.8,337.5
25.269078,51.601436,-50.0,13.8,337.5
25.269482,51.601257,-50.0,13.2,337.5
25.269893,51.601086,-50.0,10.2,337.5
25.270008,51.601041,-50.0,9.2,343.1
25.270088,51.601054,-50.0,8.8,351.6
25.270149,51.601099,-50.0,8.8,0.0
25.270203,51.60113,-50.0,9.2,8.4
25.270248,51.601181,-50.0,9.2,19.7
25.270289,51.601241,-50.0,9.2,28.1
25.270329,51.601321,-50.0,9.2,39.4
25.270359,51.601384,-50.0,8.8,45.0
25.270382,51.601462,-50.0,8.2,53.4
25.27044,51.601591,-50.0,8.8,59.1
25.270489,51.601715,-50.0,8.8,64.7
25.270591,51.602019,-50.0,9.8,67.5
25.270752,51.602453,-50.0,10.8,67.5
25.270901,51.602859,-50.0,11.8,67.5
25.270958,51.603025,-50.0,12.2,67.5
25.272823,51.608162,-50.0,20.5,67.5
25.272837,51.608212,-50.0,20.5,67.5
25.272837,51.608212,-50.0,20.5,67.5
25.273803,51.610842,-50.0,23.5,67.5
25.269424,51.618601,-50.0,21.5,157.5
25.264446,51.620801,-50.0,26.5,157.5
25.262032,51.621869,-50.0,14.2,157.5
25.261723,51.621996,-50.0,15.5,157.5
25.256001,51.624514,-50.0,13.8,157.5
25.255508,51.62473,-50.0,12.2,157.5
25.255287,51.624834,-50.0,11.8,157.5
25.255405,51.625977,-50.0,9.8,61.9
25.255577,51.626282,-50.0,10.2,59.1
25.255764,51.62657,-50.0,9.2,53.4
25.256358,51.626401,-50.0,7.8,340.3
25.256975,51.626129,-50.0,18.5,337.5
25.257173,51.626038,-50.0,26.5,337.5
25.257417,51.625922,-50.0,30.5,337.5
25.273629,51.618796,325,30.5,0.0
25.27577,51.617812,300,0.0,0.0
25.282241,51.615013,400,187.6,338.1
25.286179,51.613312,500,189.0,338.6
25.28955,51.611852,600,191.3,338.5
25.292995,51.610349,700,193.5,338.5
25.301971,51.606344,1075,197.8,337.7
25.304443,51.605225,1175,198.2,337.5
25.306309,51.604338,1250,198.2,337.5
25.307984,51.603561,1350,198.5,337.2
25.310638,51.602369,1450,199.5,337.3
25.313049,51.601308,1550,199.1,337.6
25.314651,51.600545,1600,198.7,337.8
25.317435,51.599363,1650,200.2,338.3
25.323067,51.596927,1750,203.9,338.7
25.328328,51.594699,1825,208.0,338.9
25.333466,51.592509,1900,212.4,338.8
25.338959,51.590474,1975,215.7,341.1
25.342026,51.589661,2000,218.5,346.0
25.344714,51.589309,2025,220.7,349.6
25.347368,51.589258,2025,223.6,355.6
25.350114,51.589413,2050,226.0,0.2
25.352234,51.589762,2075,229.7,7.0
25.355072,51.590627,2075,231.8,11.7
25.357237,51.591486,2100,234.5,16.4
25.359797,51.59273,2125,238.3,23.2
25.361799,51.594129,2125,240.7,27.7
25.363661,51.595528,2150,243.1,32.1
25.365849,51.597497,2175,245.8,39.4
25.368439,51.600444,2200,249.7,46.1
25.370682,51.603902,2225,252.0,50.0
25.371854,51.606152,2250,255.2,55.4
25.373703,51.610972,2275,260.4,67.2
25.374647,51.614858,2300,261.2,71.0
25.375206,51.618537,2350,264.2,77.5
25.375485,51.622631,2375,266.1,82.9
25.375578,51.62714,2425,268.2,87.7
25.375397,51.633504,2500,271.1,91.3
25.374787,51.640873,2600,273.9,94.6
25.374182,51.646884,2700,275.7,96.4
25.37353,51.652947,2800,277.0,96.8
25.373062,51.657155,2900,278.0,96.8
25.372459,51.662949,3000,278.0,96.8
25.371994,51.667043,3100,278.0,96.8
25.371389,51.672847,3225,278.8,96.6
25.370923,51.676941,3300,278.8,96.6
25.370499,51.681213,3400,278.8,96.6
25.370039,51.685595,3500,279.0,96.8
25.36948,51.690363,3600,279.2,97.2
25.368896,51.694641,3700,279.7,98.0
25.368176,51.699432,3800,279.5,99.1
25.367525,51.703629,3900,280.0,99.7
25.366594,51.708967,4000,280.9,100.7
25.365709,51.713787,4100,280.4,101.3
25.364825,51.718243,4200,281.1,101.9
25.36408,51.721923,4275,281.7,102.5
25.363129,51.726379,4375,281.4,103.2
25.362167,51.730703,4475,281.6,103.3
25.361101,51.735759,4575,282.3,103.1
25.360199,51.740265,4675,281.9,102.7
25.359332,51.744517,4775,282.9,102.7
25.358231,51.750031,4875,283.6,102.4
25.357376,51.754415,4975,283.6,102.4
25.356492,51.75882,5075,283.6,102.4
25.355561,51.763329,5150,284.8,102.6
25.354676,51.767785,5250,284.8,102.6
25.353699,51.77276,5350,285.8,102.5
25.352861,51.776854,5425,285.8,102.5
25.351976,51.781311,5525,285.8,102.5
25.351092,51.785716,5625,286.6,102.3
25.350037,51.791178,5725,286.4,102.1
25.349167,51.795603,5825,287.3,102.1
25.34816,51.800791,5925,287.1,101.9
25.347181,51.805978,6025,288.1,101.8
25.346329,51.810608,6100,288.1,101.8
25.345505,51.814779,6200,289.1,101.8
25.344761,51.81883,6275,289.1,101.8
25.343948,51.823171,6375,289.1,101.8
25.342899,51.828677,6475,290.1,101.7
25.342392,51.831462,6550,290.1,101.7
25.341522,51.835938,6625,290.1,101.7
25.340664,51.84044,6725,291.2,101.9
25.339783,51.844991,6825,291.2,101.9
25.338913,51.849467,6925,291.5,102.1
25.337219,51.858266,7075,292.4,102.0
25.335205,51.868642,7275,293.4,102.0
25.333145,51.878916,7450,295.0,102.5
25.33136,51.886546,7625,294.9,103.3
25.328886,51.896927,7825,295.2,104.3
25.328188,51.899673,7875,296.4,105.3
25.323626,51.9175,8225,290.0,106.0
25.322067,51.923321,8350,290.0,106.0
25.318588,51.936291,8600,297.7,106.8
25.317434,51.94051,8700,297.7,106.8
25.315758,51.946468,9000,298.3,107.2
25.310623,51.964671,9200,298.6,107.3
25.308915,51.97067,9325,298.6,107.3
25.305424,51.9829,9600,299.5,107.3
25.302957,51.991658,9800,300.5,107.2
25.301653,51.996218,9900,300.5,107.2
25.300003,52.002106,10025,300.5,107.2
25.298627,52.007049,10150,300.5,107.2
25.296844,52.013397,10275,300.8,107.4
25.295229,52.018968,10425,300.8,107.4
25.2936,52.024669,10550,300.8,107.4
25.290985,52.033691,10650,302.0,107.5
25.285263,52.053731,10875,306.2,107.5
25.280045,52.072144,11075,320.0,107.0
25.27652,52.084705,11200,320.0,107.0
25.274277,52.09259,11300,320.0,108.0
25.273628,52.094887,11325,330.0,107.0
25.270065,52.107441,11450,330.0,107.0
25.266739,52.1194,11550,340.0,107.0
25.262968,52.132874,11700,340.0,107.0
25.25878,52.147694,11825,350.0,107.0
25.252821,52.168941,12075,361.2,107.2
25.245186,52.196148,12300,370.4,107.1
25.237644,52.223148,12500,370.0,107.0
25.231405,52.245327,12800,380.0,108.0
25.228867,52.254383,34450,380.0,107.0
25.219254,52.288513,13475,383.3,107.3
25.215775,52.300873,13675,383.3,107.3
25.205849,52.335965,14275,380.0,107.0
25.201859,52.350109,14750,380.0,107.0
25.191418,52.386906,15050,392.0,107.2
25.185837,52.40682,15250,392.0,107.2
25.182495,52.41872,15375,393.5,107.2
25.175776,52.44241,15700,397.2,107.4
25.169907,52.462921,15800,397.2,107.4
25.160972,52.494334,16075,400.0,107.4
25.153803,52.519416,16300,403.6,107.4
25.144679,52.551339,16575,403.3,107.3
25.133972,52.583923,16850,403.2,107.8
25.128991,52.597253,16975,408.9,112.4
25.120422,52.618001,17275,410.8,114.4
25.112931,52.634773,17525,411.9,116.4
25.105343,52.651563,17750,413.7,116.3
25.098871,52.66597,17950,413.7,116.3
25.093002,52.679089,18200,416.0,116.4
25.082532,52.702297,18450,417.3,116.3
25.072861,52.723694,18750,417.3,116.3
25.067356,52.736655,18925,419.5,115.7
25.059448,52.757824,19100,420.0,112.0
25.053452,52.776438,19450,421.4,110.0
25.051071,52.784678,19525,421.4,110.0
25.044754,52.809855,19825,423.0,106.0
25.041473,52.824339,19975,426.0,103.9
25.037888,52.840169,20175,428.0,104.1
25.030426,52.873027,20600,428.8,104.0
25.025645,52.89435,20875,430.5,103.8
25.019454,52.921764,21300,430.5,103.8
25.013763,52.947083,21625,430.7,104.0
25.006652,52.978562,21975,433.7,103.9
24.999069,53.012187,22300,438.0,104.0
24.99385,53.035152,22575,439.2,104.1
24.986914,53.065416,22875,442.1,104.0
24.9817,53.088477,23075,445.3,104.0
24.974899,53.117778,23375,447.7,104.2
24.968479,53.145481,23675,449.9,104.3
24.962173,53.172811,23975,450.9,104.2
24.95591,53.199843,24275,452.8,104.2
24.948043,53.23389,24650,455.0,104.2
24.938873,53.273773,25025,457.9,104.2
24.931137,53.30719,25350,462.3,104.3
24.92351,53.340126,25675,464.5,104.3
24.915573,53.374176,26000,467.6,104.4
24.908249,53.405609,26300,469.8,104.4
24.900787,53.437297,26600,473.5,104.7
24.893921,53.463542,26825,476.2,106.3
24.884033,53.498961,27100,480.5,107.2
24.874191,53.533732,27375,484.9,107.3
24.862839,53.573761,27700,489.0,107.2
24.853409,53.607381,28025,491.9,107.2
24.843859,53.641732,28325,494.4,106.9
24.834874,53.674069,28625,497.3,106.8
24.825331,53.708738,28925,499.5,106.9
24.815048,53.746084,29225,503.3,106.7
24.805174,53.782015,29500,506.5,106.8
24.79591,53.815855,29800,508.4,106.7
24.785529,53.853633,30100,511.9,106.8
24.773804,53.896077,30425,515.0,106.8
24.764813,53.928931,30775,514.7,106.7
24.760986,53.945363,30975,513.0,104.3
24.75932,53.955049,31100,511.3,100.9
24.757923,53.966398,31225,510.4,98.3
24.75662,53.98293,31425,509.2,95.3
24.75634,53.995626,31575,508.2,91.7
24.75662,54.009566,31725,508.0,89.4
24.757458,54.021382,31850,506.9,86.6
24.758808,54.033405,31975,506.7,83.1
24.760903,54.046568,32100,505.5,80.1
24.763458,54.058634,32225,504.8,77.1
24.767029,54.072469,32350,504.9,74.3
24.776218,54.105645,32650,505.5,73.2
24.786209,54.141286,32950,506.7,72.8
24.796829,54.178365,33250,506.4,72.5
24.806105,54.210533,33550,506.7,72.4
24.816067,54.244788,33900,504.7,72.3
24.826169,54.279664,34225,503.5,72.4
24.83519,54.311066,34550,502.2,72.5
24.845078,54.345551,34875,500.0,72.5
24.849106,54.359589,34950,500.0,72.5
24.853271,54.374135,35000,499.7,72.7
24.866902,54.422124,35025,496.3,72.8
24.880096,54.469147,35000,496.9,72.9
24.893097,54.515228,35000,497.2,72.8
24.905959,54.560852,35000,497.2,72.8
24.918947,54.607285,35000,497.6,73.1
24.925697,54.633611,35000,497.8,74.6
24.933332,54.665948,35000,498.2,75.8
24.940475,54.699758,35000,498.3,77.2
24.949448,54.746602,35000,498.3,78.3
24.958703,54.795452,35000,498.3,78.3
24.967734,54.843076,35000,498.3,78.3
24.976672,54.890753,35000,498.1,78.4
24.986076,54.941176,35000,498.1,78.4
24.9952,54.989837,35000,499.3,78.3
25.004517,55.039317,35000,499.3,78.3
25.013728,55.08804,35000,499.3,78.3
25.022919,55.137278,35000,499.1,78.4
25.029416,55.173858,35000,499.2,79.6
25.03299,55.198975,35000,499.4,81.6
25.035782,55.224457,35000,500.1,83.6
25.037516,55.246772,35000,500.5,85.5
25.038712,55.272725,35000,500.5,87.4
25.040909,55.322062,35000,500.6,87.2
25.043015,55.372416,35000,500.5,87.5
25.044983,55.422312,35000,500.4,87.6
25.046873,55.472925,35000,500.4,87.6
25.048737,55.522003,35000,500.4,87.7
25.050597,55.572112,35000,500.4,87.6
25.052413,55.620722,35000,500.4,87.7
25.054228,55.670057,35000,500.4,87.7
25.05609,55.720428,35000,500.4,87.7
25.057892,55.770518,35000,500.4,87.8
25.059631,55.820414,35000,500.4,87.8
25.061397,55.870039,35000,500.4,87.8
25.063166,55.921187,35000,500.4,87.8
25.06485,55.96934,35000,500.4,87.8
25.066635,56.019491,35000,500.4,87.8
25.068329,56.07015,35000,500.3,87.9
25.069963,56.119252,35000,500.3,87.9
25.071625,56.168365,35000,500.3,87.9
25.073227,56.216685,35000,500.3,87.9
25.074851,56.265754,35000,500.3,87.9
25.076387,56.314622,35000,500.3,87.9
25.078016,56.364735,35000,500.3,87.9
25.079553,56.413707,35000,501.3,87.9
25.081182,56.464182,35000,501.3,87.9
25.081601,56.491958,35000,502.0,89.7
25.081055,56.511841,35000,501.4,92.2
25.079681,56.533763,35000,501.4,94.2
25.077458,56.556063,35000,501.1,96.4
25.074804,56.576273,35000,501.9,98.8
25.071075,56.598307,35000,501.9,100.8
25.061783,56.647288,35000,501.3,101.6
25.052366,56.697019,35000,501.7,101.8
25.042831,56.746674,35000,501.9,102.0
25.033356,56.795603,35000,500.9,102.0
25.023969,56.844505,35000,500.9,102.0
25.014679,56.892649,35000,500.7,101.9
25.007397,56.93053,35000,500.9,102.0
24.997947,56.979658,35000,500.7,101.9
24.988636,57.02806,35000,500.9,102.0
24.979093,57.077447,35000,500.9,102.0
24.969457,57.1273,35000,500.9,102.0
24.961217,57.169898,35000,500.9,102.0
24.952057,57.216949,35000,500.1,102.1
24.94368,57.259979,35000,500.1,102.1
24.93417,57.308678,35000,499.9,102.0
24.924673,57.357287,35000,499.0,102.0
24.915503,57.404186,35000,499.2,102.1
24.906471,57.450256,35000,498.2,102.2
24.897217,57.497253,35000,498.2,102.2
24.887558,57.546183,35000,497.2,102.2
24.878677,57.591146,35000,497.2,102.2
24.869019,57.640025,35000,497.2,102.2
24.859733,57.687188,35000,497.2,102.2
24.849976,57.736308,35000,497.4,102.3
24.840693,57.784044,35000,497.2,101.6
24.836884,57.806956,35000,498.3,99.8
24.833862,57.827911,35000,497.6,99.4
24.83129,57.848459,35000,498.5,97.7
24.828094,57.879384,35000,498.4,96.7
24.825796,57.90764,35000,498.4,95.6
24.821915,57.955526,35000,498.9,95.1
24.817932,58.004557,35000,499.9,95.1
24.813972,58.054401,35000,499.9,95.1
24.810104,58.101959,35000,499.9,95.1
24.806151,58.150738,35000,500.0,95.2
24.802185,58.199056,35000,500.0,95.2
24.798237,58.246091,35000,500.0,95.2
24.794266,58.294373,35000,500.0,95.2
24.790417,58.340356,35000,500.1,95.3
24.787079,58.380076,35000,500.1,95.3
24.784271,58.413219,35000,500.1,95.3
24.780212,58.462067,35000,501.1,95.3
24.776405,58.507637,35000,501.1,95.0
24.773191,58.545624,35000,500.0,95.0
24.768677,58.598682,35000,500.0,95.0
24.765558,58.635071,35000,500.0,96.0
24.763462,58.65979,35000,490.0,95.0
24.760254,58.697407,35000,499.0,95.0
24.756573,58.740269,35000,499.0,95.0
24.752756,58.78437,35000,498.0,96.0
24.749496,58.822147,35000,498.0,95.0
24.744516,58.87936,35000,499.0,96.0
24.741577,58.912914,35000,499.0,95.0
24.737207,58.962379,35000,500.0,96.0
24.73353,59.004616,35000,500.0,96.0
24.72934,59.052654,35000,500.0,95.0
24.724592,59.106548,35000,500.0,96.0
24.721239,59.144535,35000,500.0,96.0
24.717842,59.182468,35000,500.0,96.0
24.713196,59.234821,35000,500.0,96.0
24.710253,59.267975,35000,500.0,96.0
24.705963,59.316051,35000,501.0,96.0
24.701797,59.362385,35000,500.0,96.0
24.696987,59.415253,35000,500.0,96.0
24.693695,59.451447,35000,500.0,96.0
24.689438,59.498951,35000,500.0,96.0
24.68465,59.550976,35000,500.0,96.0
24.681107,59.590351,35000,500.0,95.0
24.678818,59.615582,35000,490.0,96.0
24.675898,59.647106,35000,490.0,95.0
24.670778,59.70261,35000,490.0,96.0
24.666262,59.750702,35000,490.0,96.0
24.662979,59.786224,35000,490.0,96.0
24.659683,59.821472,35000,490.0,96.0
24.657696,59.842842,35000,490.0,96.0
24.652948,59.893211,35000,490.0,96.0
24.648712,59.938244,35000,490.0,96.0
24.646454,59.962414,35000,490.0,96.0
24.642426,60.005444,-50.0,490.0,96.0
24.58284,60.681377,35000,500.0,95.0
24.582794,60.691792,35000,500.0,90.0
24.58284,60.702156,35000,500.0,90.0
24.58284,60.764812,35000,500.0,90.0
24.58284,60.802383,35000,500.0,90.0
24.58284,60.848557,35000,500.0,90.0
24.582825,60.885876,35000,501.0,90.0
24.582825,60.931805,35000,501.0,90.0
24.582794,60.98547,35000,502.0,90.0
24.582747,61.029987,35000,502.0,90.0
24.582655,61.075485,35000,501.0,90.0
24.58255,61.121216,35000,501.0,90.0
24.582468,61.167004,35000,502.0,90.0
24.582321,61.214344,35000,502.0,90.0
24.582184,61.259869,35000,502.0,90.0
24.582275,61.277721,35000,502.0,89.0
24.584377,61.30941,35000,501.0,84.0
24.585663,61.319477,35000,502.0,82.0
24.587631,61.331738,35000,501.0,80.0
24.594269,61.362915,35000,501.0,77.0
24.596878,61.372375,35000,501.0,73.0
24.606117,61.400826,35000,500.0,70.0
24.621618,61.444565,35000,500.0,69.0
24.635351,61.48312,35000,501.0,68.0
24.646757,61.514992,35000,501.0,68.0
24.659363,61.549988,35000,501.0,68.0
24.672359,61.58609,35000,500.0,68.0
24.690096,61.635685,35000,499.0,68.0
24.702293,61.669682,35000,501.0,69.0
24.717819,61.713154,35000,500.0,68.0
24.733204,61.756481,35000,500.0,69.0
24.748398,61.799267,35000,500.0,69.0
24.760574,61.833599,35000,500.0,69.0
24.775799,61.876659,35000,500.0,69.0
24.793121,61.925457,35000,501.0,69.0
24.808228,61.968384,35000,501.0,69.0
24.820816,62.003937,35000,501.0,69.0
24.83897,62.055447,35000,500.0,69.0
24.851349,62.090557,35000,500.0,69.0
24.861362,62.11903,35000,500.0,69.0
24.863131,62.124004,35000,500.0,69.0
24.875702,62.15398,35000,499.0,63.0
24.881752,62.165619,35000,498.0,60.0
24.889713,62.179302,35000,498.0,57.0
24.891174,62.181599,35000,497.0,55.0
24.904051,62.200394,35000,497.0,51.0
24.912964,62.211761,35000,497.0,49.0
24.92514,62.225597,35000,497.0,45.0
24.935194,62.235683,35000,497.0,42.0
24.946976,62.246655,35000,497.0,40.0
24.978104,62.275646,35000,499.0,40.0
24.994175,62.290562,35000,499.0,40.0
25.031511,62.324764,35000,500.0,40.0
25.057663,62.348633,35000,499.0,39.0
25.089701,62.377937,35000,500.0,40.0
25.126663,62.41193,35000,500.0,40.0
25.154036,62.437168,35000,501.0,40.0
25.191418,62.47163,35000,501.0,40.0
25.21772,62.495884,35000,501.0,40.0
25.249887,62.525627,35000,500.0,40.0
25.28215,62.555542,35000,500.0,40.0
25.313431,62.584446,35000,500.0,40.0
25.340012,62.609062,35000,500.0,40.0
25.377777,62.644043,35000,500.0,40.0
25.404739,62.668964,35000,500.0,40.0
25.441727,62.70335,35000,500.0,40.0
25.468826,62.728474,35000,500.0,40.0
25.499771,62.757263,35000,499.0,40.0
25.531403,62.786663,35000,498.0,40.0
25.558342,62.811741,35000,497.0,40.0
25.590137,62.841381,35000,496.0,40.0
25.626961,62.875637,35000,495.0,40.0
25.652145,62.899113,35000,494.0,40.0
25.688595,62.933212,35000,494.0,40.0
25.715595,62.958603,35000,493.0,40.0
25.742203,62.983654,35000,494.0,40.0
25.778641,63.017883,35000,494.0,41.0
25.809769,63.04718,35000,493.0,40.0
25.835907,63.071785,35000,494.0,40.0
25.872116,63.105885,35000,494.0,40.0
25.898941,63.131172,35000,494.0,40.0
25.930161,63.160557,35000,494.0,40.0
25.961252,63.189873,35000,496.0,40.0
25.987833,63.214962,35000,496.0,40.0
25.992371,63.219269,35000,496.0,40.0
26.097044,63.318382,35000,496.0,40.0
26.135078,63.354404,35000,501.0,40.0
26.161566,63.379494,35000,501.0,40.0
26.171997,63.389404,35000,503.0,40.0
26.21431,63.429565,-50.0,504.0,40.0
26.251925,63.465271,-50.0,504.0,40.0
26.279158,63.491154,-50.0,505.0,40.0
26.305939,63.516678,-50.0,505.0,40.0
26.316055,63.526318,35000,504.0,40.0
26.34819,63.556843,35000,505.0,41.0
26.380175,63.587284,35000,505.0,40.0
26.406477,63.612373,35000,506.0,40.0
26.433701,63.638359,35000,506.0,40.0
26.471512,63.674427,35000,507.0,40.0
26.498045,63.699841,35000,507.0,41.0
26.523556,63.724243,35000,507.0,40.0
26.555923,63.755268,35000,506.0,41.0
26.583527,63.781696,35000,507.0,41.0
26.620525,63.817204,35000,508.0,41.0
26.652969,63.848289,35000,508.0,41.0
26.679506,63.873772,35000,507.0,40.0
26.705338,63.898556,35000,507.0,41.0
26.73807,63.92997,35000,507.0,40.0
26.765305,63.956131,35000,507.0,40.0
26.795933,63.985641,35000,508.0,41.0
26.829071,64.01754,35000,508.0,41.0
26.855194,64.042847,35000,507.0,41.0
26.895035,64.081177,35000,508.0,41.0
26.921585,64.107094,35000,507.0,41.0
26.93692,64.122536,35000,508.0,42.0
26.957331,64.143837,35000,508.0,43.0
26.977249,64.16539,35000,507.0,44.0
26.997528,64.188141,35000,508.0,45.0
27.022522,64.216644,35000,508.0,46.0
27.040985,64.237694,35000,508.0,45.0
27.05509,64.253906,35000,508.0,46.0
27.089958,64.293839,35000,508.0,46.0
27.114212,64.321732,35000,0.0,46.0
27.149185,64.361794,35000,507.0,46.0
27.177887,64.394707,35000,507.0,46.0
27.203266,64.423882,35000,507.0,46.0
27.237808,64.463631,35000,506.0,45.0
27.262527,64.492073,35000,508.0,45.0
27.29187,64.525864,35000,508.0,46.0
27.316132,64.553902,35000,509.0,46.0
27.350418,64.593536,35000,508.0,46.0
27.374222,64.620956,35000,508.0,46.0
27.409121,64.661247,35000,508.0,46.0
27.434189,64.690247,35000,508.0,46.0
27.458771,64.718697,35000,508.0,46.0
27.493286,64.758698,35000,508.0,46.0
27.516678,64.785805,35000,508.0,46.0
27.549753,64.824196,35000,508.0,46.0
27.566116,64.843178,35000,508.0,46.0
27.610291,64.894478,35000,508.0,46.0
27.63299,64.920853,35000,507.0,46.0
27.670212,64.964233,35000,508.0,46.0
27.694391,64.992424,35000,508.0,46.0
27.716457,65.018143,35000,509.0,46.0
27.73082,65.03492,35000,508.0,46.0
27.777374,65.089226,-50.0,508.0,46.0
27.821915,65.141205,-50.0,508.0,46.0
27.841404,65.164085,-50.0,0.0,46.0
27.870667,65.198364,-50.0,506.0,46.0
29.559879,67.223244,-50.0,0.0,46.0
29.595213,67.266541,-50.0,0.0,47.0
29.628126,67.306931,-50.0,514.0,47.0
29.638832,67.320129,-50.0,514.0,47.0
29.649078,67.332672,35000,514.0,47.0
29.656723,67.342072,35000,515.0,47.0
30.047281,67.823166,-50.0,515.0,47.0
30.066927,67.847496,-50.0,515.0,47.0
30.288422,68.120125,-50.0,0.0,47.0
30.311371,68.148407,-50.0,0.0,47.0
30.341125,68.185135,-50.0,0.0,47.0
30.364676,68.214279,-50.0,0.0,47.0
30.369232,68.219872,35000,0.0,47.0
30.399902,68.257843,35000,514.0,47.0
30.409973,68.270332,35000,514.0,47.0
30.476212,68.352356,35000,0.0,47.0
30.504425,68.387421,35000,0.0,47.0
30.526978,68.415421,35000,514.0,47.0
30.570602,68.469757,35000,515.0,47.0
30.599857,68.50618,35000,516.0,47.0
30.617706,68.528458,35000,517.0,47.0
30.635935,68.551224,35000,517.0,47.0
30.677353,68.602837,35000,518.0,47.0
30.702784,68.634613,35000,518.0,47.0
30.734905,68.674767,35000,517.0,47.0
30.760927,68.707397,35000,518.0,47.0
30.785522,68.738167,35000,518.0,47.0
30.819031,68.780174,35000,517.0,47.0
30.8403,68.806931,35000,517.0,48.0
30.878128,68.854439,35000,517.0,47.0
30.884291,68.862137,35000,517.0,47.0
30.979723,68.982384,-50.0,515.0,47.0
31.00556,69.015015,-50.0,515.0,48.0
31.043266,69.062584,-50.0,515.0,47.0
31.058443,69.08181,-50.0,516.0,47.0
31.090622,69.122528,35000,517.0,47.0
31.098711,69.132736,35000,516.0,47.0
31.184692,69.241821,35000,516.0,47.0
31.215836,69.28138,35000,515.0,47.0
31.245163,69.318733,35000,515.0,48.0
31.270248,69.350655,35000,515.0,47.0
31.2899,69.375641,35000,514.0,47.0
31.314331,69.406723,35000,514.0,47.0
31.328384,69.42395,35000,510.0,46.0
31.333147,69.429306,35000,508.0,44.0
31.350418,69.447495,35000,506.0,42.0
31.359217,69.456062,35000,504.0,40.0
31.374069,69.46962,35000,501.0,37.0
31.393387,69.485558,35000,499.0,35.0
31.399155,69.489983,35000,498.0,33.0
31.435749,69.516098,35000,498.0,31.0
31.457582,69.531593,35000,498.0,31.0
31.490028,69.55455,35000,498.0,31.0
31.525688,69.579659,35000,0.0,31.0
31.569818,69.610748,35000,0.0,31.0
31.583179,69.620193,35000,0.0,31.0
31.701004,69.703781,35000,497.0,31.0
31.725582,69.721268,35000,498.0,31.0
31.766922,69.750656,35000,498.0,31.0
31.800205,69.774391,35000,499.0,31.0
31.832611,69.797462,35000,499.0,31.0
31.846436,69.80735,35000,499.0,31.0
32.02652,69.935944,35000,500.0,31.0
32.063141,69.962204,35000,500.0,31.0
32.091064,69.982254,35000,501.0,31.0
32.122395,70.004715,35000,503.0,31.0
32.158379,70.030556,35000,504.0,32.0
32.194595,70.056564,35000,504.0,31.0
32.225693,70.078987,35000,505.0,31.0
32.239655,70.089035,35000,505.0,31.0
32.575302,70.325676,-50.0,0.0,31.0
32.581211,70.329765,-50.0,0.0,30.0
32.615616,70.353699,-50.0,0.0,30.0
32.635773,70.367714,35000,0.0,30.0
32.668808,70.391159,35000,0.0,31.0
32.674622,70.3955,35000,0.0,32.0
32.685398,70.403694,35000,0.0,33.0
32.806183,70.497673,-50.0,0.0,33.0
32.84507,70.527855,-50.0,509.0,33.0
32.854523,70.535141,-50.0,509.0,33.0
32.895355,70.566559,-50.0,506.0,33.0
32.905014,70.573921,-50.0,506.0,33.0
33.194958,70.789284,-50.0,496.0,211.0
33.1782,70.776894,-50.0,496.0,212.0
33.080578,70.704529,34000,496.0,212.0
33.046875,70.679497,34000,0.0,212.0
33.017036,70.657333,34000,497.0,212.0
32.975555,70.626564,34000,496.0,212.0
32.934219,70.596069,34000,496.0,212.0
32.901901,70.571777,34000,494.0,213.0
32.864868,70.543266,34000,494.0,213.0
32.835342,70.520416,34000,495.0,213.0
32.80592,70.497643,34000,496.0,213.0
32.76123,70.463234,34000,496.0,213.0
32.738094,70.445457,34000,496.0,213.0
32.707397,70.421982,34000,497.0,213.0
32.683769,70.404037,34000,497.0,213.0
32.65567,70.382645,34000,498.0,212.0
32.623718,70.358315,34000,498.0,213.0
32.598438,70.340187,34000,498.0,211.0
32.569016,70.319969,34000,500.0,210.0
32.532715,70.295197,34000,500.0,210.0
32.489639,70.265862,34000,499.0,210.0
32.45343,70.241035,34000,500.0,210.0
32.439423,70.231422,34000,500.0,210.0
32.325314,70.151855,34000,500.0,210.0
32.299713,70.133301,34000,0.0,211.0
32.266113,70.108757,34000,499.0,211.0
32.232723,70.084419,34000,499.0,212.0
32.193375,70.055862,34000,499.0,211.0
32.157726,70.030106,34000,500.0,211.0
32.127365,70.008232,34000,498.0,211.0
32.08667,69.979012,34000,498.0,211.0
32.056,69.956985,34000,498.0,211.0
32.015835,69.9282,34000,498.0,211.0
31.984879,69.906006,34000,499.0,211.0
31.95746,69.886391,34000,499.0,211.0
31.921921,69.861015,34000,499.0,211.0
31.890144,69.838409,34000,499.0,211.0
31.849504,69.80954,34000,498.0,211.0
31.819944,69.78846,34000,499.0,211.0
31.788208,69.765823,34000,499.0,211.0
31.747742,69.737038,34000,499.0,211.0
31.708824,69.709404,34000,499.0,211.0
31.690668,69.696495,34000,499.0,211.0
31.648771,69.666779,34000,499.0,211.0
31.622086,69.647827,34000,499.0,211.0
31.584824,69.621384,34000,498.0,211.0
31.547148,69.594765,34000,498.0,211.0
31.511396,69.569496,34000,498.0,211.0
31.486313,69.55175,34000,498.0,211.0
31.447201,69.524231,34000,498.0,211.0
31.411495,69.499069,34000,498.0,211.0
31.395853,69.487808,34000,495.0,212.0
31.388033,69.481827,34000,493.0,213.0
31.384094,69.478615,34000,492.0,215.0
31.366013,69.462982,34000,489.0,218.0
31.350512,69.448097,34000,486.0,220.0
31.34079,69.438011,34000,484.0,222.0
31.32905,69.424805,34000,482.0,224.0
31.322952,69.41761,34000,481.0,225.0
31.307777,69.398384,34000,479.0,228.0
31.285492,69.369995,34000,479.0,227.0
31.261505,69.339508,34000,478.0,228.0
31.231617,69.30143,34000,478.0,228.0
31.205338,69.267937,34000,478.0,228.0
31.177963,69.233147,34000,478.0,227.0
31.164022,69.215462,34000,478.0,227.0
31.127243,69.168739,34000,478.0,227.0
31.10495,69.140572,34000,478.0,228.0
31.08251,69.11219,34000,477.0,227.0
31.056976,69.079933,34000,476.0,227.0
31.029419,69.04509,34000,476.0,228.0
30.997553,69.004852,34000,476.0,227.0
30.969543,68.969475,34000,476.0,227.0
30.940619,68.932945,34000,476.0,227.0
30.93331,68.923721,34000,476.0,227.0
30.886734,68.865318,34000,0.0,227.0
30.865343,68.838356,34000,473.0,227.0
30.836622,68.802322,34000,473.0,227.0
30.815689,68.776031,34000,473.0,227.0
30.78154,68.733162,34000,473.0,227.0
30.767258,68.715279,34000,473.0,228.0
30.74482,68.687241,34000,473.0,227.0
30.712746,68.647194,34000,473.0,227.0
30.689329,68.617859,34000,0.0,227.0
30.668289,68.591492,34000,0.0,227.0
30.64571,68.56337,34000,471.0,227.0
30.625368,68.53804,34000,471.0,227.0
30.618431,68.529312,34000,471.0,227.0
30.566385,68.464493,-50.0,471.0,227.0
30.542725,68.435074,-50.0,473.0,227.0
30.520065,68.406914,-50.0,473.0,227.0
30.50354,68.386391,-50.0,473.0,227.0
30.490273,68.369896,-50.0,473.0,227.0
30.479799,68.356934,34000,473.0,227.0
30.453403,68.324196,34000,473.0,227.0
30.42659,68.290962,34000,472.0,227.0
30.402237,68.260857,34000,473.0,227.0
30.381317,68.234901,34000,474.0,227.0
30.360626,68.20932,34000,475.0,227.0
30.337463,68.180779,34000,476.0,227.0
30.305099,68.140816,34000,476.0,227.0
30.282211,68.112595,34000,477.0,227.0
30.268032,68.095078,34000,478.0,227.0
30.240799,68.061508,34000,478.0,227.0
30.228836,68.046783,34000,478.0,227.0
30.200775,68.012268,34000,478.0,227.0
30.179535,67.986092,34000,480.0,227.0
30.146763,67.945824,34000,481.0,227.0
30.125723,67.919952,34000,482.0,227.0
30.102631,67.891632,34000,482.0,227.0
30.079496,67.863319,34000,483.0,227.0
30.039461,67.813766,34000,483.0,227.0
30.020599,67.790382,34000,483.0,227.0
29.996773,67.760757,34000,483.0,227.0
29.984573,67.745682,34000,483.0,227.0
29.955505,67.709709,34000,483.0,227.0
29.930511,67.678848,34000,483.0,227.0
29.906229,67.648964,34000,483.0,227.0
29.888399,67.626991,34000,483.0,227.0
29.800644,67.518959,-50.0,0.0,227.0
29.786041,67.501007,-50.0,482.0,227.0
29.762661,67.472374,-50.0,482.0,227.0
29.679703,67.370384,34000,482.0,227.0
29.674988,67.364624,34000,481.0,227.0
