lat,lon,alt,gs,track
46.369334,-121.740463,33400,475.7,145.7
46.342621,-121.714113,33675,478.5,145.6
46.31538,-121.68718,33950,480.7,145.7
46.288513,-121.660923,34225,481.8,145.9
46.262962,-121.636093,34550,481.8,145.9
46.240219,-121.613896,34875,480.4,145.9
46.218475,-121.59266,35250,477.3,145.8
46.196905,-121.571548,35625,474.3,145.7
46.176096,-121.551086,35975,472.1,145.7
46.153702,-121.52902,36300,470.4,145.6
46.131266,-121.507004,36625,469.0,145.6
46.106461,-121.482596,36925,467.6,145.6
46.082293,-121.45887,37250,466.3,145.7
46.055991,-121.433052,37525,466.3,145.7
46.028412,-121.406027,37800,467.1,145.7
45.999069,-121.377355,38050,467.1,145.7
45.967216,-121.34626,38300,467.9,145.8
45.934113,-121.313983,38525,470.1,145.8
45.898727,-121.27955,38750,471.5,145.8
45.864075,-121.245854,38975,472.3,145.9
45.853363,-121.235471,39025,473.2,145.9
45.817131,-121.200485,39000,474.6,145.9
45.781705,-121.16629,39000,474.0,146.0
45.745441,-121.13134,39000,473.7,145.8
45.727066,-121.112946,39000,474.7,144.0
45.714204,-121.098724,39000,475.2,141.3
45.701635,-121.083618,39000,476.4,139.1
45.689163,-121.067326,39000,476.8,136.7
45.657457,-121.024704,39000,476.2,137.0
45.6259,-120.982785,39000,475.5,137.1
45.594223,-120.940916,39000,474.1,137.2
45.562454,-120.898914,39000,472.7,137.1
45.531097,-120.857457,39000,471.2,137.1
45.499412,-120.815512,39000,471.2,137.1
45.468316,-120.774313,39000,469.8,137.1
45.436844,-120.732814,39000,468.5,137.2
45.405144,-120.691245,39000,468.5,137.2
45.373535,-120.649763,39000,467.7,137.2
45.342133,-120.608564,39000,467.7,137.2
45.310501,-120.566973,39000,466.3,137.2
45.279053,-120.525643,39000,465.6,137.1
45.24831,-120.485185,39000,465.6,137.1
45.217259,-120.444455,39000,464.9,137.2
45.186401,-120.404205,39000,465.0,137.4
45.155273,-120.363726,39000,465.7,137.4
45.123876,-120.322869,39000,466.4,137.4
45.092267,-120.28167,39000,466.4,137.4
45.060658,-120.240605,39000,467.8,137.3
45.029526,-120.200043,39000,468.5,137.2
44.99794,-120.158975,39000,469.2,137.3
44.96611,-120.117679,39000,469.9,137.4
44.934827,-120.077418,39000,470.7,137.5
44.903125,-120.036688,39000,471.5,137.8
44.871237,-119.995891,39000,472.1,137.7
44.839005,-119.954681,39000,472.9,137.7
44.80687,-119.913875,39000,473.0,137.9
44.774734,-119.873099,39000,473.0,137.9
44.742645,-119.832393,39000,474.4,137.9
44.710678,-119.791773,39000,474.3,137.7
44.680161,-119.752938,39000,474.0,138.7
44.669586,-119.740644,39000,472.3,141.2
44.658005,-119.728415,39000,470.2,143.9
44.645086,-119.716008,39000,469.8,146.6
44.632462,-119.705004,39000,468.7,149.1
44.618683,-119.694214,39000,467.1,151.6
44.60582,-119.685124,39000,465.6,154.1
44.578795,-119.667909,39000,464.5,155.6
44.540623,-119.643659,39000,462.3,155.6
44.502636,-119.619744,39000,461.1,155.9
44.463776,-119.595729,39000,460.3,156.2
44.42494,-119.571779,39000,458.9,156.2
44.386162,-119.547796,39000,458.4,156.1
44.347803,-119.523881,39000,458.8,155.9
44.309418,-119.499991,39000,457.9,155.9
44.271411,-119.476452,39000,456.2,156.1
44.233429,-119.453038,39000,456.2,156.1
44.195847,-119.430019,39000,454.9,156.1
44.157715,-119.40644,39000,455.3,156.0
44.119904,-119.38319,39000,453.6,156.2
44.082184,-119.360259,39000,454.1,156.4
44.044189,-119.337158,39000,453.6,156.2
44.006249,-119.313681,39000,453.9,155.8
43.968449,-119.290401,39000,452.6,156.1
43.930573,-119.267067,39000,452.5,155.9
43.892662,-119.24384,39000,452.8,156.4
43.854489,-119.220821,39000,453.7,156.5
43.816086,-119.197764,39000,453.7,156.5
43.77833,-119.17511,39000,453.7,156.5
43.740762,-119.152287,39000,454.0,156.1
43.70311,-119.129483,39000,454.5,156.3
43.666092,-119.107034,39000,454.5,156.3
43.628357,-119.084196,39000,454.5,156.3
43.590771,-119.061454,39000,455.4,156.3
43.552963,-119.03859,39000,455.8,156.2
43.515356,-119.015677,39000,455.8,156.2
43.477509,-118.992855,39000,456.3,156.4
43.439709,-118.970228,39000,456.8,156.5
43.401169,-118.947378,39000,456.4,156.6
43.362385,-118.924517,39000,456.0,156.8
43.324402,-118.901644,39000,456.2,156.1
43.286505,-118.878544,39000,456.2,156.1
43.248984,-118.855852,39000,454.5,156.3
43.211463,-118.833422,39000,453.7,156.5
43.173244,-118.81073,39000,453.3,156.6
43.135345,-118.788459,39000,452.5,156.8
43.096991,-118.766065,39000,451.6,156.8
43.059311,-118.743939,39000,450.6,156.7
43.021251,-118.721597,39000,451.0,156.6
42.983078,-118.699036,39000,451.4,156.5
42.945007,-118.676424,39000,451.8,156.4
42.907198,-118.653979,39000,451.4,156.5
42.868932,-118.631417,39000,451.4,156.5
42.831643,-118.609445,39000,452.0,156.7
42.793703,-118.587128,39000,452.0,156.7
42.755676,-118.56489,39000,452.9,156.7
42.717819,-118.542793,39000,453.8,156.8
42.680069,-118.520699,39000,454.2,156.6
42.642105,-118.498598,39000,455.1,156.7
42.603677,-118.476243,39000,456.0,156.8
42.565225,-118.453951,39000,456.0,156.8
42.526726,-118.431531,39000,456.0,156.8
42.488251,-118.409146,39000,456.4,156.6
42.449962,-118.386883,39000,456.0,156.8
42.412068,-118.364975,39000,456.0,156.8
42.374035,-118.343002,39000,455.6,156.9
42.335358,-118.320756,39000,455.6,156.9
42.297318,-118.298846,39000,455.6,156.9
42.259609,-118.277148,39000,455.6,156.9
42.220963,-118.254963,39000,454.7,156.8
42.185033,-118.234225,39000,455.7,155.9
42.173302,-118.226496,39000,457.1,152.9
42.162082,-118.218128,39000,458.7,150.2
42.151003,-118.208867,39000,461.3,147.0
42.138336,-118.19716,39000,462.3,144.4
42.127355,-118.18568,39000,464.6,141.4
42.116638,-118.17344,39000,466.1,138.5
42.084915,-118.134988,39000,468.1,138.0
42.053375,-118.097035,39000,468.1,138.2
42.021515,-118.05902,39000,468.2,138.4
41.989151,-118.020505,39000,468.2,138.4
41.957485,-117.982625,39000,468.9,138.3
41.925504,-117.944428,39000,469.5,138.2
41.893336,-117.905976,39000,469.5,138.2
41.861435,-117.867695,39000,470.1,137.9
41.829187,-117.828689,39000,470.1,137.9
41.797672,-117.790683,39000,470.8,137.8
41.76583,-117.752231,39000,470.9,138.0
41.733398,-117.713387,39000,471.0,138.2
41.701448,-117.675327,39000,471.0,138.4
41.669513,-117.637322,39000,471.7,138.3
41.637532,-117.599189,39000,471.7,138.3
41.60569,-117.561248,39000,472.4,138.2
41.573181,-117.522437,39000,473.8,138.2
41.541046,-117.484235,39000,475.3,138.3
41.508591,-117.445783,39000,476.7,138.3
41.475723,-117.406894,39000,476.0,138.4
41.442719,-117.367817,39000,478.1,138.3
41.410034,-117.329178,39000,478.1,138.3
41.37777,-117.291163,39000,478.2,138.5
41.34537,-117.252898,39000,480.2,138.2
41.313109,-117.214633,39000,480.2,138.2
41.280569,-117.176181,39000,480.3,138.4
41.248309,-117.138353,39000,479.7,138.6
41.215347,-117.099976,39000,480.4,138.7
41.182251,-117.06134,39000,481.0,138.5
41.149521,-117.02301,39000,480.3,138.5
41.116745,-116.984802,39000,480.4,138.7
41.083746,-116.946529,39000,479.7,138.6
41.051422,-116.908997,39000,479.7,138.6
41.018853,-116.870998,39000,478.9,138.6
40.98587,-116.832764,39000,477.6,138.7
40.953552,-116.795227,39000,478.3,138.6
40.920273,-116.756653,39000,477.6,138.7
40.887497,-116.718628,39000,477.6,138.7
40.854709,-116.680797,39000,477.6,138.7
40.822037,-116.642944,39000,476.9,138.7
40.788931,-116.604704,39000,476.9,138.8
40.755981,-116.566833,39000,477.7,138.9
40.722885,-116.528992,39000,477.0,139.0
40.68988,-116.491272,39000,478.5,139.0
40.656784,-116.453491,39000,478.5,139.0
40.624146,-116.41626,39000,478.5,139.0
40.591084,-116.378611,39000,478.5,139.0
40.557816,-116.340698,39000,479.9,139.0
40.524902,-116.303284,39000,480.0,139.1
40.491555,-116.265502,39000,480.0,139.1
40.458435,-116.227783,39000,479.9,139.0
40.425358,-116.190283,39000,479.3,139.2
40.392213,-116.152829,39000,480.7,139.2
40.359009,-116.115417,39000,480.1,139.3
40.326109,-116.078484,39000,481.5,139.3
40.292953,-116.041077,39000,482.0,139.0
40.259995,-116.003723,39000,483.4,139.0
40.226303,-115.965637,39000,483.5,139.2
40.192657,-115.927734,39000,484.2,139.1
40.159591,-115.890343,39000,484.2,139.1
40.12626,-115.852828,39000,485.1,139.4
40.092773,-115.815491,39000,485.2,139.5
40.058899,-115.777796,39000,485.8,139.4
40.02475,-115.739685,39000,485.7,139.3
39.991196,-115.702209,39000,485.8,139.4
39.957458,-115.664795,39000,484.5,139.6
39.924084,-115.627795,39000,484.5,139.6
39.889984,-115.590263,39000,485.3,139.7
39.856024,-115.552673,39000,485.2,139.5
39.821869,-115.514792,39000,484.4,139.4
39.788132,-115.477295,39000,484.4,139.4
39.754633,-115.440247,39000,483.8,139.5
39.720978,-115.403018,39000,483.8,139.5
39.687241,-115.365939,39000,484.6,139.8
39.652777,-115.328125,39000,485.3,139.7
39.619679,-115.291748,39000,485.3,139.7
39.586349,-115.25524,39000,486.7,139.7
39.55269,-115.218323,39000,487.5,139.7
39.518829,-115.181381,39000,488.9,139.7
39.484726,-115.144063,39000,488.9,139.7
39.450485,-115.106685,39000,488.9,139.7
39.416519,-115.069607,39000,488.2,139.8
39.382262,-115.032288,39000,488.1,139.6
39.348083,-114.995091,39000,489.0,139.9
39.313598,-114.957642,39000,489.0,139.9
39.28006,-114.92147,39000,490.5,140.0
39.245544,-114.884212,39000,491.9,140.0
39.21095,-114.846985,39000,492.7,140.1
39.176641,-114.810059,39000,493.3,140.0
39.142044,-114.772737,39000,493.3,140.0
39.1073,-114.73536,39000,492.7,140.1
39.072556,-114.698042,39000,492.7,140.1
39.038614,-114.66156,39000,491.2,140.0
39.003932,-114.624268,39000,489.1,140.1
38.969716,-114.587646,39000,489.2,140.2
38.935455,-114.55104,39000,488.5,140.1
38.901215,-114.514499,39000,486.4,140.2
38.867255,-114.478271,39000,485.6,140.2
38.833132,-114.441833,39000,484.2,140.2
38.79873,-114.405212,39000,485.0,140.3
38.764526,-114.36887,39000,485.0,140.3
38.730377,-114.332746,39000,485.8,140.4
38.696687,-114.297058,39000,484.4,140.4
38.66217,-114.260559,39000,483.6,140.3
38.628442,-114.224731,39025,484.2,140.2
38.594272,-114.188599,39000,485.8,140.4
38.559952,-114.152308,39000,485.0,140.3
38.526166,-114.11676,39000,485.9,140.5
38.492523,-114.081494,39000,484.5,140.5
38.45842,-114.045669,39000,483.7,140.4
38.425334,-114.010986,39000,483.1,140.5
38.391266,-113.975674,39000,484.0,140.8
38.357071,-113.93991,39000,485.9,140.5
38.322733,-113.903921,39000,486.5,140.4
38.288797,-113.868455,39000,487.5,140.7
38.254767,-113.832928,39000,488.7,140.5
38.219696,-113.796445,39000,489.6,140.7
38.185078,-113.760502,39000,488.9,140.6
38.150769,-113.724856,39000,488.2,140.7
38.143753,-113.717612,38975,488.2,140.7
38.116414,-113.689389,38700,489.0,140.8
38.090019,-113.662043,38425,487.5,140.7
38.062408,-113.633286,38150,486.7,140.6
38.034063,-113.603887,37875,485.3,140.6
38.005294,-113.573973,37625,483.9,140.6
37.977036,-113.544928,37375,480.6,140.9
37.958974,-113.526804,37175,479.6,142.8
37.946079,-113.515041,37075,478.3,145.1
37.935013,-113.505717,37000,477.9,147.0
37.928389,-113.500472,37000,477.5,148.0
37.913492,-113.489486,37000,475.6,150.5
37.898849,-113.479595,37000,474.5,152.8
37.869415,-113.461537,37000,473.6,154.1
37.83078,-113.43787,37000,473.6,154.1
37.791665,-113.413895,37000,472.7,154.0
37.753027,-113.390251,37000,473.6,154.1
37.713867,-113.366342,37000,473.2,154.2
37.675797,-113.343201,37000,473.2,154.2
37.636963,-113.319592,37000,474.1,154.2
37.598602,-113.296333,37000,474.1,154.2
37.559323,-113.272566,37000,474.6,154.4
37.537444,-113.259669,37000,473.2,155.9
37.5233,-113.252388,37000,472.1,158.8
37.509512,-113.246234,37000,470.9,161.3
37.469291,-113.230053,37000,471.5,162.2
37.428465,-113.213634,37000,472.8,162.1
37.387848,-113.197223,37000,472.5,162.3
37.34697,-113.180802,37000,472.5,162.3
37.305817,-113.164264,37000,472.5,162.3
37.264069,-113.147551,37000,472.5,162.3
37.223449,-113.131236,37000,472.8,162.1
37.181992,-113.114475,37000,471.8,162.1
37.140839,-113.097937,37000,470.6,162.2
37.09996,-113.081516,37000,470.6,162.2
37.058421,-113.064841,37000,470.6,162.2
37.01683,-113.048265,37000,470.3,162.3
36.976181,-113.032077,37000,469.0,162.4
36.935669,-113.016007,37000,468.1,162.3
36.895203,-112.999936,37000,467.1,162.3
36.854919,-112.983924,37000,467.1,162.3
36.813742,-112.967503,37000,466.5,162.1
36.773056,-112.951316,37000,466.2,162.3
36.73233,-112.935219,37000,465.9,162.4
36.69145,-112.919058,37000,465.9,162.4
36.650894,-112.903004,37000,466.2,162.3
36.610107,-112.886753,37000,466.2,162.3
36.569778,-112.870731,36975,465.2,162.2
36.56218,-112.867699,36925,464.3,162.2
36.556412,-112.86541,36875,463.9,162.3
36.547256,-112.861805,36750,463.0,162.3
36.525146,-112.853107,36375,460.8,162.3
36.503984,-112.844784,35975,458.6,162.4
36.483641,-112.836778,35575,457.3,162.4
36.465637,-112.829762,35175,458.0,162.6
36.446864,-112.82246,34775,460.2,162.6
36.430939,-112.816257,34375,462.4,162.5
36.413998,-112.809663,33975,465.9,162.4
36.398264,-112.803468,33575,469.0,162.4
36.391746,-112.800955,33425,469.0,162.4
36.385741,-112.798559,33325,469.0,162.4
36.380493,-112.796516,33250,469.0,162.4
36.372194,-112.793241,33150,470.0,162.4
36.361162,-112.788917,33075,470.3,162.3
36.35051,-112.784729,33025,471.2,162.3
36.329041,-112.77626,33000,472.2,162.4
36.287469,-112.759932,33000,474.4,162.3
36.245682,-112.74353,33000,476.3,162.4
36.204483,-112.727394,33000,476.3,162.4
36.197437,-112.724577,33000,475.3,162.4
36.192169,-112.72253,32975,475.3,162.4
36.181961,-112.718582,32875,475.3,162.4
36.15303,-112.70731,32575,476.0,162.5
36.121857,-112.695179,32275,476.0,162.5
36.090879,-112.683203,32000,476.0,162.5
36.060333,-112.671318,31700,477.2,162.4
36.029114,-112.659187,31425,479.5,162.4
35.997589,-112.646913,31150,481.4,162.5
35.966354,-112.634754,30875,482.3,162.5
35.935226,-112.622623,30600,484.5,162.5
35.903693,-112.610331,30300,485.8,162.4
35.872421,-112.59819,30025,485.5,162.5
35.840847,-112.586021,29750,484.2,162.6
35.808912,-112.57369,29450,481.1,162.6
35.777303,-112.561535,29175,482.0,162.6
35.759008,-112.554464,29025,483.0,162.6
35.752538,-112.55201,29000,483.0,162.6
35.710648,-112.535877,29000,481.1,162.6
35.668259,-112.519569,29000,481.1,162.6
35.626241,-112.503389,29000,480.1,162.6
35.584624,-112.487377,29000,479.8,162.7
35.542465,-112.471275,29000,479.8,162.7
35.509277,-112.458744,29000,478.8,163.9
35.493521,-112.453717,29000,478.8,166.2
35.477188,-112.449417,29000,478.1,168.8
35.4587,-112.445477,29000,477.8,171.1
35.415207,-112.436943,29000,479.2,170.8
35.37149,-112.428303,29000,480.2,170.8
35.327866,-112.419662,29000,481.2,170.8
35.284036,-112.411057,29000,481.0,170.9
35.240891,-112.402668,29000,482.0,170.9
35.19754,-112.394229,29000,482.0,170.9
35.153829,-112.385387,29000,483.2,170.1
35.110748,-112.375899,29000,483.9,169.6
35.066823,-112.366047,29000,484.1,169.5
35.022878,-112.356262,29000,484.9,169.7
34.979258,-112.346706,28975,479.6,169.8
34.96222,-112.342987,28975,476.5,169.9
34.952817,-112.340927,28925,475.5,169.8
34.922465,-112.334347,28700,466.3,169.9
34.914368,-112.332571,28650,462.2,169.9
34.909383,-112.331486,28600,460.2,169.9
34.903658,-112.330227,28525,459.2,169.8
34.899124,-112.329263,28450,458.2,169.8
34.894859,-112.328339,28350,457.2,169.8
34.889413,-112.327137,28200,457.2,169.8
34.874609,-112.323933,27800,458.2,169.8
34.867347,-112.32233,27625,459.2,169.8
34.862274,-112.321248,27525,458.2,169.8
34.83909,-112.316208,27150,454.1,169.9
34.816884,-112.311401,26775,449.0,169.9
34.795051,-112.306652,26375,444.9,169.9
34.77252,-112.301731,26000,440.0,169.8
34.750946,-112.297033,25625,436.0,169.7
34.72847,-112.292101,25250,431.9,169.7
34.707533,-112.287483,24875,427.8,169.8
34.685933,-112.282734,24500,424.1,169.5
34.663495,-112.277756,24125,418.6,169.8
34.642456,-112.273155,23750,414.7,169.7
34.62085,-112.268446,23375,410.5,169.8
34.60023,-112.263908,23000,407.6,169.7
34.578583,-112.259159,22625,403.5,169.7
34.557907,-112.254601,22250,399.4,169.8
34.536593,-112.249947,21875,395.2,169.8
34.515133,-112.245255,21500,391.1,169.8
34.498746,-112.241707,21225,390.2,169.8
34.496017,-112.241093,21200,390.2,169.8
34.492508,-112.240334,21175,390.2,169.8
34.488737,-112.239532,21150,391.1,169.8
34.454428,-112.232094,21100,391.3,169.7
34.448982,-112.230892,21050,391.3,169.7
34.440649,-112.229061,20950,391.3,169.7
34.433716,-112.227528,20825,391.5,169.6
34.414254,-112.22271,20425,390.7,167.9
34.393445,-112.217159,20050,386.5,167.3
34.37352,-112.211721,19700,382.6,167.2
34.35379,-112.206284,19350,379.2,167.4
34.333672,-112.200909,18975,375.8,167.6
34.314377,-112.195858,18600,372.5,167.8
34.305042,-112.193413,18450,370.3,167.8
34.280502,-112.187114,18200,362.1,167.9
34.256302,-112.180824,17900,357.0,167.9
34.236424,-112.175674,17550,352.6,168.1
34.223053,-112.172316,17325,351.7,168.0
34.2165,-112.170582,17225,349.7,167.9
34.203372,-112.167263,17075,344.6,167.9
34.184751,-112.162457,16725,341.7,167.8
34.166736,-112.157764,16375,341.5,168.0
34.148487,-112.15313,16025,339.3,168.1
34.132828,-112.14911,15725,337.3,168.0
34.128662,-112.148045,15675,336.4,168.0
34.124699,-112.147007,15650,334.6,167.8
34.107009,-112.142372,15550,325.4,167.8
34.088249,-112.13728,15425,316.0,166.3
34.084213,-112.135938,15375,313.7,164.3
34.075745,-112.132687,15225,313.4,161.4
34.057664,-112.125263,14900,311.2,161.4
34.039183,-112.117825,14575,309.0,161.5
34.0215,-112.11077,14250,307.7,161.6
34.004268,-112.103806,13925,306.1,161.3
33.986481,-112.096533,13600,304.2,161.2
33.968857,-112.089302,13275,303.3,161.1
33.951851,-112.082348,12950,302.3,161.1
33.933838,-112.074952,12625,300.1,161.1
33.916052,-112.067757,12300,298.5,161.4
33.900421,-112.061444,12025,297.3,161.6
33.890355,-112.057457,11825,297.3,161.6
33.880783,-112.053596,11650,296.3,161.5
33.871036,-112.049675,11475,295.7,161.3
33.86112,-112.045612,11300,294.4,161.4
33.851437,-112.041721,11125,294.4,161.4
33.84169,-112.037789,10950,293.5,161.3
33.832123,-112.033866,10775,292.5,161.3
33.822968,-112.030166,10600,291.2,161.4
33.813823,-112.026443,10425,290.6,161.1
33.804337,-112.022543,10275,289.4,161.2
33.80009,-112.020836,10225,288.1,161.4
33.793806,-112.018318,10225,284.0,161.3
33.769459,-112.008476,10225,283.0,161.9
33.763593,-112.006531,10225,283.1,165.5
33.760391,-112.005839,10225,282.8,170.6
33.756226,-112.005391,10225,282.8,175.7
33.750466,-112.005329,10225,283.0,179.6
33.724182,-112.005671,10225,283.0,180.4
33.697906,-112.005895,10225,284.0,180.6
33.690832,-112.005959,10200,285.0,180.6
33.681473,-112.006176,10100,285.0,181.0
33.66925,-112.0064,9950,284.0,181.0
33.656616,-112.00668,9800,285.0,180.8
33.645538,-112.006792,9650,286.0,180.6
33.63213,-112.006989,9500,285.0,180.6
33.620087,-112.007185,9350,285.0,180.8
33.607783,-112.007389,9200,285.0,180.8
33.596191,-112.007561,9050,285.0,180.8
33.58461,-112.007745,8900,286.0,180.8
33.573074,-112.007969,8750,285.0,181.0
33.561184,-112.008247,8600,286.0,181.0
33.550477,-112.008476,8425,286.1,181.2
33.540934,-112.008705,8250,287.1,181.2
33.530972,-112.008922,8075,288.0,181.0
33.521149,-112.009147,7900,288.0,180.8
33.511234,-112.009315,7700,288.0,180.8
33.501085,-112.009483,7525,287.0,181.0
33.491501,-112.009625,7350,287.0,180.8
33.487864,-112.009707,7300,287.0,180.8
33.481719,-112.009763,7250,287.0,180.6
33.469208,-112.009955,7200,282.0,180.8
33.460957,-112.010099,7175,277.0,180.8
33.454971,-112.010175,7175,272.0,180.6
33.448621,-112.010324,7200,267.0,181.1
33.44371,-112.010449,7200,262.0,181.1
33.438034,-112.010559,7200,257.1,181.3
33.433044,-112.010669,7200,253.0,180.9
33.423017,-112.010828,7200,248.0,180.7
33.400772,-112.010779,7225,245.0,180.0
33.380951,-112.010889,7225,242.0,179.8
33.376884,-112.010604,7225,242.5,176.2
33.374176,-112.010065,7225,241.5,170.2
33.371201,-112.009131,7225,242.0,163.4
33.368365,-112.007801,7225,243.1,159.0
33.365753,-112.006165,7225,243.8,151.9
33.363337,-112.00427,7225,245.0,145.1
33.361176,-112.002155,7225,244.8,142.8
33.359613,-112.000346,7225,245.4,135.5
33.357742,-111.99765,7225,244.7,128.7
33.356261,-111.995133,7225,244.3,123.8
33.354958,-111.992331,7225,244.2,116.8
33.35376,-111.989026,7225,244.9,112.1
33.352753,-111.984741,7225,245.1,107.3
33.352295,-111.98183,7225,246.1,100.5
33.351883,-111.977216,7225,246.9,94.9
33.35114,-111.960829,7225,248.4,93.2
33.350861,-111.954215,7225,244.3,92.8
33.350739,-111.951398,7225,240.3,92.6
33.350601,-111.947058,7225,236.1,91.9
33.350464,-111.943103,7225,232.1,92.0
33.350396,-111.939193,7250,227.1,91.8
33.350327,-111.936072,7250,223.1,91.5
33.350209,-111.930785,7250,219.1,91.6
33.35007,-111.92602,7225,214.1,91.9
33.34993,-111.919967,7225,210.1,91.6
33.349604,-111.906682,7225,206.1,91.7
33.349411,-111.897894,7150,203.0,91.1
33.349371,-111.894351,7125,202.0,91.1
33.349278,-111.888073,7025,201.0,90.9
33.349185,-111.881178,6925,200.0,91.2
33.349091,-111.876855,6850,198.0,91.2
33.349045,-111.872845,6750,199.0,91.2
33.348953,-111.867792,6650,200.0,91.2
33.348816,-111.862134,6550,200.1,91.4
33.34872,-111.8573,6450,200.1,91.7
33.348541,-111.851257,6350,200.1,91.7
33.348312,-111.843073,6250,197.1,92.0
33.348161,-111.838466,6150,197.2,92.6
33.347975,-111.833197,6050,197.3,92.9
33.347672,-111.826758,5950,197.2,92.6
33.347696,-111.821426,5875,197.0,88.8
33.347992,-111.818408,5825,198.0,81.9
33.34858,-111.815821,5775,198.2,75.7
33.349228,-111.813959,5725,197.4,69.6
33.350116,-111.811897,5700,196.6,60.4
33.351327,-111.809879,5650,196.8,53.9
33.352844,-111.807861,5600,196.8,47.9
33.354073,-111.806572,5575,196.9,41.7
33.355563,-111.805339,5550,195.9,32.1
33.357925,-111.803851,5500,195.5,25.8
33.360031,-111.802972,5475,193.8,18.3
33.36357,-111.801808,5400,192.6,13.8
33.369003,-111.800281,5300,191.9,12.9
33.375534,-111.798444,5200,191.8,14.2
33.381775,-111.796545,5100,189.7,14.0
33.38936,-111.794297,5025,186.5,14.0
33.394946,-111.792671,4925,188.5,13.8
33.400067,-111.791326,4850,188.5,11.0
33.40242,-111.791052,4800,188.8,5.2
33.404257,-111.791102,4775,189.0,359.7
33.406082,-111.791327,4725,189.3,353.3
33.407684,-111.791821,4700,189.0,346.9
33.409703,-111.792727,4650,187.9,340.4
33.41098,-111.793524,4625,186.5,334.3
33.412357,-111.794577,4600,185.6,327.8
33.41366,-111.795866,4575,185.1,321.6
33.414824,-111.797211,4550,183.8,315.0
33.415878,-111.798853,4525,182.9,308.6
33.416919,-111.800855,4500,181.7,302.6
33.417755,-111.802808,4450,181.1,295.9
33.419266,-111.807037,4400,179.9,291.9
33.421108,-111.812682,4300,178.8,291.0
33.422516,-111.81709,4200,179.6,291.6
33.42421,-111.822034,4100,179.6,291.6
33.425624,-111.826527,4000,180.3,289.4
33.426788,-111.831123,3925,180.8,285.7
33.427486,-111.834935,3875,178.9,281.9
33.428045,-111.839083,3825,177.5,277.5
33.428464,-111.844015,3750,177.4,273.9
33.42865,-111.850181,3650,178.1,271.6
33.428741,-111.856476,3550,179.0,270.3
33.428696,-111.862569,3450,178.0,269.7
33.428696,-111.869071,3350,176.0,270.0
33.428696,-111.874564,3275,171.0,270.0
33.428696,-111.880756,3175,169.0,270.0
33.428696,-111.887008,3075,168.0,270.3
33.428741,-111.894049,2975,168.0,270.3
33.428741,-111.900366,2875,168.0,269.3
33.428696,-111.906738,2775,165.0,270.0
33.428743,-111.913016,2700,160.0,270.4
33.428743,-111.918117,2600,155.0,270.4
33.428787,-111.924152,2525,150.0,270.4
33.428787,-111.92948,2425,146.0,269.2
33.428741,-111.936182,2325,144.0,270.0
33.428787,-111.942883,2250,143.0,270.8
33.428787,-111.947882,2150,143.0,269.6
33.42879,-111.954551,2075,142.0,270.4
33.428787,-111.959802,1975,142.0,269.6
33.428787,-111.96524,1875,144.0,271.2
33.428833,-111.971777,1775,141.0,269.2
33.428741,-111.979248,1700,140.0,269.6
33.428787,-111.985675,1625,140.0,270.4
33.428836,-111.990649,1525,139.0,270.4
33.428836,-111.997039,1425,140.0,270.0
33.428833,-112.003528,1350,141.0,269.6
33.428833,-112.008252,1300,139.0,270.4
33.428836,-112.012342,1250,138.0,270.4
33.428833,-112.012921,1225,121.0,270.5
33.428879,-112.015173,1225,104.0,270.5
33.428867,-112.016286,-50.0,95.0,270.0
33.428867,-112.016574,-50.0,91.0,270.0
33.428871,-112.017653,-50.0,83.0,270.0
33.428867,-112.018291,-50.0,77.0,270.0
33.428867,-112.019444,-50.0,54.5,270.0
33.428867,-112.019719,-50.0,49.5,272.8
33.428879,-112.019952,-50.0,43.5,272.8
33.428906,-112.020301,-50.0,38.5,278.4
33.428929,-112.020525,-50.0,34.5,281.2
33.42897,-112.020708,-50.0,30.5,284.1
33.428993,-112.020845,-50.0,28.5,286.9
33.429162,-112.021268,-50.0,22.5,300.9
33.429209,-112.021352,-50.0,20.5,303.8
33.429348,-112.021532,-50.0,16.5,317.8
33.429394,-112.021573,-50.0,14.2,326.2
33.429546,-112.021604,-50.0,11.2,348.8
33.429674,-112.021576,-50.0,11.2,14.1
33.429756,-112.02152,-50.0,10.8,30.9
33.429794,-112.02149,-50.0,10.2,39.4
33.429837,-112.021422,-50.0,10.2,50.6
33.429895,-112.021282,-50.0,10.2,64.7
33.42992,-112.021175,-50.0,10.2,73.1
33.429943,-112.021024,-50.0,10.8,81.6
33.429953,-112.020862,-50.0,11.2,87.2
33.429965,-112.020371,-50.0,15.5,90.0
33.429966,-112.01987,-50.0,18.5,90.0
33.429965,-112.019558,-50.0,20.5,90.0
33.429953,-112.018003,-50.0,21.5,90.0
33.429955,-112.017357,-50.0,21.5,90.0
33.429953,-112.016868,-50.0,21.5,90.0
33.429953,-112.016335,-50.0,21.5,90.0
33.429966,-112.015668,-50.0,21.5,90.0
33.429966,-112.015077,-50.0,21.5,90.0
33.429966,-112.014555,-50.0,21.5,90.0
33.429953,-112.014107,-50.0,21.5,90.0
33.429955,-112.013649,-50.0,21.5,90.0
33.429953,-112.013154,-50.0,21.5,90.0
33.429953,-112.012412,-50.0,21.5,90.0
33.429955,-112.011877,-50.0,21.5,90.0
33.429955,-112.011383,-50.0,21.5,90.0
33.429953,-112.010716,-50.0,21.5,90.0
33.429955,-112.010229,-50.0,21.5,90.0
33.429955,-112.009708,-50.0,20.5,90.0
33.429953,-112.009189,-50.0,20.5,90.0
33.429955,-112.008664,-50.0,20.5,90.0
33.429953,-112.008152,-50.0,20.5,90.0
33.429942,-112.007675,-50.0,20.5,90.0
33.429953,-112.007143,-50.0,21.5,90.0
33.429955,-112.006686,-50.0,21.5,90.0
33.429953,-112.006176,-50.0,21.5,90.0
33.429955,-112.005656,-50.0,21.5,90.0
33.429953,-112.005195,-50.0,21.5,90.0
33.429955,-112.004723,-50.0,21.5,90.0
33.429955,-112.004118,-50.0,21.5,90.0
33.429955,-112.003596,-50.0,21.5,90.0
33.429953,-112.003093,-50.0,21.5,90.0
33.429943,-112.002525,-50.0,20.5,90.0
33.429953,-112.002,-50.0,19.5,90.0
33.429955,-112.001454,-50.0,16.5,90.0
33.429943,-112.001056,-50.0,15.5,90.0
33.429953,-112.000655,-50.0,15.5,90.0
33.429955,-112.000095,-50.0,14.2,81.6
33.430012,-111.99994,-50.0,14.8,67.5
33.430186,-111.99973,-50.0,15.5,33.8
33.430252,-111.999696,-50.0,15.5,25.3
33.430344,-111.999669,-50.0,15.5,14.1
33.430653,-111.999641,-50.0,14.8,0.0
33.431019,-111.999641,-50.0,15.5,357.2
33.431396,-111.99966,-50.0,16.5,0.0
33.431501,-111.999646,-50.0,15.5,8.4
33.431568,-111.999628,-50.0,13.8,14.1
33.431648,-111.999586,-50.0,12.8,25.3
33.431734,-111.99952,-50.0,11.2,33.8
33.431885,-111.999309,-50.0,10.2,53.4
33.431943,-111.999169,-50.0,9.8,61.9
33.43199,-111.999057,-50.0,8.8,67.5
33.43206,-111.998831,-50.0,8.2,70.3
33.432117,-111.998557,-50.0,8.8,78.8
33.43214,-111.998392,-50.0,9.2,84.4
33.432141,-111.998216,-50.0,11.2,87.2
33.432141,-111.997796,-50.0,13.8,90.0
33.432141,-111.997404,-50.0,14.2,90.0
33.432141,-111.996871,-50.0,14.2,90.0
33.432141,-111.996395,-50.0,14.2,90.0
33.432141,-111.996142,-50.0,13.8,87.2
33.432188,-111.99596,-50.0,12.8,73.1
33.432269,-111.995806,-50.0,11.8,50.6
33.432312,-111.995755,-50.0,11.2,42.2
33.432381,-111.995714,-50.0,10.8,30.9
33.432456,-111.995694,-50.0,10.8,19.7
33.432525,-111.99568,-50.0,10.8,8.4
33.432746,-111.995694,-50.0,10.8,354.4
33.433084,-111.99575,-50.0,8.2,354.4
33.433224,-111.995792,-50.0,7.2,340.3
33.433296,-111.995851,-50.0,7.2,331.9
33.433596,-111.996156,-50.0,6.8,317.8
33.433674,-111.996236,-50.0,4.8,317.8
33.433731,-111.996291,-50.0,0.9,317.8
33.433736,-111.996282,-50.0,0.0,317.8
33.433736,-111.996296,-50.0,0.0,317.8
33.433731,-111.996291,-50.0,0.0,317.8
33.433731,-111.996291,-50.0,0.0,317.8
33.433731,-111.996291,-50.0,0.0,317.8
33.433731,-111.996291,-50.0,0.0,317.8
33.433731,-111.996291,-50.0,0.0,317.8
33.433736,-111.996296,-50.0,0.0,317.8
33.433736,-111.996296,-50.0,0.0,317.8
33.433736,-111.996296,-50.0,0.0,317.8
33.433736,-111.996296,-50.0,0.0,317.8
33.433736,-111.996296,-50.0,0.0,317.8
33.433736,-111.996296,-50.0,0.0,317.8
33.433731,-111.996291,-50.0,0.0,317.8
33.433731,-111.996291,-50.0,0.0,317.8
33.433736,-111.996296,-50.0,0.0,317.8
33.433736,-111.996296,-50.0,0.0,317.8
33.433736,-111.996282,-50.0,0.0,317.8
33.433731,-111.996291,-50.0,0.0,317.8
33.433736,-111.996282,-50.0,0.0,317.8
33.433743,-111.996291,-50.0,0.0,317.8
33.433736,-111.996296,-50.0,0.0,317.8
33.433731,-111.996291,-50.0,0.0,317.8
33.433736,-111.996296,-50.0,0.0,317.8
33.433731,-111.996291,-50.0,0.0,317.8
33.433731,-111.996291,-50.0,0.0,317.8
33.433724,-111.996296,-50.0,0.0,317.8
33.433724,-111.996282,-50.0,0.0,317.8
33.433724,-111.996296,-50.0,0.0,317.8
33.433724,-111.996296,-50.0,0.0,317.8
33.433731,-111.996291,-50.0,0.0,317.8
33.433736,-111.996282,-50.0,0.0,317.8
33.433731,-111.996291,-50.0,0.0,317.8
33.433724,-111.996296,-50.0,0.0,317.8
33.433731,-111.996291,-50.0,0.0,317.8
33.433724,-111.996296,-50.0,0.0,317.8
33.433731,-111.996291,-50.0,0.0,317.8
33.433731,-111.996291,-50.0,0.0,317.8
33.433736,-111.996296,-50.0,0.0,317.8
33.433731,-111.996291,-50.0,0.0,317.8
33.433724,-111.996296,-50.0,0.0,317.8
33.433731,-111.996291,-50.0,0.0,317.8
33.433724,-111.996296,-50.0,0.0,317.8
33.433736,-111.996296,-50.0,0.0,317.8
33.433724,-111.996296,-50.0,0.0,317.8
33.433731,-111.996291,-50.0,0.0,317.8
33.433731,-111.996291,-50.0,0.0,317.8
33.433731,-111.996291,-50.0,0.0,317.8
33.433736,-111.996296,-50.0,0.0,317.8
33.433724,-111.996296,-50.0,0.0,317.8
33.433731,-111.996291,-50.0,0.0,317.8
33.433736,-111.996296,-50.0,0.0,317.8
33.433736,-111.996296,-50.0,0.0,317.8
33.433736,-111.996296,-50.0,0.0,317.8
33.433736,-111.996296,-50.0,0.0,317.8
33.433736,-111.996296,-50.0,0.0,317.8
33.433731,-111.996291,-50.0,0.0,317.8
33.433736,-111.996296,-50.0,0.0,317.8
33.433731,-111.996291,-50.0,0.0,317.8
33.433731,-111.996291,-50.0,0.0,317.8
33.433736,-111.996282,-50.0,0.0,317.8
33.433736,-111.996296,-50.0,0.0,317.8
33.433731,-111.996291,-50.0,0.0,317.8
33.433666,-111.996226,-50.0,0.9,312.2
33.433662,-111.996222,-50.0,0.5,309.4
33.43364,-111.996208,-50.0,2.2,303.8
33.433619,-111.99617,-50.0,3.2,298.1
33.433573,-111.9961,-50.0,2.2,278.4
33.433561,-111.996044,-50.0,3.2,270.0
33.43355,-111.99596,-50.0,3.2,253.1
33.433596,-111.995792,-50.0,3.2,208.1
33.433608,-111.995778,-50.0,1.9,202.5
33.433628,-111.995755,-50.0,1.1,194.1
33.433631,-111.995764,-50.0,0.2,191.2
33.433628,-111.995755,-50.0,0.1,191.2
33.433631,-111.995764,-50.0,0.0,191.2
33.433631,-111.995764,-50.0,0.0,191.2
33.433628,-111.995755,-50.0,0.0,191.2
33.433617,-111.995755,-50.0,0.0,191.2
33.433594,-111.995755,-50.0,0.0,185.6
33.433526,-111.995764,-50.0,2.8,182.8
33.43341,-111.99575,-50.0,4.2,180.0
33.433308,-111.995755,-50.0,2.8,177.2
33.433224,-111.99575,-50.0,2.8,177.2
33.433136,-111.995728,-50.0,3.2,174.4
33.433022,-111.995714,-50.0,4.2,171.6
33.432933,-111.99568,-50.0,5.2,168.8
33.432644,-111.995604,-50.0,7.8,168.8
33.432495,-111.995563,-50.0,8.2,165.9
33.432438,-111.995535,-50.0,8.2,160.3
33.432381,-111.995494,-50.0,7.8,154.7
33.432316,-111.995442,-50.0,7.8,146.2
33.432269,-111.995386,-50.0,7.8,137.8
33.432232,-111.995329,-50.0,7.2,129.4
33.4322,-111.995245,-50.0,7.2,120.9
33.432176,-111.995161,-50.0,7.2,112.5
33.432163,-111.995096,-50.0,6.8,106.9
33.432153,-111.995021,-50.0,6.8,98.4
33.43214,-111.994876,-50.0,7.2,95.6
33.432141,-111.994713,-50.0,8.8,92.8
33.432141,-111.994433,-50.0,9.2,90.0
33.432141,-111.993914,-50.0,8.8,90.0
33.43213,-111.993802,-50.0,6.8,95.6
33.432106,-111.993732,-50.0,6.2,104.1
33.432083,-111.993676,-50.0,5.8,109.7
33.432072,-111.99364,-50.0,5.2,118.1
33.432037,-111.993592,-50.0,4.8,126.6
33.432013,-111.993564,-50.0,1.9,135.0
33.432003,-111.993558,-50.0,0.2,135.0
33.43199,-111.99355,-50.0,1.1,137.8
33.431967,-111.993536,-50.0,1.9,143.4
33.431943,-111.993522,-50.0,3.2,149.1
33.4319,-111.993517,-50.0,5.2,157.5
33.431827,-111.993494,-50.0,7.2,165.9
33.431757,-111.99348,-50.0,8.2,171.6
33.43166,-111.993475,-50.0,8.8,177.2
33.431339,-111.993475,-50.0,9.8,180.0
33.431117,-111.99348,-50.0,6.8,182.8
33.431071,-111.993494,-50.0,6.2,191.2
33.431059,-111.993522,-50.0,4.8,202.5
33.431042,-111.993544,-50.0,4.2,216.6
33.431036,-111.993578,-50.0,3.2,227.8
33.431024,-111.993634,-50.0,2.8,247.5
33.43103,-111.993654,-50.0,2.2,258.8
33.431042,-111.993681,-50.0,1.1,264.4
33.431042,-111.993681,-50.0,0.1,267.2
33.43103,-111.993709,-50.0,1.6,267.2
33.43103,-111.993805,-50.0,8.8,267.2
33.43103,-111.993901,-50.0,12.2,270.0
33.431036,-111.993984,-50.0,16.5,270.0
33.431036,-111.994321,-50.0,29.5,270.0
33.431036,-111.994587,-50.0,34.5,270.0
33.431036,-111.994783,-50.0,39.5,270.0
33.431036,-111.995105,-50.0,43.5,270.0
33.43103,-111.995261,-50.0,48.5,270.0
33.431036,-111.99568,-50.0,52.5,270.0
33.43103,-111.995851,-50.0,57.5,270.0
33.431036,-111.996282,-50.0,61.5,270.0
33.431042,-111.99754,-50.0,75.0,270.0
33.431036,-111.998006,-50.0,79.0,270.0
33.431042,-111.998227,-50.0,83.0,270.0
33.43103,-111.998364,1350,83.0,261.0
33.431024,-111.999954,1350,91.0,270.0
33.43103,-112.001935,1325,110.0,270.0
33.431024,-112.003205,1325,118.0,270.0
33.431024,-112.00483,1325,121.0,270.0
33.431024,-112.006288,1325,132.0,270.0
33.431024,-112.007129,1325,136.0,270.0
33.431024,-112.008306,1325,139.0,270.0
33.43103,-112.011603,1325,155.0,270.0
33.431071,-112.012902,1325,158.0,270.0
33.431071,-112.014247,1350,161.0,270.0
33.431071,-112.015593,1375,165.0,270.0
33.431071,-112.016658,1400,166.0,270.4
33.431071,-112.018115,1425,166.0,270.4
33.431071,-112.020077,1500,167.0,270.3
33.431071,-112.021814,1575,167.0,270.0
33.431076,-112.023743,1675,166.0,269.6
33.431071,-112.025626,1750,166.0,269.6
33.431024,-112.027588,1850,165.0,269.3
33.430984,-112.029291,1950,165.0,269.0
33.430978,-112.031175,2050,165.1,268.3
33.430893,-112.033356,2150,165.0,268.6
33.430884,-112.035547,2250,166.0,269.0
33.430838,-112.037846,2350,166.0,269.6
33.430838,-112.040144,2450,167.0,270.3
33.430893,-112.042365,2550,167.0,270.7
33.430893,-112.044727,2650,168.0,271.0
33.430978,-112.047543,2750,170.0,271.4
33.431076,-112.051044,2850,173.1,272.0
33.431168,-112.054834,2950,177.2,272.6
33.431305,-112.058459,3050,180.2,272.5
33.431442,-112.06192,3150,184.2,272.8
33.431625,-112.065601,3250,186.2,272.5
33.431722,-112.070132,3350,190.1,271.8
33.431854,-112.074225,3425,195.1,271.8
33.431955,-112.078316,3525,200.1,271.7
33.432037,-112.082135,3600,204.1,272.0
33.432141,-112.085434,3675,208.2,272.2
33.432281,-112.089246,3750,210.2,272.2
33.432374,-112.091992,3850,212.2,272.4
33.432467,-112.095131,3950,212.2,272.4
33.43256,-112.097822,4050,213.2,272.4
33.432653,-112.10012,4150,213.2,272.4
33.432746,-112.103147,4250,214.2,272.4
33.432861,-112.106689,4350,216.1,272.1
33.432953,-112.109711,4450,218.2,272.4
33.43309,-112.113611,4550,220.2,272.3
33.433228,-112.116742,4650,221.2,272.3
33.433319,-112.119873,4750,223.2,272.3
33.433411,-112.122839,4850,224.2,272.3
33.433548,-112.126685,4950,226.2,272.3
33.433685,-112.130475,5050,229.2,272.2
33.433817,-112.134424,5150,231.2,272.2
33.433957,-112.138796,5250,235.2,272.4
33.434097,-112.14278,5350,237.2,272.2
33.434236,-112.146868,5450,240.2,272.1
33.434326,-112.150909,5550,242.2,272.1
33.434464,-112.1547,5650,244.3,273.0
33.434784,-112.15871,5750,246.2,275.6
33.435167,-112.16189,5850,247.8,278.6
33.435819,-112.165365,5950,248.8,284.4
33.436752,-112.168652,6050,250.5,288.9
33.437851,-112.171619,6150,251.9,295.1
33.439178,-112.174585,6250,252.9,299.1
33.440735,-112.177441,6350,254.1,302.6
33.442802,-112.180668,6450,256.5,308.0
33.444443,-112.18288,6550,258.9,313.8
33.446777,-112.185516,6650,260.5,317.5
33.448621,-112.187282,6750,261.1,321.4
33.451135,-112.189356,6850,261.6,325.3
33.453278,-112.1909,6950,262.3,330.8
33.457077,-112.193042,7100,264.2,336.4
33.461197,-112.19469,7275,266.3,341.8
33.464355,-112.195624,7375,267.6,347.3
33.467661,-112.196194,7500,269.0,353.0
33.471804,-112.196475,7650,270.2,357.9
33.476971,-112.196363,7850,270.1,1.7
33.481979,-112.196118,8050,271.2,2.3
33.487473,-112.195953,8250,272.1,1.3
33.492874,-112.195844,8425,273.0,0.6
33.497547,-112.195802,8600,273.0,0.2
33.502808,-112.195802,8800,274.0,0.0
33.508575,-112.195844,9000,274.0,359.8
33.51412,-112.195858,9200,276.0,359.8
33.520203,-112.195734,9400,278.1,1.6
33.525851,-112.19541,9600,278.8,4.3
33.531967,-112.19458,9800,279.5,7.6
33.537536,-112.193504,10000,281.0,9.6
33.540115,-112.192887,10075,282.0,10.8
33.541353,-112.192554,10100,283.0,11.8
33.543913,-112.191925,10150,285.0,12.8
33.547917,-112.190723,10225,290.1,13.6
33.558251,-112.187748,10350,299.8,13.9
33.561493,-112.186778,10425,301.7,13.8
33.565155,-112.185713,10500,304.9,13.9
33.571984,-112.183685,10700,307.1,13.9
33.579526,-112.181454,10900,311.2,13.9
33.585068,-112.179771,11050,312.1,13.9
33.590791,-112.178078,11250,312.4,14.1
33.5954,-112.17659,11450,312.0,15.2
33.600586,-112.174614,11650,311.5,18.7
33.60585,-112.172092,11850,311.9,23.0
33.611181,-112.168922,12075,311.8,27.7
33.616425,-112.165141,12325,310.8,31.9
33.620865,-112.161442,12525,310.3,35.7
33.625397,-112.157182,12750,310.5,39.4
33.629616,-112.152557,12975,309.9,43.2
33.634232,-112.146812,13250,308.5,47.1
33.641161,-112.137909,13650,308.5,47.1
33.644165,-112.134088,13800,309.1,46.7
33.64563,-112.132238,13875,309.8,46.6
33.647141,-112.130389,13925,311.9,46.4
33.648514,-112.128595,13975,312.6,46.3
33.650099,-112.126637,14000,314.8,46.4
33.652176,-112.124055,14050,318.3,46.3
33.658618,-112.115936,14125,328.2,46.5
33.665834,-112.106838,14250,338.1,46.4
33.672913,-112.09799,14325,346.6,46.4
33.679825,-112.089806,14425,356.5,43.4
33.684769,-112.084818,14475,361.9,39.1
33.690491,-112.079941,14525,367.3,34.7
33.696279,-112.075653,14600,375.0,29.9
33.703033,-112.071365,14650,380.1,26.2
33.706284,-112.069571,14700,382.3,24.1
33.709546,-112.067986,14775,383.5,22.2
33.714798,-112.065648,14875,384.9,19.4
33.723279,-112.06255,15125,386.0,15.5
33.737228,-112.058249,15525,386.4,14.5
33.750326,-112.053967,15900,388.2,15.5
33.764191,-112.04928,16300,389.0,16.0
33.780771,-112.043552,16700,392.7,16.3
33.796005,-112.038182,17100,394.9,16.3
33.811432,-112.032801,17500,395.9,16.3
33.828766,-112.026672,17900,399.3,16.4
33.845352,-112.020862,18300,402.2,16.3
33.863113,-112.01464,18700,405.1,16.2
33.880532,-112.008591,19100,407.3,16.2
33.897858,-112.002532,19500,410.2,16.1
33.915633,-111.996403,19900,413.3,16.1
33.933151,-111.990313,20300,415.2,16.1
33.948778,-111.984901,20700,415.2,16.1
33.965258,-111.979179,21100,417.4,16.1
33.983041,-111.973,21500,419.4,16.1
34.002228,-111.966378,21900,422.5,16.1
34.021819,-111.959553,22300,425.7,16.1
34.04151,-111.952801,22700,428.6,16.0
34.057571,-111.947545,23000,430.7,14.0
34.06929,-111.944518,23225,431.7,10.8
34.081638,-111.942158,23450,432.2,8.0
34.093974,-111.940613,23700,432.8,5.2
34.105408,-111.939809,23900,433.4,2.4
34.118454,-111.939697,24150,435.0,359.6
34.130751,-111.940327,24375,435.7,356.8
34.146652,-111.942051,24650,436.1,354.3
34.166153,-111.944238,25050,436.8,354.8
34.187451,-111.946507,25450,437.7,354.9
34.208353,-111.948795,25850,438.7,354.9
34.230331,-111.951132,26250,439.8,354.8
34.252625,-111.953598,26650,440.8,354.8
34.274318,-111.955948,27025,440.8,354.8
34.296896,-111.958408,27400,441.8,354.8
34.319008,-111.960869,27775,442.8,354.8
34.341772,-111.963329,28150,442.9,354.7
34.364822,-111.96593,28525,443.9,354.7
34.389221,-111.96862,28875,444.9,354.7
34.394119,-111.969181,28925,445.9,354.7
34.399063,-111.969742,28975,445.9,354.7
34.406113,-111.970526,29000,446.9,354.7
34.434225,-111.973686,29025,447.0,354.6
34.464661,-111.97714,29300,449.0,354.6
34.495239,-111.98056,29575,449.9,354.8
34.527655,-111.9841,29850,450.9,354.8
34.546369,-111.98616,30000,452.9,354.8
34.553957,-111.987019,30000,452.9,354.8
34.594986,-111.99149,30000,452.9,354.8
34.636168,-111.995945,30000,452.8,354.9
34.656326,-111.998104,30000,451.8,354.9
34.65977,-111.998463,30025,451.8,354.9
34.665217,-111.999035,30075,451.8,354.9
34.69574,-112.00242,30350,450.9,354.8
34.729614,-112.006176,30625,450.9,354.8
34.763396,-112.009964,30875,449.9,354.8
34.78197,-112.011967,31000,448.9,354.8
34.791458,-112.013014,31025,447.9,354.8
34.832107,-112.017574,31000,447.9,354.8
34.872607,-112.022152,31000,447.0,354.6
34.912811,-112.026691,31000,446.0,354.6
34.953096,-112.031307,31000,444.9,354.7
34.993922,-112.035942,31000,444.9,354.7
35.033957,-112.040462,31000,443.9,354.7
35.074631,-112.04502,31000,443.9,354.7
35.080353,-112.045693,31025,443.9,354.7
35.08577,-112.046299,31075,442.9,354.7
35.091217,-112.046928,31125,442.9,354.7
35.113495,-112.049448,31500,440.9,354.7
35.135395,-112.051907,31875,439.9,354.6
35.158764,-112.054482,32250,437.8,354.8
35.182892,-112.057184,32625,436.8,354.8
35.208575,-112.060089,32950,437.9,354.6
35.233434,-112.062943,33275,437.9,354.6
35.258514,-112.065868,33600,438.0,354.5
35.284424,-112.068844,33925,438.9,354.6
35.290833,-112.069588,33975,438.9,354.6
35.296977,-112.070306,34000,439.9,354.6
35.304749,-112.07119,34000,440.0,354.5
35.345252,-112.075858,34000,439.9,354.6
35.384811,-112.080288,34000,439.6,355.0
35.425275,-112.084273,34000,440.3,355.6
35.46492,-112.088013,34000,439.3,355.6
35.504608,-112.091846,34000,439.4,355.4
35.543472,-112.095737,34000,438.6,355.2
35.58332,-112.100343,34000,438.1,354.4
35.623448,-112.10531,34000,437.3,354.1
35.663111,-112.110219,34000,437.1,354.4
35.702541,-112.115011,34000,436.1,354.3
35.742371,-112.119942,34000,435.2,354.2
35.781509,-112.124748,34000,434.1,354.3
35.821621,-112.129562,34025,436.1,354.3
35.832642,-112.130928,34075,438.1,354.4
35.842197,-112.132075,34175,438.0,354.5
35.868668,-112.135162,34500,438.0,354.5
35.895401,-112.138367,34825,438.0,354.5
35.922592,-112.141685,35125,438.9,353.5
35.933812,-112.143821,35225,437.6,350.0
35.946428,-112.147152,35375,436.9,347.2
35.956716,-112.1506,35475,436.1,343.9
35.96814,-112.155247,35625,435.2,340.8
35.978394,-112.16011,35725,434.9,338.3
35.989197,-112.166061,35850,434.2,335.8
35.999176,-112.172298,35950,433.9,332.2
36.0233,-112.188606,36250,432.7,331.4
36.046934,-112.204304,36550,431.8,331.6
36.069031,-112.21899,36875,431.3,331.8
36.091065,-112.233582,37200,429.9,331.8
36.114249,-112.248892,37525,429.1,331.8
36.138199,-112.264824,37825,428.2,331.7
36.161825,-112.280566,38125,427.8,331.5
36.18718,-112.297554,38400,426.9,331.5
36.212036,-112.314205,38700,426.0,331.4
36.239822,-112.332916,38975,426.0,331.4
36.267219,-112.351392,39250,426.0,331.4
36.295578,-112.370453,39525,424.7,331.4
36.322942,-112.388851,39800,424.7,331.4
36.342407,-112.401924,40000,423.8,331.4
36.349182,-112.406445,40025,424.7,331.4
36.383789,-112.42979,40000,427.4,331.3
36.418488,-112.453251,40000,428.7,331.3
36.453278,-112.476883,40000,429.2,331.2
36.487691,-112.500234,40000,431.0,331.3
36.522465,-112.523726,40000,432.7,331.4
36.557146,-112.547218,40000,434.1,331.4
36.592438,-112.571182,40000,434.6,331.2
36.627161,-112.594845,40000,435.9,331.2
36.662401,-112.618804,40000,436.8,331.3
36.696808,-112.642193,40000,434.1,331.4
36.731003,-112.665424,40000,432.3,331.2
36.765335,-112.688828,40000,432.7,331.4
36.800428,-112.712656,40000,434.1,331.4
36.835144,-112.736263,40000,434.6,331.2
36.869838,-112.76003,40000,435.0,331.1
36.905045,-112.784242,40000,435.5,331.0
36.939697,-112.808085,40000,436.4,331.1
36.974716,-112.832278,40000,436.4,331.1
37.009495,-112.85622,40000,436.9,331.0
37.044159,-112.880022,40000,438.2,331.2
37.079407,-112.90404,40000,438.5,331.4
37.114516,-112.928168,40000,435.9,331.2
37.142448,-112.947394,40000,426.1,331.1
37.176152,-112.970621,40000,420.3,331.1
37.20939,-112.993609,40000,419.4,331.0
37.243187,-113.017014,40000,418.5,331.0
37.276704,-113.040241,40000,418.9,331.2
37.310577,-113.063575,40000,418.5,331.0
37.343994,-113.086834,40000,418.1,330.8
37.377274,-113.110209,40000,418.2,330.5
37.410416,-113.133467,40000,417.7,330.9
37.443827,-113.156612,40000,418.0,331.1
37.477478,-113.179925,40000,418.0,331.1
37.511048,-113.203424,40000,415.9,330.8
37.544037,-113.226383,40000,414.9,331.0
37.577385,-113.249638,40000,414.5,330.8
37.610275,-113.272666,40000,414.9,331.0
37.643692,-113.295983,40000,414.9,331.0
37.6772,-113.319358,40000,414.5,330.8
37.710068,-113.342441,40000,414.5,330.8
37.742935,-113.365582,40000,414.2,330.6
37.775848,-113.388899,40000,414.2,330.6
37.808533,-113.412099,40000,414.2,330.6
37.841354,-113.43524,40000,414.1,331.0
37.874176,-113.458265,40000,413.7,330.8
37.907534,-113.481903,40000,414.2,330.6
37.925037,-113.494621,40000,412.8,328.8
37.93621,-113.503816,40000,412.1,326.1
37.947196,-113.513728,40000,411.8,323.5
37.977081,-113.542649,40000,411.8,322.8
38.006644,-113.571048,40000,411.8,322.8
38.036577,-113.599767,40000,411.0,322.7
38.066711,-113.628845,40000,410.2,322.6
38.096146,-113.657246,40000,411.0,322.7
38.125352,-113.685568,40000,409.4,322.5
38.155145,-113.714527,40000,408.6,322.5
38.185089,-113.743617,40000,407.8,322.4
38.214478,-113.77231,40000,407.0,322.3
38.243781,-113.800984,40000,407.0,322.3
38.273483,-113.830047,40000,406.4,322.4
38.302505,-113.858331,40000,406.6,322.6
38.332169,-113.887258,40000,406.4,322.4
38.361372,-113.915803,40000,405.8,322.5
38.390991,-113.944761,40000,406.3,322.2
38.420539,-113.973755,40025,405.8,322.5
38.450147,-114.002686,40000,405.6,322.3
38.479521,-114.031616,40000,406.3,322.2
38.508337,-114.060059,40000,407.7,322.2
38.537613,-114.088957,40000,408.4,322.3
38.566527,-114.117371,40000,409.9,322.2
38.596024,-114.146457,40000,409.9,322.2
38.625687,-114.175654,40000,412.7,322.2
38.655814,-114.205566,40000,416.7,321.9
38.685841,-114.235535,40000,420.9,321.9
38.716415,-114.265933,40000,422.7,322.2
38.74729,-114.296509,40000,423.3,322.1
38.778168,-114.327074,40000,424.2,322.4
38.808925,-114.357361,40000,424.1,322.2
38.839696,-114.388062,40000,423.3,322.1
38.870178,-114.418129,40000,420.0,322.5
38.900299,-114.447864,40000,411.3,322.2
38.929216,-114.476685,40000,411.1,322.0
38.958755,-114.506259,40000,411.7,321.9
38.988616,-114.536316,40000,411.7,321.9
39.018036,-114.565967,40000,411.5,321.7
39.048157,-114.596313,40000,413.7,321.8
39.078094,-114.626452,40000,413.9,322.0
39.10779,-114.65625,40000,415.3,321.9
39.137723,-114.686279,40000,415.9,321.8
39.167404,-114.716313,40000,417.3,321.8
39.197662,-114.746764,40000,416.6,322.6
39.207367,-114.75572,40000,418.1,325.1
39.235107,-114.779544,40000,419.6,326.3
39.267471,-114.807308,40000,419.1,326.4
39.299213,-114.834473,40000,417.4,326.2
39.330962,-114.861877,40000,415.8,326.1
39.362091,-114.88887,40000,414.9,326.0
39.393854,-114.916443,40000,411.9,325.9
39.424896,-114.943443,40000,410.8,326.1
39.456024,-114.970371,40000,410.8,326.1
39.48674,-114.997121,40000,409.1,326.0
39.518005,-115.024348,40000,409.9,326.0
39.548593,-115.050903,40000,409.1,326.0
39.579346,-115.077787,40000,409.1,326.0
39.61102,-115.10553,40000,410.5,325.9
39.642489,-115.132996,40000,414.9,326.0
39.674471,-115.160767,40000,420.2,326.2
39.706266,-115.18866,40000,418.8,325.7
39.738464,-115.217086,40000,419.6,325.8
39.770275,-115.245056,40000,419.6,325.8
39.801956,-115.272973,40000,419.6,325.8
39.833493,-115.300842,40000,418.8,325.7
39.864869,-115.328552,40000,419.6,325.8
39.896713,-115.356744,40000,420.2,325.7
39.928482,-115.384705,40000,421.3,325.9
39.960534,-115.412813,40000,421.3,325.9
39.992569,-115.440979,40000,421.9,325.8
40.024869,-115.469492,40000,421.9,325.8
40.056335,-115.49762,40000,421.3,325.4
40.087692,-115.525513,40000,422.7,325.9
40.119836,-115.553887,40000,422.7,325.9
40.151491,-115.58204,40000,422.4,325.7
40.183182,-115.610352,40000,421.3,325.4
40.215408,-115.639282,40000,422.2,325.5
40.246902,-115.66748,40000,423.6,325.5
40.278672,-115.695898,40000,424.6,325.8
40.311127,-115.724792,40000,426.0,325.7
40.342961,-115.753264,40000,427.2,325.5
40.37558,-115.782532,40000,428.0,325.6
40.407028,-115.810852,40000,428.6,325.5
40.439184,-115.839906,40000,428.6,325.5
40.471072,-115.868808,40000,429.1,325.4
40.503892,-115.898458,40000,428.6,325.5
40.535889,-115.927368,40000,429.1,325.4
40.568506,-115.956886,40000,429.1,325.4
40.600479,-115.98584,40000,428.6,325.5
40.632385,-116.014587,40000,429.4,325.5
40.664544,-116.04359,40000,429.4,325.5
40.69693,-116.072815,40000,429.1,325.4
40.729019,-116.102112,40000,428.0,325.1
40.761465,-116.131731,40000,428.3,325.3
40.794067,-116.161438,40000,428.3,325.3
40.825475,-116.190158,39975,426.1,325.2
40.857456,-116.219247,40000,424.4,325.6
40.88887,-116.247742,40000,424.1,325.4
40.921188,-116.277405,40000,423.9,325.2
40.952469,-116.306201,40000,423.6,325.0
40.984404,-116.335664,40000,423.6,325.0
41.016106,-116.364878,40000,424.4,325.1
41.047343,-116.393655,40000,424.4,325.1
41.079071,-116.423096,40000,425.0,325.0
41.111023,-116.452637,40000,425.8,325.0
41.143007,-116.482232,40000,425.8,325.0
41.175156,-116.511902,40000,426.9,325.3
41.207062,-116.541077,40000,427.7,325.4
41.239603,-116.571059,40000,429.4,325.0
41.271744,-116.601013,40000,430.8,325.0
41.303799,-116.630797,40000,430.8,325.0
41.335966,-116.66076,40000,432.0,324.8
41.368367,-116.691159,40000,432.6,324.7
41.400814,-116.721433,40000,433.0,325.1
41.43368,-116.751901,40000,434.4,325.0
41.465881,-116.781984,40000,435.0,324.9
41.498428,-116.812508,40000,435.3,324.6
41.530788,-116.842921,40000,435.6,324.8
41.562722,-116.872878,40000,434.8,324.7
41.595216,-116.903537,40000,434.8,324.7
41.627701,-116.934169,40000,435.3,324.6
41.660017,-116.964729,40000,434.8,324.7
41.69237,-116.995197,40000,434.8,324.7
41.72519,-117.026239,40000,434.8,324.7
41.757523,-117.056642,40000,434.2,324.9
41.79013,-117.087495,40000,433.4,324.8
41.822344,-117.117963,40000,433.4,324.8
41.854568,-117.148465,40000,432.6,324.7
41.887161,-117.179427,40000,431.2,324.7
41.919479,-117.210138,40000,430.1,324.5
41.951752,-117.240913,40000,430.4,324.6
41.983368,-117.271068,40000,429.5,324.6
42.015244,-117.301525,40000,430.9,324.5
42.047471,-117.332388,40000,430.1,324.5
42.079559,-117.363198,40000,429.9,324.3
42.110962,-117.393473,40000,429.3,324.4
42.142717,-117.423919,40000,428.7,324.5
42.174419,-117.454451,40000,427.9,324.4
42.206451,-117.485358,40000,427.9,324.4
42.238102,-117.515898,40000,426.3,324.3
42.269394,-117.545971,40000,424.5,324.6
42.301117,-117.57637,40000,424.3,324.4
42.332153,-117.606333,40000,423.5,324.3
42.363235,-117.636545,40000,422.7,324.2
42.394518,-117.667023,40025,426.9,324.1
42.425987,-117.697683,40000,431.9,324.1
42.457922,-117.728726,40000,433.5,324.3
42.490462,-117.760471,40000,433.5,324.3
42.522862,-117.791961,40000,432.7,324.2
42.554718,-117.822876,40000,432.1,324.3
42.586624,-117.8539,40000,431.3,324.2
42.618713,-117.885281,40000,431.1,324.1
42.650695,-117.916643,40000,430.5,324.2
42.682769,-117.948133,40000,430.2,324.0
42.714478,-117.979369,40000,429.7,324.1
42.746109,-118.010517,40000,428.9,324.0
42.778015,-118.041978,40000,428.0,323.9
42.809438,-118.073077,40000,427.2,323.9
42.841187,-118.10456,40000,426.6,324.0
42.872097,-118.135136,40000,425.8,323.9
42.903799,-118.166591,40000,425.8,323.9
42.935082,-118.197654,40000,424.4,323.9
42.966248,-118.228604,40000,424.4,323.9
42.997416,-118.259452,40000,423.9,324.0
43.028978,-118.290645,40000,423.9,324.0
43.060122,-118.321577,40000,423.0,323.9
43.091172,-118.352574,40000,423.6,323.8
43.122757,-118.384201,40000,423.4,323.6
43.154114,-118.415882,40000,424.0,323.5
43.184875,-118.446797,40000,424.2,323.7
43.216211,-118.478132,40000,424.2,323.7
43.247406,-118.509458,40000,424.2,323.7
43.278809,-118.540947,40000,424.2,323.7
43.309735,-118.572039,40000,425.6,323.7
43.341156,-118.603736,40000,424.8,323.6
43.372441,-118.635145,40000,425.0,323.8
43.403491,-118.666469,40000,424.8,323.6
43.434309,-118.697597,40000,424.6,323.4
43.464935,-118.728801,40000,424.6,323.4
43.496109,-118.760482,40000,423.2,323.5
43.527273,-118.792223,40000,423.2,323.5
43.558502,-118.824101,40000,422.4,323.4
43.589859,-118.85591,40000,421.4,323.8
43.620564,-118.887046,40000,421.8,323.5
43.651521,-118.918566,40000,420.4,323.5
43.681734,-118.949498,40000,420.2,323.3
43.712551,-118.98128,40000,419.4,323.2
43.743118,-119.012721,40000,419.4,323.2
43.774047,-119.044647,40000,419.4,323.2
43.804459,-119.075892,40000,418.8,323.4
43.835263,-119.107557,40000,418.0,323.3
43.865569,-119.13875,40000,415.2,323.3
43.895688,-119.169813,39975,411.4,323.1
43.901228,-119.175568,39925,411.4,323.1
43.923569,-119.19885,39650,412.8,323.1
43.947693,-119.223824,39375,415.0,323.1
43.972641,-119.249566,39125,415.8,323.2
43.99823,-119.275882,38850,414.8,323.6
44.023101,-119.301453,38600,409.4,323.2
44.046432,-119.325703,38325,407.2,323.2
44.070259,-119.350499,38050,404.2,323.0
44.093907,-119.375153,37775,403.6,323.2
44.118301,-119.400657,37525,402.8,323.1
44.142059,-119.425539,37250,402.6,322.9
44.166575,-119.451207,37000,404.8,322.9
44.191132,-119.476893,36725,407.0,323.0
44.215502,-119.502377,36475,408.4,323.0
44.2397,-119.527784,36225,411.2,322.9
44.264053,-119.553353,36000,413.4,323.0
44.269455,-119.559043,35975,413.4,323.0
44.29921,-119.590302,36000,412.0,323.0
44.329182,-119.62182,36000,411.2,322.9
44.359348,-119.65364,36000,411.2,322.9
44.389188,-119.685059,36000,411.2,322.9
44.419098,-119.716644,36000,411.2,322.9
44.449173,-119.748426,36000,413.4,323.0
44.47922,-119.780184,36000,415.4,322.8
44.509339,-119.812138,36000,415.4,322.8
44.539831,-119.844494,36000,416.0,322.7
44.569904,-119.876515,36000,416.0,322.7
44.599651,-119.908135,36000,416.0,322.7
44.629584,-119.940089,36000,416.0,322.7
44.659657,-119.97211,36000,416.0,322.7
44.690148,-120.004801,36000,415.8,322.5
44.720547,-120.037358,36000,416.6,322.6
44.75062,-120.069513,36000,416.0,322.7
44.780457,-120.101558,36000,416.6,322.6
44.810715,-120.133994,36000,417.4,322.7
44.840515,-120.166037,36000,418.0,322.6
44.870819,-120.198669,36000,418.6,322.5
44.889816,-120.219203,36000,417.2,322.5
44.895309,-120.225154,35950,417.2,322.5
44.901123,-120.23136,35875,417.2,322.5
44.906663,-120.237323,35775,415.8,322.5
44.915275,-120.246634,35575,415.0,322.4
44.930311,-120.26298,35175,414.8,322.2
44.945115,-120.279191,34775,414.8,322.2
44.96022,-120.295519,34375,413.6,322.5
44.973093,-120.309471,33975,414.4,322.5
44.986407,-120.323806,33575,415.2,322.6
44.999313,-120.337764,33175,416.6,322.6
45.012451,-120.351889,32775,417.2,322.5
45.025635,-120.366146,32375,417.2,322.5
45.037857,-120.379421,31975,417.8,322.4
45.051068,-120.393811,31575,418.4,322.3
45.063125,-120.406941,31175,419.2,322.4
45.075714,-120.420685,30775,419.8,322.3
45.084686,-120.430429,30500,420.6,322.3
45.100433,-120.447693,30100,418.4,322.3
45.115869,-120.464418,29700,416.4,322.4
45.132385,-120.482352,29300,414.2,322.4
45.141798,-120.49309,29075,411.6,319.9
45.149506,-120.502951,28850,408.8,316.4
45.157533,-120.514593,28625,406.8,313.1
45.165167,-120.526852,28400,404.0,309.9
45.172165,-120.539507,28175,402.2,306.8
45.178528,-120.552443,27950,399.7,303.6
45.184341,-120.565861,27725,398.1,300.5
45.192261,-120.58633,27375,396.4,298.3
45.201782,-120.610918,27000,393.9,298.8
45.210928,-120.634304,26600,392.1,299.0
45.220413,-120.65846,26200,390.7,298.9
45.229689,-120.682336,25800,388.9,298.7
45.238953,-120.706251,25425,387.1,298.5
45.248154,-120.730264,25025,384.8,298.6
45.257387,-120.754216,24625,383.5,298.5
45.266605,-120.778198,24225,380.4,298.6
45.275589,-120.801712,23850,377.2,298.3
45.284295,-120.824555,23450,376.3,298.4
45.293289,-120.84804,23050,374.1,298.4
45.302403,-120.871917,22650,371.4,298.3
45.311155,-120.894894,22250,368.7,298.5
45.319885,-120.917882,21875,366.4,298.2
45.328798,-120.941318,21475,363.8,298.4
45.337738,-120.964639,21075,362.0,298.5
45.346344,-120.987069,20700,359.8,298.6
45.354858,-121.009369,20325,357.1,298.4
45.363526,-121.03209,19925,355.7,298.4
45.372253,-121.054949,19550,353.5,298.4
45.380814,-121.07751,19175,351.2,298.4
45.389236,-121.099745,18800,349.4,298.2
45.397556,-121.121588,18425,347.7,298.3
45.405936,-121.143695,18050,344.9,298.2
45.414641,-121.166672,17675,343.2,298.4
45.421437,-121.185094,17350,342.1,296.6
45.42572,-121.198358,17125,340.8,293.7
45.429474,-121.211766,16925,339.9,290.7
45.432843,-121.225556,16700,340.9,288.1
45.43634,-121.242501,16400,342.9,285.7
45.441129,-121.266353,16025,340.9,285.8
45.445908,-121.290501,15650,338.5,285.6
45.450765,-121.315055,15275,337.2,285.5
45.455327,-121.338501,14900,335.3,285.6
45.460029,-121.362349,14525,333.7,285.8
45.464498,-121.384791,14175,332.4,285.7
45.465476,-121.389748,14125,331.5,285.8
45.466736,-121.396048,14075,329.5,285.9
45.471405,-121.419656,13950,320.1,285.8
45.472366,-121.424495,13875,318.8,285.6
45.477127,-121.44843,13500,316.9,285.8
45.481769,-121.47228,13150,315.7,285.6
45.48642,-121.495775,12800,313.7,285.7
45.490952,-121.518794,12450,312.2,285.4
45.495438,-121.541944,12100,311.3,285.5
45.497818,-121.554238,11900,309.6,285.7
45.500565,-121.567841,11700,308.7,285.8
45.503174,-121.581116,11500,307.4,285.7
45.505783,-121.594325,11300,306.5,285.7
45.508484,-121.607797,11100,305.5,285.8
45.511093,-121.621007,10900,305.5,285.8
45.513704,-121.634194,10700,304.3,285.6
45.516037,-121.645987,10500,303.3,285.7
45.518033,-121.656033,10350,303.3,285.7
45.519699,-121.664625,10250,302.1,285.5
45.521347,-121.672865,10200,299.2,285.7
45.525156,-121.692877,10100,290.1,284.4
45.52652,-121.701835,10025,287.5,281.2
45.527623,-121.71217,9925,285.0,278.3
45.528351,-121.722042,9825,281.9,274.7
45.528787,-121.734143,9700,281.1,271.8
45.528763,-121.745387,9600,280.1,268.6
45.528259,-121.76154,9450,279.3,267.3
45.527809,-121.77782,9300,278.2,267.7
45.527344,-121.794434,9150,277.2,267.9
45.526932,-121.810717,9000,276.2,267.9
45.52652,-121.827523,8850,276.2,267.9
45.526062,-121.844068,8700,275.2,267.9
45.525696,-121.859828,8550,274.2,267.9
45.525249,-121.876094,8400,273.2,267.7
45.52483,-121.891435,8250,272.2,267.7
45.524414,-121.904428,8075,271.2,267.7
45.524094,-121.917834,7900,270.2,267.9
45.523773,-121.931043,7725,270.2,268.1
45.523453,-121.943795,7550,269.2,268.1
45.523132,-121.95694,7375,269.2,268.1
45.522858,-121.969822,7200,268.2,268.1
45.522537,-121.983098,7025,268.2,267.9
45.522354,-121.989637,6925,268.2,267.9
45.522171,-121.996896,6825,268.2,267.9
45.521944,-122.004715,6725,268.2,267.9
45.521757,-122.012351,6625,268.2,267.6
45.52153,-122.019588,6525,268.3,267.4
45.521339,-122.026352,6425,268.3,267.4
45.521059,-122.033453,6325,268.3,267.2
45.520798,-122.041037,6225,268.4,267.0
45.520523,-122.048362,6125,268.5,266.6
45.520221,-122.056163,6025,268.4,266.8
45.519928,-122.063402,5925,270.3,267.2
45.519709,-122.07157,5825,271.2,267.7
45.519516,-122.078443,5725,272.2,267.9
45.519337,-122.085906,5625,273.1,268.1
45.519197,-122.094012,5525,273.1,268.3
45.519057,-122.099974,5475,272.1,268.5
45.518875,-122.110487,5450,268.1,268.5
45.518732,-122.11786,5450,264.1,268.5
45.518499,-122.12878,5450,259.1,268.2
45.518359,-122.136618,5450,254.1,268.2
45.518143,-122.145015,5450,249.1,268.2
45.51794,-122.154906,5450,244.1,268.4
45.517707,-122.16616,5450,239.1,268.1
45.517614,-122.16971,5425,238.1,268.1
45.517568,-122.171854,5400,238.1,268.1
45.517502,-122.175489,5375,238.1,268.1
45.517382,-122.180697,5275,239.1,268.1
45.517227,-122.18641,5175,241.2,267.9
45.517044,-122.191707,5075,243.2,267.4
45.516869,-122.196841,4975,244.3,267.2
45.516683,-122.203272,4875,245.3,267.2
45.516497,-122.2091,4775,246.3,267.2
45.516266,-122.215511,4675,247.3,267.0
45.516032,-122.221896,4575,247.3,267.0
45.515762,-122.228067,4475,248.3,267.0
45.515519,-122.234825,4375,248.4,266.8
45.51535,-122.238726,4325,249.4,266.8
45.51524,-122.241859,4300,248.3,267.0
45.515147,-122.244337,4300,248.3,267.0
45.514847,-122.253113,4275,244.3,267.2
45.514618,-122.259587,4275,240.3,267.1
45.514402,-122.266243,4250,237.3,267.3
45.514123,-122.274951,4225,233.3,267.3
45.513704,-122.287546,4125,229.2,267.5
45.513519,-122.29405,4075,226.2,267.5
45.513332,-122.300542,3975,224.3,267.2
45.513016,-122.308829,3900,220.3,267.1
45.512773,-122.315882,3800,216.3,267.1
45.512558,-122.322889,3700,214.2,267.3
45.512329,-122.329756,3600,211.2,267.6
45.5121,-122.336622,3500,209.2,267.5
45.511935,-122.342678,3425,206.2,267.8
45.51178,-122.349505,3375,202.1,268.3
45.511609,-122.357483,3275,198.2,267.7
45.511276,-122.363565,3175,195.7,265.3
45.51091,-122.370235,3075,193.6,265.6
45.510771,-122.375704,3000,192.0,270.0
45.511002,-122.379259,2950,189.3,276.7
45.511414,-122.382268,2900,187.9,281.7
45.512075,-122.385284,2875,185.9,288.8
45.513016,-122.38848,2825,184.3,295.0
45.514572,-122.392469,2750,182.7,299.5
45.516403,-122.396654,2650,182.2,302.9
45.518918,-122.402031,2550,180.6,303.2
45.521622,-122.408229,2450,178.2,301.5
45.524277,-122.414703,2350,175.6,300.1
45.526932,-122.421439,2250,172.3,298.8
45.529312,-122.427717,2150,171.0,298.7
45.531906,-122.434454,2050,167.4,298.6
45.534485,-122.441123,1950,165.1,298.6
45.537027,-122.447718,1850,161.1,299.0
45.539474,-122.454006,1750,158.0,299.2
45.541961,-122.460379,1650,154.9,299.4
45.544382,-122.466475,1550,150.8,298.9
45.546799,-122.472705,1475,146.4,299.0
45.547966,-122.475655,1425,142.4,299.5
45.549042,-122.478466,1400,137.4,299.2
45.550827,-122.483089,1325,132.9,298.3
45.552933,-122.488649,1225,128.0,299.0
45.555359,-122.494745,1150,124.4,298.8
45.557742,-122.500717,1050,124.5,299.9
45.560163,-122.506828,975,126.3,299.4
45.562134,-122.511827,875,127.1,299.2
45.564606,-122.518258,800,126.2,298.4
45.566541,-122.523239,700,124.9,299.2
45.569092,-122.529714,600,124.9,299.2
45.571472,-122.53581,525,124.9,299.2
45.573617,-122.541298,425,123.5,299.0
45.576037,-122.547478,350,123.5,299.0
45.578365,-122.55352,250,127.1,299.2
45.580811,-122.559792,150,128.5,299.4
45.583832,-122.567563,50,127.1,299.2
45.584976,-122.570444,0,128.0,299.0
45.586349,-122.573994,-50,126.7,298.8
45.589444,-122.581913,-50.0,73.0,298.1
45.58927,-122.58466,-50.0,8.2,120.9
45.589085,-122.58421,-50.0,8.8,120.9
45.588959,-122.583875,-50.0,9.8,120.9
45.588781,-122.583424,-50.0,13.2,120.9
45.588638,-122.583088,-50.0,14.8,118.1
45.588502,-122.58272,-50.0,15.5,118.1
45.58786,-122.581028,-50.0,15.5,118.1
45.58778,-122.580814,-50.0,15.5,118.1
45.585651,-122.575401,-50.0,17.5,118.1
45.585526,-122.575066,-50.0,17.5,118.1
45.585418,-122.574789,-50.0,16.5,118.1
45.584952,-122.57036,-50.0,68.5,298.1
45.586578,-122.57453,0,68.5,0.0
45.589783,-122.58277,-25,138.8,299.3
45.590096,-122.583527,-25,145.5,299.2
45.59261,-122.59005,100,154.4,299.0
45.592941,-122.590875,125,161.1,299.0
45.593948,-122.593421,225,161.1,299.0
45.594223,-122.594225,275,160.7,298.6
45.594798,-122.59568,350,159.8,298.8
45.595505,-122.59744,450,158.9,299.0
45.596334,-122.599594,550,157.6,299.6
45.597079,-122.601448,650,157.6,299.6
45.597824,-122.603233,750,157.3,300.1
45.598755,-122.605499,850,159.2,300.6
45.599854,-122.608092,950,159.7,300.9
45.600632,-122.609967,1050,160.2,301.2
45.601639,-122.612312,1150,161.0,301.0
45.602692,-122.614858,1250,161.9,300.8
45.603653,-122.617202,1350,164.1,300.8
45.6049,-122.620056,1450,166.0,301.2
45.606033,-122.622763,1550,169.6,301.2
45.607452,-122.626112,1650,173.7,301.6
45.608734,-122.628993,1750,175.4,301.2
45.609787,-122.631605,1850,177.5,300.5
45.610858,-122.634476,1950,179.8,297.9
45.611984,-122.637969,2050,183.0,294.9
45.613083,-122.641721,2150,187.7,291.2
45.613998,-122.645539,2250,192.3,288.8
45.614548,-122.648018,2325,193.6,287.1
45.615005,-122.650362,2400,194.2,286.8
45.615514,-122.653015,2500,195.3,285.7
45.615921,-122.654918,2600,195.3,285.7
45.616445,-122.657478,2700,195.3,285.7
45.616974,-122.660076,2800,195.6,286.0
45.61734,-122.662019,2900,194.9,286.4
45.617888,-122.664482,3000,195.2,286.7
45.618393,-122.666842,3100,195.8,287.2
45.618959,-122.669426,3200,196.4,287.8
45.619564,-122.672035,3300,197.6,288.0
45.620169,-122.674644,3400,198.3,288.5
45.620681,-122.676842,3500,198.6,288.8
45.621368,-122.679771,3600,200.2,288.3
45.621872,-122.682049,3675,201.8,287.0
45.622284,-122.684192,3725,204.7,284.7
45.62259,-122.68618,3775,207.2,282.8
45.622971,-122.689417,3825,211.4,278.7
45.623062,-122.692231,3850,215.5,274.0
45.623055,-122.695107,3875,220.0,269.2
45.622787,-122.69826,3925,224.2,264.1
45.622403,-122.701149,3950,228.3,258.9
45.621798,-122.70417,4000,233.0,254.1
45.621007,-122.707054,4025,236.8,249.0
45.620041,-122.709849,4075,241.1,244.2
45.618819,-122.712753,4100,244.7,239.6
45.617249,-122.715811,4150,248.9,234.6
45.6157,-122.718315,4200,252.6,229.8
45.614548,-122.719898,4225,255.3,224.5
45.612627,-122.72216,4300,257.2,219.3
45.610107,-122.724587,4400,259.9,212.6
45.608112,-122.726212,4500,260.6,209.4
45.606125,-122.727736,4600,261.6,207.1
45.604341,-122.729027,4700,261.2,206.4
45.602339,-122.730331,4800,261.7,205.1
45.600677,-122.73142,4875,261.8,204.6
45.598892,-122.732559,4975,262.8,204.0
45.597702,-122.733296,5050,262.4,203.8
45.595962,-122.734383,5150,262.5,203.3
45.594406,-122.735305,5250,262.1,203.1
45.592758,-122.73631,5350,262.1,203.1
45.590981,-122.737404,5450,262.6,202.9
45.589737,-122.738119,5525,262.6,202.9
45.588048,-122.73912,5625,262.2,202.6
45.586279,-122.740219,5725,262.2,202.6
45.585069,-122.740906,5800,262.2,202.6
45.583374,-122.74187,5900,262.2,202.6
45.581763,-122.742897,6000,263.2,202.6
45.580181,-122.74379,6100,263.2,202.6
45.57897,-122.744545,6175,263.2,202.6
45.577286,-122.745555,6275,263.5,202.8
45.576004,-122.746292,6350,263.5,202.8
45.574362,-122.747292,6450,264.8,202.9
45.573166,-122.747966,6525,265.8,202.8
45.571426,-122.749038,6625,265.8,202.8
45.569753,-122.750038,6725,266.7,202.7
45.567751,-122.751274,6825,268.0,202.8
45.566448,-122.752029,6900,268.0,202.8
45.564697,-122.753058,7000,268.0,202.8
45.561264,-122.755201,7200,270.6,203.1
45.557327,-122.757546,7400,272.9,203.1
45.552854,-122.760269,7600,276.0,203.0
45.549225,-122.762436,7775,277.8,202.9
45.545918,-122.764446,7975,277.8,202.9
45.542706,-122.766389,8175,277.8,202.9
45.539261,-122.768465,8375,277.8,202.9
45.536545,-122.770059,8550,277.8,202.9
45.533442,-122.771949,8750,277.3,203.1
45.530273,-122.773917,8950,277.3,203.1
45.527115,-122.775814,9150,276.8,203.4
45.523945,-122.777844,9350,275.9,203.5
45.520873,-122.77972,9550,276.3,203.7
45.51794,-122.781528,9750,275.4,203.8
45.51503,-122.783399,9925,275.4,203.8
45.512375,-122.785034,10100,275.4,203.8
45.509468,-122.786888,10275,274.9,204.1
45.506162,-122.789031,10475,275.3,204.2
45.504547,-122.790004,10575,276.2,204.1
45.503183,-122.790907,10625,277.5,204.3
45.501554,-122.791979,10700,278.4,204.2
45.498825,-122.793666,10800,280.6,204.2
45.49648,-122.795194,10875,283.3,204.4
45.49379,-122.796936,10950,288.7,204.4
45.491173,-122.798611,11000,292.2,204.5
45.486191,-122.801841,11050,298.0,204.6
45.480469,-122.805568,11125,307.9,204.6
45.474786,-122.809262,11200,314.6,204.6
45.473483,-122.810133,11225,316.8,204.6
45.472831,-122.810535,11250,317.7,204.6
45.470736,-122.811942,11300,320.0,204.6
45.468567,-122.813285,11375,320.9,204.5
45.46312,-122.816816,11550,324.0,204.4
45.457947,-122.820151,11750,326.2,204.4
45.453278,-122.823159,11925,327.7,204.1
45.442898,-122.829761,12325,332.1,204.2
45.432632,-122.836238,12725,335.8,203.9
45.422881,-122.842422,13125,338.0,203.9
45.411522,-122.84959,13525,342.5,203.9
45.403934,-122.854346,13800,343.4,203.9
45.39481,-122.86004,14175,344.7,204.0
45.385529,-122.865928,14575,345.6,203.9
45.376421,-122.87163,14975,345.6,203.9
45.368182,-122.876788,15375,345.2,203.7
45.358978,-122.882538,15750,345.6,203.9
45.349281,-122.888645,16150,347.5,203.8
45.338837,-122.895224,16550,348.8,203.9
45.32959,-122.901038,16850,351.4,204.0
45.316315,-122.909415,17250,355.9,204.0
45.303406,-122.917589,17650,360.3,204.1
45.289124,-122.926614,18025,365.7,204.0
45.276169,-122.934723,18425,368.5,203.9
45.263486,-122.942639,18825,371.6,203.8
45.250717,-122.950483,19225,375.3,202.4
45.241196,-122.955388,19475,379.2,199.2
45.234297,-122.958381,19650,383.0,196.1
45.228104,-122.960619,19850,383.4,194.0
45.218609,-122.963406,20175,385.2,191.1
45.214828,-122.964281,20275,385.9,190.0
45.212036,-122.96487,20350,387.7,188.9
45.202363,-122.966487,20575,392.7,185.4
45.192215,-122.967224,20825,396.2,182.0
45.181693,-122.96709,21100,399.1,178.7
45.172616,-122.966688,21325,401.2,178.3
45.153351,-122.966047,21725,406.1,178.7
45.13623,-122.965524,22125,409.1,178.7
45.118011,-122.965001,22525,412.1,178.9
45.099063,-122.964411,22925,415.1,178.8
45.081985,-122.963889,23325,417.1,178.8
45.064636,-122.963366,23725,418.1,178.6
45.05484,-122.963039,23925,420.1,178.6
45.033646,-122.962254,24325,423.1,178.5
45.012497,-122.9616,24700,427.1,178.7
44.991074,-122.960881,25100,430.1,178.7
44.969742,-122.960096,25500,434.1,178.6
44.947632,-122.959311,25875,437.1,178.6
44.925339,-122.958527,26250,440.1,178.6
44.902706,-122.957846,26650,443.1,178.7
44.880175,-122.957042,27050,444.1,178.6
44.857783,-122.956305,27450,446.1,178.6
44.83581,-122.955568,27825,447.1,178.6
44.813828,-122.954799,28200,449.1,178.6
44.791399,-122.954027,28575,450.1,178.6
44.76831,-122.953223,28950,450.2,178.5
44.746124,-122.952379,29325,450.2,178.5
44.7232,-122.951549,29700,451.1,178.6
44.699203,-122.950745,30050,452.1,178.6
44.673483,-122.949941,30400,454.1,178.6
44.64625,-122.949003,30725,457.1,178.6
44.635803,-122.948652,30850,457.1,178.6
44.629305,-122.9484,30950,457.1,178.6
44.608749,-122.947736,31350,455.1,178.6
44.586616,-122.946993,31750,454.1,178.6
44.563522,-122.946232,32150,453.1,178.6
44.541092,-122.945448,32550,452.1,178.6
44.518021,-122.944663,32925,451.1,178.6
44.49421,-122.943912,33300,450.1,178.7
44.469677,-122.943175,33650,450.1,178.9
44.445831,-122.942505,34000,450.1,178.9
44.420192,-122.941835,34350,450.1,178.9
44.393967,-122.941066,34700,450.1,178.7
44.367966,-122.940216,35025,451.1,178.7
44.342403,-122.939423,35350,452.1,178.7
44.315735,-122.938581,35675,452.1,178.6
44.28891,-122.937666,36000,453.1,178.7
44.261856,-122.936881,36325,453.1,178.9
44.235379,-122.936141,36650,453.1,178.7
44.206696,-122.935246,36950,454.1,178.7
44.199738,-122.93505,37000,455.1,178.7
44.191527,-122.934788,37000,456.1,178.7
44.150142,-122.933677,37000,456.1,178.7
44.108597,-122.932349,37000,456.1,178.6
44.067047,-122.930995,37000,455.1,178.6
44.025558,-122.929602,37000,455.1,178.7
43.982803,-122.928261,37000,455.1,178.6
43.941775,-122.927006,37000,455.1,178.7
43.900715,-122.925764,37000,455.1,178.6
43.859424,-122.924456,37000,455.1,178.7
43.817184,-122.923151,37000,455.1,178.7
43.77594,-122.921874,37000,456.1,178.9
43.734757,-122.920728,37000,457.1,178.8
43.693651,-122.919551,37000,458.1,178.9
43.651932,-122.918297,37000,459.1,178.8
43.610323,-122.917066,37000,460.1,178.8
43.568024,-122.915806,37000,461.1,178.8
43.527227,-122.914581,37000,462.1,178.8
43.485123,-122.913378,37000,462.1,178.8
43.442502,-122.912096,37000,462.1,178.8
43.399796,-122.91076,37000,462.1,178.6
43.357777,-122.909415,37000,462.1,178.8
43.3156,-122.908173,37000,462.1,178.9
43.272812,-122.906927,37000,463.1,178.8
43.230224,-122.905688,37000,462.1,178.9
43.187628,-122.90451,37000,462.1,178.8
43.145638,-122.903268,37000,463.1,178.8
43.103974,-122.90196,37000,463.1,178.6
43.062149,-122.900731,37000,463.1,178.8
43.019388,-122.89941,37000,464.1,178.8
42.976886,-122.898167,37000,465.1,178.8
42.935315,-122.89699,37000,466.1,178.8
42.892136,-122.895749,37000,467.1,178.8
42.850078,-122.894505,37000,468.1,178.8
42.807266,-122.893191,37000,468.1,178.8
42.764422,-122.891917,37000,469.1,178.8
42.721547,-122.890703,37000,469.1,178.8
42.678905,-122.889553,37000,470.1,178.9
42.6362,-122.888385,37000,471.1,178.8
42.593715,-122.88719,37000,471.1,178.8
42.550468,-122.885913,37000,471.1,178.7
42.507919,-122.884635,37000,471.1,178.8
42.464539,-122.883329,37000,471.1,178.7
42.421332,-122.882016,37000,472.1,178.8
42.378159,-122.880769,37000,472.1,178.8
42.33535,-122.879525,37000,472.1,178.8
42.292149,-122.878312,37000,472.1,178.8
42.248199,-122.877086,37000,472.1,178.9
42.205902,-122.875963,37000,473.1,178.9
42.16306,-122.874798,37000,473.1,178.8
42.119705,-122.873466,37000,474.1,178.7
42.076584,-122.872155,37000,474.1,178.7
42.033505,-122.870902,37000,474.1,178.8
41.989886,-122.869625,37000,474.1,178.8
41.946075,-122.86841,37000,475.1,178.8
41.902359,-122.867348,37000,475.1,179.0
41.859307,-122.866239,37000,475.1,178.8
41.816339,-122.865026,37000,475.1,178.8
41.785708,-122.864004,37000,475.3,177.8
41.769973,-122.862471,37000,477.8,175.1
41.726852,-122.857611,37000,477.6,175.3
41.683712,-122.85289,37000,477.7,175.2
41.640232,-122.848099,37000,477.6,175.3
41.597078,-122.843372,37000,476.6,175.3
41.553589,-122.838634,37000,476.6,175.3
41.510118,-122.833855,37000,476.6,175.3
41.467438,-122.829271,37000,475.5,175.4
41.424183,-122.82453,37000,475.7,175.2
41.380646,-122.819641,37000,475.7,175.2
41.336804,-122.814851,37000,475.6,175.3
41.293045,-122.810107,37000,474.6,175.3
41.250403,-122.805488,37000,475.5,175.4
41.207153,-122.800964,37000,475.5,175.4
41.164142,-122.796374,37000,476.6,175.3
41.12029,-122.79163,37000,476.6,175.3
41.076599,-122.786926,37000,476.6,175.3
41.032883,-122.782166,37000,476.6,175.3
40.98912,-122.777466,37000,476.6,175.3
40.944974,-122.772716,37000,477.6,175.3
40.901413,-122.768066,37000,476.6,175.3
40.857971,-122.763428,37000,476.5,175.4
40.814814,-122.758921,37000,475.5,175.4
40.772049,-122.754395,37000,475.5,175.4
40.72832,-122.749807,37000,475.5,175.4
40.685211,-122.745239,37000,474.5,175.4
40.642319,-122.740601,37000,473.6,175.3
40.599743,-122.736074,37000,472.5,175.4
40.556263,-122.731393,37000,472.6,175.3
40.512772,-122.726685,37000,473.6,175.3
40.469676,-122.722092,37000,474.6,175.3
40.426804,-122.717712,37000,475.4,175.7
40.383499,-122.713318,37000,475.6,175.3
40.33992,-122.708679,37000,476.4,175.6
40.296936,-122.704163,37000,476.7,175.2
40.253448,-122.699646,37000,477.5,175.4
40.210613,-122.695125,37000,477.6,175.3
40.186359,-122.692628,37000,476.5,175.4
40.17784,-122.691692,36950,476.6,175.3
40.145021,-122.688259,36675,476.5,175.4
40.110718,-122.684753,36400,474.4,175.5
40.07482,-122.68108,36150,473.4,175.5
40.039254,-122.67746,35900,472.5,175.5
40.003876,-122.673706,35625,469.6,175.2
39.968994,-122.669983,35375,470.5,175.4
39.93386,-122.666286,35100,475.6,175.3
39.898014,-122.662537,34850,477.5,175.4
39.861797,-122.658752,34600,477.5,175.4
39.825806,-122.655069,34325,476.5,175.4
39.789827,-122.651367,34075,474.4,175.5
39.75499,-122.647785,33800,471.5,175.4
39.7193,-122.644043,33550,470.5,175.4
39.684631,-122.640441,33275,471.5,175.5
39.649053,-122.636841,33025,471.5,175.5
39.614044,-122.633276,32775,470.5,175.5
39.57969,-122.6297,32500,472.5,175.5
39.550223,-122.626709,32275,473.5,175.4
39.542169,-122.625854,32175,473.5,175.4
39.53389,-122.624976,32025,472.6,175.3
39.524231,-122.623961,31825,472.6,175.3
39.505325,-122.621991,31425,470.5,175.4
39.481046,-122.619507,31025,466.5,175.4
39.459073,-122.617249,30625,463.4,175.5
39.436569,-122.614945,30225,460.4,175.5
39.415237,-122.612796,29825,457.4,175.5
39.393631,-122.610646,29425,455.3,175.6
39.372253,-122.608437,29025,452.4,175.4
39.351654,-122.606347,28625,449.4,175.5
39.328949,-122.604078,28225,445.4,175.5
39.306941,-122.601868,27825,442.3,175.6
39.284549,-122.599609,27450,437.3,175.5
39.262344,-122.597351,27050,433.4,175.4
39.240326,-122.595062,26675,429.3,175.5
39.219223,-122.592913,26300,426.4,175.4
39.197205,-122.590644,25925,422.4,175.4
39.175896,-122.588074,25550,419.4,173.8
39.154296,-122.584778,25150,417.1,173.0
39.133999,-122.581604,24750,414.9,173.2
39.114395,-122.578702,24350,412.7,173.5
39.095123,-122.575896,23950,411.5,173.7
39.075297,-122.573181,23550,409.4,173.8
39.057907,-122.570761,23200,408.4,173.8
39.053138,-122.570068,23125,407.5,173.7
39.046829,-122.569089,23050,407.0,173.1
39.040243,-122.567871,23025,405.6,171.4
39.032135,-122.566104,23000,405.4,169.8
38.996111,-122.557129,23000,404.2,169.2
38.959801,-122.548035,23000,403.4,169.0
38.923443,-122.539062,23000,403.4,169.0
38.906525,-122.534817,22975,399.5,168.9
38.901378,-122.533508,22950,398.5,168.9
38.897781,-122.532607,22900,396.4,168.9
38.892858,-122.531433,22825,396.4,168.9
38.889267,-122.530518,22775,395.4,168.9
38.883827,-122.529175,22650,395.2,169.1
38.867523,-122.525084,22250,395.2,169.1
38.848022,-122.520248,21875,394.2,169.0
38.828663,-122.515381,21500,391.3,168.9
38.80806,-122.510217,21125,389.3,168.9
38.788907,-122.505432,20750,387.1,169.0
38.769241,-122.500544,20375,384.2,168.9
38.750083,-122.495728,20000,382.0,169.0
38.731043,-122.491028,19625,380.1,168.9
38.712003,-122.486206,19250,376.9,169.0
38.692795,-122.481437,18875,375.2,168.8
38.678718,-122.478271,18600,372.5,171.0
38.664799,-122.476074,18325,369.4,173.5
38.646457,-122.473328,17950,367.5,173.3
38.626393,-122.470276,17575,365.5,173.2
38.606964,-122.467346,17200,363.4,173.4
38.588593,-122.4646,16825,361.4,173.3
38.569926,-122.461792,16450,359.6,173.1
38.551254,-122.458868,16075,357.6,173.1
38.532125,-122.455933,15700,355.5,173.2
38.513644,-122.453125,15325,354.5,173.2
38.495023,-122.450317,14975,352.5,173.2
38.476868,-122.447523,14600,350.5,173.1
38.458666,-122.444763,14225,348.5,173.1
38.440324,-122.441956,13875,346.6,173.0
38.422402,-122.439148,13500,345.6,173.0
38.404633,-122.436491,13125,344.3,173.3
38.386414,-122.433744,12750,342.3,173.3
38.368149,-122.430998,12375,341.4,173.3
38.350479,-122.428368,12025,340.2,173.4
38.341461,-122.427024,11825,339.4,173.2
38.331528,-122.425505,11625,339.5,173.1
38.321823,-122.423985,11425,338.6,172.9
38.311935,-122.422407,11225,338.5,173.0
38.302343,-122.420953,11025,337.4,173.2
38.292343,-122.419486,10825,337.3,173.4
38.283508,-122.418141,10625,336.4,173.2
38.277671,-122.417251,10500,336.3,173.3
38.274319,-122.416773,10450,335.3,173.3
38.2712,-122.416296,10425,334.3,173.3
38.267895,-122.415818,10375,332.4,173.1
38.256676,-122.414086,10375,325.3,173.1
38.24057,-122.411655,10350,322.2,173.2
38.226463,-122.409489,10200,320.3,173.2
38.210083,-122.40698,10075,312.3,173.0
38.196577,-122.404891,10025,304.3,173.0
38.191689,-122.404175,9950,302.2,173.2
38.18074,-122.40248,9775,300.2,173.1
38.170166,-122.400844,9600,299.2,173.1
38.159546,-122.399208,9425,298.2,173.1
38.148788,-122.397571,9250,297.1,173.2
38.138526,-122.395995,9075,296.1,173.2
38.128418,-122.394474,8900,295.1,173.2
38.11853,-122.392955,8725,295.1,173.2
38.109058,-122.391517,8525,295.2,173.0
38.099189,-122.389964,8350,295.2,173.0
38.089274,-122.388472,8150,295.2,173.0
38.079025,-122.386877,7975,294.2,173.0
38.069046,-122.385299,7775,294.1,173.2
38.058829,-122.383755,7575,294.0,173.4
38.04868,-122.382262,7400,293.1,173.1
38.038971,-122.380741,7225,293.3,172.8
38.032288,-122.379397,7100,293.3,170.2
38.027252,-122.377761,7050,291.8,165.1
38.022583,-122.375774,7000,290.7,159.9
38.017822,-122.373144,7000,287.3,155.3
38.013068,-122.369962,7000,284.7,151.0
38.007761,-122.365723,7000,282.6,147.0
38.003431,-122.361722,7000,282.0,142.9
37.982948,-122.342257,7025,280.2,143.4
37.962845,-122.323238,7025,279.2,143.0
37.942337,-122.303837,7025,281.4,143.1
37.921783,-122.284085,7025,282.6,142.8
37.900955,-122.264158,7025,282.0,142.9
37.890427,-122.254106,7000,281.2,142.8
37.888261,-122.252038,6975,280.6,143.0
37.887085,-122.250892,6950,280.6,143.0
37.884521,-122.248496,6900,281.4,143.1
37.881325,-122.24547,6800,281.4,143.1
37.877694,-122.242067,6700,282.2,143.2
37.873718,-122.238328,6600,283.0,143.3
37.869003,-122.233828,6500,283.0,143.3
37.864197,-122.229329,6400,282.8,143.1
37.859253,-122.224595,6300,282.0,142.9
37.854231,-122.219796,6200,281.2,142.8
37.848925,-122.21472,6100,280.6,143.0
37.843185,-122.209284,6000,278.6,143.2
37.837006,-122.203499,5900,277.2,143.2
37.831146,-122.197947,5800,275.6,143.0
37.824904,-122.191971,5700,275.4,142.7
37.818649,-122.185968,5600,273.2,142.6
37.813778,-122.181284,5500,272.6,142.8
37.809076,-122.176746,5400,272.6,142.8
37.804653,-122.172566,5300,272.8,143.1
37.800277,-122.168446,5200,272.8,143.1
37.796082,-122.164404,5100,273.0,142.3
37.792364,-122.160565,5050,271.3,140.4
37.78862,-122.156398,5025,271.1,137.5
37.783751,-122.150295,5025,270.1,134.1
37.779053,-122.143834,5025,271.4,131.3
37.773975,-122.135965,5000,272.7,128.3
37.771369,-122.131666,5000,272.4,127.5
37.76976,-122.129049,4950,273.0,127.7
37.767318,-122.125098,4900,273.6,127.9
37.765045,-122.121452,4825,274.3,128.0
37.762756,-122.117771,4725,275.7,128.1
37.760376,-122.113914,4625,277.1,128.1
37.758055,-122.110171,4525,278.5,128.1
37.755524,-122.106083,4450,279.3,128.0
37.752236,-122.100857,4400,277.9,128.0
37.747394,-122.093035,4300,275.7,128.1
37.742294,-122.084753,4200,273.5,128.2
37.738084,-122.077988,4100,272.1,128.1
37.735011,-122.073092,4050,271.5,128.0
37.731566,-122.067539,4025,270.0,127.9
37.716293,-122.042678,4000,268.8,127.6
37.710663,-122.033503,3925,269.4,127.8
37.704659,-122.023773,3825,270.0,127.9
37.698794,-122.01428,3725,270.0,127.9
37.692928,-122.004726,3625,267.4,127.6
37.686813,-121.99435,3525,264.5,125.6
37.68115,-121.984127,3425,261.6,124.7
37.678916,-121.980246,3425,260.3,125.5
37.67738,-121.977738,3425,257.7,128.4
37.674959,-121.974514,3425,254.6,134.4
37.672305,-121.971708,3425,251.0,141.0
37.669931,-121.969677,3425,246.1,148.1
37.667267,-121.967994,3425,243.3,153.1
37.664658,-121.966709,3425,238.5,160.6
37.662186,-121.96589,3425,235.0,166.0
37.660034,-121.965423,3425,231.8,171.1
37.657745,-121.965248,3425,227.5,176.2
37.655174,-121.965378,3425,224.1,181.3
37.653122,-121.965774,3425,221.5,186.7
37.65159,-121.966214,3425,217.9,192.2
37.650009,-121.966825,3425,214.1,197.7
37.648087,-121.967936,3425,210.1,203.3
37.646301,-121.969163,3425,206.8,208.9
37.644653,-121.970624,3425,203.6,214.4
37.642914,-121.972494,3400,198.9,222.4
37.640976,-121.975051,3400,195.9,226.0
37.639023,-121.977929,3400,191.6,229.7
37.634628,-121.984649,3400,186.8,230.4
37.623871,-122.000778,3400,183.1,229.9
37.613113,-122.016556,3400,178.6,229.1
37.608575,-122.023296,3400,174.3,231.3
37.607437,-122.02538,3425,170.9,237.4
37.606574,-122.027654,3425,167.7,243.4
37.606062,-122.029445,3425,166.1,249.9
37.605736,-122.031416,3425,164.2,257.0
37.605596,-122.033386,3425,161.9,264.0
37.605652,-122.035432,3400,160.2,272.5
37.605881,-122.038178,3400,159.3,277.2
37.606476,-122.04297,3375,159.5,280.1
37.606946,-122.046104,3350,159.7,280.5
37.607505,-122.049687,3250,160.8,280.8
37.60817,-122.054073,3150,161.0,281.1
37.608994,-122.058982,3075,157.5,282.1
37.609818,-122.063599,3025,154.0,283.1
37.611834,-122.074107,2975,149.6,284.3
37.612439,-122.076555,2925,150.2,289.0
37.613251,-122.078968,2875,150.0,294.0
37.614441,-122.08181,2800,148.6,299.0
37.616226,-122.085396,2725,147.6,302.8
37.618149,-122.088668,2650,145.0,306.9
37.620353,-122.092259,2550,143.2,307.9
37.623286,-122.096976,2450,140.4,307.8
37.626405,-122.101872,2350,141.4,309.5
37.629943,-122.107186,2250,142.8,309.6
37.633062,-122.111843,2150,143.3,310.5
37.636088,-122.116381,2050,144.8,310.0
37.639346,-122.121277,1950,146.9,310.3
37.642319,-122.12566,1850,147.6,310.0
37.645631,-122.130651,1750,148.3,310.4
37.64875,-122.135189,1650,146.9,310.3
37.651962,-122.140025,1550,144.2,309.6
37.655081,-122.144742,1450,142.6,310.2
37.658386,-122.149795,1350,140.6,309.8
37.662017,-122.155251,1250,139.8,310.1
37.665115,-122.159904,1150,140.5,310.4
37.668442,-122.164804,1050,141.9,310.4
37.671654,-122.169521,950,140.5,310.4
37.675003,-122.174572,850,137.6,310.3
37.678217,-122.179373,750,135.5,310.5
37.681523,-122.184269,650,132.8,309.8
37.684642,-122.189046,550,131.4,309.8
37.688095,-122.194266,450,132.0,310.1
37.691345,-122.199058,350,133.3,310.7
37.694697,-122.203973,250,136.2,310.2
37.698049,-122.209108,150,139.2,309.8
37.701168,-122.213765,50,137.8,309.7
37.704613,-122.21896,-25,134.2,309.9
37.705627,-122.220504,-25,129.8,310.3
37.70668,-122.222082,-50,125.1,309.2
37.706847,-122.222303,-50,120.0,309.9
37.707173,-122.222781,-75,114.2,310.4
37.707687,-122.223543,-75,110.8,309.9
37.707962,-122.223952,-75,102.2,310.2
37.708104,-122.224199,-50.0,99.0,309.4
37.70826,-122.224434,-50.0,99.0,309.4
37.708407,-122.224647,-50.0,93.0,309.4
37.708686,-122.22505,-50.0,89.0,309.4
37.708912,-122.225399,-50.0,89.0,309.4
37.709151,-122.225751,-50.0,85.0,309.4
37.709396,-122.226125,-50.0,81.0,309.4
37.709599,-122.226421,-50.0,77.0,309.4
37.709792,-122.226722,-50.0,73.0,309.4
37.709965,-122.226962,-50.0,68.5,309.4
37.710159,-122.227254,-50.0,65.5,309.4
37.710362,-122.227558,-50.0,62.5,309.4
37.710618,-122.227931,-50.0,58.5,309.4
37.710862,-122.228319,-50.0,55.5,309.4
37.711083,-122.228647,-50.0,53.5,309.4
37.711316,-122.228991,-50.0,52.5,312.2
37.71159,-122.229372,-50.0,49.5,312.2
37.71184,-122.229692,-50.0,47.5,315.0
37.712139,-122.23003,-50.0,43.5,317.8
37.712265,-122.230161,-50.0,41.5,320.6
37.712402,-122.230307,-50.0,38.5,323.4
37.712666,-122.230541,-50.0,34.5,326.2
37.712997,-122.23079,-50.0,32.5,329.1
37.713226,-122.23095,-50.0,29.5,331.9
37.713444,-122.231082,-50.0,26.5,334.7
37.713593,-122.231169,-50.0,24.5,337.5
37.713783,-122.231245,-50.0,20.5,343.1
37.714063,-122.231349,-50.0,16.5,345.9
37.714389,-122.231424,-50.0,12.2,348.8
37.71454,-122.231439,-50.0,12.2,354.4
37.714621,-122.231439,-50.0,12.2,2.8
37.714703,-122.231418,-50.0,12.2,14.1
37.714771,-122.231374,-50.0,12.2,22.5
37.714842,-122.231304,-50.0,12.2,33.8
37.714886,-122.231257,-50.0,12.2,42.2
37.71492,-122.231199,-50.0,12.2,53.4
37.714943,-122.231126,-50.0,11.8,61.9
37.714959,-122.231036,-50.0,11.8,73.1
37.714966,-122.230965,-50.0,11.8,81.6
37.714959,-122.230871,-50.0,11.2,92.8
37.714943,-122.230775,-50.0,11.2,104.1
37.714912,-122.230677,-50.0,11.2,112.5
37.714866,-122.230603,-50.0,11.8,120.9
37.714796,-122.230483,-50.0,11.8,126.6
37.714554,-122.230088,-50.0,13.2,129.4
37.714284,-122.229692,-50.0,13.2,132.2
37.714016,-122.229299,-50.0,13.8,129.4
37.713748,-122.228886,-50.0,13.8,129.4
37.713469,-122.228468,-50.0,14.2,129.4
37.713213,-122.22808,-50.0,16.5,129.4
37.712952,-122.227678,-50.0,17.5,129.4
37.712666,-122.227244,-50.0,17.5,129.4
37.712398,-122.226856,-50.0,17.5,132.2
37.712173,-122.226494,-50.0,17.5,129.4
37.712096,-122.226334,-50.0,17.5,123.8
37.712036,-122.226202,-50.0,17.5,115.3
37.712002,-122.226056,-50.0,17.5,106.9
37.711991,-122.225975,-50.0,17.5,101.2
37.71199,-122.225866,-50.0,17.5,92.8
37.711991,-122.225751,-50.0,17.5,84.4
37.712014,-122.225632,-50.0,17.5,78.8
37.712036,-122.225515,-50.0,17.5,70.3
37.712108,-122.225378,-50.0,18.5,61.9
37.712177,-122.225244,-50.0,18.5,53.4
37.712305,-122.22505,-50.0,18.5,47.8
37.712585,-122.224647,-50.0,18.5,47.8
37.71286,-122.224259,-50.0,18.5,47.8
37.713123,-122.223879,-50.0,18.5,50.6
37.713295,-122.223587,-50.0,16.5,53.4
37.713364,-122.223468,-50.0,16.5,59.1
37.713409,-122.223339,-50.0,16.5,67.5
37.713444,-122.223193,-50.0,16.5,75.9
37.713458,-122.223065,-50.0,16.5,87.2
37.713446,-122.22293,-50.0,16.5,95.6
37.713421,-122.222798,-50.0,16.5,101.2
37.713399,-122.222691,-50.0,16.5,109.7
37.713353,-122.222557,-50.0,16.5,118.1
37.713284,-122.222433,-50.0,16.5,123.8
37.713201,-122.222303,-50.0,16.5,129.4
37.712934,-122.221915,-50.0,16.5,132.2
37.712654,-122.221498,-50.0,17.5,132.2
37.712414,-122.221147,-50.0,17.5,129.4
37.712142,-122.220721,-50.0,18.5,129.4
37.711864,-122.220315,-50.0,18.5,129.4
37.711595,-122.219915,-50.0,18.5,132.2
37.711351,-122.219527,-50.0,18.5,129.4
37.711086,-122.219131,-50.0,18.5,129.4
37.710909,-122.21887,-50.0,18.5,132.2
37.710732,-122.218649,-50.0,18.5,135.0
37.710606,-122.218497,-50.0,18.5,137.8
37.710455,-122.218348,-50.0,18.5,140.6
37.710141,-122.218019,-50.0,18.5,137.8
37.710013,-122.217855,-50.0,18.5,135.0
37.709896,-122.21767,-50.0,18.5,129.4
37.709656,-122.21729,-50.0,18.5,126.6
37.709407,-122.21687,-50.0,14.8,129.4
37.70929,-122.216662,-50.0,13.2,123.8
37.709233,-122.216527,-50.0,12.8,115.3
37.709198,-122.216399,-50.0,12.8,106.9
37.709187,-122.216282,-50.0,12.8,98.4
37.709187,-122.216122,-50.0,12.8,90.0
37.709209,-122.215961,-50.0,12.8,81.6
37.709267,-122.215669,-50.0,12.8,78.8
37.709361,-122.215183,-50.0,12.8,75.9
37.709466,-122.21469,-50.0,11.8,73.1
37.709524,-122.214541,-50.0,11.2,67.5
37.709576,-122.214412,-50.0,10.8,59.1
37.709652,-122.214287,-50.0,11.2,53.4
37.709722,-122.214183,-50.0,10.8,45.0
37.709839,-122.214076,-50.0,11.2,39.4
37.710114,-122.213799,-50.0,10.8,36.6
37.710388,-122.213565,-50.0,8.8,33.8
37.71056,-122.213407,-50.0,4.8,36.6
37.710674,-122.213302,-50.0,4.8,36.6
37.710709,-122.213258,-50.0,4.8,42.2
37.710746,-122.213213,-50.0,5.2,50.6
37.710789,-122.213112,-50.0,5.2,56.2
37.710857,-122.212966,-50.0,3.2,59.1
37.710909,-122.212869,-50.0,0.9,59.1
37.710903,-122.212878,-50.0,0.0,59.1
37.710909,-122.212884,-50.0,0.0,59.1
37.710909,-122.212869,-50.0,0.0,59.1
37.710903,-122.212878,-50.0,0.0,59.1
37.710903,-122.212878,-50.0,0.0,59.1
37.710903,-122.212878,-50.0,0.0,59.1
37.710897,-122.212869,-50.0,0.0,59.1
37.710909,-122.212884,-50.0,0.0,59.1
37.710903,-122.212878,-50.0,0.0,59.1
37.710903,-122.212878,-50.0,0.0,59.1
37.710903,-122.212878,-50.0,0.0,59.1
37.710903,-122.212878,-50.0,0.0,59.1
37.710903,-122.212864,-50.0,0.0,59.1
37.710909,-122.212869,-50.0,0.0,59.1
37.710909,-122.212884,-50.0,0.0,59.1
37.710897,-122.212884,-50.0,0.0,59.1
37.710909,-122.212884,-50.0,0.0,59.1
37.710903,-122.212878,-50.0,0.0,59.1
37.710909,-122.212869,-50.0,0.0,59.1
37.710909,-122.212869,-50.0,0.0,59.1
37.710903,-122.212878,-50.0,0.0,59.1
37.710903,-122.212878,-50.0,0.0,59.1
37.710909,-122.212869,-50.0,0.0,59.1
37.710903,-122.212878,-50.0,0.0,59.1
37.710909,-122.212884,-50.0,0.0,59.1
37.710903,-122.212878,-50.0,0.0,59.1
37.710903,-122.212878,-50.0,0.0,59.1
37.710886,-122.212914,-50.0,0.0,56.2
37.710869,-122.212966,-50.0,2.2,50.6
37.710846,-122.212995,-50.0,2.2,47.8
37.710827,-122.213034,-50.0,2.8,42.2
37.710792,-122.213078,-50.0,3.2,36.6
37.710757,-122.213108,-50.0,3.2,42.2
37.710723,-122.213138,-50.0,3.2,47.8
37.710651,-122.213229,-50.0,3.2,45.0
37.710629,-122.213273,-50.0,3.2,36.6
37.71056,-122.213317,-50.0,2.8,39.4
37.710537,-122.213331,-50.0,2.8,47.8
37.710501,-122.213377,-50.0,3.2,53.4
37.710478,-122.213437,-50.0,3.8,50.6
37.710443,-122.213481,-50.0,3.8,45.0
37.710408,-122.213526,-50.0,3.8,39.4
37.710339,-122.213601,-50.0,3.2,36.6
37.710292,-122.213646,-50.0,1.4,33.8
37.710285,-122.213653,-50.0,0.0,33.8
37.710308,-122.213623,-50.0,0.0,33.8
37.710331,-122.213609,-50.0,0.0,30.9
37.710373,-122.213631,-50.0,2.8,5.6
37.7104,-122.213638,-50.0,2.8,354.4
37.710411,-122.213667,-50.0,3.2,340.3
37.710411,-122.213682,-50.0,3.8,331.9
37.71042,-122.213705,-50.0,3.8,317.8
37.710434,-122.21374,-50.0,4.2,306.6
37.710434,-122.213769,-50.0,4.2,292.5
37.710432,-122.213795,-50.0,4.8,284.1
37.710423,-122.213828,-50.0,5.2,275.6
37.710408,-122.21387,-50.0,5.8,264.4
37.710397,-122.213899,-50.0,6.2,255.9
37.710373,-122.213959,-50.0,6.8,244.7
37.710327,-122.214034,-50.0,7.8,236.2
37.710251,-122.214164,-50.0,8.8,230.6
37.710079,-122.214442,-50.0,9.8,233.4
37.70985,-122.21478,-50.0,10.8,230.6
37.709747,-122.214909,-50.0,10.8,225.0
37.709466,-122.215228,-50.0,11.8,222.2
37.709164,-122.215552,-50.0,13.8,219.4
37.708814,-122.2159,-50.0,16.5,219.4
37.708465,-122.216243,-50.0,18.5,219.4
37.708157,-122.216574,-50.0,19.5,219.4
37.707848,-122.2169,-50.0,19.5,222.2
37.707557,-122.217198,-50.0,19.5,219.4
37.707243,-122.217527,-50.0,19.5,222.2
37.707035,-122.217758,-50.0,18.5,219.4
37.706929,-122.21784,-50.0,18.5,210.9
37.706812,-122.2179,-50.0,17.5,202.5
37.706731,-122.21793,-50.0,17.5,194.1
37.706661,-122.21793,-50.0,17.5,182.8
37.706566,-122.217919,-50.0,16.5,171.6
37.706497,-122.217889,-50.0,16.5,160.3
37.706428,-122.21784,-50.0,16.5,151.9
37.70636,-122.217787,-50.0,16.5,143.4
37.70628,-122.217685,-50.0,16.5,135.0
37.706154,-122.217509,-50.0,16.5,129.4
37.705879,-122.217086,-50.0,17.5,129.4
37.70559,-122.216661,-50.0,19.5,129.4
37.705318,-122.216238,-50.0,20.5,129.4
37.705055,-122.215844,-50.0,20.5,129.4
37.704781,-122.215435,-50.0,20.5,129.4
37.704506,-122.215026,-50.0,20.5,129.4
37.704231,-122.214617,-50.0,20.5,129.4
37.704105,-122.214427,-50.0,20.5,132.2
37.703957,-122.214252,-50.0,20.5,137.8
37.703844,-122.214153,-50.0,20.5,143.4
37.703716,-122.214034,-50.0,20.5,149.1
37.703542,-122.213929,-50.0,20.5,154.7
37.70335,-122.213828,-50.0,20.5,160.3
37.703075,-122.213696,-50.0,20.5,163.1
37.702892,-122.213638,-50.0,21.5,168.8
37.702732,-122.213609,-50.0,21.5,174.4
37.702629,-122.213609,-50.0,21.5,180.0
37.702494,-122.213616,-50.0,21.5,185.6
37.702401,-122.213631,-50.0,21.5,194.1
37.702273,-122.213705,-50.0,21.5,202.5
37.702192,-122.21375,-50.0,20.5,208.1
37.702145,-122.21378,-50.0,20.5,213.8
37.702052,-122.21387,-50.0,20.5,222.2
37.702,-122.213974,-50.0,20.5,230.6
37.701936,-122.214078,-50.0,20.5,239.1
37.701901,-122.214183,-50.0,20.5,244.7
37.701862,-122.214295,-50.0,20.5,255.9
37.701854,-122.214407,-50.0,20.5,264.4
37.701851,-122.214544,-50.0,20.5,272.8
37.701878,-122.214646,-50.0,19.5,281.2
37.701908,-122.214763,-50.0,19.5,289.7
37.701942,-122.21488,-50.0,20.5,295.3
37.701988,-122.214982,-50.0,20.5,300.9
37.702087,-122.215138,-50.0,20.5,306.6
37.702194,-122.215318,-50.0,24.5,309.4
37.702285,-122.215467,-50.0,28.5,309.4
37.702343,-122.215552,-50.0,33.5,309.4
37.702549,-122.215859,-50.0,37.5,309.4
37.702622,-122.215974,-50.0,42.5,309.4
37.702692,-122.216079,-50.0,47.5,309.4
37.702847,-122.216312,-50.0,52.5,309.4
37.703065,-122.216661,-50.0,57.5,309.4
37.703344,-122.217079,-50.0,61.5,309.4
37.703442,-122.217217,-50.0,66.5,309.4
37.703658,-122.217527,-50.0,71.0,309.4
37.703876,-122.21786,-50.0,75.0,309.4
37.704094,-122.218196,-50.0,79.0,309.4
37.704368,-122.218601,-50.0,85.0,309.4
37.704643,-122.219029,-50.0,89.0,309.4
37.704764,-122.219198,-50.0,89.0,309.4
37.704892,-122.219378,0,89.0,0.0
37.705353,-122.220095,0,96.5,310.0
37.705637,-122.220512,0,100.8,310.2
37.706085,-122.221147,0,104.4,310.0
37.706521,-122.221885,0,108.6,310.1
37.706661,-122.222064,0,112.8,310.3
37.707275,-122.222959,0,116.4,310.1
37.707642,-122.223485,0,120.6,310.3
37.707825,-122.223777,0,124.2,310.1
37.708663,-122.22499,-25,127.0,310.2
37.708849,-122.225289,-25,134.8,310.2
37.709518,-122.226348,-25,138.4,310.0
37.709793,-122.226699,-25,141.2,310.1
37.710339,-122.227558,0,144.8,310.0
37.710757,-122.228155,0,148.3,310.4
37.711258,-122.228919,0,151.1,310.4
37.71167,-122.229504,25,153.9,310.5
37.71234,-122.230483,50,157.5,310.4
37.712806,-122.2312,75,157.5,310.4
37.713043,-122.231549,100,158.3,310.1
37.71373,-122.232601,150,158.3,310.1
37.714016,-122.232991,175,157.5,310.4
37.715012,-122.23453,275,156.1,310.3
37.715925,-122.235857,375,154.7,310.3
37.716705,-122.236925,450,153.8,311.0
37.717392,-122.237919,550,152.2,312.1
37.718299,-122.239141,650,150.7,312.6
37.719269,-122.240432,750,151.4,313.4
37.720161,-122.241709,850,152.1,313.1
37.721371,-122.24338,950,152.9,312.4
37.722628,-122.245112,1050,153.7,311.6
37.723801,-122.246801,1150,153.9,310.5
37.724816,-122.248396,1250,153.4,309.7
37.725723,-122.249782,1350,153.7,308.7
37.726492,-122.251023,1400,155.2,308.2
37.727656,-122.252874,1500,157.4,308.0
37.728587,-122.254426,1550,161.0,307.9
37.729797,-122.256385,1600,165.2,308.1
37.731033,-122.258372,1675,169.5,308.3
37.731799,-122.259502,1700,172.9,308.7
37.732819,-122.26106,1725,177.0,309.3
37.733801,-122.262606,1775,181.2,309.4
37.73557,-122.265293,1850,186.0,309.8
37.736361,-122.266487,1900,187.4,309.8
37.736664,-122.266904,1900,188.1,310.0
37.737625,-122.268307,1975,188.7,310.3
37.738735,-122.27007,2075,188.9,309.8
37.740132,-122.27216,2175,189.6,309.6
37.741241,-122.2738,2250,192.6,309.3
37.742661,-122.27602,2350,195.4,309.4
37.744415,-122.278668,2450,198.8,309.7
37.745253,-122.279922,2500,200.3,309.7
37.746417,-122.281713,2600,200.9,310.0
37.74772,-122.283624,2675,201.5,310.2
37.748651,-122.284997,2750,201.4,310.6
37.750488,-122.287766,2825,200.7,310.8
37.751724,-122.28952,2875,198.6,310.5
37.753306,-122.291923,2925,197.2,310.5
37.75676,-122.296883,3025,192.9,310.8
37.759125,-122.300342,3125,194.3,310.8
37.759689,-122.301207,3150,195.0,310.6
37.760196,-122.301954,3175,195.0,310.6
37.760513,-122.302376,3200,195.0,310.6
37.761108,-122.303253,3250,195.0,310.6
37.761612,-122.304012,3275,195.0,310.6
37.761932,-122.304538,3325,194.4,310.4
37.763077,-122.306233,3425,192.3,310.1
37.763901,-122.30746,3525,191.6,310.3
37.764712,-122.308642,3600,190.1,310.3
37.765549,-122.309895,3700,190.1,310.3
37.766387,-122.31109,3800,188.7,310.3
37.767288,-122.312427,3900,188.7,310.3
37.768433,-122.31418,4000,188.7,310.3
37.769257,-122.315408,4075,188.7,310.3
37.770081,-122.316693,4150,189.5,310.1
37.771322,-122.318493,4250,190.9,310.1
37.772644,-122.320492,4350,193.1,310.0
37.774109,-122.322654,4450,195.1,310.2
37.775803,-122.325225,4550,197.2,310.5
37.776993,-122.32692,4650,198.0,310.3
37.778687,-122.329433,4750,199.3,310.7
37.779888,-122.331152,4850,199.9,310.9
37.781377,-122.333301,4950,200.6,311.2
37.782588,-122.335092,5050,202.2,310.4
37.783859,-122.337088,5150,202.9,308.4
37.785195,-122.339511,5250,204.2,302.6
37.786172,-122.34166,5350,204.8,300.2
37.786964,-122.344049,5450,207.1,291.2
37.787569,-122.346676,5550,209.1,285.0
37.787848,-122.348765,5650,209.5,281.9
37.787988,-122.350497,5725,210.1,275.7
37.788025,-122.352399,5825,211.2,272.7
37.787941,-122.354199,5900,212.3,267.0
37.78775,-122.356139,6000,213.0,264.3
37.787382,-122.358259,6100,214.9,259.0
37.786917,-122.360349,6200,216.8,253.7
37.786377,-122.362158,6275,219.5,248.3
37.78569,-122.364028,6375,219.7,245.5
37.784682,-122.3662,6475,221.8,240.0
37.783845,-122.367693,6575,223.6,237.2
37.782727,-122.369484,6675,224.3,231.7
37.78161,-122.370977,6775,225.4,229.0
37.7804,-122.37235,6850,227.1,223.4
37.779143,-122.373664,6950,228.5,218.4
37.776627,-122.375832,7150,228.8,213.4
37.774208,-122.377724,7325,229.0,211.6
37.771974,-122.379396,7500,228.6,210.5
37.769274,-122.381366,7700,229.5,210.4
37.76662,-122.383337,7875,229.5,210.4
37.763626,-122.385533,8075,230.8,210.4
37.76271,-122.386262,8125,232.2,210.5
37.761779,-122.386919,8175,234.4,210.5
37.759218,-122.38883,8275,237.2,210.7
37.757767,-122.389916,8325,240.6,210.2
37.75596,-122.391158,8375,245.3,209.3
37.754423,-122.392173,8425,247.9,208.4
37.753281,-122.392896,8450,253.1,205.8
37.75163,-122.393786,8475,256.1,204.0
37.749768,-122.394681,8500,259.8,201.9
37.748383,-122.395234,8525,265.0,198.0
37.746368,-122.395935,8550,268.7,196.2
37.743903,-122.396652,8600,273.6,193.5
37.741882,-122.397221,8650,275.6,192.6
37.740646,-122.397513,8675,279.7,191.6
37.738084,-122.398144,8725,283.4,191.2
37.735151,-122.398861,8800,286.5,191.3
37.734375,-122.399091,8825,288.7,191.4
37.732956,-122.399441,8875,289.9,191.5
37.732224,-122.399617,8900,290.1,191.7
37.729706,-122.400318,9000,291.0,191.7
37.725049,-122.401548,9200,292.6,192.2
37.720999,-122.402682,9375,293.8,192.4
37.717694,-122.403637,9475,296.0,192.5
37.712906,-122.404993,9625,299.1,192.6
37.709427,-122.405928,9725,301.3,192.6
37.704194,-122.407399,9825,303.5,192.8
37.698794,-122.408951,9925,304.7,192.9
37.693207,-122.410564,9975,306.6,192.8
37.683571,-122.41337,10025,313.2,193.1
37.675919,-122.415629,10050,320.4,193.2
37.672165,-122.416739,10050,328.7,193.2
37.663834,-122.419193,10025,337.9,193.2
37.653625,-122.422115,10000,342.8,193.0
37.630641,-122.428775,10000,343.6,192.1
37.623751,-122.430148,10025,345.4,188.0
37.618956,-122.430506,10025,346.5,183.1
37.614022,-122.430327,10050,348.5,176.9
37.610184,-122.429946,10075,349.5,174.8
37.604599,-122.429128,10150,349.4,173.3
37.597636,-122.428058,10250,349.7,172.9
37.593586,-122.427401,10350,350.5,173.1
37.586975,-122.426446,10525,350.5,173.1
37.583038,-122.425855,10650,350.5,173.1
37.577408,-122.424979,10825,350.5,173.1
37.572358,-122.424177,11025,349.5,173.1
37.567795,-122.423518,11225,349.7,172.9
37.563652,-122.422864,11425,349.7,172.9
37.55896,-122.422115,11625,349.7,172.9
37.555023,-122.421531,11800,348.7,172.9
37.55072,-122.42083,12000,348.7,172.9
37.543123,-122.419639,12350,347.7,172.9
37.5414,-122.4194,12425,348.8,172.8
37.539631,-122.419042,12500,349.5,171.9
37.537862,-122.418744,12550,350.9,171.5
37.536373,-122.418385,12600,352.5,170.9
37.53465,-122.418027,12625,353.3,170.1
37.532043,-122.41737,12675,355.4,169.1
37.529483,-122.416594,12725,356.8,168.0
37.524362,-122.414624,12775,364.3,162.3
37.520545,-122.412713,12850,368.5,159.0
37.519009,-122.411817,12875,370.9,155.3
37.517715,-122.411012,12900,370.9,155.3
37.516251,-122.410019,12950,371.4,151.7
37.513143,-122.407757,13050,372.0,148.8
37.507233,-122.402655,13275,373.2,144.8
37.502436,-122.397786,13500,373.6,140.4
37.497208,-122.391669,13750,374.8,136.1
37.492538,-122.385416,14000,376.0,131.9
37.486771,-122.376534,14325,377.2,128.5
37.479486,-122.365006,14725,379.8,128.8
37.471526,-122.352826,15125,382.8,129.6
37.46296,-122.339988,15525,383.9,130.2
37.455325,-122.328763,15925,385.8,130.6
37.447086,-122.316762,16325,387.9,130.7
37.438385,-122.304129,16700,390.6,130.9
37.430141,-122.292281,17075,393.4,131.0
37.421448,-122.279644,17450,395.5,131.1
37.412777,-122.267204,17850,397.6,131.0
37.40387,-122.25434,18225,399.8,130.9
37.393644,-122.239559,18625,404.0,131.0
37.383542,-122.22499,19025,407.6,130.9
37.373533,-122.210481,19425,409.0,130.9
37.364223,-122.196987,19825,411.2,130.9
37.35466,-122.183104,20200,413.4,130.8
37.344177,-122.16791,20600,416.2,130.8
37.334015,-122.153126,21000,418.4,130.7
37.322977,-122.13704,21400,421.2,130.8
37.311991,-122.121098,21800,424.0,130.8
37.298126,-122.10094,22175,430.4,130.8
37.283873,-122.080257,22575,436.0,130.8
37.271677,-122.062584,22975,438.9,130.8
37.258713,-122.043847,23375,441.7,130.9
37.246027,-122.025564,23775,444.5,130.9
37.233215,-122.006972,24175,447.3,130.9
37.221959,-121.990755,24525,448.7,130.9
37.207993,-121.970682,24925,452.2,131.1
37.194819,-121.951765,25325,453.6,131.1
37.180984,-121.931821,25725,455.8,131.0
37.168076,-121.913238,26125,457.9,130.9
37.153248,-121.891878,26525,459.4,130.9
37.13887,-121.871163,26925,461.5,130.9
37.125092,-121.851352,27325,462.9,130.9
37.109628,-121.829064,27725,465.0,131.0
37.094499,-121.807271,28100,467.2,130.9
37.079044,-121.785059,28475,469.2,131.0
37.063449,-121.762728,28850,472.1,131.1
37.047248,-121.739562,29225,474.9,131.1
37.03021,-121.715141,29600,477.7,131.1
37.013358,-121.691019,29950,479.1,131.1
36.99527,-121.665169,30300,482.7,131.1
36.976815,-121.638834,30625,486.2,131.2
36.958194,-121.612264,30975,489.0,131.2
36.939387,-121.585514,31325,490.4,131.2
36.933517,-121.57722,31450,490.4,131.2
36.918764,-121.556197,31850,489.0,131.2
36.904312,-121.535612,32250,487.6,131.2
36.889847,-121.515042,32650,485.4,131.2
36.875424,-121.494578,33050,482.6,131.2
36.860667,-121.473561,33450,481.2,131.2
36.846405,-121.453285,33850,479.1,131.1
36.831572,-121.432235,34250,476.9,131.2
36.816147,-121.410313,34625,474.8,131.2
36.801178,-121.389027,35025,472.0,131.2
36.785671,-121.367077,35425,469.8,131.3
36.769937,-121.344812,35825,467.7,131.2
36.754669,-121.323166,36200,465.6,131.3
36.738235,-121.29982,36575,464.8,131.3
36.722946,-121.278248,36875,464.8,131.3
36.716634,-121.26931,36950,465.6,131.3
36.71184,-121.262532,37000,466.2,131.4
36.706393,-121.254818,37000,466.2,131.4
36.677994,-121.21479,37000,467.6,131.4
36.649366,-121.174466,37000,467.6,131.4
36.621323,-121.134911,37000,470.5,131.4
36.593085,-121.095282,37000,473.2,131.6
36.564514,-121.055374,37000,475.3,131.7
36.536058,-121.015748,37000,475.3,131.7
36.507336,-120.975543,37000,475.4,131.5
36.482942,-120.941065,37000,476.7,130.4
36.455383,-120.899749,37000,478.1,129.5
36.427231,-120.857563,37000,478.1,129.5
36.399307,-120.815678,37000,478.1,129.5
36.371822,-120.774517,37000,478.7,129.6
36.344193,-120.733337,37000,478.0,129.6
36.316635,-120.692139,37000,478.7,129.6
36.288391,-120.650082,37000,478.6,129.7
36.260376,-120.608311,37000,478.6,129.7
36.231979,-120.566185,37000,478.6,129.7
36.204163,-120.524883,37000,478.6,129.7
36.176376,-120.483856,37000,478.5,129.9
36.148092,-120.442122,37000,477.1,129.9
36.120068,-120.400689,37000,476.4,129.8
36.092697,-120.360146,37000,476.4,129.8
36.06481,-120.31911,37000,475.7,129.9
36.037262,-120.278549,37000,475.7,129.9
36.009338,-120.237293,37000,474.2,129.9
35.98114,-120.195808,37000,473.5,129.9
35.953457,-120.155192,37000,472.0,130.1
35.925805,-120.114694,37000,470.5,130.1
35.89801,-120.074215,37000,469.8,130.2
35.87618,-120.042114,37000,469.3,128.9
35.865784,-120.025291,37000,470.4,126.5
35.856628,-120.009155,37000,471.0,124.1
35.84729,-119.991245,37000,472.3,121.7
35.838659,-119.972924,37000,473.2,119.2
35.830466,-119.953756,37000,474.1,116.8
35.822645,-119.933478,37000,475.2,114.6
35.804489,-119.884815,37000,474.7,114.8
35.786179,-119.836178,37000,474.7,114.8
35.768372,-119.788914,37000,474.7,114.8
35.750117,-119.740575,37000,473.8,114.8
35.732008,-119.692772,37000,474.2,114.9
35.715622,-119.649879,37000,473.6,115.9
35.708633,-119.633617,37000,472.5,118.3
35.701447,-119.618454,37000,470.3,121.3
35.692718,-119.601843,37000,469.6,123.6
35.683319,-119.585609,37000,468.8,126.1
35.673065,-119.569302,37000,466.8,128.6
35.668259,-119.562149,36975,465.8,129.8
35.662216,-119.553566,36925,465.0,131.0
35.641571,-119.524784,36650,462.7,131.2
35.620515,-119.495311,36375,461.3,131.2
35.597946,-119.463787,36125,461.3,131.2
35.576058,-119.433133,35850,461.3,131.2
35.552856,-119.400616,35600,460.0,131.0
35.529925,-119.368442,35325,459.3,131.1
35.507172,-119.336586,35075,459.3,131.1
35.498549,-119.324555,34975,458.5,131.2
35.495636,-119.32045,34975,459.2,131.3
35.468262,-119.282341,35000,458.5,131.2
35.452789,-119.260769,35000,458.5,131.2
35.448738,-119.255072,34950,458.5,131.2
35.4263,-119.223808,34675,461.3,131.2
35.403442,-119.19199,34425,462.7,131.2
35.380865,-119.160578,34150,464.8,131.3
35.357712,-119.128475,33900,464.1,131.4
35.334312,-119.096121,33650,464.1,131.4
35.311455,-119.064506,33375,465.5,131.4
35.287903,-119.031773,33125,466.2,131.4
35.264969,-119.000015,32875,467.0,131.3
35.241953,-118.967967,32625,464.9,131.2
35.219794,-118.937187,32350,464.8,131.3
35.196259,-118.904749,32100,465.5,131.4
35.173148,-118.872814,31825,464.7,131.5
35.149658,-118.840457,31550,466.1,131.5
35.126038,-118.808041,31300,469.0,131.5
35.102737,-118.776052,31025,469.6,131.6
35.097565,-118.768933,31000,470.4,131.6
35.090658,-118.75946,31000,469.6,131.6
35.061768,-118.719831,31000,467.5,131.5
35.033957,-118.681641,31000,467.5,131.5
35.006378,-118.643824,31000,466.8,131.6
35.000107,-118.635248,30950,466.8,131.6
34.994993,-118.628254,30875,466.8,131.6
34.989212,-118.620338,30775,466.8,131.6
34.981522,-118.609856,30575,466.1,131.7
34.97731,-118.604026,30475,465.4,131.6
34.975115,-118.601074,30400,465.4,131.6
34.972961,-118.598141,30325,465.4,131.6
34.970764,-118.595114,30225,465.4,131.6
34.968086,-118.591461,30100,465.4,131.6
34.963431,-118.58511,29850,466.8,131.6
34.955566,-118.574374,29450,469.6,131.6
34.953278,-118.571179,29350,469.6,131.6
34.950394,-118.567312,29225,470.3,131.7
34.947929,-118.563938,29150,470.3,131.7
34.945404,-118.560473,29075,470.3,131.7
34.944065,-118.558617,29025,470.3,131.7
34.941971,-118.555821,28975,468.9,131.7
34.938665,-118.551292,28925,467.5,131.7
34.926375,-118.534584,28725,461.1,131.8
34.922325,-118.529034,28625,459.7,131.7
34.920273,-118.526225,28550,458.9,131.8
34.90957,-118.511696,28175,458.2,131.7
34.902695,-118.502347,27875,458.2,131.9
34.898257,-118.496304,27675,458.9,131.8
34.890701,-118.486091,27300,460.3,131.8
34.887268,-118.481439,27150,461.8,131.7
34.88443,-118.477515,27050,461.8,131.7
34.881592,-118.473644,26950,461.8,131.7
34.880056,-118.471584,26900,461.2,131.6
34.8781,-118.468895,26850,461.2,131.6
34.875824,-118.4658,26825,459.7,131.6
34.8582,-118.441754,26475,461.2,131.6
34.854545,-118.43668,26375,461.8,131.7
34.842953,-118.420887,25975,461.8,131.7
34.831548,-118.40538,25575,461.1,131.8
34.819631,-118.389187,25175,460.4,131.6
34.808738,-118.37431,24775,459.0,131.6
34.797658,-118.359146,24400,456.9,131.5
34.792648,-118.35235,24300,456.3,131.4
34.787882,-118.345757,24200,454.8,131.4
34.782668,-118.33849,24100,455.4,130.4
34.778153,-118.331795,24050,454.8,129.3
34.772095,-118.322418,24000,454.7,127.8
34.762604,-118.30759,23950,453.3,127.8
34.743378,-118.277721,23675,454.5,128.0
34.722476,-118.245392,23400,452.3,128.1
34.701761,-118.213577,23150,452.1,128.3
34.680672,-118.18119,22875,450.7,128.2
34.66008,-118.149607,22600,450.7,128.2
34.639481,-118.117937,22325,448.7,128.1
34.618944,-118.086319,22075,447.9,128.2
34.599671,-118.056564,21800,449.1,127.8
34.591232,-118.042546,21700,448.9,124.9
34.581619,-118.025114,21550,448.3,122.5
34.573416,-118.008671,21425,448.2,120.3
34.565735,-117.991734,21300,447.8,117.8
34.554097,-117.963409,21100,445.0,116.3
34.539852,-117.928562,20825,440.5,116.3
34.525281,-117.892685,20550,436.0,116.3
34.511215,-117.858413,20275,434.2,116.4
34.500189,-117.831516,20025,424.4,116.4
34.490433,-117.807798,19775,415.0,116.3
34.480358,-117.783279,19550,405.2,116.4
34.469139,-117.755871,19275,395.3,116.4
34.456009,-117.723999,19000,390.0,116.5
34.443768,-117.694416,18725,393.5,116.6
34.431478,-117.664547,18450,392.7,116.3
34.418537,-117.632904,18200,393.6,116.2
34.408539,-117.608418,18025,393.6,116.2
34.407364,-117.605553,18000,393.6,116.2
34.391418,-117.566379,18000,392.2,116.2
34.375429,-117.527218,18000,395.8,116.2
34.359462,-117.488079,18000,395.8,116.2
34.343588,-117.449455,18000,394.0,116.4
34.327652,-117.410664,18000,396.2,116.4
34.311356,-117.371203,18000,398.5,116.4
34.298859,-117.341103,17975,391.4,117.6
34.296384,-117.335644,17950,390.7,118.6
34.293732,-117.329836,17900,389.0,119.1
34.292816,-117.327819,17900,388.1,119.1
34.291168,-117.324231,17850,387.6,119.0
34.289168,-117.319965,17775,386.8,119.1
34.28746,-117.316216,17700,386.8,119.1
34.285351,-117.311668,17575,386.8,119.1
34.278228,-117.296276,17175,387.7,119.3
34.274323,-117.287965,16950,389.1,119.4
34.271027,-117.280902,16825,388.2,119.5
34.262146,-117.262013,16425,386.0,119.5
34.259537,-117.256463,16350,386.0,119.5
34.256954,-117.251015,16275,384.6,119.4
34.254089,-117.244861,16200,384.1,119.3
34.250565,-117.237293,16150,381.4,119.2
34.247038,-117.229671,16125,380.6,119.3
34.23,-117.193165,16100,378.8,119.4
34.213028,-117.156914,16125,377.4,119.3
34.196343,-117.121296,16125,376.6,119.4
34.179351,-117.085133,16125,377.1,119.6
34.162445,-117.049461,16125,378.4,119.6
34.145279,-117.012971,16125,378.8,119.4
34.128296,-116.976817,16125,377.9,119.5
34.111313,-116.940775,16125,377.6,119.7
34.09444,-116.904831,16125,378.3,119.3
34.08577,-116.886179,16100,376.1,119.3
34.084105,-116.882629,16075,374.7,119.2
34.081558,-116.877155,16025,374.7,119.2
34.080195,-116.874275,15975,373.9,119.3
34.077713,-116.868859,15875,373.4,119.2
34.068558,-116.849241,15475,372.5,119.2
34.059448,-116.829678,15100,370.3,119.3
34.050308,-116.810074,14700,368.9,119.2
34.042191,-116.792347,14350,368.2,118.0
34.040346,-116.787987,14275,368.1,116.6
34.037704,-116.781305,14200,366.0,114.9
34.035187,-116.774522,14175,364.9,113.8
34.031827,-116.764698,14150,365.3,111.9
34.02787,-116.751766,14125,365.6,109.3
34.02247,-116.731796,14075,360.5,107.9
34.021179,-116.72699,14025,359.6,108.0
34.020096,-116.723042,14000,358.6,108.0
34.018524,-116.717293,13900,357.7,108.1
34.017517,-116.713481,13850,356.4,108.0
34.011978,-116.693078,13475,355.1,107.9
34.005981,-116.670769,13100,352.3,108.0
33.999986,-116.648483,12750,348.8,107.9
33.994073,-116.626396,12400,345.3,107.7
33.988441,-116.605282,12050,342.5,107.8
33.984856,-116.591778,11850,340.3,107.8
33.981597,-116.579762,11650,338.0,108.3
33.978385,-116.56929,11475,337.4,111.0
33.975723,-116.562139,11375,336.4,115.3
33.972382,-116.554572,11225,335.9,119.6
33.968307,-116.54678,11100,334.8,122.9
33.963867,-116.539381,11000,332.2,126.8
33.959106,-116.532431,10875,330.5,130.6
33.954025,-116.525929,10775,327.4,134.4
33.945831,-116.516512,10600,323.2,136.4
33.936721,-116.506004,10450,319.7,136.0
33.928202,-116.496105,10275,317.5,135.9
33.923081,-116.489582,10225,315.1,132.0
33.920102,-116.484947,10175,312.8,126.9
33.918182,-116.481143,10150,311.4,121.3
33.916489,-116.477219,10125,309.5,116.1
33.914841,-116.472359,10075,307.9,110.7
33.913605,-116.467522,10000,307.8,105.3
33.912747,-116.462116,9925,307.4,99.7
33.912188,-116.455822,9825,306.9,94.5
33.911728,-116.443587,9675,306.2,91.9
33.911397,-116.429272,9525,302.1,91.7
33.911179,-116.420662,9425,300.1,91.5
33.910995,-116.41259,9300,299.1,91.5
33.910904,-116.408442,9200,299.1,91.5
33.910698,-116.399632,9000,300.1,91.5
33.910466,-116.389332,8800,299.1,91.5
33.910047,-116.379433,8600,297.6,93.7
33.909576,-116.37453,8500,296.4,98.7
33.908569,-116.368981,8400,295.7,103.9
33.907207,-116.363869,8300,294.4,109.2
33.905228,-116.358499,8200,292.6,114.6
33.903488,-116.354856,8125,289.9,120.0
33.901245,-116.350932,8025,288.0,125.0
33.898036,-116.346073,7925,286.4,129.2
33.892319,-116.33804,7725,282.9,130.8
33.886459,-116.329969,7525,281.4,131.1
33.881699,-116.323466,7350,280.6,131.2
33.878065,-116.318493,7275,278.5,131.1
33.873047,-116.311639,7175,274.2,131.3
33.868289,-116.305161,7100,269.2,131.4
33.863983,-116.299252,7025,265.0,131.3
33.85881,-116.292189,6925,260.0,131.4
33.85721,-116.289997,6900,258.6,131.4
33.85675,-116.289386,6875,257.9,131.5
33.855515,-116.287761,6825,257.9,131.5
33.854645,-116.28664,6775,257.8,131.9
33.853867,-116.285575,6750,257.6,132.5
33.851996,-116.283245,6650,258.1,133.9
33.850599,-116.281643,6550,259.6,136.4
33.848737,-116.279755,6450,260.6,138.1
33.846359,-116.277783,6350,261.6,146.9
33.843989,-116.27615,6250,261.8,151.5
33.841232,-116.274701,6150,260.1,156.2
33.838403,-116.273518,6075,258.1,163.1
33.835516,-116.272717,6025,256.4,167.2
33.832118,-116.272087,5950,252.3,172.3
33.827545,-116.271618,5875,247.9,175.1
33.824112,-116.271337,5800,243.5,176.2
33.820175,-116.270945,5700,241.0,174.8
33.815685,-116.27037,5600,237.5,173.5
33.811914,-116.269855,5500,234.9,172.7
33.808144,-116.269226,5400,232.9,172.6
33.804062,-116.268591,5300,231.0,172.5
33.799625,-116.26791,5200,228.8,172.7
33.795854,-116.267338,5100,226.7,172.9
33.791199,-116.266651,5000,224.8,172.8
33.786758,-116.266012,4900,222.8,172.8
33.782272,-116.26534,4800,218.4,173.4
33.777559,-116.264935,4700,216.3,176.8
33.774994,-116.264947,4650,214.2,182.1
33.77211,-116.265396,4600,212.4,186.5
33.770233,-116.2659,4575,210.2,191.5
33.768127,-116.266741,4550,207.1,198.9
33.765289,-116.268198,4525,204.1,204.3
33.763321,-116.269488,4500,202.3,209.0
33.760847,-116.271343,4450,200.3,211.9
33.758985,-116.273003,4400,199.4,216.6
33.757141,-116.274869,4375,197.6,221.5
33.755127,-116.277335,4325,195.2,226.7
33.753479,-116.279801,4275,193.8,232.1
33.75206,-116.28238,4250,191.4,237.8
33.750732,-116.285351,4250,187.8,242.8
33.749634,-116.288433,4225,185.5,247.2
33.74879,-116.291542,4175,184.4,251.7
33.748169,-116.294711,4175,182.9,256.7
33.747803,-116.297626,4150,181.2,263.4
33.747672,-116.301098,4150,179.1,268.1
33.747765,-116.304188,4150,178.2,272.6
33.748123,-116.307996,4125,177.5,277.5
33.749069,-116.316319,4075,175.5,277.5
33.749954,-116.323971,3975,174.7,277.9
33.750641,-116.329912,3875,174.7,277.9
33.751419,-116.336639,3775,173.8,278.3
33.752243,-116.343309,3675,174.0,278.6
33.753021,-116.349026,3575,173.0,278.6
33.753771,-116.355114,3475,172.0,278.7
33.754623,-116.361694,3375,171.3,279.4
33.755402,-116.367244,3275,170.3,279.5
33.75618,-116.373073,3175,168.7,278.2
33.756843,-116.379032,3075,169.6,277.8
33.757495,-116.384869,2975,169.4,277.5
33.75824,-116.390991,2875,169.7,278.1
33.759064,-116.397736,2775,169.9,278.5
33.759796,-116.40379,2675,171.0,278.8
33.760529,-116.408162,2600,170.8,282.2
33.761219,-116.411133,2575,170.1,287.8
33.762222,-116.414272,2500,169.2,291.9
33.763275,-116.416962,2450,169.5,295.5
33.764617,-116.419888,2400,168.1,300.4
33.767085,-116.424522,2300,167.6,302.1
33.769684,-116.429686,2200,166.0,301.2
33.771973,-116.434135,2100,165.2,301.4
33.775185,-116.44043,2000,160.4,302.0
33.777512,-116.44482,1925,155.9,302.2
33.779747,-116.449013,1825,152.3,302.1
33.782181,-116.453621,1725,148.4,302.6
33.784914,-116.458797,1625,145.6,302.4
33.787428,-116.46349,1525,143.4,302.5
33.789368,-116.466905,1475,141.0,306.1
33.790733,-116.468925,1425,140.4,311.0
33.792549,-116.471157,1375,140.0,314.4
33.794923,-116.473846,1275,141.5,316.7
33.797195,-116.476602,1200,143.6,313.6
33.800416,-116.480885,1100,143.6,313.6
33.802464,-116.483231,1025,142.3,318.1
33.804474,-116.485291,975,141.2,319.9
33.80684,-116.487408,900,141.0,323.9
33.811981,-116.491905,800,144.6,324.0
33.815173,-116.494732,700,143.0,323.5
33.817062,-116.496445,675,142.2,323.3
33.821136,-116.500088,600,142.2,323.3
33.82439,-116.502972,525,140.8,323.4
33.825415,-116.503887,525,137.0,322.7
33.830086,-116.508048,-50.0,73.0,323.4
33.833267,-116.511537,-50.0,18.5,244.7
33.831676,-116.511598,-50.0,18.5,143.4
33.831093,-116.511075,-50.0,20.5,143.4
33.829456,-116.509603,-50.0,23.5,143.4
33.828358,-116.508538,-50.0,24.5,140.6
33.827316,-116.507614,-50.0,25.5,143.4
33.827316,-116.507614,-50.0,25.5,143.4
33.823563,-116.505147,-50.0,13.2,143.4
33.823285,-116.504903,-50.0,13.2,146.2
33.823082,-116.504671,-50.0,11.2,123.8
33.823059,-116.504559,-50.0,11.2,106.9
33.823064,-116.504402,-50.0,10.8,84.4
33.823099,-116.504102,-50.0,11.2,90.0
33.823082,-116.504012,-50.0,11.2,98.4
33.82291,-116.503704,-50.0,11.8,135.0
33.822384,-116.503227,-50.0,13.8,143.4
33.821697,-116.502611,-50.0,15.5,143.4
33.821377,-116.502331,-50.0,16.5,143.4
33.821068,-116.50205,-50.0,17.5,143.4
33.82069,-116.501713,-50.0,18.5,143.4
33.820329,-116.501398,-50.0,19.5,143.4
33.81998,-116.501083,-50.0,20.5,143.4
33.819603,-116.500747,-50.0,21.5,143.4
33.819168,-116.500369,-50.0,17.5,143.4
33.818665,-116.499892,-50.0,7.8,137.8
33.818619,-116.499836,-50.0,0.0,137.8
33.818539,-116.499556,-50.0,6.2,101.2
33.818527,-116.499192,-50.0,5.8,90.0
33.818527,-116.499136,-50.0,4.2,90.0
33.818525,-116.498895,-50.0,9.8,92.8
33.818537,-116.498609,-50.0,13.2,84.4
33.818893,-116.498183,-50.0,14.8,5.6
33.819142,-116.498294,-50.0,15.5,331.9
33.819665,-116.498752,-50.0,27.5,323.4
33.820908,-116.499864,-50.0,63.5,323.4
33.821125,-116.50006,-50.0,68.5,323.4
33.822853,-116.501602,-50.0,91.0,323.4
33.823134,-116.501827,575,91.0,0.0
33.825714,-116.504124,575,112.2,323.3
33.827603,-116.505833,600,123.6,323.2
33.828627,-116.506805,625,137.6,322.4
33.829511,-116.507549,675,137.6,322.4
33.829791,-116.507835,675,140.8,323.4
33.83107,-116.508945,775,141.6,323.6
33.832352,-116.510122,875,143.6,323.2
33.833468,-116.511097,950,145.2,323.7
33.83432,-116.51186,1000,145.2,323.7
33.835097,-116.512585,1075,144.6,324.0
33.835935,-116.513271,1150,143.0,323.5
33.837006,-116.514244,1250,143.6,323.2
33.838074,-116.515223,1325,145.0,323.1
33.839427,-116.516418,1425,146.2,322.5
33.839939,-116.516933,1475,146.7,321.6
33.84082,-116.517801,1550,147.1,320.8
33.841965,-116.518922,1650,148.4,320.2
33.843291,-116.520252,1750,148.5,320.7
33.844437,-116.521332,1850,149.9,320.7
33.845261,-116.522173,1900,152.1,320.9
33.846542,-116.52335,2000,154.5,321.6
33.848236,-116.52492,2100,156.8,322.2
33.849884,-116.526489,2200,159.0,322.4
33.85167,-116.528034,2300,161.4,323.1
33.8535,-116.529684,2400,163.8,323.7
33.855698,-116.53159,2500,168.2,324.0
33.857024,-116.532726,2575,173.2,323.9
33.858856,-116.534337,2650,176.8,324.0
33.860841,-116.536102,2725,179.6,323.8
33.862198,-116.537307,2775,182.6,324.1
33.863571,-116.538428,2825,186.8,323.9
33.865263,-116.539936,2900,191.2,324.1
33.867172,-116.541595,2950,195.4,324.0
33.869064,-116.543249,3025,199.0,324.0
33.870758,-116.544706,3075,201.8,323.9
33.872406,-116.546164,3150,205.4,323.9
33.873922,-116.547489,3200,208.4,324.2
33.875153,-116.548518,3250,210.4,323.9
33.876343,-116.549583,3325,211.2,324.0
33.877646,-116.550751,3425,211.2,324.0
33.879182,-116.552067,3525,211.2,324.0
33.880951,-116.553612,3625,211.8,323.8
33.882477,-116.554964,3725,213.2,323.8
33.884125,-116.556365,3825,213.8,323.6
33.885681,-116.557767,3925,215.2,323.5
33.887375,-116.55928,4025,215.2,323.5
33.888885,-116.560569,4125,216.6,323.5
33.890495,-116.562023,4225,216.0,323.7
33.892136,-116.563428,4325,217.8,324.3
33.894287,-116.565166,4425,218.6,325.4
33.896164,-116.566623,4525,220.7,328.9
33.897943,-116.567745,4625,220.5,332.2
33.899945,-116.568832,4725,221.1,336.0
33.9019,-116.569748,4825,221.5,339.9
33.904181,-116.570549,4925,221.8,343.8
33.906183,-116.571064,5025,222.2,347.5
33.90834,-116.571444,5125,222.5,353.3
33.910355,-116.571668,5225,222.3,356.9
33.912281,-116.571693,5325,222.1,358.7
33.91419,-116.571636,5425,222.1,2.1
33.916168,-116.571444,5525,221.9,5.2
33.918228,-116.571107,5625,221.8,7.2
33.920195,-116.570778,5725,221.5,8.6
33.92215,-116.570377,5825,222.1,9.6
33.92378,-116.570034,5925,222.4,10.1
33.925735,-116.569576,6000,224.2,11.1
33.927658,-116.569089,6075,226.7,11.7
33.929831,-116.568546,6150,231.0,12.0
33.932159,-116.567974,6200,235.4,12.3
33.933838,-116.567464,6250,239.7,12.5
33.936209,-116.56683,6325,244.1,12.8
33.938507,-116.566231,6400,248.4,13.0
33.940771,-116.565571,6450,252.5,13.1
33.941888,-116.565228,6475,255.7,13.1
33.944402,-116.564541,6550,260.0,13.3
33.946701,-116.563876,6600,264.4,13.6
33.949081,-116.563204,6675,268.5,13.6
33.951478,-116.562481,6725,272.6,13.6
33.953201,-116.561966,6775,275.5,13.4
33.955719,-116.561242,6875,276.7,13.6
33.958321,-116.560478,6975,280.6,13.4
33.963582,-116.55899,7175,284.5,13.2
33.967911,-116.557789,7375,286.7,13.3
33.971216,-116.556873,7525,288.6,13.2
33.974428,-116.555958,7700,288.6,13.2
33.977873,-116.554985,7900,288.6,13.2
33.981644,-116.553898,8100,289.6,13.2
33.985703,-116.552778,8300,291.6,13.1
33.989868,-116.551657,8500,293.7,13.2
33.99398,-116.550522,8700,296.4,12.9
33.998062,-116.549415,8875,298.4,12.8
34.001661,-116.548405,9050,298.4,12.8
34.005153,-116.547489,9225,299.4,12.7
34.008877,-116.546459,9425,299.4,12.7
34.011996,-116.545658,9600,299.1,12.6
34.015182,-116.544762,9775,300.1,12.5
34.018753,-116.54381,9975,300.1,12.5
34.022144,-116.542912,10175,299.1,12.6
34.026055,-116.541882,10375,299.4,12.7
34.02951,-116.540951,10575,300.3,12.7
34.030975,-116.540558,10625,300.3,12.7
34.033264,-116.539942,10750,302.3,12.6
34.036296,-116.539135,10850,304.2,12.5
34.039215,-116.538316,10950,307.4,12.6
34.042007,-116.537588,11025,310.3,12.5
34.045395,-116.536691,11100,313.5,12.5
34.048307,-116.535931,11150,319.5,12.5
34.055145,-116.534112,11225,327.8,12.5
34.061142,-116.532487,11300,336.0,12.6
34.067368,-116.530805,11400,344.3,12.6
34.068787,-116.530413,11425,346.4,12.7
34.070892,-116.529852,11450,347.4,12.6
34.072403,-116.52946,11500,349.2,12.4
34.074935,-116.528778,11575,349.9,12.2
34.078995,-116.527891,11700,351.4,11.0
34.084534,-116.526882,11900,352.9,8.5
34.091629,-116.526153,12150,354.9,4.0
34.099228,-116.525985,12425,357.0,0.0
34.106461,-116.526377,12650,359.7,356.5
34.113007,-116.527218,12875,360.7,353.0
34.119904,-116.528664,13150,361.1,348.7
34.128004,-116.53101,13475,360.9,345.2
34.136673,-116.534337,13850,361.4,341.6
34.146392,-116.538219,14250,362.4,341.7
34.155982,-116.541996,14650,363.7,342.1
34.165146,-116.545491,15050,364.3,342.3
34.175068,-116.54932,15450,366.2,342.4
34.185031,-116.553154,15850,366.2,342.4
34.191605,-116.555693,16125,367.5,342.3
34.199183,-116.55859,16400,369.7,342.2
34.211517,-116.563428,16800,373.2,342.0
34.224507,-116.568489,17200,377.6,342.0
34.238798,-116.574097,17600,383.9,341.9
34.25458,-116.580334,18000,388.3,341.8
34.267894,-116.585598,18400,391.5,341.8
34.282046,-116.591148,18800,395.9,341.8
34.292799,-116.595783,19075,397.6,338.9
34.298804,-116.599045,19225,398.2,335.4
34.302575,-116.601505,19325,398.0,330.7
34.306439,-116.604424,19450,397.0,327.5
34.312165,-116.609459,19675,395.8,322.5
34.317611,-116.615067,19875,396.0,318.4
34.323349,-116.621891,20075,396.7,314.3
34.328064,-116.628449,20275,396.8,310.0
34.332508,-116.635609,20475,396.6,306.0
34.336578,-116.643191,20675,397.3,302.2
34.340189,-116.651058,20850,397.8,298.4
34.344984,-116.66296,21200,398.1,295.3
34.351318,-116.678784,21600,400.7,296.0
34.357181,-116.693058,22000,401.6,296.6
34.362808,-116.706531,22350,402.0,296.8
34.365875,-116.713761,22525,402.5,296.9
34.368819,-116.720753,22650,403.0,297.0
34.372171,-116.728706,22775,403.8,297.0
34.374871,-116.735115,22850,403.8,297.0
34.377594,-116.741563,22925,405.2,297.0
34.382971,-116.754341,23000,406.5,297.1
34.387207,-116.764265,23025,406.5,297.1
34.404007,-116.803894,23000,407.4,297.0
34.420678,-116.843433,23000,406.1,296.9
34.437561,-116.883601,23000,403.8,297.0
34.449773,-116.912785,23025,402.5,296.9
34.453265,-116.921082,23075,403.4,296.8
34.459122,-116.935113,23175,404.3,296.8
34.461691,-116.94128,23275,405.2,296.7
34.464484,-116.947975,23375,405.2,296.7
34.467091,-116.954269,23500,406.5,296.8
34.47426,-116.971493,23900,408.3,296.6
34.48236,-116.990948,24300,411.0,296.8
34.489855,-117.008915,24700,412.8,296.6
34.497574,-117.027488,25100,415.0,296.6
34.505357,-117.046223,25500,418.6,296.7
34.513922,-117.066765,25900,421.3,296.8
34.522022,-117.08622,26300,423.1,296.7
34.530821,-117.107964,26700,425.9,295.0
34.535848,-117.122211,26950,427.1,292.0
34.540736,-117.138233,27225,427.9,289.2
34.544678,-117.153495,27500,428.4,286.4
34.547347,-117.165527,27700,429.5,284.4
34.549162,-117.174625,27825,429.6,283.3
34.550419,-117.181721,27900,431.1,281.8
34.551583,-117.189102,27950,431.3,280.5
34.552747,-117.197628,28000,432.4,279.0
34.554283,-117.211475,28000,432.3,277.0
34.558799,-117.258568,28000,432.8,276.5
34.560196,-117.273447,28025,432.8,276.5
34.560893,-117.280941,28050,433.8,276.5
34.561266,-117.285061,28100,432.8,276.5
34.56189,-117.291833,28150,432.7,276.4
34.562476,-117.297878,28225,432.7,276.4
34.563128,-117.305031,28325,433.7,276.4
34.563858,-117.312853,28475,432.7,276.4
34.565735,-117.333469,28875,432.7,276.4
34.568062,-117.358932,29275,434.7,276.3
34.570312,-117.383815,29675,435.7,276.3
34.572764,-117.410603,30075,437.6,276.3
34.57444,-117.42857,30350,438.6,276.3
34.575371,-117.438812,30550,437.6,276.3
34.577047,-117.457294,30950,435.7,276.3
34.578676,-117.475033,31350,433.7,276.4
34.579468,-117.483757,31525,433.7,276.4
34.580259,-117.492313,31650,433.7,276.4
34.580887,-117.499004,31750,432.7,276.4
34.581935,-117.510109,31850,432.7,276.4
34.582901,-117.520696,31925,432.7,276.4
34.583983,-117.532425,31975,432.7,276.4
34.58524,-117.546501,32000,432.7,276.4
34.589663,-117.594509,32000,431.6,276.2
34.593887,-117.640985,32000,430.6,276.3
34.598053,-117.687845,32000,429.5,276.1
34.602219,-117.734873,32000,428.5,276.2
34.606384,-117.781621,32000,427.5,276.2
34.610641,-117.82921,32000,427.5,276.2
34.614801,-117.876091,32000,426.5,276.2
34.618991,-117.923298,32000,426.4,276.1
34.623087,-117.970104,32000,427.4,276.0
34.626938,-118.012222,32000,428.2,277.0
34.628673,-118.024807,32000,429.0,280.3
34.631001,-118.036652,32000,430.3,284.3
34.633942,-118.047928,32000,431.3,288.1
34.637283,-118.058522,32000,433.0,291.8
34.64122,-118.069003,32000,434.3,295.5
34.645523,-118.078869,32000,435.6,299.3
34.650739,-118.08918,32000,436.4,302.3
34.656,-118.098278,32000,438.3,305.9
34.66333,-118.109417,32000,439.2,309.3
34.68869,-118.14602,32000,439.6,309.7
34.714691,-118.183855,32000,438.8,309.8
34.740492,-118.221302,32000,438.8,309.8
34.76651,-118.25891,32000,438.7,310.0
34.792025,-118.29586,32000,438.0,309.9
34.817908,-118.33334,32000,437.2,310.0
34.843185,-118.36995,32000,436.6,309.9
34.868604,-118.406868,32000,436.0,309.8
34.894043,-118.443884,32000,437.4,309.8
34.919392,-118.480854,32000,437.4,309.8
34.944992,-118.51821,32000,438.1,309.7
34.970627,-118.555541,32000,438.8,309.8
34.996536,-118.593432,32000,438.3,309.5
35.005051,-118.606661,32000,437.8,306.9
35.013748,-118.621683,32000,436.0,304.4
35.021393,-118.636145,32000,435.3,302.0
35.03009,-118.65425,32000,434.0,299.7
35.050186,-118.696569,32000,434.6,300.1
35.070035,-118.738117,32000,433.8,300.2
35.08992,-118.779864,32000,432.4,300.1
35.107224,-118.816466,32000,432.0,299.2
35.113189,-118.830471,32000,430.2,296.2
35.125944,-118.863659,32000,430.0,294.9
35.142654,-118.907215,32000,429.5,295.1
35.159409,-118.950936,32000,429.5,295.1
35.175797,-118.993817,32000,428.1,295.0
35.192514,-119.03738,32000,428.1,295.0
35.209076,-119.080698,32000,426.8,294.9
35.225464,-119.123523,32000,426.8,294.9
35.241714,-119.166241,32000,426.8,294.9
35.258102,-119.20927,32000,426.4,294.8
35.27449,-119.252415,32000,426.4,294.8
35.290739,-119.295161,32000,426.4,294.8
35.307129,-119.338474,32000,424.2,294.8
35.323471,-119.381561,32000,424.2,294.8
35.339996,-119.425049,32000,423.2,294.9
35.35611,-119.467621,32000,423.2,294.9
35.372206,-119.510388,32000,422.8,294.8
35.38829,-119.553165,32000,422.4,294.6
35.404699,-119.596759,32000,422.8,294.8
35.420929,-119.63974,32000,422.8,294.8
35.437317,-119.683285,32000,422.4,294.6
35.453439,-119.726316,32000,423.3,294.6
35.469589,-119.769344,32000,423.3,294.6
35.485607,-119.812219,32000,423.3,294.6
35.501481,-119.854645,32000,423.3,294.6
35.5177,-119.898205,32000,422.0,294.5
35.533859,-119.941578,32000,422.0,294.5
35.549789,-119.984322,32000,422.9,294.4
35.565584,-120.027096,32000,422.5,294.3
35.581696,-120.070553,32000,421.6,294.4
35.597488,-120.113182,32000,419.8,294.5
35.61344,-120.156127,32000,418.4,294.4
35.62912,-120.198441,32000,418.4,294.4
35.644913,-120.241184,32000,418.0,294.3
35.660737,-120.284164,32000,417.1,294.4
35.676145,-120.325772,32000,417.4,295.1
35.682383,-120.340849,32000,417.8,297.7
35.689459,-120.356101,32000,419.0,300.2
35.696686,-120.370216,32000,419.9,303.0
35.717623,-120.40963,32000,419.4,302.9
35.738293,-120.448725,32000,418.6,303.0
35.759008,-120.487879,32000,418.6,303.0
35.772276,-120.512539,32000,418.6,304.5
35.779175,-120.523968,32000,419.8,307.1
35.787231,-120.53627,32000,421.0,309.9
35.796669,-120.549355,32000,422.5,312.6
35.823257,-120.584221,32000,422.4,313.0
35.849396,-120.618668,32000,421.7,313.1
35.875992,-120.653687,32000,421.7,312.9
35.90197,-120.68797,32000,421.0,313.0
35.928177,-120.722637,32000,421.7,312.9
35.954481,-120.757687,32000,422.5,312.8
35.981003,-120.792847,32000,423.1,312.9
36.007462,-120.82798,32000,423.9,312.8
36.0336,-120.862598,32000,424.5,312.9
36.060294,-120.897996,32000,425.3,312.8
36.086736,-120.933234,32000,425.3,312.8
36.095581,-120.94498,32000,425.3,312.8
36.098607,-120.949012,31975,424.6,312.7
36.101395,-120.952721,31925,424.6,312.7
36.104147,-120.956375,31875,424.6,312.7
36.108398,-120.962105,31775,424.6,312.7
36.113085,-120.968297,31625,424.6,312.7
36.120209,-120.977898,31375,424.6,312.7
36.130262,-120.991321,30975,423.2,312.7
36.140923,-121.005522,30575,422.5,312.8
36.151025,-121.018962,30175,422.5,312.8
36.160767,-121.031971,29775,421.8,312.7
36.173835,-121.049409,29375,418.2,312.8
36.184982,-121.064301,28975,415.4,312.8
36.195969,-121.079006,28575,414.0,312.8
36.207825,-121.094856,28175,411.9,312.6
36.219315,-121.110191,27775,409.1,312.6
36.230117,-121.124677,27375,407.6,312.6
36.241791,-121.140404,26975,406.2,312.6
36.253207,-121.155649,26575,403.4,312.6
36.264845,-121.171252,26175,401.3,312.7
36.275971,-121.186153,25775,399.2,312.6
36.287144,-121.201172,25375,397.0,312.6
36.299294,-121.217534,24975,394.2,312.6
36.311118,-121.23343,24575,390.0,312.4
36.323268,-121.249851,24175,386.5,312.5
36.335999,-121.267033,23775,382.9,312.6
36.346893,-121.281281,23425,381.1,314.5
36.355529,-121.2914,23175,380.1,317.5
36.364105,-121.300564,22900,379.2,320.4
36.376923,-121.313038,22525,378.6,322.4
36.389923,-121.325512,22125,376.3,322.1
36.403478,-121.338618,21725,373.3,322.0
36.416745,-121.351416,21325,370.5,322.0
36.429919,-121.364155,20925,368.3,322.0
36.44371,-121.377525,20525,365.5,322.0
36.456802,-121.390171,20125,363.5,322.1
36.470792,-121.403601,19725,362.1,322.2
36.481406,-121.413418,19425,359.9,324.5
36.489395,-121.419926,19200,360.1,327.6
36.49877,-121.426742,18950,359.1,330.6
36.507431,-121.432285,18725,359.1,333.7
36.516972,-121.437612,18500,358.3,336.6
36.526291,-121.44207,18275,357.3,339.2
36.540295,-121.447955,17925,356.7,341.4
36.556503,-121.45483,17525,354.2,341.0
36.572695,-121.461688,17125,351.0,341.0
36.589142,-121.468678,16725,349.1,340.9
36.60584,-121.47583,16325,346.9,341.0
36.621808,-121.482609,15925,345.6,341.1
36.638077,-121.489506,15550,343.4,341.1
36.653915,-121.496258,15150,341.2,341.2
36.669571,-121.502895,14750,339.3,341.1
36.685684,-121.509705,14350,338.1,341.2
36.701843,-121.516571,13950,334.9,341.2
36.718048,-121.52338,13550,332.7,341.2
36.734161,-121.530304,13150,330.8,341.1
36.749542,-121.53677,12775,329.5,341.2
36.765421,-121.543443,12375,327.6,341.7
36.779573,-121.549287,12025,326.0,341.4
36.787115,-121.552501,11825,326.0,341.4
36.795227,-121.555882,11625,324.5,341.1
36.802849,-121.559163,11425,323.5,341.1
36.810856,-121.562552,11225,322.6,341.0
36.818939,-121.56601,11025,322.2,341.2
36.827454,-121.569614,10825,320.4,341.1
36.835063,-121.572895,10625,319.4,341.0
36.839532,-121.574824,10525,319.4,341.0
36.842884,-121.576226,10450,318.1,341.1
36.846096,-121.57757,10425,317.2,341.0
36.853683,-121.580843,10350,312.1,340.9
36.866719,-121.58641,10275,302.3,341.1
36.880692,-121.592355,10175,292.5,341.3
36.894045,-121.597993,10075,283.4,341.0
36.903809,-121.602173,10025,275.1,340.9
36.912094,-121.605796,9950,271.0,340.8
36.915573,-121.607257,9900,268.8,340.9
36.924042,-121.610939,9725,267.9,340.8
36.932785,-121.614737,9550,266.6,341.0
36.941202,-121.618294,9375,266.3,341.2
36.950043,-121.622042,9200,265.3,341.1
36.958753,-121.625758,9025,265.0,341.3
36.967392,-121.629346,8825,264.7,341.5
36.97641,-121.633145,8650,264.7,341.5
36.985199,-121.636827,8450,264.1,341.2
36.994132,-121.640685,8275,262.5,340.9
37.002884,-121.644446,8100,261.2,341.0
37.0112,-121.647988,7925,260.9,341.2
37.019829,-121.651671,7750,259.9,341.1
37.028162,-121.655194,7575,259.0,341.1
37.036972,-121.658975,7400,259.0,341.1
37.045532,-121.662598,7225,257.7,341.2
37.054045,-121.66618,7050,257.4,341.4
37.057955,-121.667792,6950,257.1,341.6
37.06303,-121.669942,6850,256.5,341.4
37.067545,-121.671852,6750,255.5,341.3
37.072357,-121.673876,6650,255.5,341.3
37.077072,-121.675922,6550,254.9,341.0
37.081744,-121.677883,6450,254.6,341.2
37.086456,-121.679895,6350,253.3,341.4
37.091492,-121.681999,6250,253.3,341.4
37.096361,-121.684033,6150,252.0,341.5
37.101668,-121.686302,6050,251.4,341.2
37.105672,-121.687974,6000,250.1,341.4
37.111267,-121.690356,5975,246.0,341.3
37.132416,-121.699414,6000,244.1,341.1
37.134567,-121.700349,5975,244.1,341.1
37.136353,-121.701108,5975,244.5,340.9
37.13863,-121.702065,5925,245.4,341.0
37.142587,-121.703796,5825,246.4,341.0
37.146835,-121.705608,5725,245.1,341.2
37.149445,-121.706718,5625,243.8,341.3
37.152695,-121.708062,5525,242.9,341.3
37.155715,-121.709349,5425,241.3,340.9
37.159286,-121.711101,5325,237.9,338.3
37.162605,-121.713051,5250,234.4,334.2
37.164979,-121.714842,5175,231.4,329.3
37.167539,-121.717052,5100,229.1,326.0
37.17009,-121.719633,5025,225.2,320.6
37.1728,-121.722605,4925,222.3,317.9
37.175593,-121.725769,4825,220.9,317.9
37.178246,-121.728695,4725,219.0,318.9
37.181226,-121.731919,4625,217.7,319.3
37.184235,-121.735119,4525,214.9,319.3
37.187557,-121.738666,4425,210.6,319.4
37.189652,-121.740935,4375,205.7,319.3
37.19156,-121.742965,4325,201.4,319.4
37.19426,-121.745831,4225,197.8,319.3
37.196457,-121.748209,4175,192.9,319.2
37.199158,-121.751131,4075,188.6,319.3
37.202087,-121.754228,4000,184.5,319.8
37.204559,-121.756858,3900,180.9,319.7
37.208221,-121.760832,3800,176.5,318.9
37.21088,-121.763744,3750,172.9,318.8
37.214697,-121.767983,3650,168.7,318.9
37.218979,-121.772578,3550,167.4,319.4
37.222192,-121.775984,3450,166.0,319.4
37.225525,-121.77959,3350,165.1,318.7
37.229687,-121.784223,3250,162.9,318.5
37.234406,-121.789466,3175,162.9,318.5
37.237414,-121.792762,3075,165.1,318.7
37.24058,-121.796285,2975,167.8,318.1
37.24411,-121.800219,2875,169.3,318.6
37.248773,-121.805301,2775,170.7,318.6
37.252311,-121.809182,2675,173.7,319.0
37.255417,-121.812608,2575,175.7,318.7
37.259806,-121.817362,2475,175.8,319.1
37.264069,-121.822075,2375,176.4,318.5
37.268372,-121.826867,2275,175.6,318.2
37.272537,-121.831425,2175,177.5,320.0
37.276062,-121.835106,2075,177.5,320.0
37.279963,-121.839334,1975,175.0,318.5
37.283615,-121.843346,1875,173.1,319.7
37.28783,-121.847753,1775,168.1,319.6
37.290903,-121.851097,1700,163.7,318.7
37.293882,-121.8545,1650,159.2,317.3
37.296768,-121.857665,1550,155.2,318.9
37.300027,-121.861247,1475,150.2,318.8
37.303239,-121.86483,1375,145.9,318.3
37.306046,-121.868007,1300,141.5,317.3
37.309021,-121.871338,1250,136.8,318.9
37.313095,-121.875779,1175,136.1,319.2
37.316367,-121.879279,1075,136.2,319.8
37.320145,-121.883318,975,133.2,318.6
37.323761,-121.887233,875,130.4,318.7
37.327493,-121.89134,800,127.6,318.8
37.331451,-121.895648,700,131.8,318.7
37.335174,-121.899819,600,131.8,318.7
37.338759,-121.9037,500,130.5,319.4
37.342621,-121.907978,400,131.8,318.7
37.346466,-121.912186,300,133.8,317.7
37.349991,-121.915984,200,133.3,319.3
37.353928,-121.920309,125,133.2,318.6
37.358124,-121.924896,25,132.5,319.0
37.360452,-121.927464,0,128.3,319.1
37.361523,-121.928598,-25,120.5,319.0
37.362919,-121.930151,-50,101.3,318.6
37.363233,-121.930494,-50.0,95.0,317.8
37.363501,-121.930792,-50.0,89.0,317.8
37.36378,-121.931106,-50.0,83.0,317.8
37.363932,-121.93127,-50.0,83.0,317.8
37.364193,-121.931573,-50.0,77.0,317.8
37.364742,-121.932157,-50.0,60.5,320.6
37.365234,-121.932683,-50.0,45.5,317.8
37.365543,-121.933048,-50.0,41.5,317.8
37.36598,-121.933509,-50.0,33.5,323.4
37.366085,-121.933599,-50.0,30.5,326.2
37.366333,-121.933793,-50.0,25.5,331.9
37.366504,-121.933897,-50.0,21.5,337.5
37.366711,-121.933969,-50.0,17.5,348.8
37.36683,-121.933987,-50.0,16.5,354.4
37.366962,-121.933983,-50.0,15.5,0.0
37.367074,-121.933972,-50.0,12.2,8.4
37.367226,-121.933925,-50.0,11.2,14.1
37.367317,-121.933896,-50.0,10.2,19.7
37.36742,-121.933823,-50.0,6.8,25.3
37.36747,-121.933793,-50.0,2.8,30.9
37.367539,-121.933733,-50.0,2.2,33.8
37.367574,-121.933688,-50.0,2.2,36.6
37.367615,-121.933647,-50.0,1.6,39.4
37.367649,-121.933618,-50.0,0.0,39.4
37.367649,-121.933618,-50.0,0.0,42.2
37.367702,-121.933554,-50.0,4.2,42.2
37.367752,-121.933487,-50.0,7.8,45.0
37.367889,-121.933311,-50.0,12.2,47.8
37.368164,-121.932931,-50.0,15.5,47.8
37.368412,-121.932554,-50.0,15.5,50.6
37.368553,-121.932376,-50.0,14.2,50.6
37.368622,-121.932245,-50.0,12.2,56.2
37.368668,-121.932143,-50.0,12.8,64.7
37.368679,-121.93204,-50.0,12.8,75.9
37.36869,-121.931938,-50.0,12.8,84.4
37.368679,-121.931777,-50.0,12.8,101.2
37.368633,-121.931673,-50.0,12.8,115.3
37.368599,-121.931613,-50.0,13.2,120.9
37.368482,-121.931434,-50.0,13.2,135.0
37.368366,-121.931315,-50.0,15.5,137.8
37.368061,-121.930974,-50.0,19.5,140.6
37.367737,-121.930613,-50.0,20.5,140.6
37.3674,-121.930255,-50.0,21.5,140.6
37.367203,-121.930039,-50.0,21.5,140.6
37.366905,-121.929717,-50.0,21.5,140.6
37.366632,-121.929419,-50.0,21.5,140.6
37.366013,-121.928724,-50.0,22.5,137.8
37.365761,-121.928446,-50.0,22.5,140.6
37.365452,-121.928125,-50.0,22.5,137.8
37.36513,-121.927762,-50.0,22.5,137.8
37.364811,-121.927409,-50.0,22.5,137.8
37.364582,-121.927161,-50.0,22.5,140.6
37.364353,-121.926912,-50.0,22.5,140.6
37.364124,-121.926649,-50.0,21.5,140.6
37.363815,-121.926328,-50.0,21.5,140.6
37.363559,-121.926046,-50.0,21.5,137.8
37.363232,-121.925685,-50.0,18.5,137.8
37.363105,-121.925523,-50.0,14.2,132.2
37.363047,-121.925434,-50.0,12.2,123.8
37.363012,-121.925269,-50.0,11.8,101.2
37.363024,-121.92524,-50.0,11.8,95.6
37.363037,-121.925072,-50.0,11.8,81.6
37.36307,-121.924837,-50.0,12.2,87.2
37.36306,-121.924706,-50.0,12.2,95.6
37.363003,-121.924516,-50.0,11.8,112.5
37.362942,-121.924404,-50.0,11.8,123.8
37.362888,-121.924341,-50.0,11.8,132.2
37.362717,-121.924137,-50.0,11.2,140.6
37.362454,-121.923851,-50.0,10.8,140.6
37.362385,-121.923771,-50.0,9.2,137.8
37.362349,-121.923702,-50.0,8.2,126.6
37.362328,-121.92364,-50.0,7.8,115.3
37.362328,-121.923581,-50.0,7.8,104.1
37.362326,-121.923538,-50.0,7.8,95.6
37.362337,-121.923478,-50.0,7.8,84.4
37.362372,-121.923374,-50.0,8.2,70.3
37.362419,-121.923289,-50.0,8.2,59.1
37.362476,-121.923187,-50.0,7.2,53.4
37.362579,-121.923041,-50.0,3.8,50.6
37.362637,-121.922968,-50.0,2.2,47.8
37.362648,-121.922939,-50.0,0.1,50.6
37.362652,-121.922941,-50.0,0.1,50.6
37.362648,-121.922935,-50.0,0.0,50.6
37.36264,-121.922941,-50.0,0.0,50.6
37.36264,-121.922941,-50.0,0.0,50.6
37.362648,-121.922939,-50.0,0.0,47.8
37.36264,-121.922941,-50.0,0.0,47.8
37.362648,-121.922939,-50.0,0.0,50.6
37.362648,-121.922939,-50.0,0.0,50.6
37.362652,-121.922941,-50.0,0.0,47.8
37.362648,-121.922939,-50.0,0.0,47.8
37.362652,-121.922941,-50.0,0.0,50.6
37.362652,-121.922941,-50.0,0.0,50.6
37.362652,-121.922941,-50.0,0.0,47.8
37.362652,-121.922941,-50.0,0.0,47.8
37.362648,-121.922939,-50.0,0.0,50.6
37.362648,-121.922939,-50.0,0.0,50.6
37.362648,-121.922939,-50.0,0.0,50.6
37.362652,-121.922941,-50.0,0.0,50.6
37.362648,-121.922939,-50.0,0.0,50.6
37.362648,-121.922939,-50.0,0.0,50.6
37.36264,-121.922941,-50.0,0.0,47.8
37.362652,-121.922941,-50.0,0.0,47.8
37.362648,-121.922939,-50.0,0.0,50.6
37.362648,-121.922939,-50.0,0.0,50.6
37.362652,-121.922941,-50.0,0.0,47.8
37.36264,-121.922941,-50.0,0.0,47.8
37.36264,-121.922941,-50.0,0.0,50.6
37.362648,-121.922939,-50.0,0.0,50.6
37.362652,-121.922941,-50.0,0.0,47.8
37.362652,-121.922941,-50.0,0.0,47.8
37.362652,-121.922941,-50.0,0.0,50.6
37.362648,-121.922939,-50.0,0.0,50.6
37.362652,-121.922941,-50.0,0.0,47.8
37.362648,-121.922939,-50.0,0.0,47.8
37.362648,-121.922939,-50.0,0.0,50.6
37.362652,-121.922941,-50.0,0.0,50.6
37.362648,-121.922939,-50.0,0.0,47.8
37.362648,-121.922939,-50.0,0.0,47.8
37.362648,-121.922939,-50.0,0.0,50.6
37.362652,-121.922941,-50.0,0.0,50.6
37.362648,-121.922953,-50.0,0.0,50.6
37.362648,-121.922953,-50.0,0.0,47.8
37.362652,-121.922941,-50.0,0.0,47.8
37.362652,-121.922941,-50.0,0.0,50.6
37.36264,-121.922941,-50.0,0.0,50.6
37.362648,-121.922939,-50.0,0.0,50.6
37.362648,-121.922939,-50.0,0.0,50.6
37.362648,-121.922939,-50.0,0.0,47.8
37.36264,-121.922941,-50.0,0.0,47.8
37.36264,-121.922941,-50.0,0.0,50.6
37.362648,-121.922939,-50.0,0.0,50.6
37.362648,-121.922939,-50.0,0.0,47.8
37.36264,-121.922941,-50.0,0.0,47.8
37.36264,-121.922941,-50.0,0.0,50.6
37.362637,-121.922939,-50.0,0.0,47.8
37.362648,-121.922939,-50.0,0.0,47.8
37.362637,-121.922939,-50.0,0.0,50.6
37.362652,-121.922941,-50.0,0.0,50.6
37.362652,-121.922941,-50.0,0.0,50.6
37.362652,-121.922941,-50.0,0.0,50.6
37.362628,-121.922971,-50.0,0.0,47.8
37.362476,-121.923187,-50.0,2.8,47.8
37.362372,-121.923329,-50.0,3.2,47.8
37.362328,-121.923377,-50.0,3.2,47.8
37.362282,-121.923421,-50.0,2.2,61.9
37.362267,-121.923433,-50.0,2.2,67.5
37.362247,-121.923465,-50.0,2.2,73.1
37.362244,-121.923493,-50.0,1.9,81.6
37.362233,-121.923508,-50.0,1.6,87.2
37.362221,-121.923523,-50.0,1.4,98.4
37.362213,-121.923552,-50.0,1.4,112.5
37.362209,-121.923568,-50.0,1.4,126.6
37.362209,-121.923583,-50.0,1.1,135.0
37.362213,-121.923611,-50.0,0.3,137.8
37.362225,-121.923611,-50.0,0.0,137.8
37.362221,-121.923613,-50.0,0.0,137.8
37.362225,-121.923611,-50.0,0.0,137.8
37.362221,-121.923613,-50.0,0.0,137.8
37.362202,-121.923581,-50.0,0.0,137.8
37.362144,-121.923523,-50.0,6.2,137.8
37.362,-121.923374,-50.0,9.2,140.6
37.361883,-121.923284,-50.0,9.8,154.7
37.361767,-121.923245,-50.0,9.8,165.9
37.361686,-121.923224,-50.0,9.8,174.4
37.361569,-121.923239,-50.0,9.8,182.8
37.361499,-121.923254,-50.0,9.8,188.4
37.361267,-121.923284,-50.0,9.8,185.6
37.361195,-121.923289,-50.0,10.2,180.0
37.361034,-121.923224,-50.0,11.2,160.3
37.360987,-121.923195,-50.0,11.2,154.7
37.36084,-121.92307,-50.0,11.8,143.4
37.360725,-121.922939,-50.0,11.8,137.8
37.360405,-121.922597,-50.0,12.2,137.8
37.360176,-121.92234,-50.0,13.8,137.8
37.359856,-121.921989,-50.0,15.5,137.8
37.359524,-121.921624,-50.0,16.5,137.8
37.359207,-121.921284,-50.0,17.5,137.8
37.358904,-121.920941,-50.0,17.5,140.6
37.358597,-121.920601,-50.0,17.5,137.8
37.358299,-121.920269,-50.0,17.5,140.6
37.358013,-121.919958,-50.0,17.5,137.8
37.357717,-121.919642,-50.0,18.5,140.6
37.357418,-121.919301,-50.0,18.5,137.8
37.357112,-121.918985,-50.0,17.5,140.6
37.356809,-121.918642,-50.0,17.5,137.8
37.356518,-121.918328,-50.0,17.5,140.6
37.356216,-121.918,-50.0,18.5,140.6
37.35593,-121.917679,-50.0,18.5,137.8
37.355644,-121.917372,-50.0,18.5,140.6
37.355482,-121.917194,-50.0,18.5,137.8
37.355215,-121.916895,-50.0,18.5,137.8
37.354912,-121.916554,-50.0,19.5,140.6
37.354591,-121.916218,-50.0,19.5,140.6
37.354271,-121.915868,-50.0,19.5,140.6
37.353958,-121.915522,-50.0,17.5,140.6
37.353676,-121.91521,-50.0,14.8,140.6
37.353446,-121.914955,-50.0,10.8,140.6
37.353333,-121.914845,-50.0,7.8,143.4
37.353271,-121.914806,-50.0,6.2,149.1
37.353225,-121.914776,-50.0,4.2,157.5
37.353184,-121.914772,-50.0,2.8,163.1
37.353138,-121.914757,-50.0,0.6,165.9
37.35312,-121.914746,-50.0,0.0,165.9
37.353062,-121.914746,-50.0,0.0,171.6
37.353012,-121.914743,-50.0,4.8,177.2
37.35291,-121.914776,-50.0,6.8,191.2
37.352817,-121.914835,-50.0,7.2,205.3
37.352759,-121.91488,-50.0,7.8,213.8
37.352713,-121.91494,-50.0,7.8,219.4
37.352623,-121.915064,-50.0,7.2,230.6
37.352566,-121.915152,-50.0,7.2,233.4
37.352526,-121.915253,-50.0,7.2,241.9
37.352503,-121.915328,-50.0,6.8,250.3
37.352497,-121.915385,-50.0,6.8,258.8
37.352503,-121.915447,-50.0,6.8,270.0
37.35252,-121.915502,-50.0,6.8,278.4
37.352526,-121.915537,-50.0,6.8,286.9
37.352543,-121.915575,-50.0,6.8,292.5
37.352577,-121.915619,-50.0,6.2,303.8
37.352608,-121.915671,-50.0,5.2,312.2
37.352646,-121.915707,-50.0,3.2,317.8
37.352692,-121.915751,-50.0,2.8,317.8
37.352737,-121.915795,-50.0,6.8,320.6
37.352806,-121.915865,-50.0,12.8,320.6
37.352887,-121.91597,-50.0,16.5,320.6
37.352934,-121.916015,-50.0,21.5,320.6
37.353035,-121.916131,-50.0,26.5,320.6
37.353138,-121.916233,-50.0,31.5,320.6
37.353248,-121.916358,-50.0,36.5,320.6
37.35339,-121.91651,-50.0,41.5,320.6
37.353644,-121.916791,-50.0,46.5,320.6
37.353745,-121.916905,-50.0,51.5,320.6
37.353923,-121.917089,-50.0,56.5,320.6
37.354145,-121.917343,-50.0,61.5,320.6
37.354465,-121.917694,-50.0,65.5,320.6
37.354614,-121.917854,-50.0,71.0,320.6
37.354877,-121.918132,-50.0,75.0,320.6
37.355157,-121.918448,-50.0,79.0,320.6
37.355461,-121.918775,-50.0,83.0,320.6
37.355598,-121.918921,-50.0,83.0,320.6
37.355843,-121.919224,50,83.0,180.0
37.356169,-121.919582,50,92.1,318.5
37.35672,-121.920134,50,97.1,318.8
37.357727,-121.921302,50,109.1,318.7
37.358139,-121.921711,50,112.7,319.0
37.358551,-121.922179,50,116.9,318.8
37.358916,-121.922568,50,120.5,319.0
37.359283,-121.922997,50,124.7,318.9
37.360173,-121.923941,25,131.1,319.0
37.36235,-121.926328,50,144.5,318.4
37.363292,-121.927404,100,149.5,318.5
37.36413,-121.928359,125,150.1,318.2
37.364914,-121.92925,200,150.1,317.7
37.365601,-121.93001,250,149.4,318.0
37.366562,-121.93112,350,148.7,318.3
37.367668,-121.93236,450,148.0,318.0
37.368668,-121.933516,550,146.6,318.0
37.369766,-121.934685,650,147.4,318.9
37.370926,-121.935942,750,148.3,319.6
37.372369,-121.937435,850,149.7,319.6
37.373703,-121.938892,950,151.1,319.6
37.375076,-121.940295,1050,152.5,319.5
37.37645,-121.941814,1150,153.9,319.5
37.378095,-121.943585,1225,158.1,319.4
37.379745,-121.94532,1325,161.1,319.8
37.381587,-121.947287,1400,165.3,319.7
37.383133,-121.948885,1450,170.3,319.8
37.385264,-121.951168,1525,175.3,319.9
37.386292,-121.952216,1550,179.5,319.7
37.388077,-121.954144,1625,183.0,319.4
37.390137,-121.956423,1700,187.9,319.1
37.392201,-121.958691,1775,192.8,318.8
37.393876,-121.960542,1850,196.9,318.3
37.395599,-121.962512,1950,200.4,318.0
37.397368,-121.964543,2050,201.8,318.0
37.399183,-121.966513,2150,204.0,318.6
37.400345,-121.96776,2250,205.0,319.5
37.401764,-121.969163,2325,205.4,320.7
37.403046,-121.97039,2425,206.0,323.7
37.404583,-121.971588,2525,208.1,327.8
37.406213,-121.972723,2625,208.9,331.7
37.408028,-121.973738,2725,210.8,335.6
37.409866,-121.974598,2825,211.4,339.5
37.411423,-121.975182,2925,212.6,343.6
37.413025,-121.975708,3025,212.5,345.8
37.414453,-121.976007,3125,211.3,349.9
37.416035,-121.976245,3225,211.4,353.5
37.417419,-121.976409,3325,210.9,354.8
37.418875,-121.976544,3425,210.4,356.5
37.420318,-121.976544,3525,210.0,359.2
37.421814,-121.976526,3600,210.0,0.6
37.423279,-121.976409,3675,210.3,3.0
37.424789,-121.976234,3750,210.1,5.7
37.427208,-121.975827,3850,209.7,7.4
37.429629,-121.975171,3950,207.6,13.4
37.432003,-121.974335,4025,207.3,16.2
37.434677,-121.973078,4075,207.1,21.2
37.437915,-121.97111,4150,208.4,26.2
37.440216,-121.969397,4200,209.6,31.3
37.442477,-121.967289,4250,212.4,36.4
37.444702,-121.964839,4300,213.9,41.6
37.446574,-121.962453,4325,215.8,46.7
37.448622,-121.959229,4400,218.7,51.9
37.450836,-121.954963,4450,221.1,56.8
37.452164,-121.95169,4525,223.6,63.4
37.453417,-121.947765,4600,226.4,68.8
37.454301,-121.943824,4675,229.3,74.6
37.45486,-121.939704,4750,233.1,80.6
37.455048,-121.935678,4825,236.3,87.1
37.454906,-121.932181,4925,239.5,93.6
37.454441,-121.92824,5025,241.1,97.6
37.453812,-121.924984,5125,243.0,103.8
37.452988,-121.921828,5225,245.2,110.3
37.452026,-121.919023,5325,245.7,114.3
37.450653,-121.915809,5425,246.9,118.0
37.449692,-121.913822,5525,247.0,121.8
37.448502,-121.91166,5625,246.7,125.4
37.447505,-121.910029,5700,246.2,127.2
37.446671,-121.908797,5775,245.4,128.9
37.445456,-121.907103,5875,244.2,132.5
37.444199,-121.905491,5975,243.3,134.0
37.442871,-121.903946,6075,242.7,136.8
37.441498,-121.902485,6175,241.0,139.0
37.44017,-121.901083,6275,240.5,139.6
37.438892,-121.899759,6375,240.1,140.4
37.437542,-121.898326,6475,239.4,140.6
37.436188,-121.896934,6575,239.4,140.6
37.434448,-121.895181,6675,238.0,140.6
37.433075,-121.89372,6775,238.0,140.6
37.431793,-121.892376,6875,238.0,140.6
37.430094,-121.890683,6975,238.0,140.6
37.427441,-121.887937,7150,238.7,140.4
37.424368,-121.884713,7350,239.3,140.3
37.421631,-121.881857,7550,239.9,140.1
37.419015,-121.8791,7725,240.1,140.4
37.416733,-121.876831,7900,240.1,140.4
37.414307,-121.874318,8100,239.4,140.6
37.411652,-121.871572,8300,239.4,140.6
37.410682,-121.870562,8375,241.6,140.7
37.40882,-121.868651,8475,243.2,141.0
37.407423,-121.867278,8550,244.6,141.0
37.406027,-121.865845,8625,247.5,141.2
37.403885,-121.863695,8700,251.9,141.4
37.402023,-121.861844,8750,255.5,141.5
37.400574,-121.86041,8800,259.9,141.7
37.397827,-121.857722,8850,264.9,141.8
37.396454,-121.856378,8875,268.5,141.8
37.394302,-121.854216,8925,273.5,141.8
37.392334,-121.852287,8975,278.5,141.9
37.390137,-121.850183,9000,283.5,141.9
37.38815,-121.848171,9050,287.1,141.9
37.386383,-121.846443,9075,291.3,141.8
37.384644,-121.844749,9125,295.5,141.7
37.383495,-121.843574,9175,295.5,141.7
37.381805,-121.841944,9250,296.9,141.7
37.377443,-121.837603,9450,300.3,141.5
37.37358,-121.833781,9625,303.1,141.4
37.370181,-121.830318,9800,304.5,141.4
37.366969,-121.827154,10000,304.5,141.4
37.363449,-121.823594,10200,305.2,141.2
37.360359,-121.820526,10375,306.6,141.2
37.358357,-121.818436,10475,308.0,141.2
37.355438,-121.81553,10600,310.0,141.0
37.353888,-121.813899,10650,312.2,141.1
37.351593,-121.811614,10725,315.0,141.1
37.349396,-121.809335,10775,318.5,140.9
37.346375,-121.806296,10850,324.1,140.8
37.340202,-121.799986,10925,334.1,140.8
37.333964,-121.793657,11025,344.1,140.9
37.32875,-121.788224,11100,351.6,140.4
37.326003,-121.785298,11175,354.0,139.7
37.323396,-121.782432,11250,356.3,138.3
37.31781,-121.776084,11450,360.2,137.4
37.312922,-121.770371,11650,363.1,137.3
37.308872,-121.765774,11850,363.8,137.4
37.300725,-121.756399,12250,365.9,137.6
37.292393,-121.746906,12625,368.1,137.6
37.284525,-121.738009,13025,368.8,137.8
37.276984,-121.729411,13425,370.2,137.7
37.268697,-121.720037,13825,371.7,137.7
37.260132,-121.710283,14225,373.1,137.7
37.252683,-121.701766,14625,374.5,137.7
37.244304,-121.692213,15025,375.9,137.7
37.235138,-121.681765,15425,377.3,137.7
37.226669,-121.672123,15825,378.7,137.7
37.220993,-121.665753,16075,379.5,138.0
37.21898,-121.663493,16150,380.9,138.0
37.215454,-121.6595,16275,383.1,138.1
37.202042,-121.644365,16675,389.4,137.9
37.19014,-121.630924,17075,395.1,137.9
37.177827,-121.616981,17475,400.7,137.8
37.165787,-121.6034,17875,403.6,138.0
37.153061,-121.589083,18275,407.8,138.0
37.145325,-121.580376,18550,410.7,138.0
37.134115,-121.567721,18950,412.8,138.0
37.120382,-121.552257,19350,417.7,137.9
37.108185,-121.538524,19750,419.1,137.9
37.096594,-121.525448,20150,420.6,137.9
37.086492,-121.514043,20550,422.0,137.9
37.075333,-121.501426,20950,423.4,137.9
37.064484,-121.489154,21350,423.4,137.9
37.054045,-121.477382,21725,423.5,138.2
37.048691,-121.471506,21925,423.7,138.6
37.044595,-121.467053,22025,426.0,138.9
37.029465,-121.45076,22425,429.8,139.5
37.015081,-121.435527,22825,432.8,139.7
36.99971,-121.419321,23225,435.7,139.8
36.983705,-121.402508,23625,439.9,139.8
36.967712,-121.38566,24025,443.5,139.9
36.951004,-121.368129,24425,447.8,139.8
36.934452,-121.350622,24825,451.2,139.7
36.917926,-121.333187,25225,453.3,139.6
36.904587,-121.318983,25625,453.3,139.6
36.889902,-121.303392,26025,454.7,139.6
36.877991,-121.290757,26325,456.7,139.4
36.864716,-121.276615,26625,458.2,139.4
36.863321,-121.275091,26650,458.2,139.4
36.853126,-121.264284,27000,456.7,139.4
36.841507,-121.251869,27400,453.9,139.5
36.830222,-121.239858,27800,452.4,139.3
36.81863,-121.227469,28200,451.0,139.3
36.806666,-121.214671,28600,448.2,139.3
36.803604,-121.211472,28700,448.2,139.3
36.800583,-121.20821,28775,448.9,139.4
36.798892,-121.206431,28825,448.9,139.4
36.795308,-121.202574,28875,449.7,139.5
36.792887,-121.200062,28925,451.1,139.5
36.791537,-121.198601,28925,451.1,139.5
36.788278,-121.195153,28950,453.3,139.6
36.772218,-121.178089,29000,462.5,139.6
36.762256,-121.16757,29050,468.9,139.6
36.753571,-121.158371,29075,473.9,139.6
36.751144,-121.155853,29075,475.3,139.6
36.748057,-121.152552,29125,475.3,139.6
36.744286,-121.148578,29200,476.1,139.7
36.733161,-121.136832,29400,478.1,139.6
36.707929,-121.110126,29700,484.5,139.6
36.697632,-121.099262,29875,485.2,139.5
36.688614,-121.089592,30000,487.9,139.3
36.676693,-121.076056,30225,488.8,136.7
36.665986,-121.062674,30400,489.4,133.8
36.646201,-121.036377,30725,492.4,133.0
36.627533,-121.011599,31075,493.1,133.1
36.620597,-121.002366,31250,493.8,133.2
36.60584,-120.982906,31650,491.7,133.1
36.589783,-120.961704,32050,490.3,133.3
36.574371,-120.941415,32450,488.8,133.3
36.557693,-120.919418,32850,487.4,133.2
36.541412,-120.897938,33250,486.7,133.3
36.524323,-120.87553,33625,484.6,133.4
36.510315,-120.857206,34025,481.7,133.4
36.495255,-120.837479,34425,478.9,133.4
36.480428,-120.818053,34825,476.8,133.5
36.464035,-120.79668,35200,475.3,133.5
36.447935,-120.775569,35600,473.9,133.5
36.431488,-120.754108,35975,471.1,133.4
36.414871,-120.732365,36350,469.7,133.4
36.402872,-120.71678,36575,470.4,133.5
36.380946,-120.688145,36875,471.8,133.5
36.373489,-120.678463,36975,472.5,133.5
36.369541,-120.673302,37000,473.2,133.5
36.361267,-120.662556,37000,473.9,133.5
36.331558,-120.623875,37000,475.3,133.5
36.301941,-120.585308,37000,475.3,133.6
36.271912,-120.546398,37000,475.3,133.6
36.241662,-120.507163,37000,475.3,133.5
36.211775,-120.468419,37000,475.3,133.6
36.181961,-120.429783,37000,474.6,133.6
36.152142,-120.391222,37000,473.9,133.8
36.122209,-120.352595,37000,473.2,133.7
36.09256,-120.314541,37000,471.8,133.7
36.062759,-120.276146,37000,471.1,133.6
36.033248,-120.238057,37000,469.6,133.8
36.004074,-120.200729,37000,467.5,133.9
35.974823,-120.16325,37000,467.5,133.9
35.945023,-120.125027,37000,466.8,133.8
35.915424,-120.086995,37000,466.1,133.9
35.88563,-120.048951,37000,466.1,133.9
35.875249,-120.035102,37000,467.5,131.5
35.865939,-120.02131,37000,468.8,128.7
35.8564,-120.005836,37000,470.2,126.1
35.84783,-119.990455,37000,472.1,123.4
35.840378,-119.975624,37000,473.9,120.6
35.832933,-119.959132,37000,475.1,117.9
35.825671,-119.941134,37000,476.8,115.6
35.807562,-119.892455,37000,478.8,114.7
35.788755,-119.843192,37000,477.7,115.6
35.769622,-119.794221,37000,477.3,115.4
35.751297,-119.746513,37000,477.3,115.2
35.732986,-119.698324,37000,477.4,114.9
35.714784,-119.650054,37000,477.9,114.7
35.696535,-119.601317,37000,477.9,114.7
35.678375,-119.553337,37000,477.3,115.4
35.671921,-119.538002,37000,476.0,118.1
35.664321,-119.521725,37000,474.4,120.7
35.655849,-119.505304,37000,473.2,123.2
35.646911,-119.489584,37000,472.3,125.6
35.637833,-119.474974,37000,471.5,128.1
35.627685,-119.459956,37000,471.1,130.4
35.611158,-119.437399,37000,470.1,132.1
35.587509,-119.405308,37000,470.9,132.0
35.58284,-119.398899,36950,470.1,132.1
35.561348,-119.369728,36675,470.8,132.2
35.537567,-119.337616,36400,472.2,132.2
35.51358,-119.305229,36150,469.4,132.1
35.489548,-119.272728,35900,471.5,132.1
35.465822,-119.240638,35650,472.2,132.2
35.439697,-119.205379,35425,470.8,132.2
35.415779,-119.173201,35175,467.9,132.3
35.394691,-119.144975,35000,467.9,132.3
35.389477,-119.138021,35000,467.9,132.3
35.360916,-119.099751,35000,466.5,132.3
35.33194,-119.061012,35000,465.8,132.4
35.303101,-119.02256,35000,465.0,132.5
35.27504,-118.98531,35000,463.5,132.6
35.245956,-118.946871,35000,461.4,132.7
35.217133,-118.908897,35000,460.7,132.8
35.188883,-118.871613,35000,459.3,132.6
35.175568,-118.854021,34975,457.9,132.6
35.171286,-118.848381,34925,457.2,132.7
35.167283,-118.84306,34875,455.7,132.7
35.161091,-118.834877,34750,455.0,132.8
35.144806,-118.813383,34375,451.5,132.7
35.129622,-118.793392,34000,448.7,132.6
35.113981,-118.772678,33625,450.1,132.7
35.109093,-118.76627,33500,451.5,132.7
35.104158,-118.759689,33325,452.9,132.7
35.093536,-118.745728,32925,455.0,132.8
35.082139,-118.730736,32525,457.8,132.8
35.070511,-118.715459,32125,460.7,132.8
35.058838,-118.700157,31725,462.8,132.7
35.048218,-118.686144,31325,464.2,132.7
35.040894,-118.676502,31100,464.9,132.8
35.035866,-118.669968,30950,465.6,132.7
35.019791,-118.648812,30550,464.9,132.8
35.006378,-118.631156,30150,462.8,132.7
34.991595,-118.611717,29750,458.6,132.7
34.97586,-118.591003,29350,455.7,132.7
34.961755,-118.572464,28950,452.2,132.8
34.946091,-118.551953,28550,447.9,132.9
34.931635,-118.533096,28150,445.1,132.9
34.917252,-118.514342,27750,442.2,133.1
34.903015,-118.495845,27350,438.7,133.0
34.887772,-118.476002,26950,435.9,132.9
34.873678,-118.457508,26550,433.1,132.8
34.859061,-118.438339,26150,430.3,132.7
34.844742,-118.419557,25750,427.4,132.7
34.831734,-118.402519,25350,426.0,132.9
34.828262,-118.397977,25250,425.2,133.0
34.825745,-118.39467,25200,426.0,132.9
34.822266,-118.390185,25150,426.6,133.0
34.799057,-118.360085,24900,426.6,133.2
34.784042,-118.340298,24725,425.8,131.5
34.774841,-118.327014,24625,426.5,129.1
34.756897,-118.299212,24350,427.5,128.0
34.737076,-118.268551,24100,425.3,128.0
34.718892,-118.240414,23825,424.5,128.1
34.69934,-118.210316,23550,422.9,128.3
34.679764,-118.180156,23275,422.3,128.2
34.659988,-118.149607,23025,418.1,128.1
34.65586,-118.143253,23000,417.5,128.0
34.63277,-118.107491,23000,415.3,128.1
34.609168,-118.071041,23000,413.9,128.0
34.593294,-118.046265,23000,414.4,126.8
34.585752,-118.033276,23000,414.9,124.0
34.577866,-118.018276,23000,417.1,121.7
34.571594,-118.005159,23000,419.9,119.1
34.565269,-117.990475,23000,422.6,116.6
34.547859,-117.948074,23000,424.9,116.6
34.530262,-117.905502,23000,425.7,116.5
34.51327,-117.864017,23000,424.9,116.3
34.496093,-117.82196,23000,424.4,116.1
34.478961,-117.780132,23000,423.1,116.4
34.461598,-117.737904,23000,423.1,116.4
34.444473,-117.696197,23000,423.1,116.4
34.427614,-117.654934,23000,422.2,116.1
34.424961,-117.648411,22950,421.7,116.0
34.421469,-117.639713,22875,421.3,116.2
34.417053,-117.62899,22750,420.4,116.3
34.407211,-117.604887,22400,415.5,116.1
34.397262,-117.580433,22050,410.1,116.2
34.387766,-117.556973,21675,406.1,116.0
34.378784,-117.534765,21300,403.0,116.1
34.369949,-117.513073,20925,399.8,116.1
34.360977,-117.491044,20550,397.1,116.3
34.3522,-117.469769,20175,395.3,116.4
34.343169,-117.448025,19800,392.7,116.6
34.334381,-117.426864,19425,390.4,116.6
34.32518,-117.404667,19050,391.3,116.6
34.316208,-117.38303,18675,392.2,116.5
34.307327,-117.361394,18275,390.9,116.4
34.298059,-117.33942,17900,388.8,118.1
34.288879,-117.319691,17500,386.9,119.4
34.279951,-117.300453,17100,385.9,119.2
34.270706,-117.28051,16700,383.7,119.2
34.262447,-117.262516,16350,382.7,118.9
34.259654,-117.256508,16275,381.8,119.0
34.256561,-117.249737,16225,379.6,119.0
34.253183,-117.242374,16200,378.2,118.9
34.24364,-117.221832,16150,378.3,119.3
34.226624,-117.185389,16150,375.7,119.5
34.209796,-117.149849,16150,374.5,119.8
34.192712,-117.113857,16150,373.1,119.7
34.175767,-117.078037,16150,374.0,119.7
34.158829,-117.042062,16175,375.2,119.4
34.141923,-117.005768,16150,376.1,119.3
34.125183,-116.970202,16150,374.8,119.6
34.108452,-116.934757,16150,374.8,119.6
34.091537,-116.898679,16150,376.1,119.3
34.085678,-116.886011,16125,373.4,119.2
34.083572,-116.881527,16100,373.4,119.2
34.081592,-116.877251,16050,372.0,119.1
34.079407,-116.872503,15975,372.0,119.1
34.07014,-116.852531,15575,369.8,119.1
34.060822,-116.832537,15200,368.0,119.3
34.051752,-116.813164,14825,366.3,119.4
34.043139,-116.794682,14425,366.1,118.7
34.040817,-116.78932,14350,365.9,118.0
34.038624,-116.783981,14275,365.4,116.1
34.036715,-116.77906,14250,364.7,114.8
34.033859,-116.771103,14200,364.2,113.1
34.029648,-116.758155,14175,364.8,110.4
34.025711,-116.744254,14125,362.7,108.0
34.023514,-116.735902,14075,360.2,107.8
34.022284,-116.731339,14025,358.3,107.9
34.020934,-116.726246,13950,357.4,107.9
34.015045,-116.704457,13600,353.9,107.8
34.009296,-116.683044,13225,351.0,107.9
34.00357,-116.661587,12875,348.8,107.9
33.997844,-116.640358,12525,346.9,108.0
33.99202,-116.618864,12175,346.9,108.0
33.98877,-116.606981,11975,346.3,108.2
33.985703,-116.595658,11775,345.0,108.1
33.982681,-116.584504,11575,344.7,107.9
33.979177,-116.572094,11375,343.8,109.5
33.976776,-116.56511,11275,342.3,113.0
33.973823,-116.557846,11200,339.5,117.6
33.970139,-116.550256,11100,336.8,120.9
33.965816,-116.542511,11000,332.6,124.8
33.961212,-116.535346,10900,328.7,128.6
33.956738,-116.529236,10800,323.4,132.9
33.950958,-116.522397,10650,319.7,136.3
33.943983,-116.51453,10450,316.9,136.5
33.936209,-116.505604,10275,312.6,136.3
33.927597,-116.495647,10100,306.9,136.1
33.921524,-116.488654,10000,302.7,136.1
33.916517,-116.48283,9925,298.5,136.1
33.910995,-116.47649,9825,293.5,136.2
33.903762,-116.468296,9700,288.6,136.7
33.897524,-116.461258,9600,283.7,136.9
33.889843,-116.452618,9450,278.7,136.7
33.882814,-116.444607,9250,277.3,136.5
33.875839,-116.436637,9050,275.8,136.2
33.869202,-116.429014,8875,273.7,136.0
33.862563,-116.421375,8700,272.3,136.3
33.855813,-116.413708,8500,269.6,136.9
33.851212,-116.40861,8375,268.2,137.3
33.842965,-116.39946,8250,263.9,137.0
33.837146,-116.392937,8150,259.7,137.0
33.831001,-116.386127,8025,255.4,137.1
33.824753,-116.379127,7875,250.5,136.9
33.820527,-116.374397,7775,246.9,136.8
33.816337,-116.369648,7650,242.6,136.5
33.811661,-116.364329,7525,237.7,136.4
33.805618,-116.357378,7325,233.4,136.4
33.800034,-116.3511,7125,231.3,136.6
33.796878,-116.347446,7025,229.9,136.2
33.794504,-116.344757,6950,229.2,136.4
33.79078,-116.340523,6850,227.8,136.4
33.787308,-116.336583,6750,227.1,137.0
33.782307,-116.331081,6650,223.6,137.2
33.777695,-116.325933,6550,221.5,137.4
33.773509,-116.321411,6450,219.4,137.6
33.769273,-116.316719,6350,218.0,137.6
33.76474,-116.311807,6250,216.1,138.6
33.761685,-116.30888,6200,214.6,142.4
33.759217,-116.306992,6150,211.2,148.0
33.75661,-116.305447,6100,208.4,154.4
33.754469,-116.304474,6050,205.9,161.3
33.751968,-116.303736,6000,202.0,168.6
33.749542,-116.303343,5975,200.2,173.7
33.747114,-116.303272,5925,197.0,181.2
33.744833,-116.303558,5875,195.1,186.2
33.742831,-116.304073,5850,193.6,191.0
33.741015,-116.30476,5800,191.3,198.9
33.738548,-116.306076,5750,190.7,204.1
33.736686,-116.307449,5700,188.7,212.0
33.734848,-116.309117,5650,187.9,218.5
33.732285,-116.311863,5575,186.8,223.3
33.729721,-116.31489,5475,186.0,225.6
33.727515,-116.317863,5425,184.5,229.8
33.725876,-116.320496,5350,181.8,233.9
33.724365,-116.323466,5300,179.7,239.6
33.723495,-116.325652,5250,178.5,245.2
33.722534,-116.328904,5150,178.7,251.1
33.722031,-116.331482,5075,179.1,257.8
33.721789,-116.334,5000,179.8,264.6
33.721756,-116.336415,4925,181.0,269.0
33.721893,-116.339161,4850,182.9,275.6
33.722397,-116.342244,4750,184.0,280.3
33.7229,-116.344262,4675,185.3,287.3
33.723679,-116.34656,4625,185.7,294.5
33.724686,-116.348914,4575,186.2,298.9
33.726059,-116.351437,4525,185.0,304.2
33.728772,-116.355858,4425,182.2,306.7
33.731186,-116.359845,4325,180.9,305.1
33.733063,-116.363152,4225,180.8,304.0
33.734964,-116.366615,4125,181.4,303.1
33.736816,-116.370046,4025,182.2,302.9
33.739105,-116.37425,3925,179.7,303.4
33.741165,-116.378006,3825,178.9,303.6
33.742767,-116.380864,3725,178.9,303.6
33.744367,-116.383724,3625,179.4,303.9
33.745972,-116.386582,3525,179.4,303.9
33.747894,-116.390001,3425,179.4,303.9
33.749814,-116.393394,3325,178.6,304.0
33.752002,-116.397343,3225,176.1,303.4
33.754028,-116.400987,3125,175.9,302.7
33.756145,-116.404953,3025,176.7,303.7
33.758057,-116.408218,2925,177.9,305.4
33.760345,-116.411918,2825,177.6,305.8
33.761353,-116.413599,2775,177.3,305.1
33.762569,-116.415768,2675,177.2,304.0
33.763641,-116.417747,2575,178.6,302.9
33.764923,-116.420213,2475,180.4,301.4
33.766113,-116.422624,2400,181.3,301.2
33.767085,-116.42458,2350,181.3,301.2
33.768448,-116.427164,2275,178.7,301.7
33.770599,-116.431256,2225,174.8,302.1
33.772159,-116.434193,2200,170.3,302.3
33.773509,-116.436825,2150,166.2,302.0
33.775231,-116.440086,2050,163.1,302.2
33.77714,-116.443748,1950,162.6,301.9
33.778862,-116.447124,1850,160.7,301.5
33.780853,-116.45093,1750,159.0,301.9
33.78254,-116.454163,1650,158.5,301.6
33.784262,-116.457596,1550,158.5,301.6
33.785845,-116.460629,1500,157.8,302.6
33.788406,-116.465149,1425,157.9,305.2
33.791245,-116.469555,1375,156.6,308.3
33.793396,-116.472567,1300,155.1,311.6
33.796925,-116.477108,1250,153.5,313.7
33.799159,-116.47974,1175,152.8,316.1
33.801865,-116.4826,1075,151.7,319.3
33.804245,-116.484954,1025,150.9,321.5
33.80777,-116.488205,925,149.0,322.4
33.811569,-116.491681,825,147.0,322.7
33.816284,-116.495828,750,146.6,323.6
33.819946,-116.499023,650,144.0,324.3
33.822327,-116.501153,600,142.4,323.9
33.824763,-116.503315,575,140.8,323.4
33.830223,-116.508174,-50.0,83.0,323.4
33.831466,-116.50928,-50.0,49.5,323.4
33.831746,-116.509509,-50.0,45.5,323.4
33.832043,-116.511902,-50.0,13.8,154.7
33.829536,-116.509701,-50.0,20.5,143.4
33.829273,-116.509463,-50.0,17.5,143.4
33.82346,-116.505063,-50.0,15.5,143.4
33.823296,-116.504903,-50.0,14.8,137.8
33.823219,-116.504769,-50.0,14.8,123.8
33.823151,-116.504573,-50.0,15.5,104.1
33.823075,-116.504116,-50.0,15.5,104.1
33.823029,-116.503944,-50.0,15.5,112.5
33.822936,-116.503758,-50.0,15.5,126.6
33.822842,-116.503662,-50.0,16.5,135.0
33.822327,-116.503185,-50.0,20.5,143.4
33.821926,-116.502821,-50.0,23.5,143.4
33.821679,-116.5026,-50.0,25.5,143.4
33.821411,-116.502357,-50.0,26.5,143.4
33.820771,-116.501799,-50.0,27.5,143.4
33.820352,-116.501412,-50.0,27.5,143.4
33.820084,-116.501184,-50.0,27.5,143.4
33.819759,-116.500897,-50.0,26.5,143.4
33.818596,-116.499794,-50.0,11.8,126.6
33.818548,-116.49961,-50.0,10.2,106.9
33.818539,-116.499192,-50.0,7.8,90.0
33.818537,-116.499066,-50.0,4.8,90.0
33.818527,-116.498981,-50.0,0.0,90.0
33.818539,-116.498603,-50.0,10.2,84.4
33.818916,-116.498141,-50.0,10.2,348.8
33.818962,-116.498155,-50.0,9.8,340.3
33.819019,-116.498197,-50.0,10.2,334.7
33.81918,-116.498337,-50.0,12.8,323.4
33.81966,-116.498757,-50.0,34.5,323.4
33.820507,-116.4995,-50.0,57.5,323.4
33.820759,-116.499724,-50.0,62.5,323.4
33.821318,-116.500225,-50.0,71.0,323.4
33.822656,-116.501412,-50.0,89.0,323.4
33.822854,-116.501598,650,89.0,0.0
33.823608,-116.502274,650,102.2,323.4
33.825027,-116.503564,650,110.0,323.1
33.831436,-116.509225,675,110.0,323.1
33.833003,-116.510639,725,164.0,324.2
33.833679,-116.511243,775,164.0,324.2
33.834595,-116.511972,825,163.4,324.5
33.835516,-116.512814,900,163.4,324.5
33.835876,-116.513093,925,162.6,324.3
33.837067,-116.514102,1025,160.4,324.1
33.838074,-116.514998,1125,159.6,323.9
33.839264,-116.516063,1225,158.8,323.7
33.840404,-116.517048,1325,158.8,323.7
33.841568,-116.518078,1425,159.4,323.4
33.842514,-116.518922,1500,160.8,323.3
33.844116,-116.520323,1600,163.8,323.7
33.845627,-116.521669,1700,164.4,323.4
33.846875,-116.52277,1800,164.4,323.4
33.848411,-116.524143,1925,164.4,323.4
33.849564,-116.5252,2000,165.8,323.3
33.850553,-116.526031,2075,168.2,324.0
33.852229,-116.527519,2175,169.0,324.1
33.853858,-116.528835,2250,173.1,325.1
33.854603,-116.529522,2275,174.3,324.6
33.855698,-116.530469,2375,174.0,324.1
33.856977,-116.531582,2450,173.8,323.7
33.858187,-116.532669,2525,174.6,323.9
33.859222,-116.533552,2600,176.6,323.5
33.861511,-116.535626,2675,181.0,323.8
33.861865,-116.535873,2700,183.0,323.4
33.862936,-116.536846,2725,184.4,323.4
33.864029,-116.537812,2725,188.8,323.6
33.866272,-116.539718,2775,193.7,324.7
33.868103,-116.541252,2800,197.5,325.1
33.868848,-116.541882,2825,200.3,325.0
33.871078,-116.543753,2900,204.5,324.8
33.872619,-116.545086,2975,207.3,324.6
33.874786,-116.546892,3075,209.7,325.1
33.877088,-116.548862,3175,211.5,324.4
33.879369,-116.550865,3275,214.0,323.9
33.88147,-116.55261,3375,215.9,324.6
33.883118,-116.554011,3450,218.6,325.4
33.886119,-116.556473,3550,223.0,325.6
33.887608,-116.557674,3600,224.4,325.5
33.889657,-116.559334,3700,225.2,325.7
33.891472,-116.560822,3800,227.4,325.8
33.893707,-116.562538,3900,230.9,328.1
33.895941,-116.564026,4000,232.7,331.2
33.897903,-116.565166,4100,234.5,335.3
33.899643,-116.566006,4200,234.8,336.9
33.901388,-116.566772,4300,235.9,341.0
33.903351,-116.56752,4400,237.8,341.9
33.905205,-116.568146,4500,239.0,344.2
33.906881,-116.568604,4600,239.7,347.5
33.90879,-116.569061,4675,240.3,349.2
33.9104,-116.56937,4775,241.6,351.7
33.912467,-116.569633,4875,241.9,352.9
33.914562,-116.569748,4975,244.2,357.9
33.916397,-116.569762,5050,245.0,359.8
33.918594,-116.56965,5150,246.3,2.8
33.920242,-116.569462,5250,246.7,4.2
33.922569,-116.569118,5350,248.1,7.4
33.924179,-116.568753,5450,248.9,10.2
33.926285,-116.568192,5550,250.3,12.9
33.928621,-116.567459,5650,252.8,15.1
33.931412,-116.566399,5750,255.2,17.8
33.93425,-116.565054,5850,260.0,22.6
33.936905,-116.56354,5925,263.9,26.1
33.939011,-116.562139,5975,267.7,29.0
33.941025,-116.560569,6050,271.3,32.8
33.943176,-116.558664,6100,275.8,36.8
33.94524,-116.55653,6150,279.5,40.4
33.946637,-116.554928,6200,283.6,44.6
33.948349,-116.552722,6275,286.1,48.1
33.949585,-116.550872,6325,286.9,50.4
33.950826,-116.548805,6400,289.1,54.7
33.951571,-116.547375,6475,288.5,57.0
33.95192,-116.54678,6500,288.5,57.0
33.952286,-116.545996,6525,288.8,59.2
33.952875,-116.544685,6600,287.3,61.3
33.953666,-116.54274,6700,286.7,63.3
33.954483,-116.540558,6800,285.5,67.1
33.954987,-116.539045,6900,284.7,68.6
33.955627,-116.536803,7000,285.0,70.1
33.956552,-116.533356,7175,284.0,72.6
33.957138,-116.530805,7275,283.5,73.6
33.95753,-116.529121,7350,284.8,74.9
33.95787,-116.527498,7425,285.2,75.4
33.958182,-116.526031,7475,286.0,75.6
33.958461,-116.524601,7500,287.6,75.9
33.958926,-116.522541,7575,290.1,75.6
33.960044,-116.517105,7675,294.9,75.9
33.961068,-116.512184,7800,299.3,76.5
33.962219,-116.506198,7925,302.0,76.8
33.962723,-116.503732,8000,303.7,77.1
33.963861,-116.497879,8200,305.4,76.6
33.964966,-116.492297,8400,306.6,76.4
33.966019,-116.487084,8600,306.6,76.4
33.967163,-116.481367,8800,307.3,76.6
33.967758,-116.478284,8900,308.1,76.9
33.968536,-116.474136,9025,309.0,76.9
33.969866,-116.467266,9225,313.7,77.3
33.970471,-116.464062,9325,314.7,77.3
33.971496,-116.458626,9525,313.9,77.1
33.972656,-116.45278,9725,313.2,76.9
33.973637,-116.447697,9925,311.7,76.4
33.974661,-116.442604,10125,311.9,76.3
33.975586,-116.438038,10275,312.9,76.3
33.977051,-116.430751,10475,314.6,76.6
33.978378,-116.424193,10625,318.0,76.4
33.979503,-116.4188,10725,321.4,76.1
33.980853,-116.412163,10825,327.9,75.9
33.983134,-116.401176,10950,337.9,76.1
33.984437,-116.395054,11025,342.2,76.0
33.985415,-116.390305,11100,346.3,76.0
33.986765,-116.383896,11225,350.2,76.1
33.988673,-116.374454,11425,354.1,76.3
33.990463,-116.365618,11625,357.0,76.4
33.992569,-116.355136,11825,361.9,76.6
33.996231,-116.336975,12200,367.4,76.3
33.996643,-116.335013,12250,367.4,76.3
33.997099,-116.332684,12325,367.7,76.2
33.997559,-116.330641,12375,366.7,76.1
33.997879,-116.32896,12450,366.7,76.1
33.99831,-116.326962,12525,366.7,76.1
34.000404,-116.316605,12925,362.6,76.1
34.001242,-116.312714,13075,362.6,76.1
34.002319,-116.307491,13225,362.8,76.0
34.005013,-116.294575,13625,364.0,75.8
34.008039,-116.280155,14025,366.2,75.8
34.010506,-116.268539,14350,367.2,75.8
34.011337,-116.264499,14425,368.4,75.7
34.012344,-116.259791,14525,370.4,75.8
34.015767,-116.243706,14825,376.7,75.7
34.019806,-116.224477,15225,381.5,75.9
34.020859,-116.21932,15300,384.4,76.0
34.023697,-116.205812,15500,388.5,76.0
34.025528,-116.196955,15675,390.5,76.1
34.029174,-116.179047,16075,394.4,76.2
34.032991,-116.160679,16475,396.5,76.1
34.034592,-116.152786,16650,397.8,76.0
34.0376,-116.138306,17000,398.7,76.1
34.04187,-116.117641,17400,403.8,76.1
34.045327,-116.100769,17800,404.8,76.1
34.047143,-116.091843,17975,405.8,76.2
34.051483,-116.070669,18375,409.7,76.3
34.055615,-116.050415,18775,412.8,76.3
34.05954,-116.031152,19175,414.0,76.2
34.063477,-116.011926,19575,416.0,76.2
34.067322,-115.992868,19975,417.9,76.3
34.071213,-115.973529,20375,419.6,76.5
34.074748,-115.955887,20700,420.8,76.4
34.075959,-115.949936,20775,421.8,76.4
34.077393,-115.942813,20875,421.8,76.4
34.078985,-115.935001,20925,422.8,76.5
34.081284,-115.923643,21000,423.0,76.3
34.0835,-115.912457,21000,423.0,76.3
34.092624,-115.867424,21000,421.8,76.4
34.101608,-115.822916,21000,420.1,76.2
34.104681,-115.809345,21000,420.1,73.1
34.107651,-115.799318,21000,419.7,69.1
34.111176,-115.789228,21000,419.8,65.8
34.115435,-115.779076,21000,420.1,62.0
34.12023,-115.769291,21000,419.9,58.2
34.125351,-115.76025,21000,419.7,55.3
34.130539,-115.752065,21000,419.2,51.5
34.136993,-115.743097,21000,419.1,47.7
34.144089,-115.734521,21000,419.4,44.1
34.172043,-115.703087,21000,418.8,43.5
34.20016,-115.671158,21000,418.1,43.2
34.228091,-115.639687,21000,420.3,43.1
34.25593,-115.608387,21000,421.7,42.9
34.284001,-115.576801,21000,421.7,43.1
34.300434,-115.558548,21000,421.5,41.4
34.308394,-115.550652,21000,421.1,38.0
34.31817,-115.542068,21000,419.8,35.2
34.327652,-115.534749,21000,419.5,32.0
34.337443,-115.527935,21000,419.4,29.0
34.34697,-115.522081,21000,419.0,26.5
34.356995,-115.516663,21000,418.3,23.4
34.367844,-115.511599,21000,418.6,20.1
34.403547,-115.495949,21000,417.3,20.0
34.439392,-115.48027,21000,417.9,19.9
34.475327,-115.464515,21000,419.5,20.1
34.511176,-115.448856,21000,422.0,19.8
34.54715,-115.433069,21000,422.0,19.8
34.583332,-115.417385,21000,422.6,19.6
34.619689,-115.401764,21000,423.9,19.7
34.656605,-115.385571,21000,424.5,20.0
34.693009,-115.369606,21000,423.6,20.0
34.729477,-115.353475,21000,423.9,20.1
34.747971,-115.345571,20975,422.5,18.4
34.752456,-115.343971,20950,421.3,16.0
34.760463,-115.341625,20875,418.8,12.4
34.769302,-115.339854,20775,416.8,8.7
34.777039,-115.338957,20700,413.1,4.2
34.78537,-115.338677,20600,411.0,0.7
34.793884,-115.339013,20525,408.8,356.5
34.802546,-115.34008,20450,406.8,353.2
34.811019,-115.341797,20375,403.8,349.4
34.819016,-115.344002,20300,400.4,346.3
34.827312,-115.346947,20200,397.8,342.3
34.835129,-115.350448,20125,395.0,339.1
34.846631,-115.356388,20000,393.1,336.3
34.872281,-115.36972,19725,391.7,337.2
34.897705,-115.382622,19450,388.2,337.3
34.924187,-115.396214,19175,384.5,337.0
34.950582,-115.409775,18900,379.1,337.0
34.976558,-115.423164,18650,377.8,337.1
35.001846,-115.436152,18375,375.5,337.1
35.028231,-115.449657,18125,376.5,337.2
35.052439,-115.462017,17850,377.4,337.2
35.07888,-115.475636,17600,376.5,337.2
35.103561,-115.488281,17325,375.0,336.9
35.129379,-115.501678,17075,373.7,337.0
35.15332,-115.514065,16800,372.8,336.9
35.179014,-115.52742,16550,368.7,336.8
35.20459,-115.540803,16300,367.8,336.8
35.227335,-115.552654,16025,366.1,337.0
35.252472,-115.565586,15775,362.5,337.1
35.276459,-115.577946,15500,360.7,337.0
35.3014,-115.590898,15225,358.5,337.0
35.326218,-115.603867,14950,356.6,336.9
35.351071,-115.616786,14675,357.5,337.0
35.376116,-115.629759,14425,358.5,337.0
35.399918,-115.64209,14150,357.5,337.0
35.424531,-115.654829,13900,359.8,336.9
35.447527,-115.666809,13625,358.9,336.9
35.471558,-115.67934,13350,353.5,336.8
35.483419,-115.685509,13225,348.1,336.8
35.492311,-115.690126,13175,343.6,336.9
35.50353,-115.696028,13175,333.8,336.9
35.516378,-115.702748,13175,324.3,336.8
35.543381,-115.716877,13175,315.5,337.2
35.550156,-115.720024,13175,314.4,340.9
35.555191,-115.721741,13175,313.6,345.8
35.56037,-115.723026,13175,315.2,350.7
35.565491,-115.723743,13175,314.5,354.3
35.571121,-115.724087,13175,315.0,359.3
35.576431,-115.723858,13175,315.8,4.0
35.582748,-115.722942,13175,316.8,7.6
35.587509,-115.721798,13175,316.9,12.0
35.593002,-115.719967,13175,318.3,16.6
35.597239,-115.718176,13150,319.8,19.7
35.603245,-115.715079,13075,321.4,24.2
35.608292,-115.711842,13000,321.4,29.0
35.612732,-115.708351,12925,322.8,33.9
35.617676,-115.703831,12875,322.3,38.6
35.622162,-115.69891,12800,323.3,43.4
35.626521,-115.693398,12750,323.4,47.1
35.629532,-115.689297,12700,325.1,48.4
35.636627,-115.679626,12675,325.0,47.9
35.656631,-115.652733,12675,322.1,47.6
35.676132,-115.626469,12700,319.3,47.9
35.695541,-115.600147,12700,317.9,47.9
35.711432,-115.578802,12675,317.0,47.0
35.717717,-115.570971,12675,315.4,44.2
35.724234,-115.563725,12700,314.6,41.4
35.731449,-115.55642,12700,314.5,38.5
35.738571,-115.549965,12700,315.3,35.7
35.746486,-115.543505,12700,316.2,32.7
35.754547,-115.537605,12675,318.0,29.8
35.780143,-115.519604,12675,320.4,30.2
35.805514,-115.501605,12675,318.0,29.8
35.830932,-115.48384,12675,318.9,29.7
35.85593,-115.466309,12700,321.1,29.7
35.881348,-115.448485,12700,319.4,29.9
35.906626,-115.430661,12700,319.4,29.9
35.914912,-115.424818,12675,320.3,29.8
35.918403,-115.422422,12650,320.6,29.5
35.938385,-115.408573,12375,323.7,29.4
35.95752,-115.395241,12100,322.9,29.5
35.969238,-115.387058,11950,321.1,29.7
35.980316,-115.379276,11800,320.8,29.9
35.988045,-115.373509,11725,320.7,32.7
35.992328,-115.369769,11675,321.2,36.3
35.99588,-115.366001,11625,320.6,42.6
35.999817,-115.360966,11575,320.6,47.4
36.002663,-115.356562,11525,319.2,52.1
36.00513,-115.352004,11475,319.2,56.8
36.007225,-115.347446,11425,318.2,61.3
36.009109,-115.342426,11375,318.2,65.7
36.01067,-115.337278,11325,318.2,70.0
36.012039,-115.331497,11275,317.7,75.8
36.013138,-115.324001,11200,316.6,80.2
36.01355,-115.317936,11125,314.8,86.0
36.01355,-115.31147,11050,313.1,91.3
36.012997,-115.301338,10950,311.0,94.6
36.012177,-115.287552,10775,307.8,94.1
36.011444,-115.273361,10600,306.5,93.4
36.010803,-115.260258,10425,306.6,93.6
36.010437,-115.253186,10350,306.7,93.7
36.009979,-115.244465,10300,304.7,93.8
36.008947,-115.224434,10175,297.6,93.7
36.008621,-115.21859,10125,296.6,93.7
36.007923,-115.205675,9925,295.7,93.9
36.00769,-115.201378,9900,295.7,93.9
36.006958,-115.188503,9800,291.7,93.9
36.006363,-115.178032,9750,287.7,94.0
36.005735,-115.166756,9675,282.7,94.1
36.00531,-115.158691,9625,278.6,93.9
36.004715,-115.148392,9575,273.7,94.0
36.003827,-115.133972,9525,268.8,94.5
36.003525,-115.129395,9475,266.8,94.5
36.002663,-115.11533,9325,264.8,94.3
36.002244,-115.107792,9250,264.5,93.5
36.001968,-115.102215,9150,264.5,93.5
36.001499,-115.09254,8975,265.5,93.7
36.001099,-115.084419,8825,265.5,93.7
36.000641,-115.076809,8700,266.7,94.1
36.000504,-115.074635,8675,266.7,94.1
35.999777,-115.062152,8550,262.7,94.2
35.999497,-115.054672,8475,261.2,92.2
35.999404,-115.051049,8450,260.1,91.3
35.999359,-115.042419,8425,256.0,90.7
35.999313,-115.040245,8425,254.0,90.4
35.999264,-115.035212,8350,253.0,90.7
35.999171,-115.023583,8175,254.0,90.2
35.999125,-115.018733,8100,253.0,90.2
35.999078,-115.010727,7900,254.0,90.4
35.999125,-115.000967,7700,255.0,89.6
35.99913,-114.993954,7550,256.0,89.8
35.999222,-114.983368,7350,253.0,89.1
35.999405,-114.973583,7150,252.0,89.1
35.999451,-114.969119,7075,253.0,89.3
35.999451,-114.963918,7025,252.0,89.6
35.999451,-114.963112,7000,252.0,89.6
35.999451,-114.961113,7000,252.0,89.8
35.999497,-114.955269,6975,249.0,89.1
35.999544,-114.954451,6950,248.1,88.4
35.99959,-114.95299,6950,247.2,87.4
35.99973,-114.950769,6900,247.7,85.8
36.000229,-114.946632,6800,247.6,80.2
36.001007,-114.942913,6725,249.6,75.8
36.002106,-114.939365,6650,250.5,68.4
36.003571,-114.935818,6575,249.6,63.8
36.005363,-114.932654,6525,248.2,56.5
36.006958,-114.930325,6500,246.8,49.3
36.008972,-114.927921,6475,243.7,41.3
36.010577,-114.926401,6475,244.1,38.5
36.01236,-114.924946,6475,241.9,33.4
36.014394,-114.923654,6475,240.2,27.0
36.015472,-114.923115,6475,238.9,24.7
36.018494,-114.921799,6450,236.2,18.5
36.022168,-114.920615,6400,232.4,13.4
36.027056,-114.919505,6375,233.0,9.1
36.031246,-114.918979,6350,231.8,4.7
36.035294,-114.91888,6300,231.0,359.8
36.038415,-114.919096,6275,230.7,355.5
36.041611,-114.919682,6225,228.9,351.0
36.045212,-114.920732,6175,226.8,346.0
36.048203,-114.922028,6125,225.8,341.4
36.05159,-114.923687,6075,224.4,336.6
36.05484,-114.92569,6050,221.9,331.5
36.056671,-114.927063,6000,220.4,328.5
36.059326,-114.929295,5950,218.2,323.8
36.06189,-114.931984,5900,216.9,319.1
36.064087,-114.934673,5825,214.3,314.4
36.066147,-114.937649,5725,212.3,309.8
36.067557,-114.940017,5625,213.4,305.9
36.068848,-114.942455,5525,213.3,303.0
36.070024,-114.945042,5425,213.8,297.9
36.071234,-114.948256,5325,214.6,293.3
36.071777,-114.949894,5275,214.5,291.9
36.072281,-114.951725,5225,214.9,290.7
36.072739,-114.953442,5175,214.8,287.3
36.073469,-114.957373,5125,210.9,282.3
36.073837,-114.960823,5050,206.9,277.8
36.074074,-114.964385,5000,202.4,273.7
36.074112,-114.968834,4925,198.0,270.3
36.074112,-114.974442,4850,193.0,270.0
36.074066,-114.977646,4800,189.0,269.4
36.074066,-114.980564,4725,186.0,269.4
36.07402,-114.984169,4625,188.0,269.1
36.073981,-114.987118,4525,189.0,269.1
36.073888,-114.99039,4425,190.1,268.5
36.073792,-114.99361,4325,190.2,267.6
36.073655,-114.996935,4250,190.3,267.0
36.073563,-114.998932,4200,189.2,267.6
36.073471,-115.005398,4100,185.0,269.1
36.073469,-115.011837,4000,183.0,270.3
36.073469,-115.013999,3975,181.0,270.6
36.073471,-115.016556,3975,178.0,270.0
36.073422,-115.020194,3975,175.0,269.0
36.073422,-115.021654,3975,171.0,269.0
36.073425,-115.023193,3950,167.0,269.3
36.073422,-115.024284,3950,166.0,269.6
36.073471,-115.028744,3850,163.1,272.1
36.073562,-115.032933,3800,159.0,271.1
36.073608,-115.0383,3700,156.0,270.4
36.073563,-115.042706,3675,151.0,269.2
36.073517,-115.045223,3650,147.1,268.4
36.073517,-115.047684,3625,143.0,269.6
36.073517,-115.049801,3600,142.0,269.6
36.073471,-115.052719,3525,141.0,269.6
36.073469,-115.055256,3425,141.0,270.4
36.073471,-115.058212,3325,141.0,270.0
36.073469,-115.06186,3225,145.0,269.6
36.073471,-115.063477,3200,145.0,270.4
36.073515,-115.065892,3150,146.0,271.2
36.073563,-115.073032,3075,146.0,270.8
36.073608,-115.079155,2975,144.0,270.4
36.073608,-115.082188,2925,147.0,269.6
36.073608,-115.087923,2825,150.0,270.8
36.073655,-115.095053,2725,149.0,270.0
36.073702,-115.102474,2650,149.0,269.2
36.0737,-115.10788,2550,147.0,270.0
36.0737,-115.114803,2475,143.0,269.6
36.073702,-115.12059,2375,145.0,270.4
36.073654,-115.127621,2275,149.0,269.6
36.073654,-115.129681,2250,150.0,269.6
36.073655,-115.133563,2225,146.0,269.6
36.073655,-115.138823,2175,118.0,269.5
36.073655,-115.14005,2200,96.0,269.4
36.073655,-115.140064,-50.0,97.0,270.0
36.073655,-115.140882,-50.0,89.0,270.0
36.073654,-115.141125,-50.0,81.0,270.0
36.073654,-115.14154,-50.0,73.0,270.0
36.073654,-115.141897,-50.0,66.5,270.0
36.073654,-115.142283,-50.0,59.5,270.0
36.073654,-115.142584,-50.0,54.5,270.0
36.073643,-115.142884,-50.0,47.5,270.0
36.073643,-115.143142,-50.0,42.5,270.0
36.073643,-115.143385,-50.0,36.5,272.8
36.073655,-115.143585,-50.0,32.5,275.6
36.073667,-115.143731,-50.0,29.5,278.4
36.0737,-115.143886,-50.0,26.5,281.2
36.073725,-115.144009,-50.0,24.5,289.7
36.07378,-115.144143,-50.0,23.5,298.1
36.07386,-115.144272,-50.0,21.5,306.6
36.074055,-115.144572,-50.0,20.5,306.6
36.074158,-115.144744,-50.0,19.5,303.8
36.074237,-115.144929,-50.0,19.5,300.9
36.074432,-115.14533,-50.0,18.5,300.9
36.074528,-115.145557,-50.0,16.5,295.3
36.074661,-115.14596,-50.0,12.2,295.3
36.074737,-115.146083,-50.0,9.8,306.6
36.074784,-115.146142,-50.0,6.2,315.0
36.074819,-115.146156,-50.0,1.6,320.6
36.074856,-115.146203,-50.0,2.8,320.6
36.074947,-115.146273,-50.0,6.8,323.4
36.07504,-115.146361,-50.0,9.8,329.1
36.07518,-115.146434,-50.0,13.2,334.7
36.075291,-115.146475,-50.0,14.8,343.1
36.075436,-115.146522,-50.0,17.5,348.8
36.075599,-115.146551,-50.0,17.5,354.4
36.075783,-115.146561,-50.0,18.5,357.2
36.076192,-115.146566,-50.0,17.5,0.0
36.076634,-115.146551,-50.0,14.2,0.0
36.077065,-115.146566,-50.0,13.2,0.0
36.077228,-115.146566,-50.0,11.8,357.2
36.077351,-115.146589,-50.0,10.8,348.8
36.077449,-115.146639,-50.0,9.8,340.3
36.077511,-115.146675,-50.0,9.2,331.9
36.077579,-115.146732,-50.0,9.8,326.2
36.077671,-115.146818,-50.0,10.2,323.4
36.077934,-115.147033,-50.0,10.8,329.1
36.078182,-115.147179,-50.0,11.2,337.5
36.0783,-115.147219,-50.0,11.2,345.9
36.078381,-115.147233,-50.0,11.2,351.6
36.078472,-115.147233,-50.0,10.8,0.0
36.078552,-115.147219,-50.0,11.2,5.6
36.078741,-115.147179,-50.0,11.8,11.2
36.078846,-115.14715,-50.0,10.8,14.1
36.078939,-115.147106,-50.0,9.8,22.5
36.07909,-115.147004,-50.0,6.2,25.3
36.079239,-115.146918,-50.0,5.8,28.1
36.079548,-115.146718,-50.0,1.1,28.1
36.079579,-115.146697,-50.0,0.1,28.1
36.079582,-115.146704,-50.0,0.0,28.1
36.079579,-115.146712,-50.0,0.0,28.1
36.079579,-115.146712,-50.0,0.0,28.1
36.079579,-115.146712,-50.0,0.0,28.1
36.079582,-115.146704,-50.0,0.0,28.1
36.079582,-115.146704,-50.0,0.0,28.1
36.079582,-115.146704,-50.0,0.0,28.1
36.079582,-115.146704,-50.0,0.0,28.1
36.079582,-115.146704,-50.0,0.0,28.1
36.079582,-115.146706,-50.0,0.0,28.1
36.079582,-115.146704,-50.0,0.0,28.1
36.079582,-115.146704,-50.0,0.0,28.1
36.079582,-115.146704,-50.0,0.0,28.1
36.079582,-115.146704,-50.0,0.0,28.1
36.079579,-115.146712,-50.0,0.0,28.1
36.079579,-115.146697,-50.0,0.0,28.1
36.079579,-115.146712,-50.0,0.0,28.1
36.079579,-115.146697,-50.0,0.0,28.1
36.079571,-115.146704,-50.0,0.0,28.1
36.079579,-115.146697,-50.0,0.0,28.1
36.079579,-115.146697,-50.0,0.0,28.1
36.079582,-115.146704,-50.0,0.0,28.1
36.079582,-115.146704,-50.0,0.0,28.1
36.079582,-115.146704,-50.0,0.0,28.1
36.079579,-115.146697,-50.0,0.0,28.1
36.079579,-115.146697,-50.0,0.0,28.1
36.079579,-115.146697,-50.0,0.0,28.1
36.079579,-115.146697,-50.0,0.0,28.1
36.079582,-115.146704,-50.0,0.0,28.1
36.079579,-115.146697,-50.0,0.0,28.1
36.079579,-115.146697,-50.0,0.0,28.1
36.079579,-115.146697,-50.0,0.0,28.1
36.079571,-115.146704,-50.0,0.0,28.1
36.079582,-115.146704,-50.0,0.0,28.1
36.079571,-115.146704,-50.0,0.0,28.1
36.079571,-115.146704,-50.0,0.0,28.1
36.079579,-115.146697,-50.0,0.0,28.1
36.079571,-115.146704,-50.0,0.0,28.1
36.079555,-115.146712,-50.0,0.0,25.3
36.079479,-115.146761,-50.0,3.2,28.1
36.079411,-115.14679,-50.0,3.8,30.9
36.079369,-115.146829,-50.0,3.8,36.6
36.079334,-115.146843,-50.0,3.8,42.2
36.079308,-115.146875,-50.0,3.8,50.6
36.079273,-115.146904,-50.0,3.8,56.2
36.079253,-115.146945,-50.0,4.2,64.7
36.07923,-115.146975,-50.0,4.2,73.1
36.079218,-115.147004,-50.0,4.2,81.6
36.079206,-115.147062,-50.0,4.2,90.0
36.079193,-115.14709,-50.0,4.2,95.6
36.079193,-115.147133,-50.0,4.2,104.1
36.079193,-115.14719,-50.0,4.2,109.7
36.079205,-115.147219,-50.0,4.2,115.3
36.079227,-115.147305,-50.0,2.8,135.0
36.079241,-115.147325,-50.0,2.2,140.6
36.079241,-115.14734,-50.0,0.1,143.4
36.079239,-115.147347,-50.0,0.0,143.4
36.079241,-115.14734,-50.0,0.0,143.4
36.079239,-115.147347,-50.0,0.0,143.4
36.079216,-115.147319,-50.0,0.0,149.1
36.079159,-115.147305,-50.0,4.2,157.5
36.078976,-115.147219,-50.0,8.2,160.3
36.078873,-115.147147,-50.0,10.2,154.7
36.078799,-115.147091,-50.0,10.8,149.1
36.078747,-115.147033,-50.0,12.2,140.6
36.078706,-115.146975,-50.0,12.8,135.0
36.078601,-115.146814,-50.0,14.2,123.8
36.078552,-115.146689,-50.0,15.5,118.1
36.078518,-115.146546,-50.0,16.5,109.7
36.078484,-115.146418,-50.0,17.5,106.9
36.078461,-115.146303,-50.0,18.5,101.2
36.078438,-115.146017,-50.0,19.5,98.4
36.078403,-115.145528,-50.0,22.5,95.6
36.078368,-115.145075,-50.0,24.5,95.6
36.078335,-115.144529,-50.0,25.5,95.6
36.078299,-115.144023,-50.0,26.5,95.6
36.078287,-115.1436,-50.0,28.5,92.8
36.078266,-115.143113,-50.0,28.5,92.8
36.078264,-115.142621,-50.0,29.5,92.8
36.078264,-115.14208,-50.0,30.5,90.0
36.078264,-115.141511,-50.0,31.5,92.8
36.078266,-115.141225,-50.0,31.5,92.8
36.078264,-115.140605,-50.0,33.5,90.0
36.078266,-115.139651,-50.0,34.5,92.8
36.078266,-115.138721,-50.0,34.5,90.0
36.078264,-115.138165,-50.0,35.5,90.0
36.078266,-115.137634,-50.0,35.5,90.0
36.078266,-115.137148,-50.0,36.5,90.0
36.078264,-115.136646,-50.0,35.5,90.0
36.078266,-115.136161,-50.0,33.5,90.0
36.078266,-115.135617,-50.0,31.5,90.0
36.078264,-115.135112,-50.0,29.5,90.0
36.078266,-115.134773,-50.0,28.5,90.0
36.078266,-115.13433,-50.0,28.5,90.0
36.078264,-115.133841,-50.0,28.5,90.0
36.078264,-115.1333,-50.0,27.5,90.0
36.078266,-115.132771,-50.0,26.5,90.0
36.078264,-115.132321,-50.0,25.5,90.0
36.078266,-115.131798,-50.0,25.5,90.0
36.078266,-115.131283,-50.0,25.5,90.0
36.078275,-115.130773,-50.0,25.5,90.0
36.078275,-115.130261,-50.0,25.5,90.0
36.078278,-115.129738,-50.0,25.5,90.0
36.078278,-115.129266,-50.0,24.5,92.8
36.078275,-115.128727,-50.0,24.5,92.8
36.078278,-115.128264,-50.0,25.5,90.0
36.078275,-115.127778,-50.0,25.5,92.8
36.078278,-115.127277,-50.0,25.5,92.8
36.078278,-115.126834,-50.0,24.5,90.0
36.078278,-115.12629,-50.0,22.5,90.0
36.078278,-115.12579,-50.0,22.5,90.0
36.078275,-115.125323,-50.0,21.5,92.8
36.078275,-115.124856,-50.0,21.5,90.0
36.078275,-115.124301,-50.0,21.5,90.0
36.078278,-115.123758,-50.0,20.5,90.0
36.078275,-115.123278,-50.0,18.5,92.8
36.078266,-115.122986,-50.0,16.5,95.6
36.078243,-115.122857,-50.0,15.5,101.2
36.078205,-115.122694,-50.0,15.5,109.7
36.078159,-115.122577,-50.0,14.8,118.1
36.078089,-115.122431,-50.0,14.2,123.8
36.077961,-115.122241,-50.0,12.2,129.4
36.077705,-115.121832,-50.0,11.8,129.4
36.077519,-115.121554,-50.0,9.8,132.2
36.077419,-115.121441,-50.0,9.2,137.8
36.077328,-115.121369,-50.0,9.2,146.2
36.077259,-115.121326,-50.0,9.2,154.7
36.077168,-115.121284,-50.0,9.2,160.3
36.077077,-115.121262,-50.0,9.2,165.9
36.076995,-115.121247,-50.0,8.8,171.6
36.076813,-115.121255,-50.0,8.8,191.2
36.076727,-115.121306,-50.0,9.2,199.7
36.076664,-115.121355,-50.0,12.2,210.9
36.076595,-115.121427,-50.0,13.8,222.2
36.076538,-115.121498,-50.0,14.8,230.6
36.076469,-115.121727,-50.0,18.5,253.1
36.076448,-115.121846,-50.0,20.5,261.6
36.076424,-115.122099,-50.0,22.5,267.2
36.076425,-115.122445,-50.0,25.5,270.0
36.076424,-115.1226,-50.0,28.5,270.0
36.076424,-115.122714,-50.0,33.5,270.0
36.076413,-115.123293,-50.0,42.5,270.0
36.076413,-115.12341,-50.0,47.5,270.0
36.076412,-115.123873,-50.0,51.5,270.0
36.076412,-115.124245,-50.0,56.5,270.0
36.076413,-115.124768,-50.0,65.5,270.0
36.076413,-115.125221,-50.0,69.5,270.0
36.076412,-115.125461,-50.0,75.0,270.0
36.076412,-115.125904,-50.0,79.0,270.0
36.076413,-115.126288,-50.0,79.0,270.0
36.076401,-115.128365,2300,87.0,270.0
36.076402,-115.129765,2300,103.0,270.0
36.076402,-115.1307,2300,107.0,270.0
36.076402,-115.131401,2300,114.0,270.0
36.076401,-115.132828,2300,122.0,269.5
36.076402,-115.134673,2300,133.0,270.0
36.076402,-115.135842,2300,136.0,270.0
36.076402,-115.138589,2300,146.0,270.0
36.076401,-115.142155,2300,155.0,269.6
36.076402,-115.145368,2350,168.0,270.3
36.076401,-115.146847,2375,170.0,270.7
36.076448,-115.148815,2425,172.0,270.7
36.076448,-115.150919,2500,174.0,270.7
36.076448,-115.152848,2550,175.0,270.3
36.076495,-115.154893,2650,175.0,271.0
36.076541,-115.15688,2750,175.0,271.3
36.076588,-115.15875,2825,174.1,272.3
36.076675,-115.160694,2925,174.3,273.3
36.076774,-115.162315,3025,174.5,274.3
36.076904,-115.164471,3125,175.5,274.2
36.077087,-115.166874,3225,175.9,275.9
36.077239,-115.16886,3325,176.0,276.2
36.077472,-115.171022,3425,176.0,276.2
36.077682,-115.173512,3525,176.1,276.5
36.077911,-115.1758,3625,177.1,276.5
36.078077,-115.177684,3700,178.1,276.5
36.078232,-115.179863,3750,179.9,275.7
36.078461,-115.183411,3850,183.3,273.1
36.078506,-115.188274,3950,187.0,270.0
36.078369,-115.192509,4050,191.2,267.6
36.078186,-115.195541,4100,195.7,265.3
36.077911,-115.198975,4150,200.3,263.4
36.077519,-115.202578,4200,205.1,261.9
36.076859,-115.2071,4275,209.3,259.8
36.076262,-115.210876,4350,212.4,258.3
36.07576,-115.213909,4400,215.5,258.2
36.075256,-115.21677,4450,220.1,257.7
36.074753,-115.219517,4525,222.2,257.5
36.074307,-115.222155,4575,224.4,257.4
36.073929,-115.224094,4650,225.9,258.0
36.073517,-115.226841,4750,227.3,258.8
36.073003,-115.230336,4850,229.5,260.0
36.07251,-115.233593,4950,231.5,260.0
36.072006,-115.237083,5050,235.0,259.5
36.07132,-115.240974,5150,238.0,257.1
36.070257,-115.245296,5250,238.5,252.2
36.069186,-115.24851,5350,240.3,245.7
36.067882,-115.251491,5450,239.9,241.1
36.0663,-115.254296,5550,241.2,233.9
36.064499,-115.256939,5650,242.6,229.7
36.06211,-115.259847,5750,244.0,223.5
36.059692,-115.26226,5850,245.4,217.4
36.057358,-115.264149,5950,246.8,213.4
36.055161,-115.265636,6050,247.8,207.4
36.052505,-115.267181,6150,249.4,203.9
36.04953,-115.268497,6250,250.8,199.8
36.046422,-115.269782,6350,253.7,197.4
36.044037,-115.270672,6450,255.3,197.1
36.041336,-115.271759,6550,255.9,197.5
36.03781,-115.273171,6650,259.0,198.2
36.03392,-115.274792,6750,261.5,199.2
36.030175,-115.276502,6850,264.2,200.1
36.027242,-115.277846,6950,265.8,200.5
36.021515,-115.280514,7150,267.4,200.8
36.017395,-115.282402,7300,269.6,200.2
36.012405,-115.284405,7500,272.7,196.8
36.008606,-115.285492,7650,273.7,192.7
36.006042,-115.286007,7725,275.4,189.0
36.002058,-115.286378,7800,277.5,183.5
35.998215,-115.286236,7900,279.1,178.1
35.993958,-115.285664,7975,281.2,172.9
35.990799,-115.284863,8025,282.7,167.5
35.987207,-115.283573,8100,285.3,162.4
35.983483,-115.281762,8150,287.3,157.3
35.980271,-115.279775,8200,289.9,151.6
35.9792,-115.279015,8225,290.9,149.6
35.976288,-115.27668,8300,291.2,145.5
35.974045,-115.274506,8375,292.7,141.8
35.973428,-115.273873,8400,292.6,140.3
35.972443,-115.272789,8450,292.7,138.7
35.969147,-115.268898,8650,292.8,136.4
35.965668,-115.264549,8850,292.8,133.9
35.962189,-115.260201,9050,292.7,134.7
35.958847,-115.256195,9225,290.7,136.5
35.955831,-115.252776,9425,290.2,137.5
35.952667,-115.249329,9625,288.9,138.1
35.949005,-115.245323,9825,288.4,138.8
35.945343,-115.241375,10025,288.5,139.1
35.941132,-115.236912,10225,289.4,139.5
35.937149,-115.232792,10425,290.1,139.6
35.935226,-115.230732,10500,292.2,139.4
35.933304,-115.228672,10575,293.4,138.9
35.931624,-115.22683,10625,296.7,138.1
35.929483,-115.224434,10675,299.3,137.3
35.924423,-115.21843,10750,309.0,134.9
35.919754,-115.21225,10825,316.4,132.6
35.914353,-115.20439,10950,324.1,129.2
35.908674,-115.19539,11050,333.6,126.8
35.904298,-115.187735,11125,341.7,124.4
35.899384,-115.178261,11200,349.9,121.9
35.898106,-115.175638,11250,352.1,120.9
35.897278,-115.173969,11275,353.3,120.6
35.896105,-115.171431,11325,354.0,120.2
35.895127,-115.169444,11375,354.9,120.1
35.89389,-115.166759,11450,354.9,120.1
35.892706,-115.164243,11525,354.0,120.2
35.89117,-115.16097,11650,353.1,120.3
35.890045,-115.158577,11750,351.8,120.2
35.888098,-115.154542,11925,349.2,120.5
35.884141,-115.146303,12325,345.2,120.7
35.880277,-115.138297,12700,341.1,120.5
35.876646,-115.130232,13100,337.2,117.6
35.873946,-115.122986,13425,335.5,113.4
35.871665,-115.115506,13750,334.3,109.0
35.869849,-115.107383,14100,331.8,104.7
35.868759,-115.100956,14375,329.7,100.7
35.867981,-115.093632,14650,328.2,96.7
35.867615,-115.088157,14850,328.8,94.0
35.867477,-115.080242,15100,329.0,90.2
35.867844,-115.070858,15350,330.7,86.4
35.868805,-115.055237,15750,332.9,85.7
35.869244,-115.047952,15925,334.9,85.9
35.86943,-115.044387,16000,334.9,85.9
35.869616,-115.041582,16025,336.8,86.1
35.869812,-115.03767,16075,338.8,86.1
35.869995,-115.03458,16100,340.8,86.1
35.870682,-115.021648,16175,350.7,86.4
35.871479,-115.006402,16275,359.7,86.3
35.872177,-114.992611,16375,368.7,86.4
35.872971,-114.976902,16475,377.8,86.4
35.873749,-114.961739,16550,386.8,86.3
35.874551,-114.947438,16625,393.9,86.1
