lat,lon,alt,gs,track,vs
25.443265,74.736829,10000,228.1,211.7,0
25.426712,74.725545,10000,227.3,211.9,0
25.411284,74.715064,10000,228.1,211.7,0
25.39406,74.703352,10000,227.3,211.9,64
25.387024,74.698537,10000,228.1,211.7,-64
25.301421,74.640388,10000,229.0,211.6,0
25.284119,74.628652,10000,229.0,211.6,0
25.266599,74.616757,10000,229.5,211.8,0
25.24877,74.60463,10000,229.5,211.8,0
25.230789,74.592438,10000,230.3,211.7,0
25.212366,74.579963,10000,231.2,211.6,0
25.194443,74.567769,10000,230.3,211.7,0
25.176614,74.55571,10000,229.8,211.5,0
25.158505,74.54348,9975,232.6,211.6,-192
25.149673,74.537404,9975,231.6,213.6,192
25.145657,74.534204,10000,230.8,216.7,192
25.141281,74.530317,10000,232.0,220.3,128
25.137543,74.526571,10000,232.0,223.2,64
25.133606,74.522196,10025,233.5,226.7,64
25.121729,74.507515,10025,234.4,227.9,0
25.107112,74.489792,10000,235.8,227.9,-64
25.092913,74.472484,10000,233.0,228.3,64
25.084534,74.462179,10000,228.0,228.2,-64
25.078583,74.454956,9975,223.7,227.9,-64
25.073128,74.448334,10000,219.5,227.9,64
25.070428,74.445018,10000,215.9,227.8,64
25.068512,74.442647,10000,211.8,228.2,64
25.066285,74.439887,10000,207.6,228.7,64
25.064563,74.437763,10000,203.3,228.4,64
25.062468,74.435171,10000,199.7,227.8,64
25.060327,74.43258,10000,195.4,227.9,0
25.057068,74.42866,10000,191.2,228.0,-64
25.054688,74.425761,10000,187.6,227.8,0
25.051714,74.422164,10000,182.7,228.1,0
25.042328,74.410756,10025,174.9,228.0,-64
25.031387,74.397583,10000,174.1,227.3,0
25.023085,74.387547,10000,175.6,227.8,-64
25.01239,74.374491,10000,175.6,227.8,-64
25.001678,74.361521,10000,176.2,227.5,0
24.995087,74.353485,10000,176.3,228.0,0
24.985657,74.342047,10000,175.6,227.8,0
24.97522,74.329376,10000,175.6,228.2,0
24.964279,74.316101,10000,174.9,228.0,64
24.958832,74.309489,10000,175.6,227.8,-128
24.947891,74.296214,10000,175.6,227.8,-128
24.93869,74.285075,10000,173.5,228.0,64
24.927792,74.271828,10000,174.2,227.8,-64
24.916946,74.258665,10000,173.5,228.0,0
24.906192,74.245709,10000,174.2,227.8,-64
24.89566,74.232992,10000,172.7,227.8,0
24.887192,74.222412,10000,172.2,229.0,0
24.877376,74.210004,10000,172.2,229.0,-64
24.867461,74.197463,10000,173.0,229.2,64
24.856893,74.184144,10000,172.2,229.0,0
24.846313,74.170837,10000,171.5,228.8,0
24.836084,74.157974,10000,171.6,229.2,0
24.825851,74.145253,9950,174.3,228.7,-448
24.824214,74.143205,9900,177.1,228.7,-896
24.822258,74.140769,9825,181.4,228.6,-1216
24.818665,74.136251,9675,185.7,228.9,-1408
24.814298,74.130767,9500,189.3,229.1,-1472
24.81015,74.12557,9325,193.4,228.6,-1472
24.805756,74.120127,9150,197.7,228.9,-1536
24.801315,74.114532,8975,202.0,228.8,-1536
24.7966,74.108632,8775,206.2,228.7,-1536
24.791931,74.102783,8600,210.5,229.0,-1536
24.788864,74.098969,8475,214.7,228.6,-1600
24.784644,74.093662,8325,219.7,228.7,-1408
24.779572,74.087575,8175,221.4,226.6,-1152
24.777149,74.085008,8125,220.1,222.6,-1152
24.774353,74.082591,8050,218.0,216.6,-1152
24.772401,74.081173,8000,217.2,213.5,-1152
24.770632,74.080085,7950,214.2,206.9,-1280
24.768165,74.078893,7900,212.8,201.5,-1216
24.765335,74.077911,7850,210.6,195.4,-1152
24.761398,74.076945,7775,209.3,191.6,-1088
24.756294,74.075836,7675,204.7,191.0,-1088
24.750366,74.074656,7525,200.6,189.2,-1408
24.742608,74.073348,7325,197.3,188.8,-1536
24.735951,74.072208,7150,195.0,188.2,-1536
24.731761,74.07169,7025,193.7,184.7,-1536
24.728622,74.071503,6925,192.0,180.9,-1536
24.724685,74.07169,6825,191.3,176.7,-1536
24.721573,74.072011,6725,190.4,173.1,-1536
24.718506,74.072469,6625,190.3,173.4,-1536
24.714118,74.072934,6525,190.0,174.3,-1536
24.71109,74.073385,6425,188.4,173.0,-1472
24.707291,74.074046,6325,187.7,170.2,-1408
24.703812,74.074707,6225,186.1,169.5,-1344
24.700058,74.07547,6125,184.2,169.4,-1344
24.696167,74.076335,6025,183.4,169.0,-1344
24.692191,74.077183,5925,181.2,169.2,-1344
24.688793,74.077908,5825,180.4,168.8,-1408
24.684557,74.078789,5725,179.3,169.1,-1216
24.681019,74.079567,5625,178.3,169.0,-1216
24.677032,74.080404,5525,178.1,169.3,-1280
24.673187,74.081217,5425,181.2,169.2,-1280
24.669342,74.082031,5325,184.2,169.4,-1344
24.664764,74.082845,5225,182.7,172.1,-1280
24.662258,74.083091,5150,181.4,176.2,-1280
24.660443,74.083091,5100,183.1,181.9,-1344
24.657696,74.082832,5025,186.0,188.4,-1344
24.654648,74.082031,4950,188.2,193.5,-1344
24.65213,74.081014,4900,191.1,200.5,-1152
24.650015,74.079826,4875,193.4,209.1,-1024
24.648102,74.07842,4825,193.1,215.1,-960
24.646408,74.076945,4775,191.3,221.2,-1088
24.644943,74.075267,4725,189.0,227.8,-1216
24.643498,74.073348,4675,188.1,235.0,-1280
24.642242,74.070892,4625,186.0,243.9,-1216
24.641496,74.068943,4575,184.1,250.0,-1088
24.640915,74.06662,4550,182.6,253.4,-1024
24.640379,74.063813,4525,178.3,259.0,-640
24.639215,74.056195,4450,180.2,261.1,-640
24.63858,74.051666,4350,178.8,262.0,-1024
24.637894,74.046529,4250,180.7,262.0,-1024
24.637115,74.040782,4150,181.3,260.8,-1088
24.636337,74.035594,4050,177.4,260.6,-960
24.635422,74.029643,3950,173.4,260.4,-960
24.634598,74.024506,3850,169.2,260.8,-960
24.633957,74.020131,3800,164.9,261.3,-832
24.633728,74.018453,3775,162.8,261.5,-512
24.633349,74.015411,3725,158.5,262.0,-640
24.632721,74.010824,3625,154.4,262.2,-1024
24.632465,74.008518,3600,150.2,262.7,-960
24.632046,74.005254,3525,149.2,262.7,-896
24.631989,74.004517,3525,144.3,262.4,-832
24.631531,74.001058,3450,138.2,262.5,-768
24.631256,73.998667,3400,135.2,262.4,-704
24.631073,73.997294,3400,133.1,262.7,-640
24.63089,73.995972,3375,128.3,261.9,-448
24.630649,73.994112,3350,123.3,261.6,-576
24.63037,73.991883,3300,119.2,261.8,-960
24.630112,73.990122,3250,115.0,262.5,-832
24.629905,73.988463,3225,110.9,262.8,-704
24.629299,73.983281,3150,106.1,261.9,-512
24.628738,73.978933,3050,103.9,262.3,-576
24.627914,73.972829,2950,107.1,262.0,-576
24.62753,73.969807,2900,107.9,262.5,-640
24.626925,73.96478,2800,107.9,262.5,-640
24.626724,73.963216,2775,106.1,261.9,-640
24.625808,73.9568,2675,110.2,261.6,-512
24.62497,73.950529,2575,111.2,261.7,-512
24.624923,73.950115,2575,111.2,261.7,-512
24.620407,73.914439,2725,135.5,78.9,1856
24.62078,73.91643,2825,135.5,78.9,1920
24.621246,73.919125,2925,136.3,79.4,1664
24.621689,73.921509,2975,139.4,79.2,1216
24.622101,73.92395,3025,143.6,79.2,768
24.622456,73.925966,3025,148.5,79.5,448
24.622879,73.928375,3050,152.6,79.4,384
24.623387,73.931303,3100,156.7,79.3,640
24.623899,73.934464,3125,161.6,79.7,576
24.624644,73.938973,3175,166.5,80.0,640
24.625296,73.942082,3200,171.3,77.2,448
24.62764,73.949839,3225,174.9,75.1,256
24.628089,73.950737,3250,186.1,61.8,128
24.629288,73.952789,3250,188.7,54.7,192
24.630844,73.954722,3250,191.1,47.5,256
24.632538,73.956401,3275,192.1,41.0,384
24.634374,73.957836,3325,193.0,34.0,704
24.636108,73.958995,3375,192.9,28.8,1024
24.638656,73.96022,3425,191.6,21.8,1216
24.641739,73.961182,3500,190.7,17.4,1216
24.643845,73.961639,3550,188.9,10.1,1280
24.647874,73.962241,3625,189.3,6.7,1088
24.653553,73.962863,3725,191.8,5.4,896
24.658081,73.963369,3825,192.0,6.0,1152
24.661839,73.963951,3900,194.0,10.1,1024
24.664581,73.964691,3925,195.9,16.3,896
24.667379,73.965869,4000,197.2,22.7,1088
24.670853,73.967743,4100,196.8,26.6,1408
24.674606,73.969727,4200,196.4,25.6,1280
24.678131,73.971608,4300,195.9,26.7,1280
24.682526,73.97405,4400,195.4,27.1,1216
24.685674,73.975819,4475,195.0,26.8,1216
24.688705,73.977509,4575,192.3,26.6,1536
24.691223,73.978882,4675,191.0,26.4,1792
24.694016,73.980408,4775,189.6,26.3,1664
24.698383,73.982763,4875,190.1,25.9,1216
24.702026,73.98468,4975,189.6,25.6,1152
24.704636,73.986053,5025,189.2,25.4,1280
24.708205,73.987893,5175,187.0,25.3,1536
24.710347,73.989033,5250,182.5,25.3,1984
24.712418,73.990072,5350,180.3,25.3,2048
24.715439,73.991648,5450,178.9,25.1,1728
24.718918,73.993429,5550,178.5,24.8,1344
24.72171,73.994853,5650,177.6,25.0,1344
24.724731,73.996379,5750,175.5,24.2,1472
24.727661,73.997803,5850,174.1,24.1,1472
24.731232,73.999532,5950,174.6,23.6,1280
24.735578,74.001574,6050,175.2,23.2,1024
24.74042,74.003803,6150,177.5,22.5,960
24.745168,74.005927,6250,179.0,22.0,960
24.751592,74.008778,6350,182.2,21.9,832
24.756154,74.01085,6450,183.8,22.4,1024
24.7603,74.012705,6550,183.8,22.4,1088
24.764208,74.014426,6650,183.5,22.1,1216
24.768584,74.016395,6750,181.8,21.6,1280
24.771796,74.017795,6850,181.4,21.3,1216
24.776684,74.019816,6925,183.9,20.7,832
24.780716,74.021505,6950,187.6,20.3,384
24.788275,74.02448,7050,191.4,19.9,704
24.795914,74.027507,7200,192.0,19.5,896
24.803741,74.03066,7325,193.1,21.2,896
24.808685,74.033,7425,193.8,24.0,896
24.81332,74.035311,7475,195.6,24.5,576
24.817657,74.037476,7475,200.5,24.8,128
24.824772,74.041115,7550,205.3,25.1,576
24.830704,74.044444,7650,205.8,27.8,832
24.83963,74.049937,7775,205.5,29.4,896
24.847117,74.054537,7925,206.4,29.3,896
24.85531,74.059563,8050,205.9,29.0,832
24.863525,74.064585,8200,207.3,29.2,832
24.871994,74.069773,8325,208.6,29.3,832
24.880417,74.074961,8450,208.6,29.3,768
24.889387,74.080448,8600,210.4,29.0,768
24.898315,74.085795,8750,210.3,28.4,960
24.905594,74.090068,8900,208.9,27.7,1024
24.914108,74.095103,9050,206.4,29.3,960
24.922256,74.100342,9175,206.7,30.5,704
24.930862,74.105886,9300,207.5,30.4,768
24.939514,74.111532,9450,207.2,30.8,896
24.9478,74.116974,9575,206.5,31.5,768
24.95577,74.122631,9700,206.6,33.2,704
24.96415,74.128643,9825,207.5,33.0,768
24.972203,74.134447,9950,208.0,33.2,704
24.980438,74.140371,10075,209.1,33.7,704
24.987991,74.145711,10200,210.1,31.6,832
24.997109,74.151807,10325,211.0,31.4,704
25.006,74.157767,10475,210.1,31.6,832
25.014633,74.163615,10600,210.1,31.6,832
25.023178,74.169479,10725,209.8,32.0,704
25.030906,74.174557,10850,211.0,29.9,768
25.040169,74.180309,11000,210.9,29.2,960
25.04837,74.185333,11150,209.0,28.9,896
25.056789,74.190467,11275,208.6,29.3,832
25.065399,74.19576,11400,208.1,29.0,768
25.074153,74.201142,11525,208.6,29.3,704
25.082794,74.20639,11650,209.5,29.1,704
25.091796,74.211921,11775,210.4,29.0,640
25.102661,74.218547,11875,212.2,29.3,640
25.111906,74.224255,12000,212.2,29.3,704
25.128616,74.234619,12225,214.0,29.1,640
25.145004,74.244639,12425,216.2,29.0,640
25.161066,74.254415,12650,214.8,29.0,640
25.177689,74.264425,12850,216.6,28.7,704
25.195129,74.275106,13000,221.7,29.5,256
25.209641,74.284108,13000,231.1,29.6,0
25.228613,74.295925,13000,240.9,29.3,-64
25.248351,74.30831,13000,249.6,30.1,64
25.268741,74.321525,13000,254.2,30.5,-64
25.288651,74.334666,13000,255.7,31.1,64
25.308289,74.347585,13000,250.6,30.5,64
25.321335,74.355927,13000,249.9,29.7,-64
25.341934,74.368795,13000,248.1,29.5,0
25.358597,74.379222,13000,248.1,29.5,-64
25.377914,74.391225,13000,247.2,29.6,-64
25.397141,74.40333,13000,246.7,29.4,64
25.414215,74.414012,13000,246.7,29.4,64
25.434448,74.426727,13000,246.3,29.7,0
25.441217,74.430922,13000,247.2,29.6,0
25.457324,74.441027,13000,247.2,29.6,64
25.476379,74.453074,13000,248.2,30.0,-64
25.481392,74.456263,13000,248.2,30.0,0
27.29686,75.81862,12250,182.2,6.6,832
27.312803,75.820717,12475,183.2,6.6,768
27.327301,75.822662,12700,184.3,6.9,768
27.343621,75.824837,12900,186.3,6.8,640
27.357586,75.826739,13000,192.3,6.6,192
27.369278,75.828259,13000,201.4,6.8,0
27.378799,75.829554,13000,206.4,6.7,-64
27.400461,75.832443,13000,221.5,6.7,0
27.414659,75.834345,13000,230.6,6.7,0
27.421549,75.835295,13000,233.6,6.6,0
27.440231,75.837742,13000,234.6,6.6,0
27.456231,75.839891,13000,234.6,6.6,0
27.501107,75.845965,13000,253.9,7.0,64
27.510464,75.847233,13000,252.8,6.8,128
27.531281,75.850024,13000,251.8,6.8,0
27.550964,75.85262,13000,252.7,6.6,64
27.573257,75.855621,13000,254.8,6.8,-128
27.596539,75.858747,13000,254.8,6.8,0
27.618896,75.861736,13000,255.9,7.0,0
27.628143,75.863498,13000,256.6,13.1,-128
27.632492,75.865052,12975,257.6,16.5,-256
27.635457,75.866459,12975,257.6,21.9,-192
27.641739,75.870442,12975,257.6,21.9,-192
27.644255,75.87248,13000,255.5,35.1,128
27.648697,75.876764,13000,254.0,42.9,128
27.657074,75.886144,13000,253.9,44.8,64
27.672272,75.903142,13000,256.0,45.0,0
27.68898,75.92185,13000,256.0,45.0,0
27.705597,75.940454,13000,256.0,45.0,64
27.721858,75.95868,13000,256.7,44.8,-64
27.737961,75.976729,13000,257.4,45.0,0
27.754669,75.995437,13000,257.4,45.0,0
27.771017,76.013823,13000,256.7,44.8,64
27.787357,76.032151,13000,256.7,44.8,-64
27.803787,76.05068,13000,256.7,44.8,-64
27.820267,76.069129,13000,256.0,45.0,64
27.836842,76.087823,13000,256.0,45.0,0
27.853554,76.106626,13000,257.4,45.0,0
27.870209,76.125356,13000,257.4,45.0,128
27.887146,76.144426,13000,258.8,45.0,-64
27.903717,76.163134,13000,256.7,45.2,64
27.919705,76.181101,13000,257.4,45.0,-64
27.936463,76.200063,13000,259.5,45.2,-64
27.95343,76.219183,13000,260.2,45.0,0
27.970353,76.238278,13000,260.2,45.0,0
27.987259,76.257371,13000,259.5,45.2,0
28.004104,76.276461,13000,260.2,45.0,-64
28.020816,76.29531,13000,259.5,45.2,64
28.036972,76.313623,13000,259.5,45.2,-128
28.05368,76.33248,13000,258.1,45.2,128
28.070906,76.352018,13000,259.5,45.2,-64
28.087646,76.370932,13000,260.9,45.2,0
28.104401,76.389841,13000,263.0,45.0,0
28.121567,76.409331,13000,263.8,45.2,64
28.138687,76.428874,13000,259.5,45.2,0
28.155445,76.447718,13000,253.9,44.8,64
28.171692,76.466244,13000,250.3,45.0,0
28.187485,76.484123,13000,245.4,45.2,0
28.201859,76.500338,13000,242.6,44.2,0
28.205292,76.503666,12975,242.9,39.7,-128
28.208003,76.505827,12975,243.4,36.0,-192
28.210051,76.50712,12975,243.4,28.5,-128
28.213531,76.509053,12975,242.5,24.9,192
28.234085,76.519564,13000,244.4,24.1,-64
28.254593,76.530075,13000,248.4,24.5,64
28.273921,76.540025,13000,250.6,24.5,0
28.29483,76.55078,13000,252.8,24.5,0
28.315475,76.561449,13000,252.8,24.5,-64
28.33644,76.57223,13000,252.4,24.3,0
28.356903,76.582736,13000,251.5,24.4,0
28.377592,76.593341,13000,251.5,24.4,0
28.398355,76.604058,13000,250.6,24.5,0
28.418976,76.614691,13000,249.3,24.4,0
28.439621,76.625308,13000,249.3,24.4,0
28.460403,76.63603,13000,248.4,24.5,0
28.480865,76.646541,13000,247.0,24.4,0
28.50174,76.657316,13000,246.1,24.5,128
28.522184,76.667875,13000,246.1,24.5,-64
28.543086,76.678646,13000,246.1,24.5,0
28.563476,76.689202,13000,245.2,24.6,0
28.583908,76.699782,13000,243.9,24.5,0
28.603867,76.710082,13000,243.0,24.6,0
28.62404,76.720545,13000,243.0,24.6,-64
28.644663,76.731154,13000,243.9,24.5,64
28.66507,76.741773,13000,243.9,24.5,0
28.685535,76.752373,13000,243.9,24.5,0
28.705693,76.762767,13000,243.9,24.5,0
28.726362,76.773484,13000,243.9,24.5,0
28.746984,76.784201,13000,243.9,24.5,0
28.767142,76.794649,13000,243.9,24.5,0
28.787857,76.80542,13000,245.2,24.6,0
28.808304,76.815984,13000,245.2,24.6,0
28.828637,76.826531,13000,245.2,24.6,0
28.849136,76.837217,13000,245.2,24.6,0
28.869696,76.847911,13000,245.2,24.6,0
28.889993,76.858467,13000,245.2,24.6,0
28.910065,76.868908,13000,245.2,24.6,0
28.930756,76.879683,13000,245.2,24.6,0
28.950883,76.890133,13000,245.2,24.6,-64
28.971273,76.900796,13000,245.2,24.6,0
28.991409,76.911269,13000,245.2,24.6,0
29.011688,76.921833,13000,245.2,24.6,0
29.031698,76.932301,13000,244.3,24.7,0
29.052321,76.943072,13000,244.3,24.7,0
29.072571,76.953628,13000,245.2,24.6,0
29.092914,76.964237,13000,245.2,24.6,0
29.11363,76.975116,13000,245.2,24.6,0
29.124151,76.980716,13000,246.9,26.5,0
29.128387,76.983355,13000,247.5,30.6,-64
29.132858,76.986642,13000,247.7,34.1,0
29.138077,76.991078,13000,248.2,37.5,64
29.145309,76.997733,13000,248.5,39.8,64
29.162696,77.014429,13000,249.2,40.0,0
29.180339,77.03107,13000,250.8,39.3,0
29.198364,77.047753,13000,252.4,39.0,0
29.21651,77.064568,13000,252.4,39.0,0
29.234528,77.081187,13000,253.2,38.9,0
29.252775,77.098066,13000,252.4,39.0,0
29.270599,77.114569,13000,251.0,39.0,0
29.288681,77.13126,13000,249.6,39.0,0
29.30617,77.147558,13000,248.8,39.1,0
29.32372,77.163714,13000,247.4,39.1,0
29.341875,77.180517,13000,248.2,39.0,64
29.359286,77.196619,13000,247.4,39.1,0
29.376846,77.212918,13000,247.4,39.1,0
29.394154,77.228986,13000,247.4,39.1,-64
29.41175,77.245304,13000,248.8,39.1,0
29.429254,77.261568,13000,248.8,39.1,64
29.447113,77.278149,13000,248.8,39.1,64
29.46492,77.294734,13000,248.8,39.1,64
29.482789,77.311383,13000,248.8,39.1,-64
29.500526,77.327809,13000,250.2,39.2,-64
29.518076,77.344181,13000,250.2,39.2,0
29.5353,77.360229,13000,248.8,39.1,64
29.553085,77.376815,13000,250.2,39.2,64
29.571006,77.393565,13000,250.2,39.2,0
29.589021,77.410368,13000,249.6,39.0,0
29.606735,77.426834,12975,249.6,39.0,-64
29.624261,77.443165,13000,250.2,39.2,0
29.641905,77.459699,13000,248.8,39.1,0
29.659455,77.476071,13025,248.8,39.1,64
29.677424,77.492873,13000,249.4,39.3,-64
29.695267,77.509601,13000,250.2,39.2,0
29.712338,77.525563,13000,250.2,39.2,64
29.729462,77.541557,13000,250.8,39.3,-64
29.746647,77.557714,12975,250.8,39.3,-128
29.764481,77.574463,12925,248.8,39.1,-128
29.782059,77.59089,12875,248.8,39.1,-192
29.799856,77.60753,12825,249.4,39.3,-192
29.8175,77.624117,12750,249.4,39.3,-256
29.835114,77.640592,12675,250.2,39.2,-256
29.852737,77.657124,12600,252.2,39.4,-256
29.870865,77.674185,12500,253.0,39.2,-384
29.885742,77.688182,12325,252.9,39.5,-832
29.901031,77.702549,12075,252.2,39.4,-832
29.910325,77.711307,11950,252.2,39.4,-832
29.919263,77.719757,11800,250.7,39.7,-1024
29.927078,77.727141,11625,249.4,39.3,-1088
29.934677,77.734249,11475,246.8,38.9,-1088
29.942276,77.741358,11300,245.8,39.4,-1216
29.949196,77.747827,11125,247.2,39.4,-1344
29.957343,77.755573,10950,246.6,39.2,-1152
29.965815,77.763538,10750,246.6,39.2,-1216
29.97345,77.770763,10575,245.8,39.4,-1344
29.980545,77.777495,10400,245.1,39.5,-1344
29.98732,77.783849,10225,243.8,39.2,-1280
29.994072,77.790179,10050,243.0,39.3,-1344
30.001195,77.796936,9875,242.9,39.7,-1408
30.008194,77.80356,9700,242.4,39.1,-1216
30.016464,77.811383,9500,243.0,39.3,-1408
30.024099,77.818524,9300,243.0,39.3,-1408
30.029312,77.823468,9150,240.8,39.4,-1344
30.036947,77.830719,8975,240.1,39.6,-1280
30.043579,77.83695,8800,236.0,39.2,-1280
29.889609,77.903568,6875,218.9,212.3,576
29.878464,77.895602,7050,215.9,211.6,960
29.868759,77.888788,7175,215.4,211.3,640
29.860142,77.882565,7275,214.7,213.0,576
29.851576,77.875941,7400,213.3,213.9,832
29.842359,77.868724,7550,212.8,214.7,704
29.830307,77.859157,7675,214.2,214.7,512
29.820007,77.85097,7775,215.0,214.6,512
29.809632,77.842766,7875,216.4,214.6,448
29.798367,77.833719,7975,217.5,215.1,320
29.785583,77.823504,8075,217.5,215.1,448
29.775137,77.815139,8175,215.5,214.8,576
29.764435,77.806496,8275,215.5,214.8,448
29.753906,77.798151,8375,216.1,215.0,448
29.74292,77.789383,8475,216.9,214.9,448
29.732346,77.780879,8575,216.9,214.9,512
29.721509,77.772217,8675,216.9,214.9,384
29.710831,77.763713,8775,217.8,214.7,448
29.700002,77.755091,8875,217.2,214.5,448
29.688217,77.745755,8975,217.8,214.7,320
29.673607,77.734249,9050,220.2,214.3,320
29.661736,77.724986,9150,221.9,214.0,384
29.647522,77.714063,9225,221.3,213.8,320
29.635117,77.704503,9325,221.3,213.8,384
29.62063,77.693428,9425,221.3,213.8,256
29.605222,77.681526,9500,223.3,214.1,384
29.594421,77.673181,9600,219.1,213.8,704
29.585587,77.666473,9725,218.0,213.4,640
29.57459,77.658207,9825,218.0,213.4,384
29.562812,77.649267,9925,218.0,213.4,448
29.548599,77.638427,10000,219.1,213.8,256
29.534416,77.627456,10075,221.1,214.1,192
29.520264,77.616507,10175,221.1,214.1,384
29.507309,77.606524,10275,221.3,213.8,448
29.495125,77.59719,10375,220.8,213.6,384
29.480787,77.586365,10450,222.2,213.6,320
29.473114,77.580273,10500,221.5,215.6,256
29.459234,77.568862,10600,222.0,215.8,320
29.44487,77.557138,10675,222.8,215.7,256
29.430558,77.545381,10750,223.4,215.9,320
29.418594,77.535483,10850,222.0,215.8,384
29.404395,77.52384,10925,223.7,215.5,320
29.396439,77.517154,11000,223.2,217.5,320
29.382795,77.505152,11075,222.4,217.7,320
29.369155,77.493143,11150,223.2,217.5,192
29.355057,77.480815,11225,224.0,217.4,384
29.342201,77.469662,11325,224.8,217.2,384
29.328049,77.457437,11400,224.8,217.2,320
29.316376,77.447275,11500,225.4,217.4,320
29.302231,77.434598,11575,225.7,218.3,320
29.288315,77.42208,11650,225.7,218.3,320
29.275131,77.410249,11750,226.5,218.2,256
29.260895,77.39752,11825,226.5,218.2,256
29.245743,77.383945,11900,226.5,218.2,320
29.231689,77.371427,11975,226.5,218.2,320
29.215021,77.356514,12000,230.1,218.1,0
29.198588,77.341757,12025,231.5,218.2,64
29.181656,77.326637,12000,232.9,218.2,0
29.164902,77.311742,12000,233.7,218.1,0
29.148125,77.296789,12000,233.7,218.1,-64
29.131227,77.28171,12000,236.5,218.1,0
29.114235,77.266576,12000,238.6,218.0,0
29.096924,77.251158,12000,238.6,218.0,0
29.079803,77.235947,12000,240.1,218.1,0
29.062271,77.220259,12000,240.1,218.1,-64
29.055905,77.214822,12000,240.9,215.5,-64
29.052274,77.212129,12000,241.5,211.4,-64
29.048503,77.20976,11975,242.9,207.2,-64
29.044174,77.207498,11975,242.9,202.8,-64
29.039612,77.205629,11975,244.4,198.4,-64
29.035217,77.20415,11975,245.0,194.7,0
29.029404,77.202724,12000,244.8,191.3,192
29.007294,77.197495,12025,243.0,191.6,-64
28.985779,77.192371,12025,244.2,191.8,64
28.963778,77.187141,12000,246.1,191.7,-64
28.941899,77.181971,12000,248.1,191.6,0
28.921928,77.177232,12000,248.9,192.5,64
28.917273,77.175778,12000,248.0,197.1,-64
28.913548,77.174162,12000,246.2,202.2,-64
28.908195,77.171415,12000,244.2,205.7,128
28.898254,77.165645,12025,243.8,207.6,0
28.878308,77.153536,11975,246.9,208.0,-128
28.858524,77.14158,12000,246.0,207.6,64
28.838227,77.129517,12025,244.7,207.5,192
28.818649,77.117949,12000,246.0,207.6,-64
28.798233,77.105907,11975,246.9,207.5,128
28.777954,77.093864,12000,246.9,207.5,-64
28.757584,77.081874,12000,248.2,207.6,128
28.737396,77.069937,12000,247.8,207.4,-64
28.71698,77.057841,12025,246.9,207.5,64
28.696848,77.045988,12000,245.5,207.4,64
28.676923,77.034248,12000,244.7,207.5,64
28.657278,77.022615,12000,244.7,207.5,-64
28.636982,77.010713,12000,246.9,207.5,0
28.617096,76.999001,12000,248.2,207.6,0
28.596817,76.987011,12000,249.1,207.5,0
28.576603,76.975169,12000,250.0,207.4,0
28.556442,76.963296,12000,250.0,207.4,0
28.536346,76.951464,12000,250.0,207.4,0
28.516318,76.939733,12000,250.9,207.3,0
28.496021,76.927777,12000,250.0,207.4,0
28.475957,76.916037,12000,247.8,207.4,0
28.455567,76.904081,12000,244.2,207.3,0
28.435684,76.892413,12000,243.3,207.4,0
28.416,76.880845,12000,243.3,207.4,0
28.396454,76.869436,12000,241.1,207.4,0
28.377173,76.858144,12000,238.4,207.2,256
28.357544,76.846671,12000,241.1,207.4,-64
28.337883,76.835148,12000,242.0,207.3,-64
28.317866,76.823461,12000,242.0,207.3,64
28.297988,76.811829,12000,241.1,207.4,0
28.278669,76.800519,12000,241.1,207.4,-64
28.259125,76.789099,12000,239.7,207.3,64
28.239304,76.777532,12000,238.4,207.2,128
28.21994,76.766228,12000,237.5,207.3,-64
28.200647,76.755012,11975,238.4,207.2,64
28.181213,76.743675,12000,236.1,207.2,0
28.162009,76.732501,12000,236.1,207.2,0
28.142783,76.721299,11975,236.1,207.2,0
28.123856,76.710293,12000,236.1,207.2,0
28.109358,76.70175,12000,235.4,208.4,0
28.104904,76.698726,12000,235.5,212.3,0
28.097488,76.693074,12000,235.0,214.8,64
28.079819,76.679024,12000,234.7,215.1,0
28.062332,76.665133,12000,234.7,215.1,0
28.053314,76.658161,12000,234.6,213.4,64
28.035324,76.644956,12000,234.9,213.0,-128
28.017092,76.63147,12000,234.6,213.4,64
28.000031,76.618811,11975,236.0,213.4,-64
27.9866,76.608905,12000,235.5,212.3,64
27.980713,76.604972,12000,236.8,209.1,-64
27.973663,76.600852,12000,237.9,206.5,-64
27.960671,76.593879,12000,239.4,205.0,0
27.940567,76.583264,12000,240.7,205.1,0
27.920654,76.572738,12025,242.0,205.2,64
27.90065,76.561959,12000,245.1,205.6,-128
27.880321,76.551044,12000,246.5,205.2,0
27.86049,76.54048,12000,244.2,205.2,-64
27.840317,76.529673,12000,242.0,205.7,64
27.820129,76.518739,12000,239.7,205.7,-64
27.80072,76.508115,12000,237.9,205.9,0
27.781448,76.497336,12000,237.5,206.2,64
27.762131,76.486609,12000,237.5,206.2,0
27.742248,76.475513,12000,238.8,206.4,0
27.722556,76.464421,12000,239.7,206.8,0
27.703217,76.453443,12000,239.7,206.8,0
27.683592,76.44229,12000,237.9,207.0,0
27.674793,76.437061,12000,238.2,209.1,0
27.667923,76.432455,12000,238.4,211.6,0
27.649933,76.419758,12000,237.8,212.3,64
27.63136,76.406743,12000,238.4,211.6,-64
27.612786,76.393908,12000,238.4,211.6,0
27.594304,76.38102,12000,238.1,211.9,0
27.575729,76.367988,12000,238.9,211.8,0
27.558609,76.356172,12000,240.4,211.1,128
27.553116,76.352752,12000,239.8,207.9,64
27.548171,76.350068,12000,239.5,203.9,0
27.538209,76.345473,12000,240.5,202.0,-128
27.518005,76.336532,12000,240.7,201.4,64
27.505762,76.331001,12000,241.1,202.9,-64
27.500828,76.328465,12000,242.4,206.5,-64
27.496312,76.325666,12000,242.4,209.9,-64
27.486955,76.319275,12025,241.2,211.8,192
27.478683,76.313419,12000,239.5,212.0,-192
27.472,76.308755,12000,233.6,212.1,256
27.463211,76.302795,12025,231.7,211.8,-192
27.451762,76.294873,11975,228.6,212.9,-512
27.44678,76.291281,11950,228.3,212.3,-128
27.438263,76.28502,12000,224.7,214.1,320
27.426086,76.275641,12000,226.9,214.9,-128
27.412537,76.265328,12025,230.8,213.7,192
27.395599,76.252891,12000,234.4,212.8,-64
27.377243,76.23952,12000,236.3,213.1,0
27.358887,76.225995,12000,237.7,213.2,-64
27.34106,76.213003,12000,238.0,212.8,64
27.322346,76.199534,12000,239.7,212.6,-64
27.307938,76.189201,12000,240.2,212.8,0
27.289215,76.175779,12000,236.9,212.4,-64
27.274723,76.165413,11975,227.2,212.8,-64
27.267322,76.160079,11975,217.5,212.2,0
27.256196,76.152103,12000,208.3,212.9,0
27.243622,76.142975,12000,198.9,212.9,0
27.230667,76.13344,12000,189.2,213.4,0
27.216021,76.122683,12000,193.1,212.9,0
27.201729,76.112436,12000,191.1,212.6,-64
27.191345,76.105042,12000,183.9,212.6,0
27.177429,76.094988,12000,179.2,213.2,0
27.164932,76.085919,12000,177.2,212.8,-64
27.151919,76.076519,12000,177.2,212.8,-128
27.140467,76.06828,11925,179.5,212.7,-320
27.131855,76.062153,11850,181.5,211.9,-320
27.128357,76.059956,11825,181.2,208.7,-320
27.117097,76.053332,11750,181.6,207.6,-320
27.113617,76.051354,11725,181.6,207.6,-320
27.10144,76.044254,11650,182.5,207.4,-320
27.094287,76.041078,11600,182.5,202.2,-320
27.092471,76.040814,11600,182.5,202.2,-320
27.069214,76.05011,11450,182.4,176.2,-448
27.064682,76.052856,11400,202.2,151.7,-384
27.063842,76.053385,11400,204.5,151.7,-384
27.778336,75.412333,10975,239.3,7.9,-384
27.787766,75.41368,10950,239.3,7.9,-384
27.793129,75.414435,11000,228.8,7.3,448
27.807514,75.417076,11000,225.7,7.1,384
27.809052,75.41767,10975,224.3,19.8,-512
27.815102,75.420826,11000,223.2,27.5,192
27.821365,75.42477,11000,223.5,29.8,-128
27.829579,75.43028,11000,222.9,31.0,128
27.870266,75.459331,11000,232.2,32.9,0
27.887329,75.471825,11000,229.1,33.1,64
27.904083,75.483951,11000,229.9,32.9,0
27.915619,75.491984,11000,232.0,31.4,0
27.933763,75.504544,11000,230.3,31.7,128
27.937767,75.507501,11025,230.5,34.0,64
27.940839,75.509949,11000,231.0,36.4,-64
27.94596,75.51458,11000,233.7,39.6,-192
27.961974,75.529659,11000,231.4,40.1,128
27.974916,75.5421,11025,229.6,41.1,0
27.983414,75.550654,11000,231.5,42.4,-64
27.987159,75.554863,11000,233.4,46.0,-64
27.988509,75.556641,10975,234.1,51.4,-256
27.989812,75.558687,10975,233.8,55.6,-384
27.991162,75.561541,10975,232.6,62.9,-192
27.992157,75.564335,10975,229.7,70.1,0
27.992978,75.567358,10975,226.8,74.9,128
27.994308,75.573842,11000,217.4,77.2,320
27.996735,75.586413,11000,219.1,78.9,-128
28.00038,75.608287,11000,215.7,79.3,0
28.003731,75.62789,11000,221.6,78.3,-320
28.008014,75.649917,11025,217.1,77.5,64
28.009323,75.655606,11000,215.5,73.8,0
28.010528,75.659503,11000,216.2,69.1,-64
28.017697,75.680506,11000,217.1,69.2,0
28.024866,75.70194,11000,218.4,69.1,-64
28.031982,75.722738,11000,224.7,69.2,-64
28.039437,75.744755,11000,232.3,69.1,-64
28.046932,75.76732,11000,229.1,69.8,-64
28.053909,75.787811,11000,225.1,68.9,128
28.055916,75.793062,11000,224.1,64.9,-64
28.058533,75.7979,10975,224.3,60.9,-128
28.059548,75.799525,10975,223.0,52.1,-64
28.060944,75.801248,11000,222.3,47.5,64
28.063202,75.803604,11000,221.4,43.3,128
28.065491,75.805558,11000,221.4,36.9,192
28.067461,75.806957,11025,219.7,30.6,192
28.069277,75.80798,11025,220.0,26.5,128
28.072083,75.809309,11025,220.6,21.0,0
28.079132,75.812002,11025,222.0,18.1,0
28.098862,75.819133,11000,229.3,17.2,-64
28.118715,75.826183,11000,227.4,17.4,-64
28.138092,75.83313,11000,220.5,16.9,128
28.150772,75.837461,11100,219.8,17.2,512
28.161484,75.841264,11225,218.2,17.6,704
28.171319,75.844816,11350,217.0,17.4,832
28.181701,75.848532,11500,217.0,17.4,704
28.19165,75.852092,11625,214.1,17.7,896
28.201172,75.855525,11775,211.6,17.3,640
28.213577,75.859962,11875,213.2,17.8,448
28.22493,75.864082,12000,213.8,17.4,640
28.243801,75.870828,12200,215.1,17.6,704
28.262283,75.877445,12400,216.0,17.5,640
28.28109,75.884184,12600,217.3,17.7,576
28.299757,75.890862,12825,218.2,17.6,576
28.319262,75.897809,13000,221.1,17.4,320
28.338721,75.904864,13000,229.0,17.8,-128
28.359018,75.912242,13000,230.6,17.4,64
28.379641,75.919513,13000,236.9,17.4,-128
28.400345,75.926936,13000,238.1,17.6,64
28.421631,75.934595,13000,241.3,17.6,64
28.442688,75.942201,13000,243.5,17.7,-64
28.464366,75.949994,13000,241.3,17.6,0
28.485214,75.957466,13000,239.1,17.5,0
28.50618,75.965019,13000,239.1,17.5,0
28.527258,75.972613,13000,241.3,17.6,0
28.54816,75.980099,13000,243.2,17.5,0
28.569667,75.987854,13000,243.5,17.7,-64
28.5905,75.995389,13000,244.5,17.6,0
28.612152,76.003207,13000,245.4,17.5,0
28.632745,76.010634,13000,247.6,17.6,0
28.654904,76.018605,13000,248.6,17.6,0
28.676691,76.026522,13000,248.9,17.8,0
28.698011,76.034169,13000,250.8,17.6,-64
28.719681,76.042081,13000,247.9,17.9,0
28.740793,76.049679,13000,246.7,17.7,0
28.76244,76.057542,13000,247.6,17.6,0
28.783947,76.065297,13000,245.7,17.8,-128
28.805328,76.073086,13000,244.5,17.6,64
28.82666,76.080798,13000,243.8,17.9,0
28.847855,76.088509,13000,240.4,17.7,128
28.86882,76.096168,13000,238.1,17.6,0
28.889621,76.103695,13000,236.2,17.7,64
28.910202,76.111168,13000,235.0,17.6,-64
28.930912,76.118667,13000,235.9,17.5,0
28.951172,76.126063,13000,235.9,17.5,64
28.966106,76.131376,12975,237.6,16.4,-128
28.970808,76.132723,12975,237.3,12.2,-128
28.975556,76.133638,12975,235.3,8.1,64
28.988125,76.135308,13000,234.4,6.4,128
29.006048,76.137462,13000,236.0,5.3,64
29.011414,76.137789,13000,236.1,1.9,0
29.017685,76.137789,13000,235.1,358.8,-128
29.028259,76.137208,13000,236.4,356.9,0
29.049108,76.135739,13000,233.4,356.6,0
29.070053,76.134356,13000,231.3,357.3,128
29.090744,76.133247,13000,233.2,357.5,-64
29.111861,76.132076,13000,235.2,357.6,64
29.128281,76.13124,13000,234.3,357.1,64
29.133362,76.130711,13000,232.8,352.8,-64
29.138947,76.129655,12975,230.1,349.2,-192
29.146912,76.127701,13000,228.5,347.4,128
29.166653,76.122329,13000,223.9,346.8,-128
29.183762,76.117982,13000,223.0,347.8,-192
29.199966,76.113915,13000,219.8,346.9,192
29.210552,76.111019,13000,220.5,345.0,-128
29.217255,76.108757,13000,220.4,342.3,-128
29.225143,76.105675,13000,218.9,340.2,64
29.243511,76.09804,13000,219.5,340.6,64
29.250916,76.095112,12975,218.2,341.6,-192
29.253892,76.094217,12975,218.5,346.0,-128
29.256042,76.093791,12975,219.1,352.1,-128
29.258331,76.093633,12975,219.2,357.4,-128
29.260391,76.093685,12975,219.0,0.8,-64
29.262543,76.094002,12975,218.8,7.3,128
29.265204,76.094648,13000,218.5,14.0,256
29.268602,76.095886,13025,217.9,19.0,320
29.2771,76.099548,13050,218.8,21.2,0
29.28457,76.103049,13025,223.5,23.5,-128
29.293834,76.108004,13025,228.1,25.4,-64
29.312531,76.118299,13000,225.9,26.0,128
29.328873,76.127067,12975,225.9,24.9,-192
29.336517,76.13087,12975,223.2,22.7,0
29.355743,76.140166,13000,224.9,23.0,64
29.374969,76.149515,13000,234.4,22.9,0
29.394287,76.158811,13000,237.5,22.8,-64
29.414154,76.168424,13000,239.2,23.1,0
29.428137,76.175214,13000,240.1,21.8,-64
29.43647,76.178715,13000,238.5,19.4,0
29.457232,76.186954,13000,235.9,19.0,-64
29.4776,76.194992,13000,232.4,18.8,64
29.498338,76.203111,13000,232.8,19.1,0
29.512908,76.208927,13000,231.3,20.2,64
29.526362,76.215012,13000,232.5,21.7,-64
29.546333,76.224006,13000,232.3,20.9,0
29.566257,76.232677,13000,234.2,20.8,-64
29.586273,76.241367,13000,231.3,20.2,64
29.599548,76.24723,13000,227.1,21.7,-64
29.614346,76.253949,12975,223.2,22.7,-192
29.619606,76.256642,13000,221.0,25.2,256
29.626831,76.260752,13025,221.4,27.7,128
29.633805,76.265205,13000,223.1,30.1,-256
29.651642,76.277178,13000,225.0,30.4,0
29.669678,76.289379,13000,226.0,30.9,0
29.687393,76.301422,13000,226.4,30.5,0
29.705566,76.313782,13000,228.6,30.5,-64
29.71974,76.323314,13000,227.6,31.5,-128
29.724426,76.326881,13000,226.1,35.1,0
29.729324,76.331001,13000,224.4,37.9,0
29.734171,76.335647,13000,223.3,40.8,64
29.74567,76.347549,13000,224.5,41.9,64
29.753906,76.356354,13000,224.2,43.7,128
29.764803,76.368552,13000,222.0,44.6,-320
29.773694,76.378353,12975,221.5,43.0,64
29.778489,76.3832,12975,218.6,40.2,192
29.782928,76.387253,13025,216.2,37.3,320
29.788467,76.391795,13000,217.8,34.7,-128
29.796412,76.397849,13000,221.4,32.8,64
29.800552,76.400722,13000,222.5,29.3,128
29.805163,76.403396,13000,223.7,25.4,-64
29.816162,76.409437,13000,226.7,27.0,128
29.82276,76.41352,13000,229.3,29.8,0
29.828439,76.417506,13000,232.2,32.9,0
29.833653,76.421706,13000,234.8,36.0,-128
29.838681,76.426176,13000,237.3,39.5,64
29.842712,76.430247,13000,239.2,43.0,128
29.848271,76.436516,13000,240.4,45.3,-128
29.86368,76.454665,13000,235.5,46.2,0
29.878762,76.472545,12975,243.3,46.3,-256
29.886863,76.482293,12975,238.3,45.8,128
29.894394,76.490989,12975,229.8,44.5,-128
29.898268,76.495002,12975,226.3,40.5,64
29.90283,76.499149,13000,222.6,37.3,128
29.914002,76.508624,13025,216.2,36.0,-64
29.930203,76.522192,13025,223.2,36.2,-64
29.945239,76.534717,12950,229.2,35.8,-256
29.962231,76.548724,12825,228.1,35.4,-448
29.97885,76.562457,12675,233.1,35.4,-448
29.984529,76.566852,12625,233.8,32.6,-512
29.98816,76.569214,12575,231.7,27.8,-576
29.992629,76.571631,12550,229.3,23.7,-448
30.001419,76.576053,12475,229.5,25.6,-576
30.00436,76.577948,12425,231.2,30.1,-640
30.006683,76.579769,12400,231.6,32.7,-640
30.008057,76.581062,12375,234.2,40.2,-640
30.010226,76.583551,12350,235.6,46.9,-512
30.01274,76.586957,12350,235.7,51.7,-256
30.018373,76.595636,12350,233.4,54.1,-128
30.030662,76.615686,12275,228.9,54.8,-192
30.042664,76.634916,12200,229.8,54.0,-320
30.055206,76.654735,12125,234.0,53.9,-192
30.068024,76.674823,12050,235.4,53.8,-320
30.078937,76.691986,11975,234.0,53.9,-192
30.09146,76.711597,11925,230.4,53.8,-256
30.103703,76.730823,11850,231.8,53.8,-192
30.116039,76.750159,11800,233.2,53.7,-192
30.128515,76.769769,11750,234.0,53.9,-192
30.140572,76.788721,11675,234.0,53.9,-192
30.153467,76.809045,11625,234.0,53.9,-192
30.164246,76.825992,11550,234.8,54.0,-192
30.177017,76.84608,11500,235.4,53.8,-192
30.188278,76.863852,11425,232.6,53.9,-256
30.200532,76.883258,11350,230.4,53.8,-192
30.212952,76.902843,11300,226.2,54.0,-192
30.223389,76.919322,11225,225.4,53.8,-256
30.235632,76.938574,11175,225.4,53.8,-192
30.245956,76.95492,11100,224.6,53.7,-192
30.258224,76.9742,11050,226.2,54.0,-192
30.268917,76.991144,10975,226.2,54.0,-192
30.280927,77.01015,10925,227.6,53.9,-192
30.292379,77.028278,10850,228.2,53.7,-192
30.304733,77.047873,10800,227.6,53.9,-192
30.315795,77.065356,10725,226.8,53.8,-192
30.318604,77.069415,10725,225.7,50.0,-256
30.32045,77.071674,10700,224.9,46.1,-320
30.322405,77.073596,10675,220.5,38.7,-384
30.324326,77.075124,10675,217.3,31.6,-320
30.32666,77.076524,10675,213.9,24.9,-256
30.329109,77.077551,10650,210.0,18.6,-192
30.33125,77.07821,10650,207.7,12.2,-128
30.334122,77.078732,10650,207.0,8.1,-128
30.341171,77.079486,10650,207.0,5.6,-128
30.351128,77.080573,10575,206.7,4.7,-576
30.360855,77.081532,10450,205.6,4.5,-768
30.369423,77.08233,10300,206.7,4.7,-896
30.379211,77.083309,10150,206.7,4.7,-960
30.387904,77.084198,10000,208.7,4.7,-1024
30.396652,77.085033,9850,209.7,4.7,-1152
30.404337,77.085791,9675,210.8,4.9,-1216
30.412354,77.086648,9525,210.9,5.2,-1216
30.419998,77.08751,9350,208.2,6.1,-1216
30.428009,77.088587,9175,204.3,6.5,-1216
30.435242,77.089557,9000,206.4,6.7,-1408
30.442324,77.09057,8825,209.5,6.8,-1408
30.449353,77.091559,8650,207.3,6.4,-1408
30.456057,77.092328,8475,204.1,5.9,-1408
30.463179,77.093262,8300,201.2,6.3,-1472
30.470395,77.094141,8100,199.1,6.1,-1536
30.477191,77.094965,7925,197.9,5.5,-1600
30.483243,77.095624,7725,196.9,5.5,-1664
30.489578,77.096342,7525,197.8,5.2,-1728
30.495999,77.096997,7325,196.6,4.4,-1600
30.499071,77.097107,7250,195.0,0.0,-1600
30.501114,77.096935,7175,193.1,353.8,-1664
30.503028,77.096558,7125,192.6,348.9,-1664
30.50475,77.096008,7075,191.3,342.0,-1664
30.507202,77.094834,7000,191.1,335.6,-1600
30.509871,77.093262,6900,190.6,331.8,-1472
30.513428,77.091011,6800,191.0,332.2,-1344
30.51704,77.088812,6700,190.5,332.5,-1344
30.520206,77.086945,6600,188.3,332.5,-1408
30.523604,77.084857,6500,186.1,331.8,-1408
30.527069,77.082663,6400,183.5,331.3,-1280
30.532516,77.07927,6300,183.9,331.8,-832
30.538408,77.075684,6200,186.5,332.9,-704
30.542679,77.073077,6125,191.0,332.2,-896
30.548463,77.069641,6025,194.1,333.0,-768
30.555399,77.065521,5925,198.1,332.7,-704
30.560008,77.062775,5825,202.1,332.9,-1152
30.563592,77.060468,5750,201.9,329.0,-1152
30.565979,77.058644,5675,202.0,324.3,-1152
30.567993,77.056651,5625,200.3,317.6,-1152
30.56955,77.054713,5600,200.6,311.2,-1152
30.571274,77.052063,5525,200.1,308.3,-1024
30.572298,77.05014,5500,198.6,302.2,-1152
30.573624,77.047335,5450,195.9,296.7,-896
30.575417,77.042725,5400,190.9,292.8,-768
30.577372,77.037067,5300,188.1,291.5,-768
30.580025,77.029376,5200,188.3,292.5,-832
30.582458,77.023046,5100,189.8,294.3,-832
30.586166,77.013675,5025,187.5,294.9,-576
30.590453,77.003119,4925,186.6,295.0,-576
30.592117,76.998812,4850,190.8,293.5,-640
30.593619,76.994934,4800,194.7,293.9,-960
30.59562,76.98988,4725,200.0,294.5,-896
30.597427,76.985133,4625,202.4,293.9,-1088
30.599298,76.980377,4525,200.9,294.4,-1216
30.601273,76.975439,4425,198.7,294.4,-1344
30.602091,76.973401,4375,197.7,295.1,-1280
30.602883,76.730988,3525,197.2,177.7,320
30.591338,76.731647,3600,201.2,177.4,256
30.581177,76.732178,3675,205.2,177.5,576
30.574905,76.732471,3775,206.1,178.3,896
30.569595,76.732716,3875,205.2,177.5,1088
30.564663,76.732965,3950,203.2,177.2,1024
30.558239,76.73335,4050,202.2,177.4,960
30.553677,76.733569,4075,202.2,177.4,512
30.541809,76.734116,4175,205.2,177.8,640
30.533386,76.734547,4250,205.2,177.2,576
30.524814,76.734943,4325,205.1,178.0,640
30.520477,76.73514,4400,203.2,177.5,960
30.516482,76.735382,4500,201.3,176.9,1152
30.510104,76.735767,4600,200.2,177.7,832
30.501492,76.736151,4675,203.2,177.7,384
30.491436,76.736646,4750,202.2,177.4,576
30.479462,76.737294,4800,204.2,177.5,256
30.474119,76.737524,4875,205.2,177.8,704
30.467651,76.737832,4975,205.2,177.5,832
30.459781,76.738239,5025,207.2,177.5,384
30.451308,76.738678,5100,210.2,177.6,512
30.445024,76.739008,5200,209.2,177.5,960
30.439205,76.739282,5300,207.2,177.8,1088
30.433548,76.739556,5400,206.2,177.8,1024
30.425537,76.739987,5475,205.2,177.2,640
30.420444,76.740271,5575,205.2,177.2,896
30.413406,76.740579,5675,205.1,178.0,896
30.407084,76.740875,5775,204.2,177.8,896
30.398941,76.741279,5850,205.2,177.2,576
30.391205,76.74171,5950,207.2,177.2,768
30.38418,76.742029,6050,206.1,178.1,896
30.376406,76.742358,6125,207.2,177.5,512
30.368179,76.742841,6200,206.2,177.2,576
30.359554,76.743292,6275,207.2,177.5,576
30.353363,76.743622,6375,205.2,177.8,896
30.348102,76.743842,6400,206.2,177.8,448
30.338974,76.744349,6475,207.2,177.2,448
30.329727,76.744834,6550,208.2,177.8,512
30.321474,76.745215,6625,209.2,177.5,448
30.312862,76.745654,6700,209.2,177.5,640
30.302399,76.74618,6775,211.1,178.4,448
30.295452,76.746478,6850,211.1,178.1,512
30.286102,76.747042,6975,211.4,176.5,576
30.269119,76.747903,7025,210.1,178.6,192
30.25621,76.74855,7075,206.2,177.2,320
30.243592,76.749225,7100,211.1,178.4,192
30.232978,76.749829,7150,215.2,177.6,448
30.217011,76.750488,7250,219.2,177.6,640
30.20528,76.751093,7375,220.1,178.2,576
30.197113,76.751512,7475,220.2,177.4,832
30.188521,76.751971,7625,217.3,176.8,832
30.175827,76.752535,7725,220.1,177.9,576
30.164547,76.753125,7850,220.2,177.7,576
30.154175,76.753666,8000,218.2,177.4,1024
30.144012,76.754204,8125,217.1,177.9,640
30.129679,76.754883,8225,218.2,177.6,512
30.115527,76.755597,8325,219.2,177.4,448
30.097595,76.75652,8400,222.2,177.7,320
30.08725,76.757005,8525,223.2,177.7,768
30.083588,76.757166,8600,220.3,176.9,1216
30.074049,76.757684,8750,217.1,178.1,768
30.061249,76.758297,8850,218.2,177.4,512
30.048073,76.759003,8950,220.1,177.9,512
30.033409,76.759607,9050,221.1,178.2,448
30.016251,76.76029,9150,222.1,178.4,320
30.005291,76.760486,9225,222.0,180.3,448
29.987732,76.76029,9300,224.0,180.0,320
29.972443,76.760398,9350,225.0,181.0,128
29.963581,76.759937,9400,224.4,183.3,512
29.946217,76.758893,9500,225.2,182.5,512
29.929737,76.758069,9600,225.1,181.8,448
29.917786,76.757812,9675,226.0,180.2,448
29.90702,76.757866,9750,226.0,179.0,384
29.899525,76.758351,9775,226.4,176.5,448
29.885925,76.759362,9900,226.5,176.2,576
29.873291,76.760577,10025,225.8,175.2,576
29.865372,76.761527,10100,226.9,172.7,640
29.85395,76.763575,10225,227.7,171.2,704
29.846191,76.765172,10275,227.5,168.6,576
29.838455,76.767232,10325,227.7,166.0,448
29.827789,76.770454,10450,227.1,164.7,704
29.820099,76.773042,10525,227.7,162.4,704
29.809074,76.777308,10650,228.0,162.1,640
29.79213,76.783553,10725,232.8,162.5,256
29.774597,76.789733,10800,237.3,163.1,320
29.754089,76.796705,10825,241.2,164.1,-64
29.749114,76.79815,10850,241.2,168.0,320
29.745346,76.798818,10850,239.2,172.3,256
29.742504,76.798957,10850,238.1,178.3,-64
29.73967,76.798765,10825,235.2,185.9,-192
29.736825,76.79815,10825,234.4,192.3,-64
29.733892,76.79718,10825,233.7,197.4,-192
29.731844,76.796211,10825,231.8,202.6,-192
29.729828,76.795015,10825,230.1,209.1,64
29.727468,76.793195,10825,228.3,215.0,192
29.725388,76.791317,10850,226.4,220.2,320
29.722183,76.787884,10900,223.5,224.3,576
29.711655,76.776053,11000,222.0,225.4,320
29.707947,76.77151,11000,221.8,228.8,256
29.704704,76.766968,11025,221.8,232.5,256
29.698563,76.757249,11075,221.5,234.4,192
29.687991,76.740148,11150,220.5,235.2,320
29.677872,76.723075,11225,221.1,235.9,192
29.66816,76.706597,11300,223.3,235.9,320
29.660522,76.693655,11375,225.0,237.2,320
29.657318,76.687581,11425,224.9,240.1,448
29.651184,76.674693,11500,225.9,241.7,384
29.642743,76.656512,11575,230.5,241.2,320
29.639236,76.649763,11600,230.9,238.1,256
29.633898,76.64041,11625,231.9,235.9,256
29.626217,76.627538,11725,227.2,235.4,576
29.618729,76.615113,11825,224.4,235.5,320
29.609458,76.599534,11850,225.1,234.4,128
29.607513,76.596733,11875,224.3,230.1,512
29.605966,76.594795,11925,223.5,226.4,960
29.603119,76.591715,12000,221.1,221.3,1344
29.599402,76.588332,12075,218.4,217.2,960
29.594887,76.584455,12125,218.0,216.6,512
29.586182,76.5774,12200,220.5,214.8,384
29.578082,76.571099,12250,222.7,212.9,320
29.573273,76.567788,12275,223.9,209.4,320
29.568725,76.565121,12300,225.0,205.5,320
29.562999,76.56232,12325,226.0,202.4,256
29.555969,76.559178,12350,227.4,199.8,320
29.549973,76.55696,12400,228.4,196.5,512
29.544331,76.555266,12425,229.0,193.1,384
29.538466,76.553919,12475,230.3,189.8,320
29.533264,76.553104,12500,231.4,186.2,448
29.523941,76.552196,12600,230.6,184.0,640
29.513514,76.55155,12700,229.1,182.0,704
29.507172,76.551572,12800,228.0,179.0,832
29.499344,76.551995,12875,229.5,176.2,640
29.482773,76.553263,13075,230.2,177.5,896
29.472455,76.553811,13175,232.5,176.3,448
29.459839,76.554847,13250,234.0,174.6,896
29.457558,76.555158,13300,231.6,173.3,1344
29.446665,76.55672,13525,227.1,172.2,896
29.439915,76.558012,13600,227.7,169.6,576
29.432466,76.559843,13650,228.0,166.8,512
29.423714,76.562428,13725,228.0,164.7,512
29.403511,76.568568,13925,223.4,165.2,704
29.394653,76.571274,14000,223.9,165.8,256
29.374555,76.576969,14000,230.7,166.2,-128
29.353546,76.583,14000,237.2,165.9,-64
29.332193,76.58914,13975,239.9,166.2,128
29.310965,76.595064,13975,242.3,165.9,64
29.289322,76.601539,13975,241.1,165.1,64
29.277054,76.605025,14025,237.2,166.8,192
29.261353,76.609462,14000,237.4,165.6,-64
29.240479,76.615642,14000,236.5,165.6,-64
29.219788,76.621769,14000,235.3,165.7,0
29.198868,76.627948,14000,238.9,165.2,0
29.184808,76.63217,14000,242.6,166.6,0
29.17992,76.633301,14000,243.3,170.5,-64
29.1763,76.633759,14000,242.9,175.0,-128
29.172455,76.633864,14000,242.0,180.0,-64
29.165489,76.63357,14000,242.3,183.1,128
29.143423,76.631954,14000,242.6,184.0,64
29.121264,76.630123,14000,242.7,184.2,0
29.099245,76.628292,14000,243.6,184.0,0
29.077286,76.626417,14000,242.6,184.0,0
29.055253,76.62463,14000,242.6,184.0,0
29.033066,76.622772,14000,241.7,184.3,128
29.011262,76.620968,14000,239.6,184.1,0
28.98901,76.619137,14000,240.5,183.8,64
28.96756,76.617385,14000,240.5,183.8,-128
28.945541,76.615536,14000,240.5,183.8,-128
28.923615,76.613687,14025,238.6,184.1,128
28.901917,76.611944,13975,240.6,184.1,-320
28.894927,76.611328,14000,240.6,184.1,128
28.873653,76.609551,14000,232.6,183.9,-256
28.852286,76.607881,14000,228.6,184.3,64
28.831616,76.606158,13975,225.6,184.1,-64
28.811096,76.604497,14000,221.5,183.9,192
28.790955,76.602807,14000,221.6,184.1,-64
28.770584,76.601116,14000,220.6,184.2,-64
28.750214,76.599479,13975,220.5,183.9,0
28.730072,76.597842,14000,219.5,183.9,64
28.709702,76.596151,14000,218.5,183.9,-64
28.68956,76.594514,14000,218.5,183.9,64
28.669739,76.59293,14000,217.5,183.9,64
28.649551,76.591239,14000,218.5,183.9,-64
28.629626,76.589625,14000,219.6,184.2,128
28.609423,76.588009,14000,220.6,184.2,-64
28.589401,76.586327,14000,220.5,183.9,-64
28.568985,76.58469,14000,221.5,183.9,128
28.548935,76.583052,14000,219.5,183.9,-64
28.528656,76.581415,14000,219.5,183.9,0
28.50887,76.579823,14000,219.5,183.9,64
28.48848,76.578154,14000,221.5,183.9,-64
28.468323,76.576503,14000,224.6,184.1,64
28.448352,76.574869,14000,224.6,184.1,128
28.428148,76.573253,14000,226.6,184.1,0
28.407107,76.57153,14000,229.6,184.2,-64
28.385832,76.569752,14000,232.6,183.9,64
28.366792,76.568244,14000,234.3,182.9,-64
28.36084,76.568105,14000,233.0,180.0,-64
28.353804,76.568406,14000,231.3,177.3,64
28.342072,76.569267,13975,228.6,175.7,-128
28.330994,76.570534,14000,225.3,173.9,256
28.310623,76.572806,14025,229.0,174.7,-64
28.289841,76.574815,14000,231.8,175.3,-64
28.268967,76.576873,14000,233.0,174.6,128
28.247498,76.579408,14000,231.2,174.0,-128
28.232349,76.581116,14025,227.8,175.2,64
28.224701,76.581838,14025,218.7,175.5,0
28.211029,76.583162,14000,208.8,175.1,-192
28.197006,76.584531,13950,203.2,173.8,-256
28.19157,76.585316,13975,202.7,172.6,192
28.181213,76.586803,14025,204.0,174.4,192
28.166385,76.588278,14000,211.7,175.4,-128
28.147568,76.590025,14000,208.6,175.6,64
28.128724,76.591564,14000,209.5,175.9,64
28.109344,76.593088,14000,213.4,176.5,-128
28.105122,76.593179,14000,214.0,180.0,-128
28.102615,76.592982,13975,214.0,185.6,-128
28.100001,76.592425,13975,213.0,192.5,-128
28.097348,76.59151,13975,211.9,199.3,-64
28.094555,76.590109,13975,209.8,205.7,64
28.08728,76.585693,14000,202.6,208.0,128
28.083664,76.583528,13975,200.4,208.0,-256
28.079844,76.581277,13925,201.7,207.4,-704
28.074118,76.577884,13800,202.6,208.0,-1088
28.061177,76.570345,13525,210.2,207.8,-960
28.046559,76.561459,13275,212.1,208.1,-896
28.032806,76.553157,13000,204.0,207.4,-1152
28.020721,76.545974,12725,197.8,208.4,-1152
28.008774,76.538843,12450,203.6,208.4,-1280
28.000147,76.53367,12275,204.9,207.9,-832
27.991907,76.528769,12225,200.9,208.2,-384
27.984238,76.524107,12125,205.7,207.2,-832
27.982498,76.523103,12075,205.8,207.8,-1280
27.980036,76.521606,12050,203.2,208.8,-960
27.979156,76.521043,12050,202.7,208.6,-512
27.965186,76.512613,11975,202.7,208.6,-64
27.951872,76.504696,12000,201.7,207.4,64
27.934788,76.494528,11975,209.8,208.1,64
27.918168,76.484545,12000,208.0,207.8,64
27.901703,76.474638,12025,202.6,208.0,64
27.885628,76.465055,12000,195.9,208.0,-128
27.86994,76.455759,11975,193.7,208.0,-64
27.854345,76.44641,12000,195.9,208.0,128
27.838898,76.437119,12000,196.4,208.3,0
27.82283,76.42748,12000,197.7,207.7,0
27.806815,76.417888,12000,196.4,207.6,0
27.791081,76.408539,12000,195.5,207.7,-64
27.775406,76.399133,12000,196.4,208.3,0
27.759521,76.38965,12000,195.9,208.0,-64
27.743637,76.380166,12000,191.9,207.6,0
27.727936,76.370838,12000,190.1,207.9,0
27.712873,76.361847,12000,189.2,208.1,0
27.697837,76.352868,12000,187.9,207.9,0
27.682847,76.343941,12000,187.0,208.1,0
27.667438,76.334751,12000,186.5,207.8,0
27.65324,76.3263,12000,185.6,207.9,0
27.637831,76.317162,12000,186.5,207.8,0
27.622981,76.308289,12000,187.0,208.1,0
27.615784,76.304091,12000,186.0,206.1,64
27.612213,76.302329,12000,186.6,202.0,0
27.608503,76.300841,12000,186.9,197.8,0
27.600952,76.298287,12000,187.4,196.1,0
27.58411,76.292971,12000,190.2,195.9,0
27.567071,76.287531,12000,191.2,195.8,0
27.550266,76.28209,12000,192.4,196.0,0
27.53389,76.276729,12000,194.9,196.4,0
27.516495,76.270925,12000,195.2,196.7,-64
27.499943,76.265347,12000,195.2,196.7,0
27.483324,76.259801,12000,194.0,196.5,0
27.466095,76.253979,12000,194.0,196.5,0
27.449806,76.248445,12000,192.3,196.9,-128
27.432815,76.242529,11975,192.6,197.2,128
27.416885,76.236981,12000,191.7,197.3,64
27.399948,76.231022,12000,188.5,197.3,0
27.383749,76.225363,12000,187.3,197.1,0
27.367362,76.219817,12000,189.2,196.9,-64
27.350743,76.214218,12000,192.0,196.6,0
27.333472,76.208461,11975,195.9,196.3,-64
27.31604,76.202675,11975,198.1,196.4,0
27.298691,76.196922,11950,199.3,196.6,-320
27.292603,76.194901,11875,201.0,196.2,-768
27.284271,76.192155,11725,204.1,196.2,-896
27.274612,76.188994,11600,208.5,196.4,-832
27.265878,76.186171,11450,208.0,195.9,-896
27.256897,76.183397,11300,205.0,195.0,-960
27.244604,76.179727,11100,200.6,194.7,-960
27.236572,76.177334,10950,197.4,194.7,-896
27.22724,76.174604,10800,196.2,194.5,-960
27.219187,76.17228,10650,194.3,194.6,-896
27.210481,76.169745,10500,194.3,194.6,-960
27.199036,76.166399,10325,195.0,194.2,-832
27.189253,76.163723,10150,195.7,193.9,-896
27.177336,76.160343,10000,196.0,194.2,-768
27.319199,75.972946,8050,216.7,4.5,448
27.332029,75.973998,8175,217.5,4.0,512
27.337006,75.974449,8200,217.7,4.5,512
27.349274,75.97533,8275,220.0,0.8,192
27.367905,75.973879,8425,219.0,354.5,832
27.378204,75.972636,8575,218.1,354.2,896
27.386356,75.971727,8650,219.0,354.5,448
27.398712,75.970304,8775,219.1,354.2,768
27.412903,75.968697,8925,216.2,353.9,512
27.421875,75.967395,9000,217.9,352.4,512
27.435468,75.965177,9100,217.4,351.5,512
27.447013,75.963117,9225,212.4,351.3,512
27.459024,75.96111,9350,211.0,352.1,704
27.468939,75.959525,9475,208.2,351.7,512
27.481089,75.957307,9525,213.1,350.3,256
27.491936,75.955247,9625,213.9,350.6,640
27.503815,75.952995,9750,212.7,350.8,512
27.518657,75.950388,9850,216.7,351.0,448
27.535183,75.947588,9950,219.2,351.9,448
27.550266,75.945159,10050,221.2,351.9,448
27.565109,75.942734,10175,220.5,351.4,512
27.578104,75.940511,10275,221.3,351.7,384
27.591064,75.938381,10375,221.3,351.7,576
27.605438,75.936049,10475,223.2,352.0,512
27.61615,75.934287,10600,221.3,351.7,704
27.629929,75.932007,10700,222.3,351.7,384
27.642975,75.92983,10800,222.3,351.7,512
27.657429,75.927359,10900,222.5,351.5,320
27.672373,75.924771,11000,224.6,351.3,512
27.680426,75.92345,11125,222.2,352.0,960
27.690342,75.921866,11275,220.2,351.9,768
27.701431,75.920088,11400,220.1,352.2,704
27.714066,75.918118,11525,221.2,351.9,512
27.726654,75.916149,11650,222.0,352.2,576
27.744049,75.913506,11750,225.9,352.6,384
27.759384,75.911174,11850,227.4,351.7,512
27.77935,75.907869,11900,229.5,351.5,320
27.796807,75.904805,11975,227.7,351.2,128
27.802002,75.903867,11950,229.7,351.2,-256
27.816513,75.901483,11900,235.1,352.4,-128
27.822178,75.900791,11925,235.6,355.9,192
27.826584,75.900706,11925,237.0,0.5,128
27.82933,75.901069,11925,237.8,7.0,64
27.832031,75.901691,11950,238.2,14.1,256
27.834886,75.902745,11975,237.9,16.6,448
27.836842,75.903696,12025,236.5,23.4,896
27.840705,75.905861,12075,235.8,28.1,960
27.844162,75.908065,12100,236.0,29.7,576
27.850616,75.912522,12125,240.5,32.4,128
27.85881,75.918585,12175,241.9,33.4,576
27.877579,75.932318,12375,237.5,32.6,256
27.895637,75.945159,12450,237.5,31.8,256
27.914444,75.958311,12525,238.4,31.6,192
27.930691,75.969561,12600,240.3,31.9,256
27.949585,75.982766,12675,242.0,31.6,320
27.968079,75.995654,12750,243.4,31.7,192
27.987305,76.00907,12800,243.4,31.7,256
28.003685,76.02049,12875,242.9,31.5,192
28.022324,76.033472,12925,247.0,31.8,256
28.042099,76.047258,13000,250.6,31.8,64
28.061829,76.061202,13000,247.5,32.0,0
28.080217,76.074021,13000,242.9,31.5,64
28.09921,76.087216,13000,244.8,31.8,-64
28.117401,76.099918,13000,248.9,32.0,0
28.136685,76.113443,13000,249.7,31.9,-64
28.155864,76.126853,13000,250.1,31.6,0
28.175308,76.140483,13000,248.4,31.8,0
28.194316,76.153834,13000,248.4,31.8,-64
28.213635,76.167351,13000,247.0,31.8,0
28.233032,76.180995,13000,248.4,31.8,-64
28.251948,76.194225,13000,247.5,32.0,128
28.271453,76.207958,13000,248.4,31.8,-128
28.291191,76.221798,12975,251.1,32.0,-64
28.310349,76.23524,13000,251.1,32.0,0
28.329737,76.248887,13000,253.3,31.9,-64
28.349521,76.262781,13025,254.2,31.8,64
28.36898,76.276514,13000,255.6,31.9,0
28.388168,76.290013,13000,255.0,31.7,-64
28.40831,76.304169,13000,255.6,31.9,64
28.427915,76.318036,13000,256.4,31.8,-64
28.448166,76.332254,13000,257.8,31.8,0
28.468043,76.34631,13000,256.9,32.0,0
28.488281,76.360526,13000,258.3,32.0,0
28.508331,76.374682,13000,259.2,31.9,0
28.528608,76.389017,13000,259.2,31.9,0
28.548299,76.402911,13000,258.6,31.7,-64
28.56855,76.417236,13000,258.3,32.0,64
28.588623,76.431409,13000,256.9,32.0,-64
28.608398,76.445354,13000,256.9,32.0,0
28.62854,76.459562,13000,258.3,32.0,0
28.648573,76.47373,13000,259.2,31.9,0
28.668404,76.487786,13000,258.3,32.0,0
28.688468,76.502003,13000,258.3,32.0,-64
28.695969,76.50731,12950,259.7,32.1,-512
28.713188,76.519614,12700,261.4,31.9,-960
28.72962,76.531246,12425,259.2,31.9,-1088
28.745041,76.542171,12150,254.2,31.8,-1088
28.753269,76.547941,12000,251.1,32.0,-1024
28.761835,76.554027,11850,248.4,31.8,-1024
28.77063,76.560235,11700,246.1,31.9,-960
28.779292,76.56636,11550,243.9,31.9,-1024
28.787338,76.572066,11400,243.1,32.1,-1088
28.795864,76.578154,11250,238.6,32.2,-1216
28.803639,76.583701,11125,230.3,31.7,-768
28.808666,76.587363,11075,227.7,34.8,-576
28.811462,76.589866,11050,226.6,39.5,-576
28.815811,76.594303,11000,225.7,43.0,-448
28.821515,76.600557,11000,224.9,44.3,0
28.826077,76.605889,11000,225.7,47.0,-128
28.828916,76.609605,10975,226.5,50.2,-320
28.831151,76.612998,10975,226.2,52.7,-192
28.833432,76.616929,11000,224.4,57.4,256
28.844238,76.636558,11000,230.9,58.1,-64
28.85573,76.657051,11025,240.2,57.2,64
28.86795,76.678391,11000,248.0,57.0,-128
28.880356,76.699624,11000,253.8,56.2,0
28.886967,76.710474,11000,253.9,54.6,64
28.89061,76.715786,11000,253.8,50.9,64
28.895233,76.721755,11000,252.1,47.9,-64
28.900281,76.727708,11000,251.0,45.2,64
28.911221,76.739771,11000,248.2,43.9,-320
28.916993,76.745857,11000,245.1,41.7,128
28.925446,76.753974,11000,243.5,39.8,-128
28.936523,76.764538,11000,240.3,41.1,64
28.94283,76.770684,11025,241.3,38.4,192
28.944319,76.771869,11025,240.5,34.2,-256
28.94696,76.773623,11000,239.8,27.9,-512
28.949112,76.774732,10975,238.9,22.9,-384
28.95163,76.775736,10975,237.5,17.9,-256
28.954328,76.776662,11000,236.3,15.2,192
28.96138,76.778694,11000,233.6,12.6,256
28.96344,76.779116,11000,231.3,9.7,-128
28.967331,76.779644,11000,228.9,5.0,0
28.972623,76.779947,11025,228.1,1.5,192
28.979932,76.779947,11000,228.0,359.0,-64
29.000508,76.779354,11000,231.1,358.0,128
29.020706,76.778429,11000,229.3,357.2,64
29.035812,76.777267,11000,222.6,355.9,-64
29.051788,76.776,11000,220.3,356.9,-64
29.061119,76.775531,10925,225.2,357.7,-512
29.067032,76.77526,10850,230.1,358.0,-960
29.078476,76.774838,10700,232.1,358.0,-832
29.087514,76.774454,10550,231.1,358.3,-960
29.09878,76.774077,10400,231.1,358.3,-832
29.10997,76.773729,10275,233.1,358.8,-768
29.118805,76.773517,10125,227.1,358.7,-1088
29.12764,76.773306,9975,223.0,359.0,-1088
29.131485,76.773412,9925,221.2,2.3,-1088
29.13501,76.773781,9850,220.5,6.8,-1024
29.138489,76.774507,9800,219.9,12.1,-896
29.142166,76.775585,9750,218.7,16.2,-832
29.14563,76.777003,9700,218.4,20.9,-832
29.149429,76.778958,9650,219.2,25.4,-896
29.157342,76.783447,9525,224.1,27.4,-768
29.165815,76.788617,9400,229.1,28.1,-896
29.17182,76.792495,9300,231.2,30.1,-960
29.180991,76.798742,9150,230.5,30.8,-960
29.19104,76.805631,9025,227.8,30.6,-576
29.197564,76.809998,9000,224.2,30.6,-128
29.212601,76.820156,8975,219.3,31.0,0
29.229813,76.831882,9000,217.5,30.7,64
29.247049,76.843441,9000,217.0,30.5,0
29.257383,76.850119,9000,215.7,28.8,0
29.262132,76.853135,9050,214.0,29.1,448
29.266754,76.856126,9125,212.2,29.3,896
29.273392,76.860404,9225,210.6,30.2,512
29.286575,76.869225,9250,214.6,31.5,64
29.291565,76.872975,9275,216.4,34.6,128
29.298752,76.879102,9275,218.6,36.8,64
29.312082,76.890456,9275,222.8,37.0,-64
29.325165,76.901603,9275,227.2,36.8,0
29.341965,76.91597,9250,225.2,36.5,-64
29.358169,76.929932,9250,222.8,37.0,0
29.374054,76.943753,9250,219.6,37.6,0
29.390121,76.957908,9250,219.0,37.4,-64
29.405548,76.97143,9275,216.6,37.9,192
29.421295,76.985744,9275,216.3,38.6,-128
29.436035,76.999212,9250,214.1,38.7,64
29.450389,77.012598,9275,212.3,39.8,64
29.465057,77.026625,9250,213.1,39.7,-64
29.480182,77.04071,9250,214.6,39.3,-192
29.495125,77.054874,9250,217.3,39.8,-64
29.510301,77.069253,9250,222.3,39.7,-64
29.5245,77.082986,9275,223.3,40.8,64
29.539352,77.097878,9250,226.1,41.2,-192
29.553818,77.112245,9250,222.0,40.4,64
29.567281,77.125424,9250,221.7,41.5,-64
29.581945,77.140557,9250,222.4,41.7,-64
29.586042,77.144488,9250,220.8,38.0,0
29.589661,77.147475,9250,220.0,34.6,0
29.59633,77.152405,9275,219.7,32.2,64
29.613089,77.164199,9275,220.4,31.5,128
29.629898,77.176156,9250,222.8,32.0,-256
29.640427,77.183656,9250,223.0,32.5,128
29.644605,77.18671,9250,218.6,32.7,64
29.661457,77.198827,9250,215.0,32.7,320
29.665646,77.201897,9275,210.5,32.8,256
29.675236,77.208844,9250,207.2,32.4,-128
29.691483,77.220585,9250,207.8,32.6,-256
29.702842,77.228771,9250,212.5,32.1,192
29.719228,77.240565,9275,212.5,32.1,384
29.728026,77.247081,9275,211.6,33.2,-64
29.7388,77.254803,9300,212.0,31.9,64
29.74411,77.258659,9250,215.8,32.5,-320
29.752699,77.264961,9200,213.9,32.2,64
29.753998,77.265895,9225,211.2,32.0,512
29.756195,77.26748,9275,208.4,31.9,960
29.758285,77.268946,9300,206.5,31.5,704
29.761218,77.270993,9300,205.1,31.4,256
29.764252,77.273184,9300,203.3,32.8,-192
29.771553,77.278317,9275,203.1,30.5,-256
29.776291,77.281318,9225,202.2,27.7,-384
29.779373,77.28311,9225,198.1,26.0,-256
29.782492,77.284887,9250,195.4,26.4,64
29.784988,77.286283,9275,190.5,26.2,704
29.790406,77.289249,9325,189.0,23.7,256
29.793246,77.290596,9300,190.5,22.5,-128
29.795746,77.291776,9275,192.9,21.9,-448
29.79744,77.292516,9225,195.7,21.6,-832
29.802887,77.295104,9150,200.4,22.6,-768
29.807444,77.297327,9075,204.7,23.3,-704
29.81337,77.300544,8950,208.5,25.0,-1088
29.817872,77.302821,8825,213.1,23.8,-1536
29.822067,77.304928,8700,218.0,24.1,-1728
29.828952,77.308529,8500,219.7,24.5,-1472
29.83699,77.31264,8325,220.3,23.5,-1152
29.846176,77.317254,8175,216.7,24.0,-768
29.855254,77.321939,8025,213.0,24.4,-1024
29.863912,77.326463,7875,211.6,24.9,-896
29.873083,77.331417,7750,210.2,25.4,-768
29.881119,77.335933,7600,212.0,26.3,-1088
29.888678,77.340249,7450,215.1,26.2,-960
29.897989,77.345527,7300,217.4,27.4,-832
29.902267,77.348292,7275,217.8,30.3,-384
29.908602,77.352798,7250,218.9,32.3,-64
29.922867,77.363461,7200,223.3,33.1,-320
29.931087,77.369788,7175,227.7,34.8,-320
29.934392,77.372699,7150,228.4,37.2,-256
29.939048,77.377478,7125,229.9,43.1,-320
29.942825,77.381717,7075,227.7,45.4,-576
29.945099,77.384344,7025,227.0,45.9,-704
29.950333,77.390657,6925,225.6,46.3,-768
29.956924,77.398628,6850,225.7,46.6,-640
29.95832,77.40033,6825,225.7,46.6,-640
29.990662,77.442519,6475,230.2,60.3,-512
29.992164,77.445978,6450,230.2,60.3,-512
29.9935,77.44952,6425,229.1,65.2,-384
29.99501,77.454098,6400,229.1,65.2,-384
29.996613,77.458999,6400,225.3,69.5,-64
29.999798,77.4685,6350,224.7,69.2,-384
30.082352,77.813631,7575,207.5,206.9,1088
30.079728,77.812152,7575,207.5,206.9,1088
30.077773,77.810999,7600,209.3,207.3,320
30.0634,77.802321,7675,213.8,207.3,384
30.051611,77.795288,7775,216.9,207.2,512
30.040764,77.788916,7900,216.9,207.2,576
30.025085,77.779595,8000,221.0,207.5,512
30.014969,77.773617,8150,220.5,207.3,768
30.005859,77.768232,8300,219.1,207.1,896
29.996521,77.762685,8425,217.8,207.6,640
29.985626,77.756168,8525,218.7,206.9,512
29.973543,77.749091,8625,221.4,207.1,640
29.963562,77.743189,8750,220.9,206.9,768
29.951151,77.735797,8850,222.3,207.6,512
29.941681,77.73021,8975,221.4,207.1,704
29.931885,77.724394,9100,220.5,207.3,768
29.919356,77.71701,9225,220.0,207.0,384
29.903528,77.707699,9325,221.8,206.8,512
29.891922,77.700806,9425,222.7,207.3,448
29.879242,77.693305,9525,222.3,207.0,512
29.866241,77.685647,9625,224.1,207.4,320
29.856857,77.680048,9675,224.8,209.3,384
29.853287,77.67746,9700,224.9,213.8,384
29.849807,77.674525,9725,223.7,218.1,448
29.83992,77.665259,9800,225.9,219.6,64
29.824036,77.650047,9850,230.1,219.7,320
29.813589,77.640112,9950,229.4,219.5,448
29.800741,77.62794,10050,230.1,219.7,384
29.789429,77.617352,10150,230.5,218.7,256
29.775558,77.604517,10225,231.8,219.1,384
29.764481,77.594112,10325,233.0,219.4,384
29.747406,77.578213,10400,236.1,218.8,256
29.733124,77.565167,10500,235.5,218.6,448
29.718576,77.55179,10575,234.7,218.8,192
29.702591,77.537226,10650,236.9,218.7,256
29.690964,77.526503,10750,234.6,219.1,576
29.676865,77.513299,10825,233.2,219.1,256
29.666577,77.503483,10825,234.7,220.7,-128
29.653885,77.491379,10825,238.0,219.4,64
29.639763,77.478063,10900,239.2,220.1,448
29.628917,77.467669,11025,239.9,219.9,704
29.619507,77.45879,11125,239.3,219.7,320
29.61731,77.456677,11100,241.4,220.0,-320
29.615463,77.454906,11075,242.0,220.1,-704
29.610443,77.450022,11025,242.5,220.6,-384
29.607376,77.446958,11025,241.0,221.0,64
29.603685,77.443812,11050,239.6,217.5,192
29.601562,77.44231,11050,239.9,210.8,192
29.597992,77.440409,11050,240.9,202.2,-192
29.59484,77.439342,11075,238.7,195.6,128
29.590464,77.438588,11125,234.8,187.1,832
29.58284,77.437609,11200,233.6,186.6,512
29.580551,77.437345,11175,234.4,186.4,0
29.558807,77.434704,11225,238.1,185.5,448
29.537613,77.43238,11275,236.1,185.6,64
29.516633,77.43024,11300,241.0,185.2,64
29.506251,77.429056,11275,243.0,185.2,-384
29.503326,77.428736,11275,242.1,185.4,-192
29.501541,77.428524,11300,240.2,185.7,384
29.499802,77.428313,11325,239.0,185.3,768
29.498663,77.428194,11350,237.9,185.1,1024
29.497147,77.428049,11400,235.9,184.9,1280
29.493775,77.427763,11500,231.7,184.5,1728
29.486839,77.427171,11675,222.6,184.1,1664
29.48172,77.426728,11775,218.6,184.2,1280
29.473153,77.425824,11925,212.8,184.9,896
29.46603,77.425178,11975,210.8,184.9,448
29.447363,77.423347,12025,210.6,184.4,64
29.430371,77.422001,12025,214.8,185.1,0
29.426182,77.421408,12000,217.2,188.2,-64
29.421066,77.420232,12000,217.7,191.9,-128
29.416672,77.418911,12000,219.4,195.9,-64
29.411591,77.41701,12000,221.4,199.2,64
29.404674,77.413922,12000,223.0,201.9,-64
29.398809,77.41096,12000,224.2,204.5,0
29.387543,77.404767,12000,225.9,206.0,64
29.368643,77.393889,12000,229.9,206.9,-64
29.350388,77.383311,12000,230.8,206.2,128
29.331345,77.372695,12000,231.7,206.1,64
29.312073,77.361867,12000,229.9,206.3,0
29.293304,77.351303,12000,228.5,206.2,64
29.274399,77.340581,12000,226.3,206.2,0
29.25594,77.330179,12000,225.0,206.1,-64
29.238623,77.320431,12000,221.4,206.6,0
29.235457,77.318438,11975,220.7,211.1,-128
29.232834,77.316337,11975,221.1,215.1,-128
29.231323,77.314752,11975,220.1,222.6,-128
29.229266,77.312191,11975,219.0,228.9,128
29.225402,77.306644,12000,215.8,232.0,256
29.218735,77.297005,12000,215.0,233.1,-192
29.216263,77.292727,11975,215.8,237.5,-128
29.213379,77.287234,11975,215.0,240.4,-64
29.209625,77.279153,12000,212.0,242.5,64
29.201195,77.260545,12000,204.4,242.9,64
29.197796,77.252844,12000,203.1,244.9,0
29.19603,77.247989,12000,203.9,248.7,-192
29.194445,77.242773,12000,204.9,252.1,64
29.191977,77.233187,12000,205.8,254.2,256
29.190399,77.226545,12025,209.8,256.5,-64
29.189804,77.222848,12000,213.3,261.6,-256
29.189621,77.219837,12000,215.5,266.0,-256
29.189621,77.216245,11975,218.1,271.3,-128
29.190079,77.208851,12000,217.6,274.2,256
29.190903,77.196913,12025,218.8,275.0,-128
29.192734,77.174413,12000,216.7,274.8,-64
29.194702,77.151859,12000,215.8,275.0,64
29.196579,77.128988,12000,218.0,275.5,128
29.198318,77.107174,12000,217.7,274.7,64
29.1996,77.088952,12000,218.5,273.7,-128
29.199646,77.08499,11975,216.1,268.7,0
29.199333,77.081748,11975,214.3,261.7,-128
29.198774,77.079163,11975,212.0,255.2,-192
29.197906,77.076539,11975,211.0,248.3,-64
29.196762,77.074162,11975,208.9,239.5,0
29.195755,77.072419,11975,208.0,233.4,192
29.193604,77.06962,12000,208.0,226.9,256
29.191465,77.067476,12000,207.6,221.3,256
29.18951,77.065914,12000,209.7,213.9,64
29.187012,77.064338,12000,210.2,207.8,-192
29.181782,77.061498,12000,209.9,204.5,192
29.170051,77.055682,12025,209.7,203.0,-128
29.152361,77.047335,12000,211.2,202.6,-64
29.137185,77.040172,12000,210.0,201.8,-128
29.125534,77.035024,12000,210.4,200.6,-128
29.112047,77.02967,12000,203.7,199.5,192
29.106694,77.027516,12000,203.7,199.5,-128
29.103653,77.026256,11950,203.4,200.1,-512
29.09338,77.021969,11825,205.2,199.1,-576
29.0858,77.018967,11775,201.3,201.0,-384
29.074173,77.013843,11675,205.6,201.7,-512
29.062143,77.008021,11550,209.8,202.4,-320
29.048767,77.001906,11450,216.9,201.4,-640
29.036957,76.996677,11350,221.4,201.5,-512
29.023819,76.991025,11250,220.9,200.4,-256
29.014055,76.986802,11175,221.5,202.3,-576
29.008841,76.984163,11125,221.0,205.2,-640
29.000656,76.979458,11050,219.6,207.4,-448
28.982895,76.968842,11000,217.4,207.4,-64
28.96564,76.958582,11000,216.9,207.8,0
28.948929,76.94877,11025,213.8,206.7,64
28.931717,76.938682,11000,216.9,206.6,-128
28.913967,76.928639,11000,218.2,206.7,-64
28.895905,76.918353,11000,218.7,206.3,0
28.878122,76.908174,11000,220.9,206.9,-64
28.861317,76.898427,11000,220.5,206.7,-128
28.843185,76.888029,11000,220.0,207.0,-64
28.825653,76.877729,11000,217.4,207.4,0
28.8078,76.867165,10975,215.1,207.4,-128
28.795898,76.86014,10875,217.8,207.6,-512
28.783575,76.852812,10775,220.1,207.6,-448
28.775208,76.847992,10725,221.4,206.0,-448
28.771317,76.846196,10675,222.3,201.4,-512
28.765411,76.843872,10625,223.9,197.9,-512
28.756854,76.840964,10575,224.4,195.8,-512
28.744125,76.8369,10450,224.4,195.8,-512
28.731033,76.832674,10350,222.3,195.7,-576
28.719498,76.828977,10225,221.6,196.0,-576
28.707089,76.824861,10100,220.9,196.3,-576
28.693771,76.82042,10000,221.6,196.0,-320
28.674408,76.814029,10000,222.1,196.5,-64
28.654175,76.807163,10000,225.3,196.5,128
28.634079,76.800349,10025,228.4,196.5,0
28.613938,76.793518,10000,231.6,196.6,-64
28.593409,76.786679,10000,231.3,196.3,0
28.573112,76.779839,10000,230.4,196.4,64
28.553606,76.773376,10025,227.2,196.4,0
28.534101,76.766806,10000,228.2,196.3,-64
28.514549,76.760236,10000,227.2,196.4,-64
28.494299,76.75345,10000,226.2,196.4,0
28.474375,76.746772,10000,224.0,196.3,0
28.454823,76.740256,10000,222.1,196.5,0
28.435684,76.733798,10000,219.9,196.4,0
28.41665,76.727439,10000,219.9,196.4,-64
28.39769,76.721068,10025,218.0,196.5,128
28.378143,76.714571,10000,220.6,196.1,0
28.358871,76.708128,10000,224.0,196.3,0
28.339005,76.701472,10000,226.2,196.4,0
28.318937,76.694749,10000,228.2,196.3,0
28.298873,76.688017,9975,230.4,196.4,-128
28.279404,76.68156,10000,230.4,196.4,64
28.259583,76.674957,10000,230.1,196.1,0
28.240311,76.668513,10000,231.3,196.3,64
28.219803,76.6617,10000,231.3,196.3,-64
28.199577,76.655004,10000,231.3,196.3,64
28.179373,76.648272,10000,233.5,196.4,0
28.15889,76.641487,10000,234.5,196.4,0
28.137942,76.634486,10000,233.5,196.4,-64
28.117598,76.627754,10000,232.6,196.5,64
28.097214,76.620924,10000,233.5,196.4,0
28.076706,76.61411,10025,230.1,196.1,-64
28.056061,76.607296,10000,228.2,196.3,0
28.036423,76.600747,10000,226.2,196.4,-64
28.016626,76.594202,10000,225.3,196.5,0
27.996702,76.587578,10000,223.1,196.4,-64
27.977737,76.581257,10000,219.9,196.4,64
27.958054,76.574707,9975,219.9,196.4,-128
27.938736,76.568333,10000,217.7,196.3,64
27.919798,76.56203,10000,217.7,196.3,0
27.90065,76.555688,10000,215.5,196.2,64
27.884949,76.550454,10000,214.5,197.1,0
27.881561,76.549107,10000,214.8,199.9,-64
27.879044,76.547863,10000,214.7,205.4,-128
27.875565,76.545738,10000,214.2,210.3,-64
27.866868,76.539741,10000,213.4,212.0,64
27.858907,76.533984,10000,212.2,213.5,0
27.854997,76.530815,10000,211.4,216.9,0
27.852064,76.528015,10000,211.0,221.9,-64
27.847828,76.52342,10000,210.0,224.8,0
27.837387,76.511432,10000,211.5,226.0,0
27.823563,76.495419,10000,215.0,225.8,0
27.809921,76.479717,9975,217.1,225.6,-64
27.79715,76.465155,10000,217.8,225.4,64
27.782455,76.448364,10000,217.1,225.9,128
27.768875,76.432571,10000,219.2,226.1,-64
27.758075,76.420159,10000,219.9,225.2,64
27.753327,76.415036,10000,220.2,222.2,0
27.745273,76.407218,10000,219.2,220.4,0
27.729958,76.392746,10000,219.3,220.0,0
27.715073,76.378715,10000,220.1,219.8,0
27.699692,76.364257,10000,220.1,219.8,64
27.684709,76.350121,10000,221.5,219.9,-64
27.668655,76.335029,10000,222.9,219.9,0
27.653183,76.320467,10000,222.1,220.1,64
27.638064,76.306123,10000,223.4,220.5,0
27.622515,76.291334,10000,223.4,220.5,-128
27.60672,76.276314,10000,222.8,220.3,64
27.591293,76.261597,10000,223.4,220.5,0
27.583272,76.253779,10000,223.0,222.3,0
27.578151,76.248234,10000,222.7,224.8,128
27.56358,76.231754,10000,224.2,225.2,-64
27.549242,76.215591,10000,222.0,225.0,64
27.535217,76.199824,10000,222.7,225.2,0
27.521118,76.18376,10000,222.8,225.9,0
27.507345,76.167896,10000,223.5,225.7,0
27.492914,76.151416,10000,221.3,225.2,0
27.48024,76.136809,10000,222.8,226.3,-64
27.466003,76.120018,10000,222.8,226.3,-64
27.452499,76.104161,10000,221.5,227.0,64
27.43868,76.087453,10000,221.4,226.6,-64
27.428625,76.075252,10000,218.1,228.0,128
27.422946,76.068332,9975,220.2,227.8,-320
27.415833,76.059593,9875,225.0,227.2,-448
27.406723,76.048607,9775,227.8,227.1,-576
27.401764,76.042874,9725,227.0,224.5,-512
27.39264,76.033261,9625,222.9,223.0,-448
27.382462,76.022696,9525,220.7,223.2,-512
27.37388,76.01377,9400,217.3,222.6,-512
27.364609,76.004092,9300,214.4,222.9,-576
27.356552,75.995696,9175,213.7,223.1,-640
27.346833,75.985512,9050,212.3,223.1,-576
27.338974,75.9773,8975,207.3,222.9,-512
27.335241,75.973364,8875,203.7,223.4,-896
27.334031,75.972096,8825,203.7,223.8,-1344
27.329086,75.96678,8650,203.0,223.6,-1472
27.324097,75.961649,8475,201.8,222.0,-1536
27.319832,75.957254,8350,201.7,222.4,-1344
27.311779,75.94875,8050,198.8,223.2,-1472
25.041938,75.130938,14000,222.3,198.4,64
25.022247,75.123683,14000,224.5,198.4,-64
25.007024,75.118138,14000,225.5,198.4,0
24.991615,75.112437,14000,227.4,199.0,0
24.974996,75.105908,14000,228.0,199.5,0
24.958649,75.099487,14000,227.1,199.6,128
24.950546,75.096334,14000,228.0,199.5,-64
24.938507,75.091654,14000,228.0,199.5,0
24.930958,75.089117,14000,227.8,192.9,-64
24.925511,75.088443,13975,227.7,187.1,-128
24.922165,75.088704,13975,226.2,177.7,-128
24.920013,75.089111,13975,224.9,170.8,-64
24.90834,75.092672,14000,224.1,165.5,64
24.891807,75.097875,14000,224.1,165.5,64
24.881007,75.101399,14000,225.0,163.7,0
24.863754,75.106913,14000,226.9,163.9,0
24.843347,75.11337,14000,227.9,163.9,0
24.824214,75.119433,14000,228.2,163.7,0
24.804289,75.125755,14000,227.9,163.9,64
24.785339,75.131785,14000,226.9,163.9,64
24.766861,75.137675,14000,226.9,163.9,-64
24.754618,75.141561,14000,226.9,163.9,-64
24.321496,75.278579,14000,234.2,163.9,0
24.148135,75.333096,14000,231.0,163.9,0
24.133026,75.33783,14000,231.0,163.9,64
