lat,lon,alt,gs,track,vs
19.437096,-99.058527,7175,86.4,113.9,512
19.436508,-99.057345,7225,89.7,120.8,640
19.434814,-99.054632,7275,91.8,123.0,576
19.433075,-99.05195,7325,96.3,124.8,576
19.432205,-99.050625,7350,97.7,125.0,512
19.430283,-99.047485,7350,97.7,122.0,512
19.427582,-99.042631,7425,106.9,118.5,0
19.42662,-99.040767,7475,106.6,119.2,512
19.423004,-99.03395,7575,104.8,119.7,192
19.420303,-99.028751,7625,106.5,118.0,576
19.417776,-99.023521,7700,108.2,116.3,192
19.414611,-99.016529,7725,112.7,115.2,64
19.411445,-99.009438,7825,110.5,115.2,512
19.408466,-99.002747,7925,111.0,114.5,384
19.404739,-98.994173,8000,113.2,114.5,256
19.401947,-98.987797,8100,110.5,115.2,512
19.40094,-98.985541,8150,110.5,115.2,640
19.39888,-98.980682,8225,108.0,113.0,512
19.395617,-98.972534,8350,100.0,112.0,440
19.391893,-98.962996,8500,111.1,110.6,448
19.389054,-98.955505,8575,115.3,111.9,192
19.38654,-98.949013,8650,110.7,112.9,448
19.38382,-98.942233,8750,108.9,113.3,448
19.380721,-98.934332,8850,107.7,111.8,384
19.378532,-98.928192,8925,107.3,111.3,320
19.377928,-98.926544,8950,113.0,111.0,384
19.377136,-98.924232,8950,110.0,110.0,-192
19.376112,-98.921248,8975,110.0,110.0,-192
19.376038,-98.920947,8975,117.4,110.4,448
19.37384,-98.914915,9100,114.9,111.4,384
19.371735,-98.909618,9175,113.8,112.7,512
19.369171,-98.903343,9325,110.7,112.9,768
19.368439,-98.901718,9350,108.0,116.0,0
19.367432,-98.899467,9400,100.0,115.0,448
19.36657,-98.89753,9425,106.0,115.0,440
19.365639,-98.895576,9475,100.0,117.0,440
19.36322,-98.890144,9600,100.0,116.0,440
19.360657,-98.884644,9750,100.0,117.0,832
19.360098,-98.883392,9775,90.0,115.0,0
19.359146,-98.881317,9850,97.0,116.0,896
19.358282,-98.879349,9925,90.0,115.0,888
19.357498,-98.877594,9975,96.0,115.0,896
19.356125,-98.874306,10075,90.0,114.0,760
19.355392,-98.872345,10125,98.0,112.0,704
19.353395,-98.866966,10300,98.0,112.0,832
19.352837,-98.865669,10350,90.0,114.0,0
19.352371,-98.864319,10375,90.0,110.0,888
19.351393,-98.861671,10450,100.0,111.0,640
19.350182,-98.858025,10525,100.0,110.0,512
19.349487,-98.855911,10550,110.0,109.0,384
19.34832,-98.85273,10600,113.0,111.0,0
19.347153,-98.849632,10650,115.0,112.0,512
19.346008,-98.846397,10700,115.0,111.0,512
19.34436,-98.841545,10775,118.0,110.0,320
19.342875,-98.8368,10825,118.0,108.0,576
19.3423,-98.834969,10875,117.0,108.0,0
19.341751,-98.833351,10900,116.0,110.0,512
19.340195,-98.828499,10975,115.0,108.0,0
19.339754,-98.826813,11000,116.0,106.0,512
19.338135,-98.820503,11075,115.0,105.0,64
19.336578,-98.813683,11125,115.0,104.0,192
19.335205,-98.807259,11175,115.0,103.0,320
19.334198,-98.802155,11225,116.0,102.0,128
19.333054,-98.795586,11225,119.0,102.0,-128
19.332771,-98.793953,11225,119.0,100.0,-64
19.331726,-98.786858,11225,116.0,99.0,384
19.33119,-98.783569,11200,114.0,100.0,-1024
19.33091,-98.782074,11250,114.0,101.0,320
19.330305,-98.778679,11225,112.0,101.0,-128
19.329559,-98.775383,11225,112.0,103.0,0
19.329233,-98.773979,11225,114.0,104.0,0
19.328444,-98.770737,11225,114.0,104.0,512
19.327377,-98.765816,11250,117.0,102.0,448
19.327011,-98.764145,11250,117.0,103.0,-256
19.326645,-98.762238,11250,116.0,102.0,0
19.324951,-98.752914,11375,109.0,101.0,384
19.324673,-98.75106,11375,109.0,99.0,-64
19.32399,-98.746193,11375,110.0,98.0,64
19.323257,-98.739771,11400,113.6,96.1,320
19.323166,-98.738692,11400,113.6,96.1,-64
19.323136,-98.738426,11375,113.5,95.6,-576
19.322937,-98.736436,11400,114.6,96.0,-192
19.322856,-98.735829,11425,115.6,96.0,1024
19.32281,-98.735279,11425,116.6,95.9,768
19.322763,-98.73468,11400,116.6,95.9,448
19.322708,-98.734425,11375,116.6,95.9,-576
19.322617,-98.733052,11400,116.5,95.4,-448
19.322577,-98.732783,11400,116.5,95.4,64
19.322437,-98.731284,11375,116.4,94.9,-128
19.322391,-98.730485,11350,116.4,94.9,-448
19.321472,-98.71976,11300,116.4,94.9,-448
19.321413,-98.719499,11300,116.4,94.9,-448
19.321381,-98.718976,11300,116.5,95.4,64
19.321106,-98.716131,11300,115.9,96.9,128
19.321014,-98.715591,11275,116.0,97.4,-448
19.320786,-98.714022,11275,116.3,98.4,-192
19.320694,-98.713237,11300,117.2,98.3,128
19.320436,-98.711459,11275,117.2,98.3,128
19.320389,-98.71091,11250,117.1,97.8,-512
19.320145,-98.708823,11275,115.9,96.9,-128
19.319877,-98.706715,11275,114.9,97.0,-384
19.31987,-98.706469,11275,115.0,97.5,512
19.319737,-98.705367,11275,115.0,97.5,512
19.319687,-98.705096,11275,115.0,97.5,-64
19.319365,-98.70257,11250,116.0,97.4,-256
19.319321,-98.7023,11225,115.0,97.5,-768
19.319229,-98.701613,11225,115.0,97.5,-384
19.319092,-98.700093,11250,114.9,97.0,-64
19.317947,-98.690676,11250,119.8,96.7,384
19.317875,-98.690036,11225,119.8,96.7,640
19.317782,-98.689436,11200,118.7,96.3,-320
19.317719,-98.688616,11250,117.7,96.3,512
19.317398,-98.685869,11275,117.0,97.4,512
19.317317,-98.685342,11275,116.0,97.4,-128
19.316339,-98.678051,11275,110.3,98.9,64
19.315175,-98.67061,11225,111.3,98.8,-384
19.314756,-98.668013,11200,113.4,99.1,-192
19.314663,-98.667464,11200,114.4,99.1,-960
19.314651,-98.667183,11200,114.4,99.1,128
19.314291,-98.664967,11200,116.6,99.4,-128
19.314198,-98.664418,11175,117.5,99.3,-384
19.313828,-98.661886,11125,116.7,99.9,-640
19.313686,-98.661272,11100,116.7,99.9,-1280
19.313644,-98.660758,11125,116.6,99.4,-1280
19.313592,-98.660473,11150,116.7,99.9,-320
19.313507,-98.660169,11150,116.9,100.3,128
19.312775,-98.656589,11150,118.1,103.2,192
19.312475,-98.655279,11150,119.6,104.0,-64
19.312042,-98.653548,11150,121.8,104.3,0
19.31187,-98.652882,11100,121.8,104.3,-768
19.311813,-98.652616,11125,121.8,104.3,0
19.31131,-98.650507,11100,122.7,104.2,0
19.311218,-98.650235,11100,123.5,103.6,-576
19.309753,-98.643347,11050,119.1,103.1,-128
19.309589,-98.642745,11025,117.9,102.7,-576
19.308611,-98.6382,10975,115.0,103.1,-128
19.30768,-98.633906,10925,116.0,103.0,-448
19.307308,-98.632208,10875,118.4,103.7,-448
19.307236,-98.631919,10875,118.1,103.2,-1152
19.307168,-98.631658,10850,118.4,103.7,-1728
19.307053,-98.631134,10850,119.3,103.6,-1344
19.306935,-98.63051,10850,119.3,103.6,-704
19.306796,-98.62996,10800,119.3,103.6,-1024
19.306595,-98.629123,10775,119.3,103.6,-1216
19.306516,-98.628812,10750,119.1,103.1,-1792
19.30647,-98.628462,10750,119.1,103.1,-1792
19.30633,-98.627913,10750,119.1,103.1,-1088
19.306229,-98.627407,10750,119.1,103.1,-576
19.305958,-98.626215,10700,118.1,103.2,-1024
19.305632,-98.624767,10675,117.2,103.3,-576
19.304189,-98.618675,10575,116.7,104.4,-384
19.304031,-98.618088,10550,116.7,104.4,-1152
19.30394,-98.617744,10525,117.6,104.3,-1024
19.303894,-98.617548,10550,117.6,104.3,128
19.303816,-98.617276,10575,117.6,104.3,704
19.303757,-98.61696,10575,117.6,104.3,192
19.303537,-98.616028,10525,117.6,104.3,-832
19.303436,-98.615734,10525,117.6,104.3,-640
19.303253,-98.614851,10475,117.4,103.8,-1344
19.302979,-98.613772,10475,116.4,103.9,-960
19.302839,-98.613131,10450,116.4,103.9,-704
19.301442,-98.607638,10350,117.4,105.8,-960
19.30014,-98.602785,10200,118.4,105.7,-1024
19.299774,-98.601412,10175,118.7,106.1,-1024
19.29958,-98.600847,10175,118.7,106.1,-320
19.299347,-98.599948,10125,119.0,106.6,-768
19.298447,-98.5969,10100,118.6,107.7,-512
19.29837,-98.596602,10100,119.6,107.5,64
19.297897,-98.595085,10075,120.2,106.9,0
19.297811,-98.594804,10050,120.2,106.9,-768
19.297578,-98.593905,10025,120.9,106.3,-960
19.296524,-98.590033,9950,122.8,106.1,-768
19.295151,-98.584835,9800,122.5,105.6,-768
19.293503,-98.578606,9675,123.8,105.9,-640
19.293249,-98.577725,9650,123.8,105.9,-960
19.291713,-98.571883,9500,124.9,104.4,-704
19.290161,-98.565903,9375,126.0,106.1,-768
19.288467,-98.55987,9250,125.3,106.7,-384
19.287663,-98.557151,9225,124.3,106.8,-192
19.287523,-98.556552,9200,124.3,106.8,-896
19.286179,-98.552121,9125,123.7,107.4,-448
19.284125,-98.544916,9000,123.1,106.5,-576
19.283799,-98.543768,9000,122.1,106.7,-576
19.283707,-98.543489,9025,122.4,107.1,0
19.283566,-98.542969,9025,122.4,107.1,128
19.283432,-98.542459,8975,122.7,107.6,-960
19.283147,-98.54157,8950,123.0,108.0,-896
19.282868,-98.540672,8950,123.0,108.0,-448
19.282791,-98.54035,8925,122.7,107.6,-1408
19.282589,-98.539723,8925,123.7,107.4,-768
19.282196,-98.53829,8900,123.7,107.4,-512
19.280959,-98.53398,8825,124.0,106.4,-896
19.280773,-98.533381,8775,124.7,105.8,-1152
19.280354,-98.531833,8750,123.8,105.9,-1216
19.280228,-98.531325,8750,123.8,105.9,-384
19.278625,-98.526028,8650,123.0,108.0,-832
19.277939,-98.523723,8625,124.0,107.8,-640
19.277654,-98.522894,8600,124.3,108.3,-128
19.277573,-98.522595,8600,124.3,108.3,-704
19.277049,-98.520896,8600,124.3,108.3,-512
19.276199,-98.518328,8525,124.6,108.7,-960
19.275373,-98.515703,8500,125.2,108.2,-704
19.27446,-98.512786,8450,123.7,108.9,-320
19.272766,-98.507636,8375,122.4,110.1,-576
19.272446,-98.506753,8400,122.8,110.5,128
19.272079,-98.505723,8350,122.8,110.5,-448
19.269507,-98.498274,8250,123.7,108.9,-512
19.267738,-98.492831,8175,122.1,109.6,-128
19.267366,-98.491733,8175,122.4,110.1,-320
19.267273,-98.491451,8150,122.8,110.5,-896
19.266998,-98.490666,8175,122.8,110.5,-128
19.264014,-98.481945,8075,125.6,110.0,-384
19.262192,-98.476345,8025,127.4,108.3,0
19.259545,-98.467812,8000,126.5,108.4,-256
19.257683,-98.462019,8000,125.9,109.0,0
19.25503,-98.454179,7950,126.5,109.9,-256
19.253311,-98.449271,7925,124.7,110.2,-448
19.253214,-98.448986,7925,124.7,110.2,320
19.252237,-98.446239,7925,124.7,110.2,320
19.251119,-98.443443,7925,124.2,112.2,-64
19.249741,-98.439805,7875,126.5,112.3,0
19.249649,-98.439609,7875,127.6,111.1,-576
19.248642,-98.436813,7850,127.2,110.7,-384
19.247452,-98.433184,7800,132.2,107.6,-640
19.247395,-98.432856,7775,132.9,107.1,-1216
19.246743,-98.430509,7725,131.5,105.0,-1152
19.246557,-98.42976,7750,130.0,104.2,-128
19.246445,-98.429211,7725,130.0,104.2,-320
19.246324,-98.428661,7775,128.8,103.9,704
19.245667,-98.425925,7800,127.1,104.6,512
19.24558,-98.425665,7800,127.1,104.6,0
19.244064,-98.419157,7725,127.3,103.2,-448
19.243881,-98.418323,7750,127.3,103.2,0
19.2426,-98.412082,7725,127.5,101.3,-192
19.241669,-98.407338,7700,127.5,101.3,-384
19.241204,-98.404891,7675,126.5,101.4,0
19.240086,-98.399447,7675,126.4,103.3,-384
19.239202,-98.395852,7625,126.7,105.6,-320
19.237573,-98.390209,7625,125.9,107.6,128
19.234733,-98.38102,7600,124.6,108.7,192
19.233215,-98.376536,7625,123.1,110.9,64
19.232391,-98.374525,7600,122.6,115.1,-256
19.231659,-98.373053,7600,123.5,119.1,64
19.230103,-98.370258,7575,123.0,121.4,-384
19.2264,-98.363792,7550,123.3,120.7,-448
19.226074,-98.363242,7550,123.3,120.7,128
19.222024,-98.355951,7525,124.5,119.9,-192
19.216671,-98.346114,7475,127.6,119.6,-64
19.215683,-98.344214,7450,128.4,118.4,-832
19.213715,-98.34034,7450,127.1,118.2,64
19.208943,-98.330983,7450,125.7,118.0,-128
19.205154,-98.32337,7450,127.0,117.2,-128
19.202911,-98.318661,7425,127.9,117.0,0
19.197647,-98.307969,7425,125.7,118.0,64
19.19521,-98.303217,7400,127.1,118.2,-192
19.192337,-98.297866,7375,127.3,120.2,-192
19.190229,-98.294228,7375,127.4,121.2,-64
19.188446,-98.291343,7375,128.1,124.2,-64
19.186412,-98.288186,7375,126.8,124.1,-512
19.186249,-98.287958,7375,126.8,124.1,448
19.18309,-98.283054,7400,126.2,123.7,320
19.180919,-98.279597,7400,125.6,123.3,128
19.177055,-98.273155,7400,125.7,121.7,-256
19.174393,-98.268438,7375,125.9,120.0,128
19.169839,-98.259771,7375,125.8,119.0,-64
19.165044,-98.250583,7400,123.9,118.4,0
19.161484,-98.243376,7425,125.7,117.0,-320
19.159561,-98.239452,7450,123.9,117.4,0
19.1586,-98.237441,7425,122.5,117.2,192
19.158201,-98.23665,7375,118.1,117.2,-1472
19.157596,-98.235352,7325,112.7,116.3,-1344
19.156265,-98.232438,7325,111.8,116.6,-704
19.155873,-98.231606,7325,99.7,115.5,-64
19.155487,-98.23082,7325,95.3,115.5,-128
19.154849,-98.229409,7300,91.2,116.0,-320
19.154104,-98.227761,7275,86.8,116.0,-512
19.153061,-98.225523,7250,81.8,116.9,-128
19.152661,-98.224765,7250,77.8,117.6,-128
19.152191,-98.223904,7250,73.1,120.4,-192
19.151825,-98.223316,7225,68.4,127.9,-256
19.151413,-98.222874,7225,65.8,134.4,-320
19.149216,-98.221991,7125,49.8,169.6,-640
19.148483,-98.221893,7100,45.4,172.4,-512
19.147293,-98.221648,7025,41.6,170.3,-512
19.147215,-98.221669,7025,36.5,170.5,-576
19.146881,-98.221599,7000,35.4,171.9,-576
19.145325,-98.221306,6925,20.0,169.0,-248
19.144235,-98.221169,6875,21.2,171.9,-320
19.142653,-98.22067,6850,24.6,153.4,64
19.142441,-98.220569,6850,28.6,155.2,192
19.142212,-98.220471,6875,32.7,156.6,512
19.141937,-98.220373,6875,37.3,159.6,576
19.141663,-98.220226,6900,44.0,162.8,576
19.141251,-98.220177,6925,48.1,168.0,448
19.140651,-98.220121,6925,55.0,181.0,512
19.140139,-98.22022,6950,58.1,190.9,512
19.139254,-98.22067,7000,63.2,214.7,640
19.138916,-98.22101,7000,64.4,224.4,448
19.138687,-98.221354,7000,68.0,237.0,448
19.138504,-98.221795,7025,71.9,248.8,640
19.138321,-98.222482,7050,74.3,259.1,576
19.138277,-98.223117,7050,77.0,270.0,512
19.138323,-98.223516,7075,78.5,276.6,576
19.138509,-98.224265,7100,81.3,288.7,640
19.138962,-98.225179,7125,87.0,300.4,640
19.13942,-98.225817,7125,90.8,306.5,384
19.141296,-98.228122,7150,95.8,310.3,64
19.142807,-98.229741,7175,101.1,313.8,64
19.143311,-98.230329,7200,103.9,314.6,704
19.144547,-98.231653,7200,105.4,314.6,320
19.147447,-98.234752,7250,108.2,314.6,192
19.151001,-98.238618,7250,115.3,313.2,192
19.151684,-98.239397,7250,116.0,313.6,0
19.155396,-98.243425,7250,116.0,314.3,128
19.158294,-98.246687,7275,113.9,313.2,64
19.158463,-98.246858,7250,115.3,313.2,-448
19.158829,-98.247299,7300,115.3,313.2,256
19.162262,-98.251223,7300,115.4,311.8,-128
19.167651,-98.257574,7350,119.1,310.9,320
19.172213,-98.263317,7350,119.3,309.6,-128
19.173752,-98.265299,7375,115.3,308.7,320
19.179382,-98.272705,7475,115.3,308.7,256
19.181756,-98.275901,7475,117.4,306.0,-64
19.183823,-98.279179,7475,117.0,303.1,-128
19.189865,-98.288792,7450,120.7,303.2,192
19.193581,-98.294828,7425,120.4,302.1,256
19.193767,-98.295127,7450,119.9,301.7,-384
19.193893,-98.295364,7450,119.4,301.3,320
19.197144,-98.301054,7500,118.3,300.5,0
19.197693,-98.302035,7500,118.3,300.5,192
19.19805,-98.302668,7525,118.3,300.5,768
19.198795,-98.303966,7525,119.4,301.3,384
19.201169,-98.308111,7525,120.7,301.5,-64
19.203918,-98.312629,7550,121.5,302.9,192
19.207031,-98.317484,7575,122.6,303.7,0
19.213552,-98.327437,7575,125.1,304.6,-128
19.217377,-98.333375,7625,125.9,304.3,64
19.220123,-98.337789,7650,124.6,302.5,64
19.221698,-98.340571,7625,125.0,300.3,-192
19.22319,-98.343577,7650,127.9,297.0,64
19.228495,-98.354753,7650,130.6,296.4,-256
19.230057,-98.357996,7650,130.6,296.4,128
19.230171,-98.358299,7650,129.7,296.6,512
19.231195,-98.360446,7650,130.1,297.0,448
19.231522,-98.361086,7650,130.1,297.0,0
19.236502,-98.371632,7675,126.1,296.4,0
19.239899,-98.378988,7700,125.7,294.9,128
19.242416,-98.38507,7750,126.1,296.4,384
19.243423,-98.386884,7775,126.2,302.0,192
19.244881,-98.38906,7775,127.1,305.1,128
19.248978,-98.394953,7800,125.8,306.6,128
19.255463,-98.404149,7850,126.0,306.0,64
19.256653,-98.406012,7850,126.2,303.7,-64
19.258026,-98.408318,7850,127.3,300.2,-320
19.258288,-98.408786,7850,127.1,299.2,256
19.258942,-98.410181,7850,127.5,295.6,0
19.259674,-98.412143,7850,125.9,290.5,-128
19.260709,-98.415378,7850,128.4,286.7,128
19.261314,-98.417575,7825,129.1,286.2,-192
19.262059,-98.42107,7825,131.0,282.3,192
19.262512,-98.423375,7875,128.5,281.2,576
19.262604,-98.423963,7875,128.3,280.8,1024
19.262833,-98.425189,7875,128.1,280.3,1152
19.262878,-98.425533,7875,126.9,280.0,192
19.264206,-98.433135,7950,122.4,281.3,320
19.264572,-98.434901,7975,122.8,282.2,576
19.266109,-98.441944,8100,120.5,283.9,384
19.267832,-98.449036,8200,120.8,284.4,768
19.269104,-98.454029,8275,118.4,285.7,320
19.271072,-98.461091,8375,116.8,286.4,512
19.273092,-98.467962,8450,115.4,287.6,704
19.275055,-98.474236,8575,115.7,288.1,576
19.277115,-98.480955,8700,113.5,288.0,640
19.279037,-98.487282,8825,110.1,287.5,640
19.280548,-98.49199,8925,108.2,289.4,640
19.282402,-98.497475,9050,107.2,289.6,512
19.284439,-98.503663,9175,107.2,289.6,832
19.28627,-98.509058,9300,106.6,290.3,576
19.28833,-98.514944,9425,107.0,290.8,640
19.290573,-98.521271,9525,108.9,290.4,576
19.292587,-98.527009,9650,110.4,289.6,576
19.294647,-98.53314,9750,111.1,290.6,448
19.297066,-98.539923,9850,112.4,290.9,448
19.299454,-98.546235,9950,113.5,292.3,512
19.30188,-98.552366,10075,113.5,292.3,640
19.304352,-98.558791,10200,113.8,292.7,640
19.306412,-98.563941,10325,111.1,293.3,704
19.308334,-98.568747,10425,112.7,291.3,448
19.310473,-98.574729,10500,117.0,290.0,512
19.311859,-98.579145,10575,118.6,287.7,320
19.314198,-98.586964,10675,122.4,287.1,512
19.316895,-98.596017,10775,124.6,287.3,384
19.318946,-98.603493,10875,124.7,285.8,512
19.321838,-98.614556,10925,129.3,284.8,64
19.323807,-98.622551,10975,130.5,283.3,384
19.324625,-98.626615,11000,130.1,282.4,192
19.324998,-98.628362,11050,130.8,281.9,640
19.325272,-98.629712,11025,132.8,281.7,192
19.326141,-98.634224,11000,135.5,281.1,-192
19.326208,-98.634555,10975,135.5,281.1,-640
19.326301,-98.635204,10975,135.3,280.6,-960
19.32637,-98.635499,11000,135.3,280.6,192
19.32807,-98.644293,11025,136.7,281.4,-128
19.328117,-98.644542,11000,136.7,281.4,-448
19.328293,-98.645505,11000,136.7,281.4,-640
19.328489,-98.64664,11000,136.7,281.4,-1088
19.328568,-98.646976,11000,137.5,280.9,256
19.329187,-98.650485,11000,138.3,280.4,-192
19.3293,-98.651243,10975,138.1,280.0,-768
19.329483,-98.652175,11000,138.1,280.0,256
19.329895,-98.655069,10975,136.5,278.4,-192
19.330811,-98.661739,10950,134.2,277.7,64
19.330811,-98.661984,10975,134.2,277.7,576
19.331143,-98.664517,10975,134.1,277.3,320
19.331177,-98.664878,10950,134.0,276.9,-320
19.331543,-98.668507,10950,133.7,276.0,64
19.331589,-98.6689,10975,133.7,276.0,448
19.331726,-98.670714,10950,133.6,275.6,320
19.331772,-98.671107,10950,133.5,275.2,-320
19.332074,-98.674955,10950,132.5,275.2,-192
19.33212,-98.675204,10950,133.5,275.2,384
19.332353,-98.677951,10950,134.5,274.7,64
19.332353,-98.67845,10950,135.4,274.2,-448
19.332458,-98.679444,10925,135.3,273.8,-448
19.332458,-98.679886,10925,135.3,273.8,128
19.332493,-98.680448,10925,135.3,273.8,-128
19.332687,-98.684006,10900,138.1,272.5,-192
19.332679,-98.684343,10900,138.1,271.7,-704
19.332679,-98.684742,10900,138.0,270.8,128
19.332632,-98.687439,10925,138.2,267.1,-128
19.332353,-98.690136,10925,136.9,263.3,-320
19.332027,-98.692633,10925,136.3,262.0,-704
19.331955,-98.692981,10925,136.8,260.7,384
19.33168,-98.694698,10950,137.3,259.5,320
19.331608,-98.69503,10925,136.7,258.6,-192
19.331543,-98.695335,10900,136.7,258.6,-704
19.331143,-98.697227,10900,137.1,257.8,-704
19.33105,-98.697626,10900,137.3,257.4,128
19.330072,-98.702021,10925,140.2,256.0,448
19.329467,-98.704418,10900,140.0,254.7,-384
19.329234,-98.705317,10875,140.0,254.7,-384
19.329163,-98.705635,10850,139.0,254.6,-1408
19.328979,-98.706322,10875,139.0,254.6,-64
19.328384,-98.708529,10925,139.3,254.2,768
19.327418,-98.712008,10900,140.5,253.9,-128
19.326141,-98.716278,10850,141.0,251.8,-64
19.318176,-98.743842,10600,141.2,262.7,-384
19.318061,-98.744867,10600,141.0,263.1,-320
19.318015,-98.745567,10625,140.8,263.9,384
19.317902,-98.746589,10600,140.7,264.3,-256
19.317829,-98.747364,10575,140.6,264.7,-704
19.317627,-98.749433,10575,138.5,265.0,320
19.317549,-98.750461,10550,136.5,265.0,64
19.317363,-98.753357,10550,132.3,266.1,-192
19.317123,-98.757575,10550,126.2,266.8,256
19.316805,-98.763694,10550,124.1,267.7,512
19.316757,-98.764588,10550,123.1,267.7,-384
19.316666,-98.769539,10550,122.1,268.1,-512
19.316711,-98.77317,10550,122.0,271.0,256
19.316711,-98.775085,10575,123.0,270.0,512
19.316805,-98.777077,10575,123.0,273.0,640
19.316849,-98.780579,10500,121.0,271.0,-512
19.316991,-98.786665,10425,121.0,271.0,-512
19.317038,-98.790962,10425,120.0,270.0,-384
19.317215,-98.801666,10275,119.0,271.0,-576
19.317261,-98.803284,10275,120.0,272.0,0
19.317352,-98.808586,10225,121.0,272.0,-512
19.317596,-98.815628,10150,122.0,272.0,-704
19.317673,-98.817604,10150,122.0,272.0,256
19.317993,-98.822853,10125,122.0,273.0,-64
19.31813,-98.824768,10075,122.0,274.0,-704
19.318542,-98.830162,10000,123.0,275.0,-832
19.318712,-98.831909,10025,123.0,276.0,64
19.318993,-98.835655,9975,124.0,274.0,-384
19.319641,-98.844879,9875,127.0,273.0,-64
19.319778,-98.846352,9825,127.0,276.0,-896
19.320017,-98.850533,9775,126.0,274.0,-576
19.320145,-98.852432,9725,126.0,274.0,-1280
19.320236,-98.854294,9775,128.0,273.0,640
19.320715,-98.862671,9650,128.3,273.6,512
19.321014,-98.869156,9525,128.0,272.0,-960
19.321274,-98.874702,9400,126.0,273.0,-640
19.321701,-98.880432,9325,126.0,274.0,-384
19.322298,-98.888389,9225,126.0,274.0,64
19.322624,-98.895432,9050,127.0,273.0,-704
19.322857,-98.898628,9000,124.0,274.0,-704
19.323395,-98.904373,8900,123.0,275.0,-832
19.323881,-98.908012,8875,123.0,278.0,64
19.324114,-98.90976,8825,123.0,278.0,-896
19.324402,-98.91153,8775,123.0,280.0,0
19.324951,-98.915108,8700,125.0,279.0,-832
19.325603,-98.919052,8625,125.0,280.0,-640
19.327372,-98.929634,8475,123.0,279.0,-576
19.327972,-98.933212,8475,122.0,280.0,-256
19.328522,-98.936302,8475,126.0,281.0,64
19.329187,-98.94062,8425,127.0,279.0,-704
19.329666,-98.943756,8375,126.0,279.0,-832
19.330118,-98.946014,8400,126.0,282.0,-64
19.331772,-98.95327,8350,128.0,283.0,-192
19.333517,-98.960548,8300,124.0,284.0,-128
19.335617,-98.969406,8250,125.0,283.0,0
19.336449,-98.973083,8225,129.0,284.0,-64
19.337997,-98.982307,8150,130.7,279.2,320
19.338823,-98.987617,8150,130.7,279.0,-448
19.339104,-98.98951,8125,125.0,279.0,-512
19.339645,-98.993042,8100,122.0,279.0,-128
19.340219,-98.996803,8125,123.0,279.0,704
19.340639,-99.000351,8100,122.9,277.0,-128
19.341989,-99.012734,8075,120.7,276.2,64
19.342082,-99.013633,8050,120.7,276.2,-896
19.342163,-99.014675,8075,120.7,276.2,-128
19.3423,-99.015705,8075,121.8,276.6,576
19.342529,-99.017765,8075,122.9,277.0,192
19.342688,-99.019226,8050,122.9,277.0,-448
19.342987,-99.02159,8050,121.9,277.1,-64
19.343307,-99.02468,8075,122.8,276.5,-192
19.343432,-99.025918,8075,123.6,275.6,0
19.343944,-99.03251,8075,125.3,274.1,-384
19.344086,-99.03498,8050,122.3,274.2,-128
19.344131,-99.035225,8075,122.3,274.2,384
19.344457,-99.039101,8025,121.4,274.7,256
19.345093,-99.044884,8000,120.8,276.6,256
19.345642,-99.050476,7925,122.0,276.0,-384
19.346878,-99.061416,7925,120.6,275.7,-192
19.347948,-99.071062,7900,118.8,276.8,-64
19.348413,-99.075955,7900,123.7,276.0,0
19.348663,-99.078189,7875,124.8,276.4,-320
19.349345,-99.083796,7825,124.0,277.4,64
19.349625,-99.086576,7825,127.0,277.2,64
19.349764,-99.087491,7800,126.9,276.8,-448
19.350555,-99.095831,7775,125.6,275.5,-640
19.350586,-99.09614,7800,124.4,274.6,448
19.350815,-99.099868,7775,123.3,274.2,192
19.350881,-99.100525,7775,122.3,273.8,-384
19.351044,-99.103889,7750,120.2,272.9,-128
19.351364,-99.111541,7750,121.0,271.4,0
19.351439,-99.119751,7725,125.0,270.9,-192
19.351486,-99.1206,7700,125.1,271.8,-640
19.351579,-99.122647,7700,125.1,272.8,-320
19.351776,-99.126254,7725,125.3,273.7,128
19.351959,-99.129933,7700,126.2,273.2,-192
19.351998,-99.130238,7675,126.1,272.7,-768
19.352005,-99.130963,7675,126.1,272.7,-256
19.352051,-99.131797,7700,126.1,272.7,512
19.352138,-99.134333,7700,125.1,272.8,-192
19.352417,-99.14141,7675,120.1,272.4,0
19.352509,-99.142587,7700,119.2,273.4,192
19.352557,-99.143222,7725,120.2,273.3,704
19.352789,-99.146817,7750,121.3,273.8,320
19.353115,-99.151861,7775,124.4,274.6,384
19.353149,-99.152396,7750,123.3,274.2,-576
19.353208,-99.15306,7750,123.3,274.2,-576
19.353255,-99.153409,7775,123.4,274.6,320
19.353395,-99.155457,7800,122.5,275.1,64
19.354186,-99.164096,7850,119.7,276.2,320
19.354568,-99.167208,7850,119.4,278.7,128
19.354791,-99.16839,7875,117.9,282.7,128
19.355117,-99.169489,7875,117.0,288.4,512
19.355759,-99.171132,7900,117.2,296.4,320
19.356467,-99.172336,7925,117.0,303.1,384
19.357538,-99.173784,7925,116.5,309.4,512
19.358734,-99.175006,7925,116.0,315.0,0
19.360611,-99.176576,7950,117.6,322.2,192
19.362426,-99.178028,7950,121.2,322.4,0
19.364567,-99.179726,7950,123.4,322.6,64
19.367593,-99.181674,7875,129.9,330.5,-1280
19.367919,-99.181874,7900,129.8,331.5,-768
19.369492,-99.182707,7850,130.1,333.0,-1216
19.370107,-99.182972,7875,129.9,336.4,-192
19.372147,-99.183884,7825,129.6,337.8,-640
19.376717,-99.185769,7725,124.7,339.8,-512
19.379196,-99.18663,7750,123.0,342.0,128
19.38176,-99.187513,7725,121.8,342.3,-896
19.382909,-99.187866,7750,122.7,342.5,-512
19.383235,-99.187966,7750,121.8,342.3,0
19.385376,-99.188715,7750,120.5,342.6,320
19.385651,-99.188788,7725,118.6,342.3,-768
19.388077,-99.189573,7800,118.6,342.3,-768
19.388542,-99.189764,7775,118.6,342.3,832
19.388867,-99.189864,7750,118.3,342.8,-128
19.390124,-99.190263,7725,117.0,343.1,-576
19.394128,-99.191412,7700,115.7,345.5,-192
19.394623,-99.191535,7725,115.4,346.0,512
19.396036,-99.191861,7725,115.0,346.9,-192
19.403549,-99.193644,7675,112.4,348.2,64
19.412613,-99.195557,7725,113.0,349.3,0
19.415634,-99.196194,7725,114.5,347.9,320
19.417776,-99.196755,7725,117.2,346.7,-192
19.422318,-99.198058,7725,120.9,343.7,0
19.424835,-99.198843,7750,121.2,343.2,128
19.431061,-99.200903,7725,118.6,342.3,-256
19.434163,-99.201999,7625,113.2,340.9,-832
19.435652,-99.202548,7575,109.4,340.2,-832
19.439621,-99.204091,7550,108.2,340.6,-512
19.442551,-99.20566,7475,82.4,326.9,-704
19.44459,-99.208992,7375,80.4,321.6,-640
19.443752,-99.211838,7300,60.0,253.0,-640
19.443148,-99.212433,7300,50.0,223.0,-640
19.439209,-99.211349,7225,36.1,136.1,-320
19.438843,-99.21081,7200,18.9,122.0,-192
19.438511,-99.210274,7125,11.4,123.0,64
19.438515,-99.210274,7125,11.4,0.0,64
19.438511,-99.210281,7125,11.4,239.0,64
19.438503,-99.210274,7125,11.4,140.0,64
19.438492,-99.210288,7125,0.7,0.0,192
19.438585,-99.210188,7200,11.7,31.0,1024
19.438751,-99.210123,7225,17.0,28.1,768
19.440447,-99.20869,7300,54.0,51.0,896
19.439987,-99.204973,7450,67.4,96.0,960
19.439438,-99.204434,7475,78.5,133.4,704
19.435792,-99.203397,7550,78.5,133.4,704
19.434631,-99.203306,7550,98.5,174.2,448
19.432846,-99.203061,7600,100.7,173.2,64
19.431695,-99.202898,7625,104.9,172.3,576
19.430392,-99.202698,7650,109.2,171.6,448
19.428497,-99.202325,7650,114.0,169.4,64
19.42299,-99.2012,7675,118.3,168.8,64
19.418056,-99.200301,7675,120.7,170.5,0
19.41503,-99.199751,7675,123.6,170.7,-128
19.410002,-99.198803,7725,121.2,169.1,704
19.406845,-99.198107,7725,121.4,168.6,832
19.406662,-99.198058,7725,119.9,167.5,-704
19.404465,-99.197568,7750,119.1,166.9,320
19.400738,-99.196605,7750,121.5,166.2,-192
19.399621,-99.196306,7775,121.5,166.2,256
19.393066,-99.194576,7750,123.0,167.3,0
19.389426,-99.193709,7725,125.2,167.1,-64
19.388351,-99.193448,7750,125.4,166.6,512
19.3862,-99.192908,7750,126.4,166.7,-256
19.38414,-99.192369,7700,126.6,166.3,-192
19.38384,-99.192311,7700,127.8,166.0,-768
19.382996,-99.192074,7725,127.8,166.0,-768
19.382676,-99.192011,7725,128.6,166.5,512
19.381885,-99.191761,7725,128.8,166.1,128
19.378235,-99.19075,7700,127.6,164.6,-256
19.375305,-99.18972,7725,129.3,162.0,192
19.372434,-99.188615,7750,127.9,158.4,64
19.370479,-99.187666,7750,126.6,154.2,384
19.365684,-99.18442,7775,122.6,142.3,640
19.364685,-99.18354,7800,122.3,141.0,576
19.363962,-99.182872,7775,121.9,139.0,64
19.360517,-99.179527,7775,122.4,137.3,64
19.358002,-99.176821,7750,122.3,134.7,-64
19.357631,-99.17648,7775,122.3,134.0,-704
19.357178,-99.175987,7775,123.1,133.7,192
19.356262,-99.174908,7750,123.2,132.4,-256
19.355396,-99.173734,7725,123.6,126.8,-576
19.354651,-99.172385,7725,123.7,120.1,-320
19.354419,-99.171836,7700,122.7,114.1,-320
19.354156,-99.170985,7725,122.4,108.6,0
19.353928,-99.170053,7725,122.8,102.2,384
19.35372,-99.167941,7725,123.8,96.5,0
19.353745,-99.167012,7700,124.1,88.2,-448
19.35386,-99.166093,7675,124.3,86.3,-512
19.353882,-99.165835,7675,124.2,82.1,-1152
19.353928,-99.165589,7675,124.2,82.1,-1152
19.354,-99.165294,7675,123.8,80.2,-512
19.354385,-99.163431,7675,123.0,77.3,-192
19.355301,-99.1599,7700,121.3,74.7,256
19.356281,-99.156705,7725,120.2,71.6,192
19.357681,-99.152396,7700,122.1,70.4,-256
19.359146,-99.147884,7700,119.6,72.5,64
19.362426,-99.13663,7675,121.8,72.3,0
19.363312,-99.133759,7650,126.5,71.6,-448
19.364055,-99.131337,7625,127.1,72.1,-384
19.364182,-99.131061,7600,127.8,72.7,-1536
19.364334,-99.130388,7600,127.8,72.7,-448
19.364614,-99.129539,7600,128.4,73.3,-128
19.365871,-99.125344,7550,128.1,72.3,-320
19.366104,-99.124489,7550,127.8,72.7,0
19.367111,-99.121252,7525,127.8,71.3,-192
19.368803,-99.116155,7525,125.3,70.4,0
19.370453,-99.111492,7500,120.9,69.2,-192
19.371094,-99.109873,7525,120.7,68.1,0
19.372295,-99.107117,7525,120.8,64.5,-128
19.373566,-99.104527,7525,122.2,61.1,-128
19.37411,-99.103521,7525,123.0,58.6,0
19.375367,-99.101673,7525,123.6,53.2,192
19.376404,-99.100456,7525,122.6,48.6,0
19.378006,-99.09874,7500,123.1,43.7,-320
19.378372,-99.098396,7475,122.4,42.7,-832
19.378998,-99.097828,7500,122.5,42.0,0
19.380295,-99.096582,7500,121.8,41.7,-256
19.381531,-99.095404,7500,121.1,42.0,576
19.381989,-99.095012,7500,121.8,42.3,0
19.390171,-99.087191,7550,123.9,42.1,0
19.394806,-99.082554,7575,128.0,43.4,320
19.398056,-99.079366,7550,128.1,42.2,-576
19.402368,-99.075306,7525,124.7,41.8,-256
19.403595,-99.074118,7525,123.2,41.7,64
19.407074,-99.071029,7550,122.1,39.7,128
19.409271,-99.069214,7525,120.3,38.6,-64
19.409909,-99.068665,7500,119.5,38.9,-768
19.411026,-99.067666,7500,117.9,39.5,-256
19.412842,-99.066118,7450,114.3,39.7,-640
19.414425,-99.064719,7425,110.0,40.2,-704
19.41568,-99.063574,7425,107.2,40.1,-256
19.416659,-99.062672,7375,102.7,41.5,-384
19.418242,-99.061174,7350,98.4,42.1,-320
19.419296,-99.060238,7325,93.5,41.5,-448
19.420212,-99.059356,7325,90.0,41.0,-256
19.423875,-99.058028,7225,86.5,33.7,-512
19.425751,-99.058718,7175,86.5,33.7,-512
19.429047,-99.061514,7050,60.0,323.0,-512
19.430997,-99.063471,6975,48.1,316.7,-512
19.431152,-99.063623,6950,47.4,315.9,-512
