lat,lon,alt,gs,track,vs
24.74042,-81.633963,9325,290.2,34.9,2880
24.744423,-81.630905,9525,291.6,34.9,2944
24.75648,-81.621629,10025,294.9,35.2,2688
24.761042,-81.618105,10200,296.3,35.2,2624
24.764465,-81.615448,10325,296.3,35.2,2624
24.769096,-81.611783,10500,301.1,35.5,2048
24.775566,-81.606756,10675,305.3,35.7,1728
24.779384,-81.603699,10750,308.9,35.7,1472
24.788269,-81.596731,10925,318.9,35.7,1280
24.797818,-81.589188,11100,328.1,35.8,1344
24.805732,-81.58297,11250,335.3,35.8,1792
24.812668,-81.577454,11425,336.7,35.8,2176
24.818207,-81.57313,11600,339.7,35.7,2432
24.831522,-81.563018,12025,342.8,34.1,2688
24.83812,-81.558177,12250,344.5,33.9,2688
24.8573,-81.543783,12900,344.5,33.9,2688
24.865552,-81.53747,13175,350.4,35.0,2816
24.880783,-81.525777,13725,351.8,35.0,2880
24.88559,-81.522064,13875,352.6,35.0,2752
24.898544,-81.512095,14275,356.5,35.3,2624
24.909348,-81.503703,14650,356.0,35.2,3008
24.919366,-81.496012,15025,356.0,35.2,2688
24.925598,-81.49114,15200,357.9,35.3,2240
24.940475,-81.479645,15575,362.3,35.2,1984
24.956497,-81.467183,15950,366.5,35.3,1984
24.973755,-81.453807,16350,371.0,35.2,1920
24.990189,-81.44104,16700,376.5,35.4,1856
25.002182,-81.431681,17025,377.9,35.4,2304
25.007164,-81.427814,17175,377.3,35.3,2752
25.019897,-81.417898,17575,376.0,35.2,2752
25.032674,-81.407966,17975,373.7,35.3,2752
25.043987,-81.399156,18350,374.3,35.4,2304
25.057892,-81.388295,18675,376.0,35.2,1856
25.07364,-81.376043,19050,377.9,35.4,2176
25.089701,-81.363554,19450,379.6,35.2,2176
25.10495,-81.351674,19825,380.7,35.5,1856
25.117446,-81.3421,20075,383.9,33.5,1664
25.125092,-81.337077,20200,384.6,29.4,1792
25.132782,-81.332906,20350,385.1,25.7,1920
25.138824,-81.330109,20475,385.5,21.8,1920
25.14679,-81.327057,20625,385.8,18.0,1920
25.156631,-81.324005,20800,387.3,14.5,1792
25.164604,-81.322096,20925,388.9,10.8,1664
25.175079,-81.320292,21100,389.8,8.0,1600
25.198059,-81.317291,21425,394.7,6.7,1536
25.222654,-81.31396,21775,398.0,7.1,1728
25.243561,-81.311086,22150,398.0,7.1,2112
25.26265,-81.308492,22550,397.0,7.1,2432
25.270137,-81.307482,22700,396.0,7.1,2048
25.276003,-81.306653,22775,397.0,7.1,1600
25.282928,-81.305695,22875,398.0,7.1,1280
25.311081,-81.30188,23150,405.1,7.1,1024
25.335846,-81.298472,23425,409.1,7.0,1472
25.358866,-81.295304,23750,411.2,7.1,1472
25.382767,-81.292063,24075,412.2,7.1,1792
25.405139,-81.288982,24425,412.2,7.1,1792
25.428741,-81.285717,24775,414.3,7.2,1536
25.452805,-81.282349,25100,416.3,7.2,1344
25.479483,-81.278721,25400,419.2,7.1,1344
25.505447,-81.275126,25700,421.3,7.2,1536
25.529759,-81.271777,26050,422.2,7.1,1728
25.547974,-81.269226,26350,421.2,7.1,2176
25.568444,-81.266439,26725,419.2,7.1,1728
25.581345,-81.264648,26875,420.4,7.2,1280
25.610527,-81.260583,27150,425.3,7.2,832
25.647125,-81.255493,27375,432.3,7.0,960
25.682776,-81.250582,27625,438.3,7.1,896
25.716015,-81.245969,27900,441.4,7.2,1088
25.746552,-81.24176,28175,443.4,7.1,1216
25.77681,-81.237539,28475,445.4,7.1,1152
25.806838,-81.233377,28775,447.5,7.2,1344
25.835266,-81.229438,29075,447.5,7.2,1344
25.86298,-81.225568,29375,448.5,7.2,1344
25.891051,-81.221713,29675,450.5,7.1,1152
25.920984,-81.21754,29975,452.5,7.1,1280
25.951401,-81.213321,30275,454.6,7.2,1152
25.982852,-81.20893,30575,456.6,7.2,1088
26.017136,-81.204149,30850,459.5,7.1,1088
26.051377,-81.19937,31125,462.7,7.2,960
26.085388,-81.194665,31400,465.6,7.2,1216
26.117574,-81.19018,31700,467.7,7.2,1280
26.146408,-81.186115,32025,466.6,7.1,1664
26.172775,-81.182435,32375,465.6,7.2,1728
26.19928,-81.178704,32725,464.6,7.2,1536
26.227707,-81.174766,33025,464.6,7.2,1280
26.249364,-81.171904,33250,465.7,6.2,1152
26.2603,-81.17119,33325,465.4,2.5,1088
26.270508,-81.171138,33425,464.1,358.8,1152
26.282547,-81.171915,33525,464.5,355.4,1088
26.294938,-81.173542,33625,464.4,352.1,1024
26.307358,-81.175802,33725,463.9,349.4,960
26.31868,-81.178612,33825,464.5,346.2,1088
26.331436,-81.182591,33950,463.8,343.2,1216
26.34731,-81.188489,34100,463.6,340.9,1152
26.381287,-81.201765,34350,467.1,340.8,960
26.41745,-81.215705,34600,471.2,340.8,1024
26.452103,-81.229127,34875,474.4,340.8,1088
26.485989,-81.242206,35125,477.5,340.8,960
26.519413,-81.2552,35375,480.7,340.8,960
26.554234,-81.268669,35650,482.9,340.8,960
26.587985,-81.281768,35900,485.1,340.7,896
26.623352,-81.295511,36150,489.2,340.8,768
26.642637,-81.303001,36300,490.5,340.7,1216
26.662949,-81.310851,36525,489.2,340.8,1664
26.687576,-81.320438,36875,487.4,340.7,1792
26.713536,-81.330519,37225,486.1,340.8,1472
26.74292,-81.341944,37525,486.1,340.8,1344
26.771851,-81.353242,37850,486.1,340.8,1600
26.797749,-81.36332,38200,484.2,340.7,1728
26.823578,-81.373349,38550,482.9,340.8,1792
26.8477,-81.382757,38900,481.0,340.7,1792
26.872284,-81.392367,39250,477.9,340.7,1920
26.895676,-81.401488,39650,475.7,340.7,2112
26.917761,-81.410118,40050,471.6,340.7,2176
26.94104,-81.41916,40425,468.4,340.7,1792
26.965576,-81.428747,40775,467.4,340.6,1536
26.992943,-81.439485,41100,466.2,340.7,1408
27.023529,-81.451393,41400,466.2,340.7,1280
27.052826,-81.462898,41700,465.2,340.7,1280
27.081299,-81.474039,42000,464.0,340.7,1152
27.110906,-81.485596,42275,463.3,340.6,1344
27.13797,-81.496219,42600,461.1,340.6,1408
27.165,-81.506829,42900,458.9,340.7,1152
27.176514,-81.511351,43000,458.9,340.7,704
27.184616,-81.514513,43025,459.8,340.7,256
27.224866,-81.530333,43000,466.2,340.7,0
27.265411,-81.546228,43000,472.5,340.7,128
27.306931,-81.562552,43000,477.9,340.7,-128
27.348602,-81.578927,43000,482.3,340.6,-128
27.390427,-81.595407,43000,485.5,340.6,0
27.432582,-81.611991,43000,488.6,340.6,-64
27.475457,-81.628893,43000,490.9,340.6,-128
27.518424,-81.645848,43000,491.8,340.6,0
27.560394,-81.662413,43000,493.1,340.6,-128
27.603287,-81.679359,43000,494.0,340.6,0
27.6465,-81.696461,43000,494.3,340.5,64
27.688889,-81.713251,43000,495.3,340.5,128
27.730889,-81.729936,43000,495.3,340.5,384
27.773205,-81.746732,43175,493.1,340.6,448
27.815335,-81.763423,43325,490.9,340.6,576
27.858116,-81.780431,43500,489.0,340.5,448
27.90033,-81.797203,43650,487.7,340.6,448
27.941986,-81.813812,43825,486.1,340.4,576
27.983597,-81.830345,43975,485.8,340.5,448
28.025116,-81.846877,44125,484.9,340.5,512
28.065948,-81.863198,44300,483.6,340.5,384
28.107925,-81.879942,44475,481.7,340.5,576
28.139877,-81.892512,44625,480.4,341.7,640
28.160706,-81.899737,44725,479.7,343.5,576
28.184372,-81.90709,44825,478.8,345.2,640
28.20898,-81.913901,44950,477.4,346.9,576
28.23436,-81.920031,45050,476.4,348.6,640
28.277133,-81.929842,45250,474.2,348.1,576
28.319687,-81.939838,45450,471.9,348.3,448
28.36116,-81.949445,45650,469.5,348.5,640
28.402777,-81.959031,45825,467.3,348.5,512
28.444107,-81.968519,46025,465.4,348.5,576
28.485873,-81.978149,46225,463.2,348.5,576
28.527817,-81.987789,46400,461.3,348.5,576
28.567898,-81.996999,46625,459.1,348.6,512
28.608353,-82.006284,46800,456.2,348.5,512
28.649271,-82.015686,47000,454.0,348.6,384
28.658661,-82.017852,47000,455.2,348.5,-64
28.698896,-82.027157,47025,456.2,348.5,-64
28.739868,-82.036549,47000,458.1,348.5,-64
28.780409,-82.045898,47000,459.1,348.6,64
28.821579,-82.055406,46975,460.3,348.5,-64
28.862434,-82.064801,47000,461.3,348.5,-128
28.903656,-82.074315,47000,461.3,348.5,-64
28.944672,-82.083822,47000,461.5,348.4,64
28.986403,-82.093506,47000,463.2,348.5,-64
29.027462,-82.102984,47000,463.2,348.5,64
29.069591,-82.112786,47000,464.4,348.5,128
29.11093,-82.122372,46975,465.4,348.5,0
29.152315,-82.131958,47000,465.4,348.5,-128
29.193746,-82.141598,47000,465.4,348.5,64
29.235364,-82.151292,47000,466.4,348.5,128
29.276656,-82.160932,47000,466.4,348.5,192
29.318893,-82.170709,47000,467.5,348.4,64
29.361145,-82.180587,47000,467.5,348.4,128
29.402802,-82.190305,47000,468.5,348.4,64
29.444989,-82.200084,46975,469.5,348.5,64
29.487167,-82.209954,47000,469.5,348.5,-128
29.528503,-82.219633,47000,469.5,348.5,64
29.571099,-82.229596,46975,469.5,348.5,64
29.612856,-82.239398,47000,469.5,348.5,-128
29.655638,-82.249415,47000,469.5,348.5,-192
29.698093,-82.259378,47000,470.7,348.4,-192
29.739532,-82.269111,46975,470.5,348.5,-64
29.781794,-82.279089,46975,470.5,348.5,0
29.823645,-82.28889,47000,470.5,348.5,-64
29.865635,-82.298799,47000,469.7,348.3,128
29.907299,-82.308601,47000,470.5,348.5,-192
29.949987,-82.318744,47000,471.7,348.4,-128
29.991577,-82.328527,47000,471.7,348.4,64
30.033691,-82.33849,47000,472.6,348.4,-64
30.075911,-82.348517,47000,472.6,348.4,-128
30.118332,-82.358524,47000,471.7,348.4,64
30.160776,-82.368567,47000,472.6,348.4,64
30.202719,-82.37851,47000,471.7,348.4,64
30.243825,-82.388287,47000,471.7,348.4,-128
30.285722,-82.39823,47025,470.7,348.4,64
30.327255,-82.40807,47000,471.7,348.4,64
30.369141,-82.418087,47000,471.7,348.4,0
30.411942,-82.428266,47000,471.7,348.4,0
30.453683,-82.43822,47000,471.9,348.3,0
30.495393,-82.448163,47000,471.7,348.4,0
30.538128,-82.45838,47000,470.9,348.2,0
30.580863,-82.468597,47000,470.9,348.2,0
30.622621,-82.478595,47000,469.7,348.3,0
30.665263,-82.488757,47000,469.9,348.2,64
30.707382,-82.498869,47000,468.7,348.3,0
30.749476,-82.508972,47000,467.7,348.3,-64
30.790907,-82.518915,47000,466.8,348.3,128
30.832385,-82.528857,47000,465.8,348.2,-128
30.87363,-82.5388,47000,464.8,348.2,0
30.914566,-82.548685,47000,464.6,348.3,0
30.955856,-82.558648,47000,464.8,348.2,0
30.997101,-82.568611,47000,464.8,348.2,0
31.039215,-82.578735,47000,464.6,348.3,0
31.080183,-82.588678,47000,463.8,348.2,0
31.122528,-82.598877,47000,463.8,348.2,0
31.164116,-82.609003,47000,463.6,348.3,-128
31.205887,-82.619126,47000,462.9,348.2,-64
31.247445,-82.629163,47000,462.9,348.2,64
31.288411,-82.639105,47000,462.9,348.2,64
31.330447,-82.649323,47000,463.8,348.2,128
31.371277,-82.659302,46975,464.8,348.2,0
31.413031,-82.669427,47000,465.8,348.2,-64
31.455688,-82.679874,47000,466.0,348.1,64
31.496685,-82.689862,47025,467.0,348.1,-64
31.53835,-82.700024,47000,468.0,348.2,-64
31.56549,-82.706396,47000,469.0,349.4,64
31.584778,-82.709979,47025,470.1,351.6,0
31.628289,-82.717548,47000,470.5,351.2,-64
31.671396,-82.725458,47000,471.7,351.1,-128
31.713712,-82.733313,47000,472.0,350.9,128
31.755569,-82.741161,47000,473.0,350.9,-128
31.797043,-82.748914,46975,473.0,350.9,-192
31.840256,-82.757043,47000,472.0,350.9,0
31.88269,-82.765063,46975,472.0,350.9,-64
31.924805,-82.773029,47000,471.0,350.8,-64
31.967422,-82.781086,47000,470.0,350.8,0
32.009125,-82.789014,47000,470.2,350.7,128
32.051422,-82.797034,47000,470.0,350.8,0
32.093399,-82.804999,47000,470.0,350.8,-64
32.136429,-82.813184,47000,470.2,350.7,128
32.178635,-82.821204,47000,471.0,350.8,-64
32.22171,-82.829388,47000,472.2,350.7,-128
32.264518,-82.837531,47000,473.1,350.8,-128
32.307951,-82.845826,47000,474.1,350.8,-64
32.350221,-82.853898,47000,474.1,350.8,64
32.392676,-82.86197,46975,474.1,350.8,-64
32.435532,-82.870148,47000,473.1,350.8,128
32.478836,-82.878442,47000,474.1,350.8,64
32.521362,-82.886627,47000,475.1,350.8,0
32.564361,-82.894873,47000,475.3,350.7,0
32.607841,-82.903224,47000,476.3,350.7,0
32.651414,-82.911576,47000,476.1,350.8,0
32.694242,-82.919816,47000,477.1,350.8,0
32.737722,-82.928168,47000,477.3,350.7,0
32.78055,-82.936464,47000,479.2,350.8,0
32.82375,-82.944759,47000,480.2,350.8,0
32.867249,-82.953149,47000,481.2,350.8,64
32.910278,-82.961499,47000,482.3,350.7,0
32.954224,-82.970013,46975,483.3,350.7,-64
32.997665,-82.978418,47000,483.3,350.7,-64
33.041196,-82.986855,47000,483.3,350.7,0
33.085007,-82.995337,47000,484.3,350.7,0
33.128586,-83.003851,46975,485.3,350.8,0
33.172473,-83.012359,47000,486.3,350.8,0
33.21693,-83.020991,47000,487.4,350.7,-64
33.260193,-83.029449,47000,487.4,350.7,64
33.305054,-83.038199,47000,487.3,350.8,0
33.349274,-83.046808,47000,488.4,350.7,-64
33.392853,-83.055322,47000,488.4,350.7,-128
33.436569,-83.063892,47000,488.4,350.7,-128
33.480788,-83.072504,47000,488.4,350.7,-128
33.524548,-83.08108,47000,488.4,350.7,-128
33.569191,-83.089828,47000,489.4,350.7,-192
33.613403,-83.098512,47000,489.6,350.6,-128
33.657035,-83.107109,47000,490.6,350.6,0
33.701202,-83.115776,47000,490.6,350.6,64
33.745578,-83.124504,46975,490.6,350.6,-64
33.790361,-83.133373,47000,490.6,350.6,-64
33.835144,-83.142185,47000,490.6,350.6,-128
33.879501,-83.150977,47000,490.6,350.6,-64
33.923447,-83.159665,47000,490.6,350.6,-64
33.966887,-83.168278,47000,490.6,350.6,64
34.010832,-83.176975,47000,491.6,350.6,-64
34.054824,-83.185673,47000,490.7,350.5,64
34.099607,-83.194599,47000,491.6,350.6,-64
34.14418,-83.203443,47000,491.7,350.5,64
34.187988,-83.212187,47000,491.6,350.6,0
34.232162,-83.220987,47000,492.5,350.6,-64
34.276062,-83.229731,47000,492.5,350.6,64
34.320145,-83.238532,47000,493.7,350.6,-64
34.363838,-83.247299,47000,493.7,350.6,128
34.408493,-83.256244,47000,493.7,350.6,-128
34.452667,-83.265101,47000,494.7,350.6,-128
34.49707,-83.274013,47000,494.7,350.6,64
34.542068,-83.283037,47000,495.7,350.6,-128
34.586032,-83.291874,47000,494.7,350.6,-64
34.631187,-83.300972,47000,495.8,350.5,128
34.675505,-83.309898,46975,495.8,350.5,0
34.698441,-83.314987,47000,493.4,348.8,64
34.742203,-83.326198,47000,492.9,347.9,0
34.786392,-83.337421,46975,493.4,348.2,0
34.830597,-83.348619,47000,492.5,348.2,0
34.875229,-83.359886,47000,492.3,348.3,128
34.918945,-83.370872,47000,492.3,348.3,128
34.962708,-83.381858,47000,492.3,348.3,64
35.007248,-83.393069,46975,492.3,348.3,-64
35.051414,-83.404198,46975,491.3,348.3,64
35.094589,-83.415098,47000,491.3,348.3,0
35.138168,-83.426084,47000,491.3,348.3,64
35.182319,-83.437271,47000,491.3,348.3,64
35.225939,-83.448315,46975,491.3,348.3,64
35.269372,-83.459336,46975,491.3,348.3,-64
35.313446,-83.470516,47000,491.3,348.3,-64
35.357449,-83.481718,47000,491.5,348.1,64
35.40152,-83.492889,47000,490.5,348.1,128
35.445099,-83.50399,46975,490.3,348.2,128
35.488167,-83.514969,47000,489.5,348.1,192
35.531694,-83.526072,47000,489.3,348.2,128
35.5746,-83.537006,46975,489.3,348.2,0
35.617996,-83.548107,47000,488.3,348.2,-64
35.662216,-83.559437,47000,488.3,348.2,128
35.705521,-83.570595,47000,488.3,348.2,-128
35.748441,-83.581588,47000,487.4,348.2,0
35.792619,-83.592925,47000,487.4,348.2,-192
35.830124,-83.602581,46975,488.6,348.1,-640
35.838566,-83.604788,46900,490.3,348.2,-1024
35.845322,-83.606472,46850,491.5,348.1,-1472
35.87078,-83.613086,46500,496.8,348.0,-1664
35.886329,-83.61706,46275,499.7,348.1,-2112
35.910769,-83.623372,45875,504.8,348.1,-2240
35.935488,-83.629741,45475,504.8,348.1,-2048
35.951523,-83.633881,45225,505.8,348.1,-2496
35.972809,-83.639317,44825,508.7,348.2,-2432
35.995697,-83.64521,44425,509.7,348.2,-2624
36.016983,-83.650703,44025,510.9,348.1,-2496
36.040146,-83.656654,43625,511.7,348.3,-2624
36.060562,-83.661976,43225,511.9,348.2,-2688
36.081757,-83.667355,42825,507.4,348.4,-2560
36.103638,-83.672962,42425,500.9,348.0,-2624
36.121674,-83.677654,42050,496.8,348.0,-2944
36.139154,-83.682219,41650,493.7,348.1,-2944
36.158008,-83.687127,41250,489.5,348.1,-3072
36.17486,-83.69151,40875,487.6,348.0,-2944
36.192673,-83.696136,40475,484.4,348.1,-3008
36.210159,-83.700657,40075,482.5,348.0,-3072
36.227231,-83.705185,39700,482.5,348.0,-2944
36.244263,-83.709641,39300,482.5,348.0,-3136
36.261354,-83.714067,38900,484.6,348.0,-3008
36.278732,-83.718624,38500,486.6,348.0,-3072
36.295756,-83.723067,38100,488.8,348.0,-3072
36.313156,-83.727665,37700,490.7,348.0,-3072
36.330577,-83.732183,37325,492.7,348.0,-3008
36.347855,-83.736763,36925,494.8,348.0,-2944
36.365444,-83.741358,36525,497.8,348.1,-3072
36.383148,-83.745975,36125,500.7,348.1,-2880
36.403478,-83.751234,35725,501.9,348.0,-2752
36.423542,-83.756493,35325,503.9,348.1,-2688
36.444077,-83.761826,34925,504.8,348.1,-2240
36.469757,-83.768578,34550,506.0,348.0,-2048
36.48783,-83.772973,34275,512.6,350.1,-1984
36.498211,-83.774843,34125,516.8,352.2,-1536
36.502029,-83.775427,34125,518.6,353.2,-1152
36.509216,-83.776302,34075,520.0,354.9,-704
36.52712,-83.777589,34025,524.5,357.6,-256
36.545602,-83.777881,34000,527.0,0.1,-64
36.56369,-83.777275,33975,529.5,2.5,-128
36.581497,-83.775558,34000,531.0,5.0,64
36.598892,-83.772926,33975,532.8,7.7,-128
36.646866,-83.764572,34000,535.0,7.8,0
36.696075,-83.756046,34000,537.1,7.9,0
36.715284,-83.752753,34000,538.1,7.9,-448
36.718002,-83.75227,33975,538.1,7.9,-896
36.7468,-83.74726,33750,536.4,8.1,-1344
36.761032,-83.744717,33575,536.4,8.1,-1792
36.790558,-83.739624,33200,536.0,7.8,-1920
36.816675,-83.735046,32825,538.4,8.1,-2368
36.841965,-83.730583,32425,539.2,8.0,-2304
36.866592,-83.726222,32025,540.4,8.1,-2368
36.891857,-83.721791,31625,541.2,8.0,-2496
36.915344,-83.717632,31225,542.5,8.2,-2560
36.939056,-83.713366,30825,542.6,8.3,-2496
36.961453,-83.709491,30425,541.9,7.7,-2496
36.986312,-83.705073,30025,541.6,8.3,-2560
37.009122,-83.700953,29625,540.5,8.2,-2496
37.032864,-83.696833,29225,539.0,7.8,-2432
37.057068,-83.692562,28825,538.5,8.2,-2496
37.079636,-83.68853,28425,533.3,8.1,-2560
37.102982,-83.684439,28050,528.1,7.9,-2112
37.130344,-83.679637,27675,520.3,8.2,-1984
37.14836,-83.676413,27425,515.1,8.0,-1536
37.157857,-83.674741,27350,511.9,8.0,-1088
37.181396,-83.670589,27175,502.0,8.1,-1024
37.205933,-83.666148,26975,493.0,8.2,-1088
37.230057,-83.661882,26800,483.8,8.1,-1024
37.260727,-83.656389,26550,473.9,8.2,-1024
37.28797,-83.651753,26350,470.2,6.7,-1088
37.299329,-83.650619,26250,467.7,3.2,-1088
37.310852,-83.650311,26150,465.0,0.1,-960
37.323715,-83.650837,26050,462.7,356.8,-960
37.337967,-83.65235,25950,461.5,354.0,-960
37.351776,-83.654694,25850,460.4,351.2,-1024
37.366058,-83.658025,25725,460.5,348.4,-1088
37.379242,-83.662057,25600,460.1,345.3,-1024
37.411194,-83.67357,25350,460.8,344.0,-1088
37.442756,-83.684832,25075,460.8,344.0,-1024
37.475235,-83.696419,24800,460.6,344.1,-1152
37.509064,-83.708632,24525,460.2,343.9,-1024
37.540649,-83.720028,24250,454.8,343.9,-1024
37.57003,-83.730628,24025,449.4,344.0,-576
37.576813,-83.733059,24000,449.4,344.0,-128
37.600242,-83.741853,23975,447.8,342.5,-448
37.606979,-83.74463,23950,447.2,341.9,-896
37.630417,-83.754857,23725,446.0,340.4,-960
37.66104,-83.76914,23475,443.1,339.1,-1024
37.690554,-83.783828,23200,440.1,338.7,-1024
37.72142,-83.798568,22925,440.0,339.1,-1088
37.751862,-83.813295,22650,440.1,338.7,-1024
37.783081,-83.828664,22400,440.5,338.6,-960
37.811279,-83.842572,22125,440.5,338.6,-1024
37.84314,-83.85835,21850,439.5,338.5,-1024
37.87369,-83.87357,21600,438.3,338.6,-1088
37.894409,-83.883829,21375,438.6,338.5,-1536
37.918121,-83.895575,21050,446.2,338.4,-1600
37.942978,-83.907964,20700,455.7,338.5,-1728
37.967819,-83.920381,20350,459.2,338.4,-1664
37.992096,-83.93245,20000,462.0,338.5,-1728
38.016815,-83.94478,19650,463.3,338.5,-1792
38.041371,-83.956982,19325,465.5,338.5,-1664
38.064331,-83.968447,18975,468.7,338.5,-1664
38.089693,-83.981164,18625,471.9,338.5,-1728
38.113815,-83.993108,18275,474.3,338.7,-1600
38.138397,-84.005263,17925,475.6,338.7,-1664
38.163245,-84.017646,17575,470.6,338.6,-1792
38.187103,-84.029515,17225,466.5,338.5,-1920
38.209099,-84.040514,16850,464.6,338.4,-1984
38.232605,-84.052247,16500,460.5,338.3,-1728
38.257828,-84.064928,16150,457.0,338.4,-1600
38.282512,-84.077354,15825,453.8,338.4,-1600
38.306673,-84.089415,15475,451.6,338.4,-1600
38.330833,-84.101596,15150,452.5,338.5,-1664
38.354249,-84.113358,14800,453.3,338.2,-1664
38.378815,-84.125704,14475,452.0,338.3,-1664
38.401154,-84.137275,14125,445.3,336.7,-1728
38.413788,-84.144765,13925,440.1,334.1,-1856
38.427475,-84.153781,13700,431.8,331.6,-1856
38.443676,-84.165405,13400,422.1,329.9,-1792
38.456664,-84.175537,13175,412.2,327.6,-1792
38.471142,-84.187744,12900,403.0,325.7,-1856
38.48465,-84.199876,12625,393.5,324.4,-1792
38.499073,-84.212646,12325,384.4,325.8,-1792
38.505078,-84.217407,12225,381.8,329.8,-1856
38.510711,-84.221069,12100,379.4,335.1,-1664
38.516623,-84.223999,12000,378.0,340.4,-1664
38.522369,-84.226087,11900,375.9,345.5,-1728
38.530123,-84.228088,11800,373.9,349.8,-1728
38.539948,-84.230088,11600,369.3,351.3,-1984
38.550797,-84.232178,11400,365.2,351.3,-1856
38.561371,-84.234208,11200,361.2,351.2,-1856
38.571601,-84.236267,11000,357.4,351.0,-1792
38.582588,-84.238525,10800,353.6,350.7,-1792
38.594924,-84.241028,10600,348.5,350.8,-1472
38.60619,-84.243408,10425,344.4,350.8,-1408
38.618362,-84.245851,10250,339.2,351.0,-1216
38.631654,-84.248535,10075,331.9,351.2,-1152
38.642761,-84.250687,9950,327.7,351.4,-1216
38.651997,-84.252441,9800,323.7,351.3,-1280
38.663361,-84.254628,9625,319.5,351.5,-1472
38.674393,-84.256718,9450,316.4,351.6,-1344
38.685608,-84.258789,9275,312.3,351.7,-1408
38.696455,-84.260803,9100,309.3,351.6,-1408
38.706743,-84.262756,8925,307.3,351.6,-1408
38.71701,-84.264719,8750,304.5,351.3,-1408
38.727539,-84.266868,8575,301.7,351.0,-1408
38.737886,-84.268921,8400,300.9,350.8,-1344
38.748267,-84.271118,8225,299.9,350.8,-1472
38.758347,-84.273197,8050,299.0,350.6,-1408
38.766037,-84.274809,7925,297.9,350.7,-960
38.770054,-84.275696,7900,297.9,350.7,-512
38.793091,-84.280601,7825,295.1,350.4,-128
38.819771,-84.286377,7850,292.0,350.5,-64
38.828291,-84.287903,7825,290.1,353.1,-128
38.833551,-84.288452,7800,287.8,355.8,-576
38.83754,-84.288721,7775,287.4,357.0,-960
38.848068,-84.28902,7600,284.0,359.2,-1088
38.854935,-84.289139,7525,283.0,359.2,-1472
38.863312,-84.289259,7325,283.0,359.2,-1856
38.871689,-84.289438,7125,283.1,358.8,-1792
38.876658,-84.289612,7025,283.1,358.6,-1728
38.880615,-84.289737,6925,283.1,358.6,-1664
38.88533,-84.289856,6825,283.1,358.8,-1728
38.889679,-84.289975,6725,283.1,358.8,-1920
38.893845,-84.290095,6625,284.1,358.8,-1920
38.898212,-84.290222,6525,284.0,359.2,-1728
38.902448,-84.290283,6425,284.0,359.2,-1728
38.90715,-84.290344,6325,284.0,359.4,-1792
38.910828,-84.290405,6225,284.0,359.4,-1792
38.915405,-84.290453,6125,284.0,359.4,-1792
38.920074,-84.290513,6025,284.0,359.6,-1728
38.924654,-84.290527,5925,284.0,359.6,-1728
38.929774,-84.290527,5825,284.0,359.8,-1728
38.933762,-84.290572,5725,284.0,0.0,-1600
38.938852,-84.290527,5625,283.0,0.0,-1344
38.945251,-84.290572,5525,281.0,359.8,-960
38.953537,-84.290572,5425,277.0,0.2,-1024
38.960964,-84.290527,5325,275.0,0.0,-1024
38.968414,-84.290513,5225,272.0,0.2,-1088
38.975628,-84.290466,5125,267.0,0.4,-960
38.983309,-84.290344,5050,262.0,0.7,-960
38.988968,-84.290274,4950,258.0,0.7,-1152
38.994553,-84.290214,4850,255.0,0.4,-1216
39.000229,-84.290154,4750,251.0,0.7,-1024
39.007749,-84.290039,4650,246.0,0.5,-896
39.01474,-84.289975,4550,242.0,0.5,-896
39.022293,-84.289916,4450,237.0,0.2,-960
39.028698,-84.289978,4350,234.0,359.8,-1216
39.034191,-84.289978,4250,232.0,359.8,-1152
39.040196,-84.290039,4150,230.0,359.5,-1088
39.045689,-84.290039,4050,228.0,359.8,-1280
39.050537,-84.290154,3950,227.0,359.2,-1152
39.055984,-84.290214,3850,226.0,359.2,-1216
39.061191,-84.290283,3750,225.0,359.5,-1152
39.066833,-84.290334,3650,224.0,359.5,-1152
39.071573,-84.290405,3550,222.0,359.7,-1152
39.076973,-84.290405,3450,221.0,359.7,-1280
39.081814,-84.290466,3350,220.0,359.7,-1280
39.086749,-84.290466,3250,219.0,359.5,-1216
39.091736,-84.290572,3150,219.0,359.5,-1408
39.09549,-84.290572,3050,218.0,359.7,-1408
39.100435,-84.290649,2950,217.0,359.5,-960
39.106813,-84.29071,2850,214.0,359.5,-768
39.108994,-84.290752,2850,213.0,359.2,-320
39.114395,-84.290811,2800,208.0,359.2,-512
39.118195,-84.290871,2800,203.0,359.7,-640
39.123618,-84.290894,2725,198.0,359.7,-576
39.129809,-84.290894,2625,195.0,359.7,-1024
39.135442,-84.291077,2550,193.2,357.6,-832
39.138474,-84.291468,2500,191.8,352.2,-1024
39.141075,-84.292114,2450,191.4,347.6,-1024
39.143449,-84.29303,2400,188.5,341.8,-1088
39.145523,-84.294155,2350,187.0,335.4,-896
39.147499,-84.295532,2325,185.2,329.1,-960
39.149277,-84.2972,2275,184.2,322.9,-1024
39.151062,-84.29923,2225,183.3,317.0,-1216
39.152573,-84.301331,2175,181.6,310.5,-1280
39.154342,-84.304443,2125,180.1,305.3,-896
39.156418,-84.308545,2050,178.5,301.0,-832
39.158811,-84.313843,1950,177.5,300.5,-704
39.162349,-84.32196,1875,176.8,298.7,-640
39.165841,-84.330444,1825,174.4,296.6,-256
39.168045,-84.336548,1800,170.6,293.9,-128
39.16882,-84.338928,1775,167.2,292.9,-128
39.169379,-84.340759,1775,162.9,290.1,-320
39.170151,-84.343892,1750,159.2,286.0,-192
39.170543,-84.346191,1750,154.9,281.2,192
39.170792,-84.348907,1750,152.7,275.6,320
39.170868,-84.351624,1750,151.0,271.1,0
39.170775,-84.353394,1750,150.7,264.3,-128
39.170449,-84.355835,1750,151.0,258.5,128
39.17003,-84.357971,1750,150.0,253.7,0
39.169332,-84.360291,1750,149.7,247.2,-384
39.168274,-84.363058,1725,149.4,242.1,-256
39.167424,-84.36499,1725,147.7,238.6,192
39.165985,-84.367716,1725,144.8,236.0,-256
39.163886,-84.37146,1675,140.6,232.8,-576
39.162048,-84.374343,1625,137.5,229.1,-960
39.159836,-84.377258,1550,137.2,225.6,-1024
39.157654,-84.379777,1475,136.0,221.4,-960
39.154761,-84.383057,1375,134.0,221.1,-832
39.152161,-84.385688,1300,133.4,217.4,-896
39.149454,-84.388184,1200,132.9,214.9,-896
39.146118,-84.391181,1100,133.5,215.2,-1024
39.143542,-84.393311,1025,134.6,211.3,-896
39.141907,-84.394525,1000,136.1,209.0,-448
39.13884,-84.396484,950,136.4,205.6,-640
39.135861,-84.398132,900,136.3,202.4,-512
39.13074,-84.400757,825,135.6,201.6,-640
39.125759,-84.403259,725,138.4,201.2,-832
39.121197,-84.405518,625,138.9,200.6,-896
39.11705,-84.407541,525,135.2,201.2,-704
39.114401,-84.408875,475,130.7,201.1,-832
39.111877,-84.410108,425,126.3,200.9,-448
39.110367,-84.410825,375,122.2,201.1,-640
39.107138,-84.412476,300,121.3,201.3,-256
39.105835,-84.413094,300,117.4,200.4,-128
39.104206,-84.413879,300,114.2,200.5,-192
39.102585,-84.414646,300,110.5,201.2,-128
39.101226,-84.415344,300,106.0,201.0,-192
39.100937,-84.415423,300,102.5,200.6,-64
39.100342,-84.41571,300,100.3,200.4,-128
39.10009,-84.415855,275,93.0,199.2,-128
39.099747,-84.41602,275,89.0,199.2,-128
39.09955,-84.416122,275,87.0,202.0,-128
39.09906,-84.416363,275,79.0,199.2,-128
39.098671,-84.416557,275,73.0,199.2,-128
39.098247,-84.416763,275,66.5,199.2,-128
39.098087,-84.416841,275,64.5,199.2,-128
39.097712,-84.417038,275,60.5,199.2,-128
39.097421,-84.417175,275,56.5,202.0,-128
39.097183,-84.417303,275,53.5,199.2,-128
39.096885,-84.41745,275,49.5,199.2,-128
39.096571,-84.417603,275,45.5,199.2,-128
39.096245,-84.417766,275,41.5,199.2,-128
39.095873,-84.417953,275,38.5,199.2,-128
39.095489,-84.418152,275,36.5,199.2,-128
39.095128,-84.41832,275,33.5,199.2,-128
39.094744,-84.418503,275,30.5,199.2,-128
39.094368,-84.418677,275,28.5,199.2,-128
39.093987,-84.418869,275,25.5,202.0,-128
39.098049,-84.423965,275,0.0,331.4,0
39.098084,-84.423981,275,0.0,331.4,0
39.098419,-84.424185,275,8.2,331.4,-960
39.098794,-84.424438,275,11.2,331.4,-960
39.099174,-84.424677,275,13.8,331.4,-960
39.099562,-84.424927,275,13.8,331.4,-960
39.099946,-84.425171,275,14.2,331.4,-960
39.102309,-84.426682,275,3.2,331.4,0
39.102425,-84.426758,275,5.8,334.2,0
39.1026,-84.426865,275,7.8,334.2,0
39.102867,-84.427048,275,10.2,331.4,0
39.103333,-84.427338,275,10.8,331.4,0
39.103461,-84.427429,275,9.8,331.4,0
39.103752,-84.427469,275,8.8,2.3,0
39.103821,-84.427439,275,8.8,16.4,0
39.103926,-84.427338,275,9.2,16.4,0
39.103958,-84.42726,275,9.8,47.3,0
39.104043,-84.427048,275,10.8,52.9,0
39.104107,-84.426901,275,11.2,52.9,0
39.104359,-84.426285,275,11.2,52.9,0
39.104748,-84.426304,275,8.2,52.9,0
39.105102,-84.426453,275,6.8,345.4,0
39.105331,-84.426543,275,6.2,331.4,0
39.105311,-84.426849,275,3.2,331.4,0
39.105263,-84.426979,275,3.2,331.4,0
39.105263,-84.426979,275,3.2,331.4,0
39.104908,-84.426407,275,0.0,221.7,0
39.104519,-84.42614,275,0.0,221.7,0
39.10461,-84.425674,275,0.0,221.7,0
39.105777,-84.422852,275,14.2,61.4,0
39.10651,-84.421082,275,12.8,61.4,0
39.106673,-84.420685,275,15.5,61.4,0
39.106871,-84.420197,275,15.5,61.4,0
39.107048,-84.419766,275,16.5,61.4,0
39.107254,-84.419289,275,15.5,61.4,0
39.107449,-84.418796,275,16.5,61.4,0
39.108942,-84.415192,275,13.2,61.4,0
39.10914,-84.414719,275,14.8,61.4,0
39.10935,-84.414215,275,14.8,61.4,0
39.108501,-84.412288,275,9.8,103.6,0
39.108341,-84.412049,275,7.8,103.6,0
39.108326,-84.412018,275,7.8,120.4,0
39.108069,-84.411942,275,6.8,120.4,0
39.107767,-84.412094,275,11.8,120.4,0
39.107476,-84.412231,275,29.5,120.4,0
39.107127,-84.412415,275,44.5,120.4,0
39.103368,-84.414246,350,113.3,200.7,0
39.10253,-84.414673,350,116.5,200.6,0
39.10225,-84.414795,350,125.0,200.6,64
39.100854,-84.415466,325,133.9,201.0,128
39.100571,-84.415602,325,138.9,200.6,128
39.099969,-84.415955,325,143.4,200.8,448
39.098666,-84.416565,375,148.6,201.7,1152
39.097642,-84.417114,400,151.2,202.1,1600
39.096359,-84.417751,450,154.3,202.1,1792
39.095078,-84.418408,525,158.4,201.9,2176
39.093499,-84.419189,600,162.1,201.3,2240
39.092335,-84.419739,650,166.8,200.7,2624
39.090892,-84.420471,750,169.6,200.4,2880
39.089447,-84.421155,850,172.2,200.8,2944
39.087866,-84.421936,950,175.3,200.7,3136
39.086472,-84.422588,1050,178.5,200.7,3072
39.084915,-84.423364,1150,179.4,200.6,2880
39.083359,-84.42408,1250,180.7,200.7,2688
39.081348,-84.42511,1350,180.1,201.1,2624
39.079559,-84.425991,1450,179.9,201.9,2304
39.077578,-84.427063,1550,181.2,202.0,2112
39.07539,-84.428162,1650,182.9,202.5,1984
39.072876,-84.429504,1750,183.8,202.4,1920
39.070862,-84.430588,1850,182.9,202.5,1984
39.068253,-84.431962,1950,184.2,202.7,1728
39.065506,-84.433454,2050,185.0,203.2,1792
39.062821,-84.434937,2150,186.9,203.0,1344
39.060333,-84.43632,2200,188.6,203.4,960
39.058456,-84.437335,2250,190.8,203.5,512
39.053467,-84.440142,2275,195.8,203.2,512
39.048431,-84.442829,2350,200.4,202.6,768
39.043734,-84.445374,2400,205.2,202.9,704
39.039917,-84.447693,2450,207.1,207.3,832
39.036938,-84.44989,2500,208.4,211.9,1088
39.034424,-84.452209,2575,208.6,216.8,1344
39.03205,-84.454712,2650,208.2,221.9,1600
39.030029,-84.457397,2725,209.4,226.6,1984
39.028427,-84.459786,2825,211.9,231.1,2112
39.026642,-84.46295,2925,213.9,234.9,2048
39.025177,-84.465995,3025,217.5,239.3,2048
39.02367,-84.469421,3125,219.8,240.9,2176
39.02243,-84.472444,3225,222.8,241.6,2112
39.020924,-84.476135,3325,226.8,242.4,2368
39.01976,-84.479065,3425,228.5,243.2,2560
39.018875,-84.481384,3525,230.3,244.0,2624
39.017758,-84.484375,3625,232.6,245.1,2560
39.016687,-84.487427,3725,235.1,246.2,2368
39.015381,-84.491312,3825,238.3,246.8,2048
39.014081,-84.495361,3925,242.4,246.9,1856
39.012589,-84.49985,4025,247.0,247.4,1728
39.011055,-84.504639,4125,251.5,247.3,1728
39.009611,-84.508972,4225,254.6,247.4,2176
39.008423,-84.512628,4325,257.1,246.6,2432
39.007233,-84.515971,4425,259.1,245.6,2432
39.005951,-84.519315,4525,261.6,243.4,2240
39.00412,-84.523733,4625,262.8,240.6,2496
39.002955,-84.526245,4725,262.9,238.9,2816
39.001651,-84.528748,4825,262.4,237.0,3008
39.000137,-84.531555,4925,262.7,234.9,3072
38.998993,-84.533585,5025,263.8,233.5,2944
38.996996,-84.536804,5125,265.5,231.6,2688
38.995367,-84.539307,5225,266.0,229.4,3008
38.993784,-84.541565,5325,265.4,227.6,3392
38.99263,-84.543139,5400,265.4,227.3,3520
38.991257,-84.54499,5500,265.9,226.2,3328
38.989838,-84.546721,5600,265.9,224.1,3648
38.988373,-84.548453,5675,264.8,222.2,4032
38.987453,-84.549438,5750,263.6,221.3,4288
38.986542,-84.550483,5850,263.0,220.8,4352
38.985031,-84.552035,5950,262.2,219.3,4480
38.983309,-84.553772,6050,261.3,218.3,4544
38.982937,-84.554138,6100,260.8,217.8,4544
38.981918,-84.5552,6200,260.4,217.4,4480
38.980563,-84.556458,6300,259.4,216.7,4352
38.979027,-84.557922,6400,258.8,216.5,4224
38.978119,-84.558722,6475,258.8,216.5,4160
38.976792,-84.559998,6575,258.4,216.0,3904
38.975209,-84.561462,6675,258.7,215.7,3776
38.973254,-84.563232,6775,258.3,215.2,3840
38.972416,-84.563965,6875,258.3,215.2,3840
38.970508,-84.565674,6975,257.4,214.6,3840
38.967342,-84.568359,7175,257.9,213.9,3648
38.964294,-84.570963,7375,257.7,213.4,3520
38.96077,-84.573888,7575,257.4,212.9,3456
38.95752,-84.576575,7775,257.2,212.4,3584
38.954121,-84.579346,7975,258.0,212.3,3584
38.950653,-84.582068,8175,257.8,211.8,3520
38.946991,-84.584994,8375,258.6,211.7,3328
38.943695,-84.587562,8575,259.0,211.4,3328
38.939941,-84.590487,8750,259.3,211.1,3520
38.936691,-84.592995,8950,259.3,211.1,3648
38.933638,-84.595337,9125,259.3,211.1,3712
38.930557,-84.597712,9325,258.8,210.9,3648
38.927074,-84.600342,9525,258.6,210.4,3648
38.92335,-84.603149,9725,258.1,210.2,3584
38.919998,-84.605591,9925,258.1,210.2,3584
38.916504,-84.608221,10125,257.8,210.5,3584
38.913435,-84.610596,10325,258.3,210.7,3520
38.909958,-84.613236,10500,259.3,211.1,3200
38.90625,-84.616162,10675,260.3,211.5,2880
38.903565,-84.618286,10800,262.8,211.9,2432
38.900214,-84.620972,10925,266.9,212.1,1984
38.892626,-84.627319,11125,276.2,213.6,1600
38.88527,-84.633789,11325,283.0,214.9,1792
38.878143,-84.640284,11525,290.9,215.8,1984
38.871506,-84.646494,11725,295.4,216.3,1984
38.86441,-84.653241,11925,303.0,216.7,1664
38.857339,-84.659912,12100,309.0,216.3,2112
38.852684,-84.664246,12250,310.9,215.8,2560
38.842768,-84.673157,12650,312.4,215.0,2880
38.833085,-84.681641,13050,313.4,213.9,3136
38.824008,-84.689392,13450,313.1,213.5,3328
38.815768,-84.696228,13850,312.9,213.1,3392
38.806778,-84.703694,14250,312.9,213.1,3072
38.796868,-84.711975,14650,312.0,213.2,2944
38.790344,-84.717427,14900,312.0,213.2,2496
38.784027,-84.722681,15100,312.9,213.1,2048
38.770248,-84.734205,15475,314.8,213.3,1984
38.756195,-84.746087,15850,317.6,213.4,1920
38.741364,-84.758626,16200,321.7,213.6,1536
38.724014,-84.773254,16500,328.4,213.4,1216
38.70502,-84.789368,16775,337.0,213.5,1024
38.69031,-84.801697,17000,341.7,213.2,1472
38.673569,-84.815767,17350,344.2,213.5,1600
38.656494,-84.830156,17675,347.2,213.4,1600
38.645899,-84.839111,17900,347.0,213.6,2048
38.631607,-84.851135,18300,345.0,213.4,2304
38.617538,-84.862996,18675,342.8,213.5,2112
38.603909,-84.874451,19000,342.8,213.5,1664
38.587143,-84.888611,19350,345.6,213.6,1536
38.569926,-84.903137,19675,346.4,213.5,1600
38.55304,-84.917331,20000,348.4,213.6,1408
38.534546,-84.932914,20300,353.6,213.5,1600
38.518392,-84.946411,20675,356.7,213.3,1920
38.502844,-84.959473,21025,359.5,213.4,1856
38.490417,-84.970352,21300,362.7,215.6,1600
38.479111,-84.981218,21500,367.0,217.8,1472
38.468256,-84.992493,21700,370.4,220.2,1600
38.45685,-85.005249,21950,373.2,221.9,1792
38.442902,-85.02176,22325,374.3,222.9,2176
38.430455,-85.036377,22725,373.0,222.5,2560
38.419236,-85.049377,23125,370.9,222.4,2624
38.407379,-85.063223,23525,369.5,222.4,2624
38.395203,-85.077365,23925,368.8,222.5,2240
38.381104,-85.093786,24300,370.2,222.5,1792
38.365402,-85.112019,24650,373.0,222.5,1792
38.350246,-85.129594,25000,375.9,222.3,1536
38.334,-85.148426,25325,378.7,222.3,1984
38.319754,-85.164881,25700,378.7,222.3,1984
38.305742,-85.181182,26075,379.4,222.4,1984
38.290612,-85.198736,26425,380.8,222.4,1920
38.2766,-85.214976,26800,382.2,222.5,1792
38.258514,-85.235907,27100,385.8,222.4,1344
38.242081,-85.2549,27425,387.9,222.3,1728
38.226654,-85.272723,27775,389.3,222.3,1792
38.209751,-85.29212,28125,392.9,222.2,1408
38.190536,-85.314273,28425,397.1,222.2,1024
38.176849,-85.329992,28625,400.0,222.3,1472
38.158539,-85.35103,28950,402.8,222.3,1472
38.140366,-85.371951,29275,406.4,222.2,1472
38.123862,-85.390817,29550,408.4,220.8,1472
38.115875,-85.398891,29675,409.0,217.1,1408
38.108322,-85.405611,29800,410.5,213.6,1408
38.100307,-85.411775,29900,411.8,210.2,1344
38.090205,-85.418522,30050,413.2,207.1,1408
38.067764,-85.432317,30375,415.5,205.5,1728
38.047577,-85.444472,30725,415.5,205.5,1984
38.027127,-85.456974,31100,416.8,205.9,1728
38.005234,-85.47036,31450,418.2,205.9,1600
37.982895,-85.484093,31775,419.5,206.0,1472
37.959045,-85.498761,32075,423.5,205.9,1408
37.936432,-85.512786,32425,425.3,206.4,1856
37.916379,-85.52534,32800,424.9,206.3,1856
37.894043,-85.539142,33125,427.1,206.0,1536
37.870897,-85.553463,33450,430.2,205.9,1344
37.846411,-85.56833,33775,433.4,205.6,1344
37.824326,-85.581626,34125,433.8,205.7,1728
37.813126,-85.588571,34275,436.1,207.1,1280
37.803589,-85.595301,34375,437.7,210.8,1152
37.794272,-85.602842,34475,438.8,213.9,1216
37.786194,-85.610319,34600,439.8,217.7,1664
37.777405,-85.619494,34775,441.0,220.8,1600
37.768982,-85.629253,34875,442.0,224.0,1280
37.761174,-85.639383,35000,443.7,227.3,1280
37.75296,-85.651459,35150,445.3,230.4,1472
37.740458,-85.671566,35400,447.0,232.4,1344
37.72463,-85.697061,35725,448.5,231.7,1728
37.708466,-85.722754,36075,447.8,231.6,1792
37.691986,-85.748992,36400,448.5,231.7,1664
37.676514,-85.773536,36750,449.2,231.6,1600
37.659178,-85.801013,37075,450.6,231.6,1216
37.641815,-85.828526,37400,452.0,231.6,1536
37.623705,-85.857139,37700,453.4,231.5,1344
37.606062,-85.885023,38000,454.8,231.5,1344
37.594803,-85.902801,38225,454.0,231.4,1792
37.579899,-85.926341,38575,452.6,231.5,1792
37.564816,-85.950165,38925,451.2,231.5,1664
37.547379,-85.97766,39225,452.0,231.6,1280
37.528366,-86.007664,39525,452.6,231.5,1088
37.507976,-86.039847,39800,454.6,231.3,1344
37.49826,-86.055032,40000,453.2,231.4,1728
37.484711,-86.076361,40350,449.8,231.5,2176
37.47106,-86.097823,40750,445.4,231.4,2176
37.457016,-86.119956,41125,442.6,231.4,1920
37.447551,-86.134783,41325,440.4,231.4,1472
37.442734,-86.142396,41400,441.2,231.4,1024
37.419387,-86.179086,41625,444.0,231.4,768
37.398485,-86.211926,41875,445.4,231.4,1088
37.379818,-86.241064,42175,444.6,231.3,1152
37.359381,-86.273008,42375,445.3,231.2,704
37.333871,-86.312773,42575,448.8,231.2,512
37.310548,-86.349136,42800,450.3,231.2,960
37.294098,-86.374745,43000,450.3,231.2,512
37.287231,-86.385498,43025,451.7,231.2,64
37.260864,-86.426521,43000,458.8,231.3,-128
37.234177,-86.468129,43000,464.5,231.2,-64
37.207342,-86.50987,43000,469.5,231.2,64
37.180389,-86.551812,43000,472.3,231.2,0
37.153108,-86.594059,43000,475.7,231.1,-64
37.125687,-86.636372,43000,477.1,231.0,-64
37.098404,-86.678564,43000,478.5,231.0,-64
37.070897,-86.720999,43000,479.9,231.0,-128
37.043478,-86.763153,43000,480.6,230.9,-64
37.015778,-86.805784,43000,480.6,230.9,64
36.988312,-86.847976,43000,481.3,231.0,-64
36.960522,-86.89069,43000,482.7,231.0,-128
36.933289,-86.932594,43000,482.7,231.0,-128
36.90564,-86.974961,42975,483.4,230.9,-192
36.877899,-87.017387,43000,482.6,230.8,-128
36.84996,-87.059872,43000,482.5,230.6,128
36.821749,-87.102882,43000,482.6,230.8,128
36.79422,-87.144814,43000,483.2,230.7,192
36.766708,-87.186699,43000,480.4,230.7,192
36.739151,-87.228756,43000,479.0,230.8,64
36.711227,-87.271214,43000,478.2,230.7,64
36.683121,-87.313786,43000,479.6,230.7,0
36.655791,-87.355042,42975,478.9,230.6,-64
36.628185,-87.396708,43000,477.5,230.6,0
36.600449,-87.438583,43000,478.9,230.6,-64
36.572555,-87.480683,43000,478.1,230.5,0
36.545136,-87.522057,43000,476.1,230.6,0
36.517502,-87.56361,42975,473.9,230.6,0
36.490265,-87.60458,42975,472.3,230.4,128
36.463074,-87.645378,43000,470.3,230.5,64
36.43639,-87.685449,43000,463.1,230.4,128
36.409607,-87.725544,43000,455.3,230.4,-128
36.383646,-87.764399,43000,451.1,230.5,0
36.357298,-87.803845,42975,448.1,230.3,64
36.330963,-87.843018,43000,448.8,230.2,192
36.30474,-87.882152,43000,452.4,230.3,64
36.278732,-87.920895,43000,455.9,230.3,0
36.251724,-87.961006,42975,457.2,230.1,0
36.225369,-88.000079,43000,458.0,230.2,0
36.198578,-88.039799,43000,459.4,230.2,-64
36.171601,-88.079847,42975,460.2,230.3,-64
36.144461,-88.120111,43000,460.2,230.3,-64
36.11774,-88.159615,43000,460.8,230.2,0
36.090546,-88.199673,43000,461.4,230.1,128
36.063367,-88.239733,42975,462.2,230.2,0
36.036346,-88.279552,43000,462.1,230.0,-128
36.009384,-88.319149,43000,462.9,230.1,-64
35.981964,-88.359489,43000,463.6,230.2,-128
35.955273,-88.398801,43000,464.3,230.1,-64
35.927667,-88.439357,43000,464.3,230.1,-64
35.900436,-88.479309,43000,462.9,230.1,0
35.873428,-88.518791,43000,461.3,229.9,192
35.846558,-88.558102,43000,459.9,229.9,0
35.819733,-88.59724,42975,458.5,229.9,-128
35.793224,-88.635825,42975,457.7,229.9,-64
35.766038,-88.675446,43000,456.3,229.9,-64
35.739363,-88.714249,43000,455.6,229.8,-128
35.712735,-88.752993,43000,455.6,229.8,-128
35.685791,-88.792019,43000,455.6,229.8,0
35.659103,-88.830643,43000,454.8,229.7,64
35.632416,-88.869209,43000,454.7,229.6,-64
35.6187,-88.888219,43000,455.2,227.8,128
35.603989,-88.907204,43025,456.1,225.8,64
35.587646,-88.927059,43000,457.6,224.0,-128
35.572311,-88.944569,43000,458.8,222.2,0
35.552782,-88.965357,43025,459.6,220.6,64
35.521033,-88.998842,43000,458.7,220.9,0
35.489657,-89.032034,43000,457.2,221.0,-128
35.458514,-89.06511,43000,456.5,220.9,0
35.426743,-89.098663,43000,455.9,220.8,128
35.395615,-89.131622,43000,455.1,220.9,128
35.363594,-89.165507,42975,454.5,220.8,0
35.332809,-89.197941,43000,453.1,220.8,-64
35.301773,-89.230614,43000,452.3,220.9,-128
35.270303,-89.263799,43000,452.3,220.9,-128
35.238601,-89.297109,43000,452.4,220.7,-192
35.207504,-89.329605,43025,451.0,220.7,64
35.176254,-89.362345,43000,451.0,220.7,128
35.144845,-89.395237,43000,452.4,220.7,-64
35.113701,-89.427795,43000,452.4,220.7,0
35.082275,-89.460717,43000,452.4,220.7,0
35.050507,-89.493956,43000,453.2,220.6,0
35.019287,-89.526579,43000,453.8,220.7,-64
34.987731,-89.55946,43000,453.8,220.7,0
34.956401,-89.592133,43000,454.6,220.6,64
34.92485,-89.624951,43000,455.3,220.6,-192
34.892807,-89.658135,43000,454.7,220.4,-128
34.861062,-89.691067,43000,455.3,220.6,0
34.829407,-89.72394,43000,455.3,220.6,0
34.797658,-89.756813,43000,456.1,220.5,-64
34.766556,-89.789074,43000,456.1,220.5,64
34.735062,-89.82164,43000,456.1,220.5,128
34.703018,-89.854824,43000,456.1,220.5,64
34.671524,-89.887278,43000,456.1,220.5,-64
34.64003,-89.919789,43000,456.1,220.5,-128
34.608444,-89.952299,42975,455.4,220.4,192
34.577042,-89.984642,43000,455.4,220.4,128
34.545252,-90.017281,43000,455.4,220.4,64
34.513131,-90.050297,43000,456.2,220.3,64
34.481277,-90.082958,43000,456.9,220.4,-64
34.449959,-90.115128,43000,456.9,220.4,-128
34.418444,-90.1474,43000,456.1,220.5,-64
34.387021,-90.179558,43025,456.2,220.3,-128
34.355458,-90.21183,43000,456.2,220.3,0
34.323756,-90.24416,43000,456.2,220.3,64
34.291901,-90.27662,43000,457.0,220.2,192
34.260223,-90.30885,43000,457.0,220.2,128
34.227905,-90.341753,43000,457.7,220.1,64
34.195541,-90.374656,43000,458.4,220.2,-64
34.16304,-90.407615,43000,459.1,220.1,-128
34.13118,-90.439958,43000,459.9,220.1,64
34.098909,-90.472641,43000,460.6,220.2,128
34.066881,-90.505142,43000,460.7,220.0,-64
34.034341,-90.538044,43000,461.3,220.1,0
34.002127,-90.570602,43000,462.7,220.1,64
33.969447,-90.603619,43000,463.4,220.2,0
33.936813,-90.636534,43000,464.9,220.0,0
33.9039,-90.669662,43000,464.9,220.0,-64
33.870895,-90.702845,43000,465.7,219.9,-64
33.83844,-90.735411,43000,467.1,220.0,-128
33.805583,-90.768414,43000,468.5,220.0,-128
33.772904,-90.801201,43000,470.7,219.9,-128
33.740341,-90.83384,43000,472.1,219.9,-64
33.707611,-90.866631,43000,473.5,219.9,-128
33.674306,-90.899906,43000,474.2,219.9,-192
33.641114,-90.933037,43000,475.7,219.9,-128
33.608109,-90.965939,43000,475.7,219.9,-64
33.574265,-90.999699,43000,476.4,219.8,0
33.540665,-91.033107,43000,477.8,219.8,128
33.507248,-91.066333,43000,478.6,219.7,128
33.473526,-91.09981,43000,480.0,219.8,0
33.439962,-91.133161,43000,481.4,219.8,0
33.406444,-91.166401,43000,482.8,219.8,-128
33.372089,-91.200425,43000,482.2,219.7,-64
33.338432,-91.233832,43000,483.6,219.7,0
33.304635,-91.267239,43000,485.0,219.7,64
33.270309,-91.301111,43000,485.8,219.6,64
33.235703,-91.335223,43025,486.4,219.8,0
33.201736,-91.368677,43000,486.5,219.6,64
33.167816,-91.402075,43000,485.8,219.6,0
33.133118,-91.436133,43000,486.5,219.6,-64
33.09906,-91.469586,43000,486.5,219.6,64
33.064611,-91.503389,43000,488.0,219.6,128
33.030807,-91.536548,43000,488.7,219.5,64
32.996475,-91.570221,43000,490.1,219.5,-64
32.96201,-91.603948,43000,490.1,219.5,-128
32.927655,-91.637523,43000,490.9,219.5,-64
32.892601,-91.671716,43000,490.9,219.5,-64
32.858245,-91.705235,43000,490.9,219.5,-128
32.823532,-91.739081,43000,489.5,219.4,64
32.789291,-91.772424,43000,488.1,219.4,128
32.754667,-91.806018,43000,488.9,219.4,-128
32.720032,-91.839606,43000,488.9,219.4,-192
32.685745,-91.872894,43000,488.9,219.4,-128
32.651647,-91.90596,43000,488.2,219.3,0
32.617218,-91.939252,43000,487.5,219.3,128
32.583023,-91.972321,43025,486.8,219.2,128
32.548828,-92.005334,43000,488.0,218.7,-128
32.537888,-92.014893,42975,490.3,215.5,-192
32.528732,-92.021869,42975,492.1,211.6,256
32.518042,-92.029051,43025,493.5,208.2,0
32.507335,-92.035217,43000,495.8,204.6,-64
32.495417,-92.040991,43000,497.9,200.9,128
32.483551,-92.045764,43025,499.7,197.4,0
32.471536,-92.049679,43000,502.8,193.9,-128
32.459572,-92.05265,43000,505.2,190.9,-64
32.428711,-92.058618,43025,504.9,189.5,-192
32.405548,-92.062738,43000,506.3,187.5,0
32.390116,-92.064589,43000,507.9,185.0,0
32.373596,-92.065649,43000,509.4,182.2,64
32.355993,-92.065878,43000,511.0,179.7,0
32.326263,-92.064935,43025,511.3,178.1,-64
32.279508,-92.063244,43000,512.2,178.3,0
32.233049,-92.061618,43000,512.3,178.2,-64
32.187474,-92.060049,43000,513.2,178.3,0
32.140922,-92.058423,43000,513.2,178.3,0
32.093857,-92.05675,43000,514.2,178.3,0
32.046982,-92.055157,43000,515.2,178.3,-64
32.000055,-92.053547,43000,515.2,178.3,-64
31.952432,-92.051921,43000,514.2,178.3,64
31.905075,-92.050323,43000,514.2,178.3,64
31.857651,-92.04873,43000,515.2,178.3,-64
31.811005,-92.047083,43000,514.2,178.3,64
31.763895,-92.04549,43000,514.2,178.3,-64
31.716705,-92.043888,43000,515.2,178.3,-128
31.669922,-92.042272,43000,515.2,178.3,128
31.622955,-92.04071,43000,516.2,178.4,-64
31.575302,-92.039095,43000,516.2,178.3,0
31.527782,-92.037469,43000,517.2,178.3,64
31.481044,-92.035876,43000,516.2,178.3,-64
31.433281,-92.034283,43000,515.2,178.3,-128
31.386063,-92.032686,43000,515.2,178.3,0
31.339233,-92.03107,43000,516.2,178.3,0
31.29274,-92.029449,43000,515.2,178.3,0
31.245667,-92.027893,43000,515.2,178.3,64
31.198929,-92.026331,43000,515.2,178.3,-128
31.15178,-92.024725,43000,515.2,178.3,-64
31.105042,-92.023132,43000,515.2,178.3,-64
31.057755,-92.021538,43000,516.2,178.3,64
31.010651,-92.019976,43000,517.2,178.3,-64
30.962906,-92.018361,43000,519.2,178.3,0
30.915756,-92.016745,43000,520.2,178.4,0
30.868044,-92.015167,43000,521.2,178.4,64
30.820514,-92.013574,43000,522.2,178.2,64
30.772842,-92.011952,43000,522.2,178.4,0
30.725235,-92.01039,43000,523.2,178.4,0
30.677552,-92.008795,43000,522.2,178.2,-64
30.634506,-92.007213,42975,523.6,177.3,-192
30.620433,-92.005884,43000,527.9,174.0,128
30.606354,-92.003659,43000,530.8,170.8,320
30.592315,-92.000446,43025,535.3,167.7,-128
30.57686,-91.995941,43000,539.3,164.6,128
30.547668,-91.985833,43000,539.6,163.0,-256
30.537186,-91.982117,43000,538.0,162.8,192
30.489807,-91.965153,43000,533.0,162.8,192
30.444046,-91.948755,43000,530.8,162.8,-128
30.397751,-91.932301,43000,529.2,163.0,0
30.351407,-91.916016,43000,528.0,163.0,-64
30.305099,-91.899827,43025,525.8,163.1,0
30.259323,-91.883778,43000,527.0,163.0,-128
30.212769,-91.867514,43000,525.8,163.4,64
30.166502,-91.851636,43000,525.8,163.4,0
30.120346,-91.835902,43000,525.7,163.9,0
30.074003,-91.820929,43000,524.0,164.5,128
30.027218,-91.805713,43000,524.4,163.9,0
29.981827,-91.790879,43000,523.6,164.3,-64
29.948591,-91.780499,43025,522.4,165.6,-256
29.924789,-91.774023,43000,520.4,167.5,128
29.897756,-91.767722,43000,519.5,169.0,-128
29.851135,-91.757918,43000,518.9,170.0,-192
29.804232,-91.74855,43000,519.5,170.2,-128
29.756842,-91.73934,43000,518.4,170.3,0
29.72612,-91.73341,43000,515.3,171.7,128
29.714293,-91.731962,43000,510.4,175.7,0
29.706345,-91.731773,43000,505.0,180.4,320
29.697348,-91.732339,43050,498.9,184.9,256
29.691605,-91.733093,43050,496.1,187.4,-192
29.680801,-91.735259,43025,491.7,191.4,-320
29.669557,-91.738317,43000,487.6,195.0,-64
29.656662,-91.742841,43025,483.8,198.1,-128
29.645163,-91.747688,43000,480.4,201.5,-256
29.633377,-91.753534,42950,477.0,204.8,-704
29.622772,-91.759644,42900,473.4,208.2,-960
29.612251,-91.766645,42775,469.6,211.6,-1344
29.60376,-91.773077,42650,466.8,214.4,-1792
29.594608,-91.780916,42450,463.7,218.1,-1920
29.586411,-91.788817,42300,462.2,221.0,-1920
29.578354,-91.797479,42100,459.7,224.3,-2304
29.57016,-91.807409,41900,458.7,227.6,-2432
29.563231,-91.816837,41650,456.7,231.2,-2496
29.556249,-91.827446,41425,454.9,234.2,-2624
29.550104,-91.838056,41200,453.4,237.9,-2432
29.543028,-91.85195,40925,453.1,240.7,-2560
29.534602,-91.869668,40525,454.6,241.6,-2496
29.523834,-91.892289,40125,457.4,241.2,-2432
29.521241,-91.897673,40000,456.9,241.4,-2880
29.511978,-91.916745,39625,458.5,240.8,-2432
29.502502,-91.936288,39225,457.9,241.1,-2624
29.493073,-91.955831,38850,459.2,241.1,-2752
29.483301,-91.975816,38450,459.3,240.8,-2816
29.473246,-91.996388,38050,460.1,241.1,-2496
29.463272,-92.017206,37650,460.6,241.0,-2560
29.453927,-92.036348,37250,462.0,240.7,-2496
29.443452,-92.057728,36850,461.9,241.0,-2496
29.43457,-92.076099,36525,462.7,241.3,-2944
29.429813,-92.086002,36250,463.8,240.8,-2624
29.41864,-92.108688,35875,465.6,240.7,-2432
29.409348,-92.127756,35475,466.0,240.9,-2624
29.400146,-92.146665,35075,468.6,241.0,-2496
29.39035,-92.166631,34675,472.0,240.6,-2816
29.384983,-92.177663,34475,473.1,241.1,-2368
29.37886,-92.190346,34275,475.3,241.1,-1984
29.374834,-92.198666,34125,474.9,241.2,-1600
29.372693,-92.203082,34075,475.0,240.9,-1152
29.371124,-92.206298,34050,474.2,240.6,-768
29.369019,-92.210576,34050,474.2,240.6,-448
29.365803,-92.21703,34000,472.8,240.6,-128
29.345041,-92.259252,34000,463.3,240.9,192
29.324799,-92.300738,33975,459.7,241.0,128
29.304108,-92.342887,34000,455.3,240.7,128
29.284058,-92.383875,34000,455.7,240.9,0
29.265472,-92.421799,34000,456.8,241.6,0
29.260941,-92.432362,34000,454.5,244.7,0
29.257244,-92.442573,34000,451.8,248.7,128
29.254028,-92.453596,34025,449.1,252.8,128
29.251328,-92.465533,34025,447.0,256.7,-128
29.249405,-92.476836,34000,445.5,260.2,-64
29.247793,-92.491042,34000,444.3,263.0,-64
29.247235,-92.49869,34000,444.0,266.1,-512
29.247116,-92.501819,33975,443.8,266.6,-768
29.246979,-92.505569,33950,444.3,267.9,-1216
29.246979,-92.517771,33825,445.2,271.5,-1600
29.247793,-92.532618,33650,448.4,274.6,-1984
29.249935,-92.558037,33275,453.2,275.7,-1984
29.252106,-92.584375,32900,456.8,275.1,-2112
29.254264,-92.612215,32525,460.7,275.0,-2048
29.256363,-92.639782,32150,464.8,275.1,-1920
29.258454,-92.666985,31775,467.7,274.9,-2048
29.260502,-92.693428,31375,469.8,275.0,-1856
29.262634,-92.721652,31025,470.8,275.0,-2112
29.264692,-92.748952,30650,470.7,274.9,-2048
29.266833,-92.776902,30275,469.7,274.9,-1984
29.26886,-92.804683,29900,466.6,274.8,-1856
29.27092,-92.833047,29525,462.6,274.7,-1920
29.27298,-92.861199,29150,459.6,274.7,-1920
29.275026,-92.888758,28775,458.6,274.8,-2048
29.276935,-92.91477,28400,456.6,274.8,-1984
29.278145,-92.931088,28175,455.6,274.8,-1600
29.27861,-92.937311,28125,454.6,274.8,-1152
29.279402,-92.948267,28025,452.6,274.8,-704
29.279938,-92.955375,28000,450.6,274.8,-256
29.281723,-92.979936,27975,441.6,274.8,-64
29.283691,-93.006451,28000,432.5,274.8,64
29.285966,-93.039389,28000,422.9,273.7,0
29.287033,-93.066189,28000,416.3,272.1,0
29.287502,-93.08662,27975,410.1,271.1,-448
29.287537,-93.090539,27975,410.0,270.8,-768
29.287596,-93.097121,27925,410.0,270.6,-1216
29.287596,-93.114409,27750,411.0,269.6,-1664
29.287079,-93.141086,27400,413.2,268.1,-1536
29.286072,-93.16908,27075,414.3,267.8,-1536
29.285268,-93.196591,26750,415.2,268.1,-1536
29.284332,-93.226178,26400,416.3,267.9,-1536
29.283371,-93.256073,26050,416.3,267.9,-1472
29.282475,-93.284589,25725,416.3,267.8,-1408
29.28154,-93.312325,25400,417.3,267.8,-1472
29.280624,-93.340478,25075,417.3,267.8,-1536
29.279709,-93.367891,24750,416.3,267.8,-1536
29.278797,-93.395529,24425,415.3,267.8,-1664
29.277866,-93.42348,24100,414.3,267.6,-1600
29.276889,-93.451484,23775,414.3,267.8,-1536
29.276001,-93.479127,23450,416.3,267.8,-1536
29.275026,-93.507008,23100,417.3,267.7,-1536
29.273956,-93.536951,22775,418.3,267.7,-1536
29.273071,-93.563609,22450,420.3,267.8,-1536
29.272064,-93.592476,22100,422.3,267.7,-1856
29.271582,-93.605508,21950,421.4,267.5,-1408
29.270604,-93.633836,21625,421.2,268.2,-1600
29.269775,-93.662726,21300,421.3,268.0,-1536
29.268951,-93.690297,20975,420.3,267.8,-1600
29.267899,-93.718872,20650,419.3,267.7,-1472
29.266937,-93.747077,20325,418.3,267.7,-1536
29.265976,-93.773434,19975,414.4,267.5,-1600
29.265427,-93.788118,19800,405.4,267.6,-1536
29.265018,-93.800354,19675,397.4,267.5,-1216
29.264557,-93.812467,19550,388.3,267.6,-1472
29.263962,-93.828471,19350,378.4,267.4,-1472
29.263342,-93.844569,19175,369.3,267.7,-1344
29.262817,-93.858736,19000,359.3,267.6,-1280
29.261993,-93.881818,18750,349.3,267.5,-1088
29.261124,-93.906696,18450,344.2,267.8,-1216
29.260176,-93.933859,18150,341.3,267.6,-1280
29.259247,-93.960202,17850,341.3,267.6,-1152
29.258652,-93.973406,17700,342.7,266.3,-1600
29.258361,-93.977966,17625,344.0,265.7,-1984
29.257802,-93.984537,17500,346.9,264.0,-2432
29.256226,-93.998126,17200,352.9,261.5,-2368
29.253433,-94.018038,16825,352.6,260.7,-2112
29.250633,-94.036937,16425,349.8,260.5,-1920
29.247887,-94.056325,16075,344.9,261.3,-2304
29.247142,-94.062033,15925,343.5,261.8,-2752
29.245331,-94.077512,15525,341.7,262.8,-3008
29.243774,-94.091826,15125,340.6,262.9,-3008
29.242393,-94.105171,14750,339.5,263.1,-3136
29.240891,-94.118869,14350,337.7,262.7,-2944
29.239274,-94.132637,13950,337.0,262.3,-3008
29.237595,-94.146388,13575,335.3,261.9,-3136
29.235876,-94.159995,13175,333.5,261.7,-3008
29.234161,-94.17359,12775,331.4,261.9,-3008
29.232376,-94.187376,12375,328.4,261.8,-3136
29.231049,-94.198362,12050,327.7,262.6,-2752
29.230569,-94.202809,11925,326.3,263.1,-3072
29.230408,-94.204542,11825,324.7,262.6,-3456
29.230104,-94.20701,11775,323.7,262.5,-3840
29.229638,-94.211695,11600,323.1,263.4,-3840
29.229355,-94.214789,11450,323.9,263.8,-3648
29.229173,-94.216488,11425,323.8,264.0,-3264
29.228714,-94.221602,11275,321.8,263.9,-2816
29.228073,-94.228257,11075,319.9,263.7,-3008
29.227478,-94.234384,10875,318.0,263.5,-3072
29.226752,-94.241261,10675,314.8,263.8,-3072
29.226242,-94.246902,10500,313.6,264.1,-2752
29.22596,-94.249824,10450,312.9,263.8,-2304
29.225216,-94.257687,10250,308.8,263.9,-2432
29.224843,-94.262857,10125,307.2,265.0,-2048
29.224319,-94.269615,10000,303.1,265.1,-1920
29.223726,-94.277505,9825,298.1,265.0,-2112
29.22326,-94.28316,9700,293.4,264.3,-1664
29.222655,-94.289784,9600,288.5,264.2,-1664
29.22226,-94.294281,9500,285.5,264.2,-1728
29.221893,-94.298559,9425,281.3,264.5,-1728
29.221436,-94.304369,9325,276.3,264.4,-1600
29.220979,-94.309226,9225,272.2,264.5,-1472
29.220428,-94.316835,9100,267.9,265.3,-1536
29.219676,-94.327267,8925,263.8,265.6,-1600
29.219164,-94.335614,8725,262.6,266.3,-2048
29.218735,-94.344089,8525,262.5,266.5,-1984
29.218326,-94.351555,8375,261.6,266.3,-1536
29.217636,-94.362893,8175,259.7,265.8,-1472
29.217069,-94.372343,8000,257.6,266.2,-1536
29.216464,-94.382737,7800,256.6,266.0,-1536
29.215759,-94.390411,7650,254.2,262.5,-1664
29.214798,-94.39675,7525,252.4,259.3,-1536
29.213298,-94.404279,7375,250.1,256.4,-1472
29.211182,-94.413757,7200,249.8,255.6,-1472
29.209155,-94.422697,7025,250.3,255.2,-1536
29.207945,-94.427867,6925,251.3,255.2,-1472
29.206781,-94.432983,6825,252.3,255.3,-1408
29.205505,-94.438477,6725,252.3,255.3,-1536
29.204267,-94.443862,6625,252.5,255.1,-1600
29.203196,-94.448494,6525,252.3,255.3,-1408
29.201893,-94.454202,6425,252.3,255.3,-1408
29.200729,-94.459318,6325,252.0,255.5,-1600
29.199612,-94.464542,6225,253.6,257.9,-1536
29.199007,-94.468851,6150,253.7,261.6,-1536
29.19873,-94.472809,6075,255.4,266.9,-1152
29.19873,-94.475555,6050,257.0,270.0,-832
29.198868,-94.478777,6025,258.7,274.2,-384
29.199738,-94.487598,6000,258.0,277.1,-192
29.201707,-94.504502,5950,256.4,277.9,0
29.204919,-94.530514,5950,252.4,278.0,-64
29.207291,-94.549238,5975,253.2,279.1,-64
29.208177,-94.553779,5950,255.9,284.2,-64
29.209351,-94.557689,5950,258.8,290.1,128
29.211296,-94.562934,5975,262.7,294.5,128
29.214648,-94.57042,5975,267.5,297.6,-64
29.220749,-94.583306,5950,272.1,298.5,-64
29.232971,-94.608817,5975,273.8,298.3,64
29.237869,-94.619487,5975,270.1,296.9,-64
29.244232,-94.634171,5950,265.2,296.2,0
29.255056,-94.658688,5950,260.3,296.5,-384
29.255859,-94.660527,5950,259.8,296.8,0
29.262543,-94.675528,6000,255.4,297.3,384
29.267113,-94.686315,6000,252.8,295.0,-64
29.273804,-94.701884,5975,251.3,296.5,192
29.279821,-94.715774,5975,247.3,296.1,0
29.280533,-94.717413,5975,246.4,296.2,448
29.282614,-94.72229,6025,244.6,295.9,64
29.292577,-94.745017,6025,246.4,295.7,128
29.296859,-94.75498,6000,251.3,296.5,64
29.299301,-94.760513,6000,256.3,296.7,0
29.301498,-94.765425,6000,261.2,296.9,0
29.305611,-94.774637,6000,266.1,297.0,-64
29.309601,-94.783542,6000,270.6,297.0,-64
29.313618,-94.79257,6000,275.0,297.0,-64
29.320461,-94.807703,6000,279.5,297.5,-64
29.33047,-94.829568,6000,284.5,297.6,-192
29.342946,-94.856388,6000,287.2,297.8,0
29.354864,-94.882561,6000,282.2,297.2,-64
29.366455,-94.908411,6000,278.2,297.4,0
29.37822,-94.934287,6000,276.9,297.8,-64
29.389498,-94.959142,6000,275.9,296.9,0
29.39241,-94.966296,6000,274.4,293.9,0
29.394666,-94.972929,6000,273.1,290.4,128
29.398315,-94.985205,6000,271.6,288.2,0
29.405885,-95.011866,6000,271.0,287.8,128
29.413612,-95.038309,6000,269.1,288.6,0
29.421433,-95.064751,6000,267.2,288.8,0
29.429301,-95.091463,6000,266.3,288.2,64
29.437042,-95.117992,6000,266.0,288.6,64
29.444641,-95.14419,6000,267.2,288.1,0
29.452111,-95.171006,6000,268.5,287.6,0
29.459606,-95.197556,6000,268.2,288.0,64
29.467438,-95.224369,6000,269.4,288.8,0
29.471151,-95.236493,6000,270.0,291.0,0
29.473013,-95.241232,6000,271.6,294.6,0
29.474991,-95.245549,6000,273.6,299.6,64
29.47879,-95.252521,6000,274.6,303.1,0
29.487122,-95.266465,6000,275.2,304.8,-64
29.501312,-95.290023,6000,274.9,304.3,0
29.515549,-95.314372,6000,274.6,303.9,64
29.526627,-95.333123,6000,275.2,304.8,-64
29.530971,-95.339894,5975,274.2,307.0,-384
29.53212,-95.341574,5975,273.8,307.6,-832
29.535998,-95.347218,5875,274.1,308.3,-1216
29.540268,-95.353352,5775,273.9,308.6,-1216
29.544067,-95.358846,5675,273.3,308.5,-1408
29.547272,-95.363388,5575,273.1,308.8,-1600
29.549964,-95.367198,5475,272.4,308.9,-1600
29.553176,-95.371722,5375,271.0,308.9,-1472
29.556107,-95.375906,5275,270.2,309.0,-1536
29.559088,-95.380123,5175,268.0,309.1,-1664
29.562207,-95.384486,5075,265.2,309.0,-1536
29.565,-95.388363,4975,262.9,309.4,-1536
29.567917,-95.392438,4875,260.7,309.5,-1536
29.570984,-95.396664,4775,257.1,309.6,-1472
29.574171,-95.401019,4675,254.2,309.9,-1536
29.577072,-95.404904,4575,252.3,311.1,-1472
29.580002,-95.40839,4475,251.8,316.6,-1600
29.582737,-95.410928,4400,253.0,322.2,-1472
29.585483,-95.412975,4350,252.6,328.8,-1408
29.588608,-95.414781,4275,253.7,335.0,-1472
29.591675,-95.416101,4200,253.3,340.6,-1472
29.595958,-95.417552,4100,252.1,344.6,-1280
29.601105,-95.418954,4000,247.6,346.7,-1408
29.605873,-95.420245,3900,243.3,346.9,-1792
29.609272,-95.421161,3800,241.4,346.8,-1920
29.612716,-95.422076,3700,239.4,346.7,-1792
29.616348,-95.423073,3600,237.5,346.6,-1600
29.620605,-95.424235,3500,234.8,346.2,-1600
29.623749,-95.425146,3400,232.8,346.1,-1536
29.628311,-95.426438,3325,229.0,345.8,-1088
29.632645,-95.427721,3250,224.8,345.8,-896
29.636412,-95.428808,3200,221.0,345.6,-1088
29.639786,-95.429781,3125,216.6,345.8,-1216
29.64372,-95.430854,3025,212.7,346.7,-1280
29.648794,-95.432147,2925,210.9,347.7,-1024
29.654101,-95.433493,2825,208.7,347.8,-1280
29.658463,-95.434535,2725,210.9,347.7,-1216
29.663818,-95.435908,2625,212.3,347.2,-1152
29.6689,-95.437229,2525,216.6,346.9,-1024
29.674212,-95.438663,2425,220.0,346.6,-1152
29.680023,-95.44024,2325,220.0,346.6,-896
29.684418,-95.441296,2275,220.3,350.1,-768
29.688034,-95.441771,2225,220.0,354.5,-832
29.69111,-95.441895,2175,221.0,359.7,-896
29.693802,-95.441718,2150,220.7,4.4,-960
29.69679,-95.441194,2100,220.8,10.7,-832
29.699387,-95.440451,2050,220.1,15.6,-576
29.702087,-95.439342,2025,219.7,21.1,-640
29.705475,-95.437546,2000,220.9,26.3,-512
29.708055,-95.435809,1975,219.7,32.2,-320
29.711361,-95.433062,1975,218.0,36.6,0
29.715131,-95.42967,1975,213.3,38.9,128
29.720811,-95.42423,1975,208.4,41.1,-64
29.723325,-95.42143,1975,208.6,46.0,0
29.725433,-95.418584,1975,207.3,51.9,128
29.727095,-95.415829,2000,206.9,57.2,128
29.728455,-95.412985,2000,205.7,62.8,-64
29.729691,-95.409816,2000,204.8,67.3,0
29.730447,-95.407158,2000,202.4,72.5,-64
29.731099,-95.404196,2000,199.7,77.6,-128
29.731476,-95.401154,2000,197.6,82.7,-256
29.731704,-95.397195,1975,195.2,87.4,-128
29.731659,-95.394129,1975,192.3,93.0,-128
29.731293,-95.389639,1950,190.5,97.2,-128
29.730743,-95.386523,1950,186.8,103.0,128
29.730028,-95.38357,1975,181.8,107.9,256
29.728957,-95.3805,1975,177.4,113.2,128
29.727468,-95.377161,1975,174.4,117.3,64
29.725891,-95.37411,2000,171.2,122.1,0
29.723837,-95.370753,2000,168.8,126.3,-256
29.721137,-95.366929,1975,164.8,129.6,-448
29.718111,-95.363051,1925,160.6,132.7,-640
29.715038,-95.359497,1850,157.0,136.0,-704
29.71299,-95.357289,1800,153.5,136.9,-256
29.706985,-95.350764,1725,149.3,136.9,-576
29.703552,-95.347225,1650,147.3,138.3,-1024
29.70108,-95.344743,1550,148.1,138.6,-1088
29.698512,-95.341994,1450,150.0,136.6,-1088
29.695347,-95.338386,1350,149.9,134.5,-704
29.691467,-95.333809,1250,147.1,133.9,-704
29.688084,-95.329716,1150,142.2,133.6,-832
29.684733,-95.325569,1050,137.3,132.6,-832
29.681534,-95.321714,975,133.0,133.2,-640
29.677843,-95.317329,875,132.9,134.4,-640
29.674118,-95.313052,775,134.4,135.0,-704
29.670456,-95.308773,700,134.4,135.0,-640
29.667297,-95.305076,600,135.8,133.8,-512
29.663551,-95.300634,525,134.4,133.8,-896
29.660843,-95.297417,425,134.4,133.8,-768
29.657313,-95.293202,325,134.4,133.8,-768
29.652472,-95.287437,200,120.0,134.0,-832
29.6483,-95.282417,75,120.0,134.0,-832
29.64777,-95.281785,75,123.1,133.7,-256
29.645769,-95.279415,50,118.1,134.0,-192
29.644363,-95.277769,50,112.5,133.9,-128
29.643627,-95.276884,50,108.9,133.5,0
29.643255,-95.2764,50,99.8,133.0,0
29.642933,-95.276026,25,97.0,131.1,-64
29.642743,-95.27578,25,95.0,131.1,-64
29.642452,-95.275431,25,89.0,131.1,-64
29.641811,-95.274639,25,79.0,134.0,-64
29.641171,-95.273886,25,71.0,131.1,-64
29.640787,-95.273438,25,63.5,131.1,-64
29.640624,-95.273222,25,60.5,134.0,-64
29.640415,-95.27298,25,56.5,134.0,-64
29.640345,-95.272899,25,55.5,134.0,-64
29.639984,-95.274326,25,17.5,311.1,-64
29.640019,-95.274353,25,17.5,311.1,-64
29.642801,-95.285932,25,0.9,280.2,0
29.642818,-95.286008,25,2.2,280.2,0
29.642818,-95.286061,25,3.8,277.4,0
29.64283,-95.28614,25,5.2,274.6,0
29.642847,-95.286268,25,6.8,274.6,0
29.642906,-95.286403,25,7.8,294.3,0
29.64294,-95.286457,25,7.8,302.7,0
29.643002,-95.286537,25,7.8,308.3,0
29.646327,-95.280062,75,117.4,133.6,-64
29.645966,-95.279564,75,123.8,134.0,-64
29.645163,-95.278661,75,133.7,134.1,0
29.643402,-95.276554,50,150.7,133.7,128
29.642395,-95.275286,75,159.2,132.7,384
29.641905,-95.274676,75,162.1,132.8,704
29.640793,-95.273279,125,165.6,132.6,1216
29.640229,-95.27263,150,167.0,132.6,1792
29.639282,-95.27143,225,169.9,132.6,2176
29.637436,-95.269075,325,173.5,132.0,2368
29.636365,-95.267729,400,176.4,131.6,2240
29.634979,-95.265884,500,177.9,131.1,2240
29.633926,-95.264353,575,181.3,129.0,2560
29.632736,-95.262451,675,184.3,125.5,2624
29.631866,-95.260761,775,187.7,119.7,2688
29.630814,-95.258173,875,190.4,113.2,2752
29.63036,-95.256796,975,190.4,110.0,2688
29.629761,-95.254317,1075,192.1,104.5,2432
29.629395,-95.251887,1175,193.9,98.0,2240
29.629257,-95.249405,1250,197.1,91.4,1984
29.629349,-95.24687,1350,199.6,85.7,1984
29.629755,-95.24371,1450,202.6,79.2,1920
29.630499,-95.24064,1550,206.2,72.8,1856
29.631454,-95.238049,1625,209.8,64.9,1792
29.632687,-95.235524,1700,213.2,58.6,1792
29.634201,-95.233084,1775,216.2,52.7,1984
29.635993,-95.230839,1875,218.5,45.6,2304
29.637855,-95.2289,1975,219.2,40.4,2624
29.639391,-95.2275,2075,220.2,36.5,2816
29.641532,-95.225992,2175,220.6,30.5,2944
29.642975,-95.22513,2275,220.5,26.7,3200
29.645096,-95.224105,2375,219.9,21.9,3136
29.647064,-95.223365,2475,219.9,16.4,3072
29.648941,-95.222837,2575,219.3,12.6,3072
29.650955,-95.22252,2675,219.5,6.8,2944
29.652798,-95.22233,2775,218.5,3.9,2944
29.6548,-95.222276,2875,218.0,0.5,2880
29.656311,-95.222309,2950,218.0,359.5,2880
29.658477,-95.222383,3050,218.1,358.2,2816
29.660898,-95.222491,3150,219.2,357.4,2688
29.662766,-95.222626,3250,219.3,357.1,2560
29.665414,-95.22276,3350,221.3,356.9,2432
29.667974,-95.222922,3450,222.3,356.9,2368
29.670814,-95.223137,3550,224.4,356.7,2432
29.673374,-95.223299,3650,225.4,356.7,2432
29.675674,-95.223471,3750,226.4,356.5,2240
29.678867,-95.223676,3850,229.4,356.8,2176
29.681625,-95.223841,3950,231.3,357.0,1984
29.684692,-95.223999,4050,234.3,357.3,1920
29.688217,-95.224157,4150,238.2,357.6,1920
29.691788,-95.224316,4250,241.2,357.9,1920
29.69545,-95.224474,4350,244.2,357.9,1984
29.698838,-95.224645,4450,247.2,357.9,1984
29.701631,-95.224753,4550,249.2,357.9,1984
29.705658,-95.224897,4650,253.2,358.0,1728
29.709778,-95.225076,4750,257.2,358.0,1472
29.714767,-95.225267,4825,261.2,357.8,1472
29.718437,-95.225453,4925,265.3,357.4,1664
29.722906,-95.225722,5025,268.3,357.2,1984
29.726669,-95.225953,5125,270.4,356.8,2112
29.7304,-95.226207,5225,271.5,356.4,2240
29.733719,-95.226429,5325,273.6,356.2,2368
29.736786,-95.226693,5425,273.6,356.2,2496
29.739944,-95.226904,5525,274.5,356.7,2624
29.742874,-95.227063,5625,275.4,356.9,2688
29.745438,-95.227221,5700,275.4,357.1,2752
29.748001,-95.227327,5800,276.3,357.3,2816
29.751068,-95.227485,5900,276.3,357.3,2880
29.753397,-95.227607,6000,276.3,357.3,2880
29.755958,-95.227769,6100,276.3,357.3,2880
29.758518,-95.227877,6200,276.3,357.3,2816
29.761871,-95.228066,6300,277.4,357.1,2752
29.764197,-95.2282,6400,277.4,357.1,2624
29.76727,-95.228415,6500,278.4,357.1,2496
29.77066,-95.228594,6600,279.4,357.1,2304
29.773508,-95.228738,6700,281.4,356.9,2112
29.777939,-95.229017,6800,282.5,356.8,1920
29.781887,-95.229331,6900,284.7,356.0,1728
29.786499,-95.229756,7000,287.8,355.6,1728
29.794875,-95.230462,7200,291.8,355.7,2176
29.8022,-95.23113,7400,293.0,355.3,2496
29.808014,-95.231711,7600,293.2,354.9,2688
29.814241,-95.232346,7800,292.3,354.7,2816
29.819366,-95.232925,8000,292.3,354.5,2752
29.8256,-95.233585,8200,293.2,354.7,2560
29.831818,-95.234193,8400,293.0,355.3,2688
29.838076,-95.234716,8600,292.8,355.9,2880
29.843353,-95.235144,8800,292.6,356.3,2944
29.848922,-95.23547,9000,292.5,356.7,3008
29.854568,-95.23583,9200,291.4,356.9,3008
29.859723,-95.23617,9400,291.4,356.9,2944
29.86496,-95.236517,9600,291.4,356.9,2880
29.871081,-95.23687,9800,292.4,357.1,2816
29.876221,-95.237151,10000,293.4,357.1,2752
29.882767,-95.237573,10200,293.4,356.9,2880
29.887933,-95.237893,10400,294.5,356.7,2624
29.893007,-95.23827,10525,295.5,356.7,2304
29.895905,-95.238471,10600,297.5,356.5,1856
29.898651,-95.23863,10675,299.5,356.5,1472
29.901852,-95.238863,10725,301.6,356.4,1024
29.911743,-95.239617,10825,310.7,356.1,768
29.923173,-95.240643,10950,320.1,355.3,1152
29.933075,-95.241556,11075,326.0,355.4,1600
29.942539,-95.242401,11275,329.0,355.6,2048
29.950836,-95.243117,11475,330.9,355.8,2432
29.958506,-95.243719,11675,331.8,356.0,2368
29.966721,-95.24441,11875,332.9,355.7,2496
29.980865,-95.245649,12275,333.9,355.7,2624
29.995193,-95.246726,12675,335.6,356.6,2304
30.010712,-95.247641,13075,337.5,356.8,2496
30.0261,-95.248718,13475,337.7,356.4,2752
30.039181,-95.249597,13875,336.6,356.6,3008
30.048843,-95.250226,14175,336.5,356.8,2560
30.06514,-95.251196,14575,339.4,357.3,2112
30.082397,-95.252165,14950,341.4,357.1,2112
30.099094,-95.253168,15350,343.5,356.8,2176
30.117279,-95.254265,15725,346.4,357.2,1984
30.134334,-95.25509,16125,347.2,357.9,2432
30.150833,-95.255665,16525,348.1,358.4,2176
30.167898,-95.256134,16925,348.1,358.5,2368
30.184704,-95.256573,17325,348.1,358.7,2112
30.202652,-95.257012,17700,349.1,358.7,2048
30.222061,-95.257443,18075,351.1,358.7,1664
30.242894,-95.257892,18400,356.1,359.0,1472
30.264313,-95.258251,18725,360.1,358.7,1536
30.280426,-95.259112,18950,361.6,356.8,1536
30.294525,-95.260351,19175,361.6,354.6,1664
30.307369,-95.262177,19375,362.5,352.1,1472
30.322998,-95.26509,19600,363.5,350.0,1536
30.336868,-95.268267,19800,364.2,347.8,1472
30.350383,-95.272064,20025,364.8,345.4,1472
30.364675,-95.276788,20250,366.7,343.2,1408
30.386581,-95.28437,20575,369.0,343.6,1536
30.394794,-95.287445,20700,368.2,340.5,1152
30.401032,-95.290411,20775,366.1,335.8,1472
30.407084,-95.293982,20875,363.5,331.0,1536
30.412994,-95.298211,20975,362.2,326.5,1472
30.419746,-95.303925,21100,360.2,322.6,1792
30.436086,-95.318756,21450,361.4,321.3,1344
30.453735,-95.335155,21775,362.6,321.0,1536
30.470947,-95.351257,22100,363.4,321.1,1408
30.488937,-95.367791,22400,365.1,321.6,1408
30.505875,-95.383247,22725,365.9,321.7,1600
30.5224,-95.398488,23050,366.4,321.3,1472
30.539571,-95.414337,23375,367.8,321.3,1536
30.557556,-95.43107,23700,369.0,321.0,1344
30.575592,-95.447872,24025,370.6,321.2,1536
30.592804,-95.463706,24350,371.7,321.8,1536
30.610052,-95.479431,24675,372.6,321.1,1856
30.61736,-95.486462,24825,373.4,320.0,1408
30.628555,-95.497849,25025,373.8,317.8,1408
30.640869,-95.511292,25275,373.4,315.9,1600
30.657861,-95.530243,25600,374.1,316.0,1344
30.667969,-95.542064,25775,374.1,313.8,1344
30.676435,-95.55293,25925,374.9,311.2,1088
30.684631,-95.564467,26050,376.4,308.6,896
30.696453,-95.582318,26225,380.0,306.9,1024
30.705065,-95.595117,26375,382.5,309.1,960
30.710697,-95.602588,26450,385.0,312.5,896
30.717727,-95.610828,26525,387.5,315.8,960
30.725006,-95.618484,26625,389.3,319.3,960
30.732925,-95.625754,26700,392.4,322.7,1024
30.741806,-95.633024,26800,395.0,325.6,1088
30.749615,-95.638733,26900,397.2,328.6,1024
30.757296,-95.643732,26975,399.9,332.0,896
30.767761,-95.649612,27075,402.1,334.5,1024
30.79097,-95.661621,27300,405.1,336.0,960
30.816883,-95.675043,27575,406.0,336.0,1408
30.839081,-95.686448,27900,404.7,336.1,1472
30.862085,-95.698224,28200,404.7,336.1,1344
30.885132,-95.710036,28525,405.6,336.1,1344
30.908524,-95.722046,28825,404.3,336.2,1536
30.927658,-95.731794,29100,405.2,336.3,1088
30.957797,-95.747223,29350,409.2,336.1,960
30.986287,-95.76178,29625,411.0,336.2,1152
31.01082,-95.774304,29925,411.0,336.2,1472
31.032373,-95.785345,30250,409.7,336.2,1600
31.054532,-95.796661,30575,408.4,336.3,1472
31.077805,-95.808536,30900,407.5,336.3,1280
31.103256,-95.821569,31175,408.8,336.2,960
31.129295,-95.834894,31450,410.1,336.1,1088
31.155441,-95.848281,31725,411.9,336.2,1088
31.184143,-95.862983,31975,413.2,336.2,1024
31.209412,-95.875962,32275,414.2,336.2,1088
31.237701,-95.890449,32550,415.5,336.1,1152
31.264343,-95.904182,32825,416.4,336.2,832
31.292321,-95.918719,33000,419.2,335.0,704
31.304535,-95.925885,33100,418.2,332.2,832
31.312292,-95.931024,33150,417.1,329.9,1280
31.321975,-95.938,33325,414.2,327.4,1728
31.339013,-95.951349,33650,409.4,325.6,1984
31.357075,-95.965796,34025,406.1,325.3,1856
31.374573,-95.980063,34400,403.6,325.1,1920
31.392129,-95.99425,34775,400.3,325.3,1984
31.404556,-96.004351,35025,399.5,325.2,1536
31.426066,-96.021881,35325,401.2,324.8,1280
31.44734,-96.039349,35625,401.8,324.7,1280
31.469871,-96.057916,35900,403.7,324.6,1024
31.492496,-96.076758,36175,405.7,324.4,1152
31.515518,-96.096012,36475,407.9,324.5,1152
31.539327,-96.115814,36750,410.7,324.4,1088
31.562278,-96.13493,37025,412.9,324.5,1088
31.586252,-96.154651,37300,415.6,324.9,1024
31.60194,-96.16756,37450,417.6,324.8,576
31.633223,-96.193378,37600,424.8,324.8,512
31.66567,-96.220239,37750,431.7,324.6,512
31.698583,-96.247485,37900,438.4,324.8,576
31.731262,-96.274622,38050,442.6,324.7,640
31.761521,-96.29967,38275,444.0,324.6,768
31.791916,-96.324939,38500,444.0,324.6,768
31.819805,-96.348136,38750,445.3,324.6,896
31.846805,-96.370557,39000,445.3,324.6,896
31.873856,-96.393109,39250,444.5,324.5,960
31.901085,-96.415791,39500,445.3,324.6,960
31.928644,-96.438773,39775,445.3,324.6,1024
31.955841,-96.461444,40025,444.5,324.5,960
31.982803,-96.483966,40275,444.5,324.5,1024
32.009133,-96.50598,40550,443.1,324.5,960
32.036224,-96.528625,40825,443.7,324.5,1024
32.063599,-96.551587,41100,442.3,324.5,896
32.090332,-96.573944,41350,440.3,324.6,960
32.116994,-96.596281,41600,437.9,324.4,1088
32.143021,-96.618109,41875,435.9,324.5,1024
32.169205,-96.640137,42125,433.7,324.5,896
32.201889,-96.667603,42350,434.3,324.4,640
32.233978,-96.694574,42525,435.7,324.3,512
32.266205,-96.72171,42700,436.5,324.4,512
32.298827,-96.749193,42875,437.9,324.4,576
32.327922,-96.773688,43025,438.7,324.5,128
32.361067,-96.801658,43000,442.9,324.4,64
32.393887,-96.829348,43000,446.5,324.4,-64
32.427292,-96.857611,43000,449.3,324.3,0
32.460456,-96.885625,43000,450.7,324.3,128
32.493741,-96.91382,43000,452.9,324.3,64
32.527817,-96.9427,43000,454.3,324.3,-128
32.561847,-96.97161,43000,455.7,324.3,64
32.596207,-97.000763,43000,457.9,324.3,128
32.63,-97.029456,43000,459.3,324.3,0
32.664001,-97.058386,42975,460.7,324.3,-64
32.698242,-97.087555,43000,462.1,324.2,-128
32.732275,-97.116562,43000,462.1,324.2,0
32.766165,-97.145317,43000,464.3,324.3,64
32.800964,-97.175006,43000,464.1,324.1,-128
32.835109,-97.204285,43000,463.3,324.0,128
32.868952,-97.233376,42975,463.3,324.0,0
32.903261,-97.26286,42975,462.7,324.1,64
32.937241,-97.292065,43000,463.3,324.0,-128
32.972112,-97.322051,43000,463.3,324.0,-128
33.006042,-97.351227,43000,463.3,324.0,0
33.040125,-97.380514,43000,464.7,324.0,64
33.07462,-97.410222,43000,465.5,324.1,-128
33.109406,-97.440161,43000,464.7,324.0,64
33.143471,-97.469526,42975,464.7,324.0,64
33.177594,-97.49901,43000,462.5,324.0,-64
33.211065,-97.527933,43000,461.1,324.0,192
33.245316,-97.55755,43000,460.2,323.9,-64
33.279053,-97.586829,43000,460.2,323.9,-64
33.312836,-97.616107,43000,459.4,323.9,128
33.346206,-97.645083,43000,459.4,323.9,64
33.380219,-97.674664,43000,459.4,323.9,0
33.414047,-97.703998,42975,460.2,323.9,-64
33.447647,-97.733331,43000,459.4,323.9,0
33.481813,-97.762962,43000,460.5,324.1,128
33.51622,-97.792712,43000,461.6,323.9,128
33.550049,-97.822322,43000,462.8,323.7,128
33.583878,-97.851974,42975,462.8,323.7,0
33.617838,-97.881832,43000,462.2,323.8,-128
33.651993,-97.911782,43000,461.4,323.7,128
33.686084,-97.941685,43000,461.4,323.7,128
33.719834,-97.971325,42975,461.4,323.7,64
33.753585,-98.000965,43000,462.0,323.6,0
33.787614,-98.030834,43000,463.6,323.8,-128
33.821732,-98.060882,43000,463.4,323.6,-64
33.85556,-98.090646,43000,462.8,323.7,64
33.890121,-98.121083,43000,463.4,323.6,64
33.924338,-98.151283,43000,463.4,323.6,-128
33.958182,-98.181267,43000,463.4,323.6,-64
33.992723,-98.211823,43000,462.0,323.6,-64
34.027079,-98.242207,43000,461.2,323.5,128
34.060547,-98.271864,43000,461.2,323.5,128
34.094788,-98.302245,43000,461.2,323.5,128
34.128525,-98.332233,43000,461.2,323.5,64
34.162766,-98.36267,42975,460.4,323.5,0
34.196365,-98.392546,43000,459.0,323.5,-64
34.23,-98.422508,43000,459.0,323.5,-64
34.263471,-98.45232,43000,459.0,323.5,-64
34.297302,-98.482566,43000,459.6,323.4,64
34.331112,-98.512802,43000,459.6,323.4,128
34.365005,-98.543103,43000,459.6,323.4,128
34.398514,-98.573148,42975,461.0,323.4,64
34.432409,-98.603497,42975,461.0,323.4,-64
34.465927,-98.633595,43000,461.0,323.4,-128
34.499491,-98.66375,42975,461.0,323.4,-128
34.53366,-98.694477,43000,459.6,323.4,-128
34.56752,-98.724882,43000,461.0,323.4,-128
34.600789,-98.754845,43000,460.2,323.3,-64
34.634167,-98.784943,43000,459.4,323.2,-64
34.667545,-98.815098,43000,459.4,323.2,-64
34.701279,-98.84562,43000,459.4,323.2,64
34.73465,-98.875776,42975,459.4,323.2,-64
34.767929,-98.905988,43000,457.2,323.2,64
34.801849,-98.936817,43000,457.8,322.5,64
34.822005,-98.956432,43000,456.4,320.9,64
34.853531,-98.988162,43000,456.3,319.9,192
34.884897,-99.020462,43000,457.2,320.1,0
34.916739,-99.052391,43000,457.3,320.3,-128
34.948534,-99.084721,43000,457.1,320.0,-128
34.980934,-99.117966,43000,458.4,319.8,64
35.012375,-99.150322,43000,459.0,319.7,64
35.044235,-99.183225,43000,460.4,319.7,128
35.076645,-99.216745,42975,461.1,319.6,-64
35.109146,-99.250432,42975,461.1,319.6,64
35.14126,-99.283791,43000,461.1,319.6,-128
35.173707,-99.317551,43000,461.1,319.6,-128
35.206154,-99.351254,43000,459.7,319.6,-64
35.237856,-99.384194,43000,458.9,319.5,-64
35.269318,-99.416943,43000,458.2,319.4,-64
35.301407,-99.450359,43000,457.5,319.5,-64
35.33259,-99.482954,43000,456.7,319.4,128
35.364711,-99.516498,43000,457.4,319.3,128
35.396227,-99.549574,43000,456.0,319.4,192
35.428162,-99.583058,43000,456.0,319.4,192
35.459885,-99.616299,43000,457.4,319.3,128
35.49202,-99.650002,43000,457.4,319.3,128
35.52356,-99.683132,42975,457.4,319.3,-128
35.55542,-99.716663,43000,455.2,319.3,0
35.586731,-99.749565,43000,455.2,319.3,128
35.617862,-99.782332,43000,454.5,319.2,64
35.649145,-99.815349,43000,455.2,319.3,192
35.681033,-99.849068,43000,455.9,319.2,128
35.712829,-99.882787,43000,456.5,319.1,128
35.744158,-99.915921,42975,455.9,319.2,64
35.775441,-99.949055,42975,455.1,319.1,64
35.807007,-99.982567,42975,455.9,319.2,64
35.838318,-100.015812,43000,457.3,319.2,0
35.870316,-100.049801,43000,457.3,319.2,0
35.901458,-100.082878,43000,457.9,319.1,64
35.932881,-100.116421,43025,458.6,319.0,-64
35.964211,-100.149848,42975,458.6,319.0,-64
35.996239,-100.184034,43000,457.3,319.2,128
36.027615,-100.217577,43000,456.4,318.9,-64
36.05927,-100.25153,43000,455.0,318.9,128
36.090367,-100.284781,43000,454.4,319.0,-64
36.105881,-100.301456,43000,453.0,319.0,384
36.1365,-100.334278,43150,450.8,319.0,512
36.167178,-100.367237,43325,448.0,319.0,512
36.198368,-100.400722,43475,445.8,318.9,512
36.228653,-100.43335,43650,445.1,318.8,512
36.259166,-100.466289,43800,444.4,318.9,448
36.289518,-100.499014,43975,443.6,318.8,512
36.320114,-100.532112,44125,443.6,318.8,384
36.350874,-100.5654,44275,444.3,318.7,512
36.381645,-100.598709,44425,444.3,318.7,448
36.412555,-100.632253,44600,444.3,318.7,512
36.44252,-100.664749,44750,444.3,318.7,448
36.473213,-100.697995,44900,444.3,318.7,512
36.494431,-100.721054,45025,444.3,318.7,64
36.525212,-100.754622,45025,449.2,318.6,64
36.555936,-100.788107,45000,452.8,318.7,0
36.586893,-100.821825,45000,454.8,318.6,0
36.618549,-100.856362,45000,457.0,318.6,0
36.65007,-100.89077,45000,458.4,318.6,64
36.681335,-100.924988,45000,459.8,318.6,0
36.713333,-100.960007,45025,461.9,318.5,-64
36.745468,-100.995255,45000,464.1,318.6,64
36.777054,-101.029873,45000,465.5,318.6,0
36.808777,-101.06472,45000,467.5,318.5,-64
36.840975,-101.100165,45000,469.0,318.5,-64
36.873422,-101.135897,45000,470.4,318.5,-128
36.905357,-101.171125,45025,470.4,318.5,64
36.937339,-101.206413,45000,471.8,318.4,0
36.969635,-101.242111,45025,471.0,318.4,-192
37.001633,-101.277466,45000,471.8,318.4,64
37.034225,-101.31358,45000,471.0,318.4,64
37.066475,-101.349355,45025,471.7,318.3,64
37.098175,-101.384583,44975,473.1,318.3,0
37.130484,-101.420527,45025,472.4,318.4,0
37.162125,-101.45576,45000,472.4,318.4,256
37.194447,-101.491759,45025,472.4,318.2,-64
37.226614,-101.527644,45000,471.7,318.3,-64
37.25827,-101.562991,45025,469.5,318.2,64
37.290344,-101.598874,45000,469.5,318.2,128
37.302658,-101.612607,45000,469.5,318.2,-320
37.313004,-101.624236,44975,469.5,318.2,128
37.345043,-101.660196,45000,467.4,318.1,128
37.377118,-101.69614,45025,466.7,318.2,192
37.408951,-101.731937,45000,466.6,318.0,-64
37.43985,-101.76665,45000,466.1,318.3,-64
37.471207,-101.802005,44975,464.6,318.3,192
37.493917,-101.827499,45025,463.8,318.1,-192
37.525635,-101.863306,45000,464.5,318.0,192
37.556946,-101.898661,45150,463.1,318.1,256
37.587982,-101.933782,45325,460.2,318.0,576
37.607598,-101.956528,45450,457.7,316.5,640
37.631927,-101.986493,45600,455.4,315.4,448
37.660995,-102.023192,45775,452.6,314.5,576
37.687761,-102.057017,45950,451.2,315.5,640
37.695581,-102.06669,46000,451.2,315.5,192
37.724723,-102.103112,46025,454.0,315.0,256
37.731147,-102.111233,46050,454.7,314.7,-192
37.760289,-102.148252,45975,457.5,314.7,128
37.78981,-102.185766,46000,458.9,314.7,64
37.819656,-102.223809,46000,458.2,314.6,256
37.848724,-102.261034,46025,456.1,314.6,0
37.877655,-102.298084,46025,454.7,314.5,128
37.906677,-102.335251,46050,452.6,314.5,320
37.913132,-102.343549,46050,452.6,314.5,-128
37.941879,-102.380598,46050,453.3,314.4,-64
37.970752,-102.417715,46025,451.9,314.5,320
37.976898,-102.425596,46025,451.2,314.5,-64
38.005508,-102.46247,46025,450.5,314.4,-128
38.034342,-102.499695,46000,449.0,314.4,0
38.063437,-102.537311,46000,450.5,314.4,-64
38.09202,-102.57433,46000,452.6,314.3,-192
38.120743,-102.611528,46000,454.0,314.3,-192
38.149841,-102.649237,46025,455.4,314.3,-128
38.179321,-102.687514,46025,456.8,314.3,256
38.208298,-102.725148,46000,459.0,314.2,-64
38.237961,-102.763717,46000,459.0,314.2,0
38.267429,-102.802117,46000,459.0,314.2,128
38.296478,-102.839913,46000,459.7,314.1,-128
38.32534,-102.877708,46000,459.0,314.2,64
38.354296,-102.915503,46000,458.3,314.1,0
38.382889,-102.952939,46000,458.3,314.1,-64
38.412114,-102.991273,46000,459.0,314.0,-64
38.441391,-103.029666,46000,459.7,314.1,64
38.470367,-103.0677,46000,459.7,313.9,64
38.499939,-103.106689,46000,461.1,314.0,64
38.529425,-103.145447,46000,461.8,314.0,128
38.558986,-103.184448,46000,462.5,314.0,128
38.588081,-103.222839,46000,462.5,314.0,64
38.617176,-103.261292,46000,461.8,313.9,64
38.646652,-103.300383,46000,464.0,313.8,-128
38.676407,-103.339731,46000,464.7,313.9,-64
38.705521,-103.378422,46000,462.6,313.8,0
38.734721,-103.417114,46000,460.4,313.9,192
38.763977,-103.456102,46000,459.7,313.8,0
38.793004,-103.494751,46000,459.7,313.8,64
38.822378,-103.533936,46000,460.4,313.7,-64
38.851287,-103.572571,46025,461.9,313.7,-64
38.880289,-103.61145,46025,464.7,313.7,-64
38.909775,-103.650871,46000,466.1,313.7,-64
38.939072,-103.690159,46025,466.8,313.6,0
38.951607,-103.706299,46000,467.4,315.8,-192
38.969344,-103.727356,46025,467.8,317.5,-64
39.000641,-103.764675,46000,469.0,316.8,-192
39.031863,-103.802307,46025,468.3,316.6,-192
39.062634,-103.839783,46000,467.6,316.5,-64
39.093018,-103.876867,46000,466.8,316.4,128
39.123851,-103.914673,46000,466.1,316.3,-192
39.154389,-103.952026,46000,464.7,316.5,-128
39.18512,-103.989775,46000,464.7,316.3,-192
39.215791,-104.027405,46025,461.9,316.3,-64
39.246143,-104.064697,46000,461.9,316.3,-128
39.276775,-104.102478,46000,461.1,316.2,-192
39.307546,-104.140503,46000,461.8,316.1,-64
39.338058,-104.178155,46000,461.8,316.1,192
39.368529,-104.215881,46025,461.8,316.1,192
39.398742,-104.253418,46000,463.2,316.1,64
39.429652,-104.291687,46025,464.7,316.1,-192
39.460004,-104.329346,46000,465.4,316.0,-64
39.490631,-104.36743,46000,463.2,316.1,-64
39.520844,-104.405047,46000,462.5,316.0,-128
39.551697,-104.443499,46000,463.9,316.0,-256
39.581909,-104.481234,46025,464.6,316.0,-128
39.611997,-104.518799,46025,465.4,316.0,-64
39.642955,-104.557556,46000,466.0,316.0,128
39.673214,-104.595459,46000,466.0,316.0,320
39.684769,-104.609965,46025,466.0,315.8,-128
39.714981,-104.64788,46025,466.7,315.9,-64
39.745972,-104.68681,46000,466.7,315.9,64
39.776699,-104.725464,46025,466.7,315.9,-64
39.807191,-104.763916,46000,466.7,315.7,128
39.837296,-104.801868,46000,467.4,315.8,-128
39.868195,-104.840917,46000,467.4,315.8,64
39.89859,-104.879369,46000,468.2,315.9,64
39.929437,-104.918435,46000,469.6,315.7,192
39.960534,-104.957886,46000,470.3,315.6,64
39.991072,-104.99665,46000,470.3,315.6,256
40.006621,-105.016438,46000,471.0,315.5,-192
40.037764,-105.056014,46025,470.3,315.6,-128
40.068256,-105.09484,46000,469.5,315.5,320
40.080414,-105.110352,46025,469.5,315.5,-128
40.111359,-105.149902,46000,469.5,315.5,-192
40.141617,-105.188538,46050,466.0,315.6,-128
40.171738,-105.227112,46000,466.0,315.4,-192
40.201859,-105.265686,46025,465.3,315.5,-192
40.232071,-105.304443,46000,466.0,315.4,0
40.26265,-105.34375,46025,466.0,315.4,-128
40.293365,-105.383301,46000,467.4,315.4,-256
40.323532,-105.422119,46000,467.4,315.4,-128
40.354087,-105.461509,46000,468.1,315.4,0
40.384253,-105.500461,45975,468.1,315.4,64
40.414673,-105.539917,46000,467.4,315.3,0
40.445389,-105.579712,46025,467.4,315.3,-64
40.475309,-105.618501,46000,467.4,315.3,64
40.505539,-105.657776,45975,466.7,315.2,128
40.535614,-105.696838,46025,468.1,315.2,0
40.565689,-105.736023,46025,468.8,315.1,192
40.595901,-105.775391,46000,470.2,315.1,64
40.626417,-105.815194,46000,470.9,315.2,64
40.657059,-105.855286,46025,470.2,315.1,0
40.687134,-105.894592,46025,469.5,315.0,256
40.699644,-105.911012,46025,469.5,315.0,-192
40.730164,-105.95105,46025,470.2,315.1,0
40.760488,-105.990975,46025,470.2,314.9,128
40.790607,-106.030551,46000,470.2,314.9,-64
40.82068,-106.070189,46000,469.5,315.0,-64
40.850659,-106.109702,45975,467.4,314.9,0
40.880356,-106.148926,46000,467.4,314.9,0
40.910432,-106.188667,46000,467.4,314.9,-64
40.940598,-106.228577,46025,467.4,314.7,-192
40.970252,-106.267881,46025,468.1,314.8,-64
41.000278,-106.307768,46000,469.5,314.8,0
41.03077,-106.34828,46025,470.2,314.7,-64
41.061081,-106.388672,46000,471.6,314.7,0
41.091248,-106.428894,46025,473.1,314.6,-256
41.121414,-106.469238,46000,474.5,314.7,0
41.152313,-106.510559,46000,475.9,314.7,-192
41.182856,-106.551465,46000,475.2,314.7,-64
41.213562,-106.59259,45975,474.5,314.6,64
41.243591,-106.632874,46000,473.8,314.7,0
41.274307,-106.674255,46000,474.5,314.6,0
41.30452,-106.714844,46000,475.2,314.7,-64
41.334686,-106.755493,46000,474.5,314.6,-128
41.365062,-106.796535,46000,473.1,314.6,-64
41.394928,-106.83686,45975,471.7,314.4,256
41.410916,-106.858584,46025,470.3,314.4,-192
41.441162,-106.899594,46025,470.3,314.4,-128
41.470963,-106.939982,46000,469.6,314.3,-128
41.500901,-106.980711,46000,468.8,314.4,0
41.530555,-107.02108,46000,469.6,314.3,-128
41.56086,-107.062406,46000,469.6,314.3,-64
41.590942,-107.103466,46000,470.3,314.2,-128
41.62054,-107.143846,46025,471.0,314.3,-192
41.650241,-107.18447,46025,471.7,314.2,-128
41.680344,-107.225689,46000,471.7,314.2,64
41.710144,-107.266638,46000,473.1,314.2,64
41.740273,-107.308066,46000,472.4,314.1,-64
41.770569,-107.349722,46000,473.8,314.1,64
41.800697,-107.391294,46000,473.1,314.1,-128
41.830627,-107.432681,46025,472.4,314.0,64
41.861023,-107.474691,46000,473.1,314.1,64
41.891418,-107.516764,46000,473.1,314.1,128
41.921501,-107.558388,46000,473.1,314.1,-64
41.951247,-107.599714,46000,473.8,314.0,-128
41.981041,-107.641169,46000,474.5,314.1,64
42.011169,-107.683057,46000,475.3,313.8,-64
42.041326,-107.725163,46025,476.0,313.9,-64
42.071818,-107.767703,46000,476.0,313.7,0
42.101349,-107.809025,46000,475.3,313.8,-64
42.131104,-107.850723,46000,474.6,313.7,-128
42.161407,-107.893233,46025,473.9,313.8,-64
42.190521,-107.934182,46025,475.3,313.6,-128
42.220459,-107.976255,46000,476.0,313.7,64
42.250076,-108.017953,46000,475.3,313.6,-64
42.279739,-108.059776,46000,473.9,313.6,-192
42.3097,-108.102083,46025,473.9,313.6,-128
42.339307,-108.144049,46000,473.9,313.6,-128
42.368914,-108.186014,46025,473.9,313.5,-64
42.399173,-108.228937,46000,475.3,313.5,0
42.428009,-108.269952,46025,473.9,313.5,0
42.447784,-108.298104,45975,474.7,313.4,-448
42.466003,-108.324134,45825,475.4,313.3,-896
42.490082,-108.358404,45550,476.0,313.5,-896
42.514529,-108.393349,45275,475.3,313.5,-1024
42.539108,-108.428442,45025,474.7,313.4,-1216
42.561082,-108.459842,44675,476.8,313.5,-1472
42.581406,-108.488991,44350,476.8,313.3,-1472
42.602051,-108.518517,44025,478.2,313.3,-1600
42.616562,-108.539429,43775,478.9,313.2,-2048
42.632027,-108.561593,43375,476.0,313.5,-1856
42.65094,-108.588742,43050,471.9,313.2,-1408
42.670029,-108.616271,42725,471.1,313.3,-1536
42.691544,-108.647294,42400,473.3,313.2,-1536
42.709625,-108.673325,42050,476.1,313.4,-1664
42.730392,-108.703457,41725,477.5,313.2,-1600
42.748594,-108.729709,41400,479.0,313.0,-1536
42.768612,-108.758644,41075,478.9,313.2,-1536
42.788361,-108.787308,40750,479.0,313.0,-1280
42.811295,-108.820538,40475,479.0,313.0,-896
42.835007,-108.85503,40200,480.4,313.1,-1024
42.851056,-108.878305,40025,481.8,313.1,-576
42.857294,-108.887329,40000,481.8,313.1,-128
42.886901,-108.930424,40000,481.1,313.1,0
42.915756,-108.972431,40000,481.1,313.0,-64
42.946069,-109.01668,40000,484.0,313.0,-64
42.974093,-109.057617,40000,486.8,313.0,0
43.003418,-109.100498,40000,488.9,312.9,-64
43.033121,-109.144004,39975,487.5,312.9,64
43.062881,-109.18775,40000,484.7,312.7,-192
43.092848,-109.231829,40000,484.0,312.8,-64
43.123293,-109.276755,40000,486.2,312.8,-64
43.152761,-109.320243,40000,487.6,312.8,-128
43.183594,-109.365767,40000,487.6,312.8,0
43.213279,-109.409637,40000,485.5,312.7,-192
43.216398,-109.41428,39975,484.7,312.7,-512
43.218725,-109.417746,39975,483.3,312.7,-896
43.233808,-109.440046,39775,478.4,312.6,-1344
43.236881,-109.444558,39725,476.3,312.7,-2048
43.250153,-109.464196,39400,469.2,312.7,-2432
43.253082,-109.46854,39325,468.5,312.6,-2880
43.254364,-109.470456,39275,467.8,312.7,-3136
43.256699,-109.473905,39175,467.1,312.7,-3520
43.265045,-109.486346,38775,465.7,312.6,-3712
43.274448,-109.50034,38400,464.3,312.6,-3584
43.283107,-109.513157,38025,463.5,312.8,-3776
43.291489,-109.525643,37650,462.1,312.6,-3776
43.300517,-109.539054,37250,461.5,312.5,-3712
43.309642,-109.552656,36850,460.7,312.6,-3712
43.319183,-109.566906,36450,460.0,312.5,-3968
43.327744,-109.579681,36050,458.6,312.5,-3776
43.336899,-109.59335,35675,457.9,312.6,-3840
43.346054,-109.607019,35275,457.2,312.5,-3840
43.354937,-109.620274,34875,457.2,312.5,-3968
43.363456,-109.633026,34500,457.2,312.5,-3840
43.37258,-109.646694,34100,456.5,312.4,-3776
43.381393,-109.659906,33700,455.8,312.5,-3776
43.390594,-109.673639,33300,454.4,312.5,-3776
43.399063,-109.686286,32925,453.0,312.5,-3776
43.408035,-109.699764,32525,451.6,312.5,-3712
43.416851,-109.712939,32150,450.9,312.4,-3712
43.425836,-109.726345,31750,448.7,312.5,-3712
43.434998,-109.740132,31350,448.0,312.6,-3648
43.443666,-109.753091,30950,446.7,312.4,-3712
43.452942,-109.767023,30550,445.9,312.5,-3648
43.461777,-109.780309,30150,443.8,312.4,-3712
43.470806,-109.793897,29750,441.7,312.4,-3584
43.480545,-109.808477,29350,438.9,312.4,-3584
43.489243,-109.821572,28950,436.7,312.5,-3712
43.49869,-109.835685,28550,434.6,312.4,-3392
43.508373,-109.850333,28150,431.8,312.4,-3584
43.516846,-109.86309,27750,431.1,312.3,-3648
43.525551,-109.876164,27375,429.0,312.4,-3456
43.533279,-109.887873,27025,427.6,312.4,-3584
43.542297,-109.901414,26625,425.4,312.4,-3520
43.551315,-109.914955,26225,423.3,312.3,-3456
43.560242,-109.928433,25825,421.2,312.4,-3520
43.56871,-109.941144,25450,418.3,312.4,-3392
43.578461,-109.955835,25050,414.8,312.5,-3328
43.586197,-109.967524,24675,412.7,312.4,-3520
43.591324,-109.975252,24425,411.3,312.3,-3456
43.60171,-109.990932,23975,408.4,312.3,-3392
43.609205,-110.00218,23650,398.5,312.5,-3008
43.614487,-110.010191,23475,395.7,312.4,-2624
43.616913,-110.013832,23400,392.1,312.5,-2240
43.623916,-110.024349,23200,383.0,312.4,-1984
43.632065,-110.036699,22950,373.1,312.3,-2048
43.637649,-110.045144,22800,363.1,312.4,-1856
43.645523,-110.057011,22575,353.2,312.4,-2048
43.650823,-110.065024,22425,344.7,312.5,-1856
43.657666,-110.075357,22225,334.9,312.2,-1856
43.665347,-110.086997,22000,325.6,312.3,-1984
43.673218,-110.098849,21725,315.7,312.4,-1920
43.681361,-110.111193,21500,305.9,312.1,-1600
43.69281,-110.128614,21150,300.9,312.2,-1984
43.703339,-110.144646,20775,298.8,312.0,-1920
43.713959,-110.16087,20400,296.7,312.1,-1792
43.719452,-110.169238,20225,295.2,312.1,-2176
43.72121,-110.171879,20150,295.2,312.1,-2624
43.729385,-110.184376,19750,297.4,312.0,-2624
43.736619,-110.195421,19400,298.1,312.1,-2752
43.745361,-110.208648,19000,298.7,312.6,-2304
43.7547,-110.222892,18600,298.8,312.0,-2624
43.762967,-110.235574,18225,300.2,312.0,-2560
43.771866,-110.24908,17825,302.3,312.2,-2624
43.780238,-110.261863,17425,303.7,312.2,-2560
43.788897,-110.275072,17025,303.0,312.1,-2496
43.797638,-110.28849,16625,300.1,312.3,-2496
43.807471,-110.303454,16225,296.7,312.1,-2560
43.815152,-110.31529,15825,294.5,310.2,-2624
43.818458,-110.321241,15650,292.3,305.8,-2624
43.820572,-110.325921,15525,288.5,299.9,-2752
43.82222,-110.33052,15400,284.7,294.0,-2432
43.823227,-110.333905,15325,282.7,290.9,-2112
43.823868,-110.336588,15275,280.5,287.9,-1664
43.824835,-110.341775,15200,276.1,283.0,-1600
43.825378,-110.34553,15150,274.4,280.3,-2048
43.826046,-110.352107,15000,271.4,275.9,-2112
43.826294,-110.35658,14925,270.3,272.8,-2560
43.826278,-110.363879,14725,269.1,268.5,-2624
43.825859,-110.371464,14525,268.3,264.4,-2304
43.824417,-110.389348,14125,266.6,263.8,-2304
43.823159,-110.407235,13725,265.2,264.6,-2240
43.821899,-110.425117,13350,261.2,264.5,-2112
43.821297,-110.433328,13150,260.1,264.7,-2560
43.820785,-110.440456,12975,258.4,264.0,-2112
43.819528,-110.458636,12625,252.2,264.3,-1920
43.818878,-110.467913,12425,252.2,264.3,-2304
43.817713,-110.484336,12025,251.2,264.5,-2112
43.817047,-110.493462,11825,250.4,264.0,-2048
43.816315,-110.503618,11625,248.1,264.7,-2368
43.815758,-110.511475,11425,247.4,264.0,-1920
43.814941,-110.520034,11250,246.1,260.9,-2240
43.813989,-110.52645,11100,245.5,256.8,-2048
43.812469,-110.533958,10950,246.4,253.3,-1664
43.810638,-110.541176,10800,246.8,249.4,-1600
43.809265,-110.545775,10725,246.1,247.3,-1152
43.80654,-110.553981,10650,242.4,244.1,-704
43.801978,-110.567126,10525,233.1,244.9,-640
43.796252,-110.583932,10400,227.2,244.4,-832
43.794623,-110.588771,10375,227.3,245.0,-384
43.790992,-110.5993,10300,230.4,244.6,-832
43.787919,-110.607932,10200,234.8,242.3,-1088
43.786102,-110.612268,10150,236.7,238.1,-896
43.784592,-110.61527,10125,236.7,234.6,-512
43.781891,-110.619997,10100,236.5,230.3,-192
43.780746,-110.621849,10100,237.3,228.6,-576
43.7794,-110.623888,10075,237.1,227.6,-1024
43.776328,-110.628139,10000,237.0,223.5,-1344
43.77293,-110.632128,9925,237.5,218.9,-1088
43.766319,-110.639125,9750,238.0,217.8,-1536
43.759755,-110.646253,9575,238.6,218.0,-1472
43.753424,-110.653054,9400,239.2,217.0,-1536
43.748108,-110.658768,9250,236.9,218.7,-1088
43.741013,-110.666688,9100,233.2,219.1,-1216
43.737213,-110.670649,9000,232.5,215.2,-1344
43.733551,-110.673778,8925,232.6,210.2,-1408
43.728007,-110.677839,8775,232.1,206.9,-1344
43.723351,-110.680716,8675,231.6,203.1,-1600
43.716797,-110.684382,8475,232.5,201.7,-1216
43.712179,-110.686798,8400,231.0,200.8,-1664
43.706818,-110.689619,8200,230.6,199.8,-1536
43.705382,-110.690264,8175,229.3,199.6,-1152
43.703008,-110.691507,8150,228.7,199.9,-704
43.698958,-110.693468,8100,225.8,199.4,-1152
43.692022,-110.696804,7925,222.9,198.8,-896
43.689973,-110.697654,7925,220.7,197.9,-512
43.685303,-110.699775,7875,216.3,197.8,-448
43.683746,-110.700414,7875,215.1,197.6,-640
43.682236,-110.701053,7850,213.5,197.2,-960
43.673866,-110.704651,7750,209.7,197.5,-1152
43.668559,-110.70707,7625,199.9,199.0,-960
43.667679,-110.707504,7600,196.8,199.9,-768
43.64924,-110.717207,7250,190.0,201.3,-448
43.644492,-110.719496,7125,190.0,201.0,-448
43.643005,-110.720215,7075,162.9,199.0,-1216
43.637602,-110.722896,6975,162.9,199.0,-1216
43.637323,-110.723027,6975,157.2,199.7,-896
43.635461,-110.723942,6925,154.3,198.9,-832
43.633209,-110.725005,6875,150.2,199.0,-960
43.628664,-110.727277,6775,148.1,200.1,-832
43.624614,-110.729305,6675,144.0,200.3,-1024
43.620621,-110.731265,6575,140.1,199.6,-704
43.614931,-110.734079,6475,139.5,200.1,-768
43.606273,-110.738264,6400,139.5,200.1,-768
43.599953,-110.741321,6375,19.5,196.5,-768
43.599173,-110.740961,6375,10.8,196.5,-768
43.602036,-110.740487,6525,162.5,201.7,1984
43.600314,-110.741468,6600,166.4,202.2,2368
43.598465,-110.742507,6700,169.5,202.2,2816
43.596954,-110.743337,6800,172.0,201.5,2944
43.595764,-110.743976,6875,173.8,201.2,3008
43.594208,-110.744806,6975,174.8,201.1,3328
43.591655,-110.746111,7175,176.3,200.6,3520
43.589081,-110.747425,7375,175.0,200.4,3264
43.586814,-110.748596,7525,174.0,200.5,2816
43.584824,-110.749597,7650,175.3,200.7,2368
43.583038,-110.750619,7725,177.3,201.5,1920
43.579651,-110.752663,7875,182.2,204.3,1792
43.576263,-110.754962,8025,187.0,207.4,1856
43.573965,-110.756705,8100,191.2,209.1,1856
43.570724,-110.75937,8250,195.9,212.1,1920
43.568426,-110.761414,8350,199.7,212.7,2112
43.564774,-110.764671,8500,204.5,212.2,2112
43.562439,-110.766523,8625,208.4,210.3,2368
43.559372,-110.768823,8750,210.3,208.4,2752
43.556213,-110.771186,8950,213.4,208.2,2816
43.552322,-110.773997,9150,214.7,207.8,2944
43.549339,-110.776127,9350,216.0,207.3,2944
43.544963,-110.779136,9550,220.0,205.9,2624
43.540787,-110.781853,9750,223.7,205.4,2432
43.536987,-110.784344,9900,228.1,205.4,2048
43.532022,-110.787571,10075,234.4,205.2,2176
43.527145,-110.790668,10275,239.4,205.0,2560
43.522614,-110.79367,10475,242.4,205.9,2816
43.520477,-110.795092,10575,244.2,206.2,2432
43.519043,-110.796097,10650,246.4,206.2,1984
43.516113,-110.798077,10725,250.0,206.4,1600
43.510375,-110.801958,10850,258.9,206.9,1664
43.504277,-110.806274,11025,265.6,206.9,2112
43.498877,-110.810002,11225,271.5,206.5,2240
43.491614,-110.814907,11425,279.1,206.4,1920
43.484161,-110.819858,11625,286.7,205.4,1856
43.476425,-110.824713,11825,295.0,204.2,1920
43.465918,-110.830994,12075,304.6,203.2,2048
43.455093,-110.837424,12350,314.5,203.2,2048
43.442874,-110.844661,12625,323.8,203.5,1792
43.43226,-110.851004,12875,331.3,203.9,2240
43.425247,-110.855372,13075,334.4,204.2,2688
43.416733,-110.860546,13375,336.2,204.1,3136
43.407215,-110.866372,13725,337.0,204.4,3584
43.403817,-110.86853,13900,336.0,204.8,4032
43.395484,-110.873827,14275,334.2,204.9,3840
43.386546,-110.879647,14675,334.1,205.7,3584
43.377096,-110.885925,15075,333.6,205.9,3328
43.366928,-110.893058,15475,333.8,208.2,3328
43.359732,-110.898808,15775,334.8,211.3,3072
43.352935,-110.904955,16025,336.0,215.1,2624
43.347582,-110.910645,16200,336.3,219.1,2688
43.341751,-110.917649,16425,336.8,223.1,3008
43.336441,-110.925059,16700,336.0,226.8,3264
43.332047,-110.932021,16950,335.2,230.3,3328
43.327704,-110.939745,17175,335.3,234.2,3008
43.323761,-110.947926,17400,336.3,238.2,2944
43.319138,-110.95904,17725,337.0,241.5,3008
43.313599,-110.973947,18100,336.8,243.7,3392
43.309316,-110.98611,18500,333.7,244.4,3776
43.304893,-110.998993,18900,331.1,245.0,3648
43.30075,-111.011156,19275,329.2,244.8,3264
43.298813,-111.016782,19450,329.2,244.8,2816
43.293395,-111.032279,19850,330.0,243.8,2752
43.28627,-111.051274,20250,332.7,242.8,2304
43.278684,-111.071254,20650,336.8,242.6,2112
43.270752,-111.092217,21025,341.7,242.5,2240
