lat,lon,alt,gs,track
32.327177,-95.838337,34000,388.5,282.0
32.334533,-95.879311,34000,388.3,281.9
32.341782,-95.920203,34000,389.3,281.9
32.349106,-95.961401,34000,389.3,281.9
32.356319,-96.00201,34000,390.3,281.8
32.363535,-96.042873,34000,391.3,281.8
32.370895,-96.084283,34000,392.2,281.8
32.378199,-96.125495,34000,393.4,281.9
32.385681,-96.167285,34000,394.4,281.9
32.393049,-96.209069,34000,395.2,281.7
32.400421,-96.251166,34000,396.2,281.6
32.407852,-96.292924,34000,396.4,281.8
32.415161,-96.334571,34000,398.1,281.6
32.422609,-96.377171,34000,398.1,281.6
32.429872,-96.419042,34000,399.1,281.6
32.43718,-96.461005,34000,398.1,281.6
32.444412,-96.502698,34000,398.1,281.6
32.451782,-96.544885,34000,398.3,281.7
32.459244,-96.587512,34000,400.1,281.5
32.466508,-96.629688,34000,401.1,281.5
32.47391,-96.672513,34000,401.1,281.5
32.481265,-96.715057,34000,402.0,281.5
32.488527,-96.75732,34000,402.0,281.5
32.495728,-96.799493,34000,401.8,281.3
32.502959,-96.842016,34000,401.8,281.3
32.510239,-96.884637,34000,400.9,281.4
32.517471,-96.9271,34000,400.9,281.4
32.524612,-96.969177,34000,399.7,281.2
32.531681,-97.011239,34000,399.7,281.2
32.538803,-97.053442,34000,399.7,281.2
32.545973,-97.095598,34000,400.9,281.4
32.553095,-97.137582,34000,402.8,281.3
32.560272,-97.17995,34000,403.8,281.3
32.567387,-97.22267,34000,402.6,281.2
32.5746,-97.265753,34000,402.6,281.2
32.581833,-97.308875,34000,403.6,281.1
32.588974,-97.351886,34000,404.6,281.1
32.596207,-97.395062,34000,405.6,281.1
32.603348,-97.438129,34000,405.6,281.1
32.610401,-97.480624,34000,405.6,281.1
32.617584,-97.523932,34000,406.6,281.1
32.6246,-97.566777,34000,407.3,280.9
32.631582,-97.609602,34000,409.5,281.0
32.638658,-97.652706,34000,411.5,280.9
32.645827,-97.696652,34000,412.4,280.9
32.653015,-97.740637,34000,412.4,280.9
32.660166,-97.784822,34000,413.4,280.9
32.667335,-97.828544,34000,413.4,280.9
32.674393,-97.872089,34000,412.4,280.9
32.681626,-97.916322,34000,412.4,280.9
32.688749,-97.960436,34000,413.2,280.7
32.695918,-98.004829,34000,413.4,280.9
32.702901,-98.048326,34000,413.2,280.7
32.710007,-98.092694,34000,413.2,280.7
32.71701,-98.136584,34000,412.3,280.8
32.724014,-98.180585,34000,412.1,280.6
32.730972,-98.22442,34000,410.1,280.7
32.737908,-98.267716,34000,409.1,280.7
32.744888,-98.311816,34000,408.9,280.6
32.751709,-98.355048,34000,408.8,280.4
32.758484,-98.398599,34000,408.8,280.4
32.765234,-98.441368,34000,408.0,280.6
32.77217,-98.485089,34000,407.0,280.6
32.77892,-98.528137,34000,406.8,280.5
32.78567,-98.571354,34000,406.8,280.5
32.792404,-98.614105,34000,406.8,280.5
32.799179,-98.657446,34000,407.8,280.5
32.805908,-98.700568,34000,408.8,280.4
32.812546,-98.744073,34000,409.6,280.3
32.819275,-98.787689,34000,409.6,280.3
32.826078,-98.831943,34000,409.6,280.3
32.832642,-98.875103,34000,410.5,280.2
32.839205,-98.918264,34000,410.5,280.2
32.845871,-98.961548,34000,411.7,280.4
32.852509,-99.004889,34000,412.7,280.3
32.859146,-99.04823,34000,412.7,280.3
32.865829,-99.09201,34000,411.7,280.4
32.872467,-99.135516,34000,411.5,280.2
32.879105,-99.179901,34000,412.3,280.1
32.885618,-99.223247,34000,413.3,280.0
32.892242,-99.267297,34000,412.3,280.1
32.898885,-99.311586,34000,412.3,280.1
32.905518,-99.355792,34000,410.4,280.1
32.912018,-99.399353,34000,409.4,280.1
32.91853,-99.442861,34000,409.2,280.0
32.925048,-99.486806,34000,409.2,280.0
32.931565,-99.531088,34000,409.0,279.9
32.938019,-99.57486,34000,409.0,279.9
32.944367,-99.61797,34000,409.0,279.9
32.950791,-99.661579,34000,408.2,280.0
32.957245,-99.705377,34000,407.1,279.9
32.96364,-99.748685,34000,406.1,279.9
32.969924,-99.792013,34000,405.7,279.6
32.976069,-99.835118,34000,405.9,279.8
32.982354,-99.878503,34000,406.9,279.8
32.988638,-99.921831,34000,408.0,279.9
32.993945,-99.958434,34000,410.2,279.1
32.995249,-99.97183,34000,411.2,275.9
32.995947,-99.984274,34000,412.5,272.9
32.996155,-99.997394,34000,413.0,270.0
32.995714,-100.01174,34000,414.5,267.1
32.99483,-100.02452,34000,416.0,264.3
32.993317,-100.038318,34000,416.6,261.4
32.990221,-100.058432,34000,418.3,259.2
32.983192,-100.103386,34000,418.0,259.5
32.976059,-100.148126,34000,417.4,259.2
32.968781,-100.192896,34000,416.6,259.1
32.961502,-100.23739,34000,415.6,259.0
32.954224,-100.28183,34000,414.8,258.9
32.946974,-100.325691,34000,413.6,259.0
32.939713,-100.369666,34000,412.8,258.8
32.932543,-100.413245,34000,412.6,259.0
32.92542,-100.456686,34000,411.7,258.9
32.918289,-100.500458,34000,410.5,259.0
32.910965,-100.544403,34000,409.9,258.7
32.903595,-100.588568,34000,409.9,258.7
32.896317,-100.632239,34000,408.7,258.9
32.889063,-100.676133,34000,409.7,258.9
32.881847,-100.719293,34000,408.7,258.9
32.874632,-100.762398,34000,409.9,258.7
32.867386,-100.805768,34000,411.3,258.5
32.859833,-100.849988,34000,412.0,258.7
32.852473,-100.893673,34000,410.9,258.8
32.845211,-100.936946,34000,408.9,258.7
32.837906,-100.980286,34000,407.9,258.7
32.8305,-101.023883,34000,406.9,258.7
32.823145,-101.066932,34000,407.1,258.5
32.815836,-101.109868,34000,406.9,258.7
32.808334,-101.153705,34000,407.1,258.5
32.800846,-101.197254,34000,408.3,258.4
32.793411,-101.240442,34000,409.3,258.4
32.78595,-101.283618,34000,408.1,258.5
32.778534,-101.32663,34000,408.3,258.4
32.771053,-101.369616,34000,408.3,258.4
32.763698,-101.412216,34000,408.3,258.4
32.756249,-101.455321,34000,407.1,258.5
32.748708,-101.498986,34000,407.3,258.4
32.741213,-101.542035,34000,407.3,258.4
32.733625,-101.585195,34000,406.8,258.1
32.726074,-101.627875,34000,406.6,258.2
32.718635,-101.670563,34000,406.4,258.4
32.711151,-101.713239,34000,405.6,258.2
32.703598,-101.75614,34000,405.6,258.2
32.696045,-101.798712,34000,404.6,258.2
32.688446,-101.841724,34000,404.6,258.2
32.680835,-101.884741,34000,404.4,258.3
32.673433,-101.927285,34000,403.2,258.4
32.66597,-101.969769,34000,403.6,258.1
32.658397,-102.012373,34000,402.6,258.1
32.650635,-102.055463,34000,401.9,257.9
32.642988,-102.097853,34000,402.9,258.0
32.6353,-102.140387,34000,401.9,257.9
32.627655,-102.183014,34000,400.7,258.0
32.619991,-102.225205,34000,401.1,257.8
32.612183,-102.267719,34000,400.9,257.9
32.604536,-102.310069,34000,399.7,258.0
32.596939,-102.352203,34000,399.9,257.9
32.589267,-102.394204,34000,399.9,257.9
32.581632,-102.436243,34000,399.9,257.9
32.573904,-102.478507,34000,399.9,257.9
32.566086,-102.521283,34000,400.1,257.7
32.558449,-102.562866,34000,400.1,257.7
32.550675,-102.60513,34000,399.2,257.7
32.5429,-102.647338,34000,400.1,257.7
32.535187,-102.689374,34000,400.1,257.7
32.527399,-102.731809,34000,398.9,257.9
32.519485,-102.774463,34000,399.4,257.6
32.51152,-102.81709,34000,399.4,257.6
32.50375,-102.859049,34000,400.1,257.7
32.495865,-102.901575,34000,400.3,257.6
32.488062,-102.94352,34000,400.3,257.6
32.480148,-102.985896,34000,400.3,257.6
32.472281,-103.027879,34000,400.6,257.5
32.46432,-103.070255,34000,400.6,257.5
32.45636,-103.112463,34000,400.6,257.5
32.448395,-103.154919,34000,400.6,257.5
32.440486,-103.196878,34000,400.6,257.5
32.432572,-103.23875,34000,401.8,257.4
32.424545,-103.280768,34000,401.8,257.4
32.416604,-103.323165,34000,401.5,257.5
32.408524,-103.365747,34000,400.8,257.3
32.400544,-103.407748,34000,400.8,257.3
32.392397,-103.449956,34000,401.0,257.2
32.384216,-103.49198,34000,401.0,257.2
32.376011,-103.534596,34000,400.8,257.3
32.367957,-103.577084,34000,400.8,257.3
32.359811,-103.619347,34000,402.0,257.2
32.351852,-103.660895,34000,402.7,257.4
32.343657,-103.703651,34000,404.1,257.1
32.33551,-103.745802,34000,403.9,257.3
32.327317,-103.788178,34000,404.1,257.1
32.318985,-103.831018,34000,404.1,257.1
32.310654,-103.873645,34000,403.4,257.0
32.302414,-103.915723,34000,403.4,257.0
32.294172,-103.95785,34000,403.4,257.0
32.285843,-104.000153,34000,402.4,256.9
32.277557,-104.04223,34000,402.4,256.9
32.269266,-104.084304,34000,402.4,256.9
32.260941,-104.126385,34000,402.2,257.1
32.252884,-104.168079,34000,403.0,257.2
32.244553,-104.210486,34000,402.4,256.9
32.236307,-104.25235,34000,401.5,256.9
32.228027,-104.294147,34000,400.5,256.9
32.219828,-104.335533,34000,401.5,256.9
32.211548,-104.376929,34000,401.9,256.6
32.203209,-104.418323,34000,399.5,256.8
32.194876,-104.460306,34000,398.5,256.8
32.18645,-104.502065,34000,399.0,256.5
32.177931,-104.544049,34000,398.8,256.7
32.169525,-104.585944,34000,399.5,256.8
32.161219,-104.627679,34000,399.5,256.8
32.152863,-104.66933,34000,399.7,256.7
32.144348,-104.711462,34000,400.0,256.5
32.135848,-104.753406,34000,399.7,256.7
32.127502,-104.794958,34000,399.7,256.7
32.118942,-104.837091,34000,400.2,256.4
32.110384,-104.878571,34000,401.4,256.3
32.101822,-104.920367,34000,400.0,256.5
32.093206,-104.96265,34000,399.0,256.5
32.084747,-105.004138,34000,396.8,256.6
32.076354,-105.045384,34000,396.1,256.4
32.067856,-105.086865,34000,394.9,256.5
32.059316,-105.128286,34000,393.9,256.5
32.050797,-105.169541,34000,393.2,256.3
32.042267,-105.210956,34000,392.9,256.5
32.033712,-105.252106,34000,392.2,256.3
32.025375,-105.292365,34000,391.0,256.4
32.016953,-105.333069,34000,390.2,256.2
32.008438,-105.373773,34000,389.3,256.2
32.000061,-105.414093,34000,389.3,256.2
31.991501,-105.454797,34000,388.3,256.1
31.983063,-105.495039,34000,387.3,256.1
31.974451,-105.535957,34000,387.3,256.1
31.966095,-105.576251,34000,386.9,256.4
31.957785,-105.616393,34000,387.1,256.2
31.949313,-105.656639,34000,387.3,256.1
31.940964,-105.696442,34000,387.3,256.1
31.932461,-105.736682,34000,386.4,256.1
31.923752,-105.777631,34000,386.6,255.9
31.915144,-105.818014,34000,386.6,255.9
31.906403,-105.85882,34000,386.4,256.1
31.897888,-105.899249,34000,386.4,256.1
31.889236,-105.939789,34000,385.6,255.9
31.880676,-105.979559,34000,385.6,255.9
31.871979,-106.020044,34000,385.6,255.9
31.863564,-106.05977,34000,385.1,256.2
31.855231,-106.099119,34000,384.2,256.1
31.84671,-106.13941,34000,383.4,256.0
31.838058,-106.179401,34000,383.0,255.6
31.829453,-106.218951,34000,382.7,255.8
31.82428,-106.243286,34000,383.0,256.9
31.822737,-106.253432,34000,381.6,260.2
31.821945,-106.261633,34000,381.6,264.7
31.82162,-106.270696,34000,382.1,269.0
31.821806,-106.279832,34000,382.3,272.4
31.822458,-106.289361,34000,383.4,276.4
31.82373,-106.298932,34000,383.4,279.6
31.825484,-106.308363,34000,384.9,283.7
31.827896,-106.318158,34000,386.2,287.6
31.832794,-106.334308,34000,387.2,289.9
31.844559,-106.373145,34000,387.1,289.5
31.856461,-106.412091,34000,386.9,289.8
31.868546,-106.451202,34000,387.2,289.9
31.880695,-106.490142,34000,386.6,290.1
31.892899,-106.52926,34000,387.5,290.1
31.904949,-106.568055,34000,389.1,289.8
31.917023,-106.607373,34000,390.4,289.9
31.929202,-106.646809,34000,391.3,289.9
31.941306,-106.68599,34000,392.2,289.8
31.953552,-106.725861,34000,394.5,289.9
31.96582,-106.765796,34000,395.4,289.8
31.977943,-106.805327,34000,396.3,289.8
31.990128,-106.845007,34000,396.7,289.9
32.002289,-106.884697,34000,398.2,289.7
32.014572,-106.925098,34000,398.2,289.7
32.027102,-106.965749,34000,399.8,289.9
32.039391,-107.005827,34000,400.4,289.7
32.05188,-107.046552,34000,400.4,289.7
32.064111,-107.086655,34000,401.4,289.6
32.076279,-107.126862,34000,401.4,289.6
32.088551,-107.167371,34000,402.3,289.6
32.100934,-107.208177,34000,402.3,289.6
32.113403,-107.249414,34000,402.3,289.6
32.125763,-107.290393,34000,402.9,289.4
32.138129,-107.331493,34000,403.3,289.6
32.150558,-107.372412,34000,403.3,289.6
32.162895,-107.413218,34000,404.2,289.5
32.175247,-107.454364,34000,403.9,289.4
32.187521,-107.495503,34000,403.9,289.4
32.199764,-107.53659,34000,403.9,289.4
32.212051,-107.577466,34000,403.3,289.6
32.224182,-107.617621,34000,402.0,289.5
32.236313,-107.658105,34000,399.4,289.3
32.248535,-107.69903,34000,399.4,289.3
32.260654,-107.739725,34000,399.4,289.3
32.272751,-107.780548,34000,399.1,289.2
32.284768,-107.820945,34000,398.5,289.3
32.296967,-107.861847,34000,399.4,289.3
32.309022,-107.90267,34000,399.1,289.2
32.321136,-107.943695,34000,399.1,289.2
32.332993,-107.98385,34000,399.4,289.3
32.344914,-108.024136,34000,399.1,289.2
32.356842,-108.064709,34000,399.1,289.2
32.36879,-108.105304,34000,399.1,289.2
32.380966,-108.146558,34000,399.1,289.2
32.392956,-108.187362,34000,398.8,289.0
32.404873,-108.228112,34000,398.8,289.0
32.416697,-108.268358,34000,398.8,289.0
32.428574,-108.309045,34000,399.7,289.0
32.440338,-108.349365,34000,400.7,288.9
32.452423,-108.391003,34000,402.9,289.0
32.464367,-108.432032,34000,403.8,288.9
32.476377,-108.473455,34000,404.8,288.9
32.488481,-108.515102,34000,406.1,289.0
32.500488,-108.556512,34000,407.0,288.9
32.512548,-108.598172,34000,408.9,288.8
32.524605,-108.639819,34000,409.5,288.7
32.536697,-108.681702,34000,410.2,288.9
32.548906,-108.723842,34000,409.8,288.8
32.56087,-108.765377,34000,410.8,288.7
32.572815,-108.807001,34000,409.8,288.8
32.584946,-108.849243,34000,409.5,288.7
32.596901,-108.891103,34000,410.5,288.6
32.608978,-108.933069,34000,411.1,288.9
32.621063,-108.975146,34000,410.8,288.7
32.633194,-109.017609,34000,410.5,288.6
32.645129,-109.059654,34000,411.4,288.6
32.657279,-109.102366,34000,412.4,288.5
32.66929,-109.144574,34000,413.6,288.6
32.681347,-109.186893,34000,414.6,288.6
32.693404,-109.229493,34000,415.5,288.5
32.705601,-109.272542,34000,417.4,288.4
32.717651,-109.315503,34000,420.6,288.4
32.729854,-109.358639,34000,421.8,288.5
32.742051,-109.401912,34000,421.5,288.4
32.754341,-109.445745,34000,422.5,288.4
32.766449,-109.488757,34000,422.8,288.5
32.778641,-109.532122,34000,424.7,288.4
32.790665,-109.57511,34000,425.6,288.4
32.802802,-109.618387,34000,426.6,288.3
32.815201,-109.662946,34000,427.5,288.3
32.827474,-109.706894,34000,428.5,288.2
32.839828,-109.751605,34000,428.5,288.2
32.851868,-109.795009,34000,429.1,288.0
32.863907,-109.838782,34000,429.4,288.2
32.876308,-109.883572,34000,429.4,288.2
32.888763,-109.92821,34000,429.4,288.2
32.901027,-109.97264,34000,430.4,288.1
32.913363,-110.01737,34000,430.4,288.1
32.92543,-110.061035,34000,431.3,288.1
32.93771,-110.105597,34000,431.0,288.0
32.949829,-110.149805,34000,431.3,288.1
32.962103,-110.194609,34000,431.0,288.0
32.97444,-110.239675,34000,432.0,287.9
32.986588,-110.284058,34000,432.0,287.9
32.998833,-110.329135,34000,432.6,287.8
33.010937,-110.373697,34000,432.9,287.9
33.023026,-110.418091,34000,432.6,287.8
33.035097,-110.462653,34000,432.9,287.9
33.047341,-110.507663,34000,432.6,287.8
33.059464,-110.552454,34000,431.7,287.8
33.071408,-110.596563,34000,431.7,287.8
33.083512,-110.641405,34000,432.6,287.8
33.095382,-110.685518,34000,432.6,287.8
33.107346,-110.729773,34000,432.6,287.8
33.119496,-110.77509,34000,433.3,287.6
33.131507,-110.819933,34000,433.6,287.7
33.143517,-110.864999,34000,433.3,287.6
33.155574,-110.910177,34000,433.3,287.6
33.167492,-110.954851,34000,434.2,287.6
33.179549,-111.00003,34000,434.2,287.6
33.191437,-111.044861,34000,434.2,287.6
33.203293,-111.089301,34000,434.2,287.6
33.215115,-111.134052,34000,434.9,287.4
33.226959,-111.179169,34000,435.2,287.5
33.23877,-111.223883,34000,434.6,287.3
33.250588,-111.26869,34000,434.9,287.4
33.262527,-111.313971,34000,434.9,287.4
33.274246,-111.358795,34000,434.6,287.3
33.286014,-111.404002,34000,435.2,287.1
33.297838,-111.449236,34000,434.6,287.3
33.309569,-111.494078,34000,435.5,287.2
33.32144,-111.539873,34000,435.5,287.2
33.333298,-111.585168,34000,435.8,287.4
33.345321,-111.630959,34000,435.8,287.4
33.357193,-111.676135,34000,435.8,287.4
33.368866,-111.721069,34000,436.2,287.1
33.380585,-111.766882,34000,436.2,287.1
33.392441,-111.81286,34000,436.2,287.1
33.404251,-111.858728,34000,436.2,287.1
33.415895,-111.903992,34000,436.2,287.1
33.422831,-111.93157,34000,435.3,285.7
33.426369,-111.948498,34000,435.2,283.0
33.429162,-111.965033,34000,435.4,280.6
33.43135,-111.981849,34000,435.4,278.2
33.432979,-111.998665,34000,436.1,275.7
33.434006,-112.016492,34000,435.7,273.3
33.435214,-112.055782,34000,435.3,272.1
33.436523,-112.102734,34000,435.3,272.0
33.437867,-112.150736,34000,435.2,271.8
33.439124,-112.198493,34000,435.2,271.7
33.440369,-112.245886,34000,434.2,271.7
33.441545,-112.292717,34000,434.2,271.7
33.442755,-112.339914,34000,434.2,271.7
33.443848,-112.387115,34000,434.2,271.6
33.444992,-112.434247,34000,434.2,271.6
33.446107,-112.482063,34000,434.1,271.5
33.447038,-112.529932,34000,435.1,271.3
33.448062,-112.576848,34000,435.1,271.5
33.44904,-112.623652,34000,435.1,271.5
33.450119,-112.671497,34000,435.1,271.5
33.451126,-112.719232,34000,435.1,271.5
33.452133,-112.766638,34000,435.1,271.5
33.452728,-112.782678,34000,435.0,273.8
33.453974,-112.797247,34000,434.1,276.9
33.456069,-112.81311,34000,434.4,279.8
33.45863,-112.827684,34000,434.2,283.0
33.461792,-112.841895,34000,433.4,285.8
33.465473,-112.855598,34000,433.9,288.7
33.469482,-112.868372,34000,433.2,291.5
33.481796,-112.903088,34000,433.8,292.8
33.497086,-112.946649,34000,433.8,292.8
33.512258,-112.989732,34000,433.3,293.0
33.527806,-113.033285,34000,432.8,293.1
33.54332,-113.076782,34000,432.4,293.0
33.558838,-113.120559,34000,432.0,292.9
33.574219,-113.163929,34000,431.1,292.9
33.589628,-113.207588,34000,430.7,292.8
33.604804,-113.250618,34000,429.8,292.9
33.620073,-113.293934,34000,430.3,292.7
33.635016,-113.337021,34000,429.4,292.7
33.65007,-113.379803,34000,428.9,292.9
33.665176,-113.422683,34000,429.0,292.6
33.680311,-113.46611,34000,428.1,292.7
33.695534,-113.509655,34000,428.1,292.7
33.710587,-113.552501,34000,427.5,292.9
33.725653,-113.595314,34000,427.5,292.9
33.740922,-113.638916,34000,428.1,292.7
33.756191,-113.682575,34000,428.1,292.7
33.771286,-113.725704,34000,427.2,292.7
33.786125,-113.768692,34000,427.3,292.4
33.800788,-113.811378,34000,426.9,292.3
33.815506,-113.854177,34000,426.4,292.5
33.830521,-113.897674,34000,425.5,292.5
33.845398,-113.940442,34000,424.9,292.7
33.860413,-113.983379,34000,424.9,292.7
33.875272,-114.026299,34000,424.2,292.5
33.889936,-114.068699,34000,424.2,292.5
33.897384,-114.0909,34000,424.0,291.3
33.901611,-114.105405,34000,424.1,288.6
33.905391,-114.120369,34000,424.4,286.0
33.908743,-114.136047,34000,423.7,283.5
33.912506,-114.157366,34000,424.4,281.4
33.920335,-114.202595,34000,424.0,281.8
33.928202,-114.248314,34000,423.6,281.6
33.935944,-114.293574,34000,423.4,281.4
33.943588,-114.338921,34000,423.4,281.4
33.951233,-114.384772,34000,424.2,281.3
33.95874,-114.430103,34000,424.2,281.3
33.965378,-114.469131,34000,424.4,282.1
33.967632,-114.479313,34000,423.8,285.2
33.969494,-114.485893,34000,422.9,289.8
33.972427,-114.494305,34000,422.9,294.4
33.976756,-114.504318,34000,423.3,298.5
33.984283,-114.519579,34000,423.9,301.1
34.004641,-114.559479,34000,423.8,301.6
34.024984,-114.59919,34000,423.8,301.6
34.045441,-114.639027,34000,422.9,301.7
34.065578,-114.678211,34000,423.8,301.6
34.085874,-114.717751,34000,423.5,301.8
34.106186,-114.75713,34000,423.5,301.8
34.126648,-114.796983,34000,424.3,301.7
34.146765,-114.836197,34000,423.8,301.6
34.167248,-114.876308,34000,424.3,301.7
34.187851,-114.916488,34000,424.7,301.5
34.208267,-114.956565,34000,424.7,301.5
34.228271,-114.995802,34000,424.7,301.5
34.248596,-115.035656,34000,425.2,301.6
34.269104,-115.075779,34000,425.2,301.6
34.28952,-115.115755,34000,425.2,301.6
34.309891,-115.155496,34000,425.7,301.8
34.320923,-115.177245,34000,425.8,300.5
34.325898,-115.18856,34000,425.8,296.8
34.328888,-115.196807,34000,425.2,292.1
34.331158,-115.205154,34000,425.0,287.7
34.332504,-115.212166,34000,425.8,281.6
34.333486,-115.220318,34000,427.2,277.0
34.333812,-115.22747,34000,427.4,272.4
34.333672,-115.234165,34000,429.3,267.9
34.333067,-115.241776,34000,429.9,263.3
34.331903,-115.248985,34000,432.2,258.8
34.330215,-115.256615,34000,433.8,254.5
34.327853,-115.264835,34000,435.4,249.6
34.324222,-115.274677,34000,437.6,245.1
34.319799,-115.284748,34000,439.5,241.2
34.303692,-115.320168,34000,438.4,242.3
34.293182,-115.345459,34000,437.4,244.0
34.278321,-115.383167,34000,436.7,245.1
34.261842,-115.426712,34000,436.4,245.8
34.245688,-115.4702,34000,436.4,245.8
34.229488,-115.513802,34000,436.0,245.9
34.213148,-115.557804,34000,436.0,245.9
34.196732,-115.601732,34000,435.9,245.6
34.181167,-115.643578,34000,435.3,246.4
34.176224,-115.658345,34000,433.9,249.4
34.171344,-115.675392,34000,432.9,251.7
34.167667,-115.690212,34000,431.9,254.4
34.164315,-115.70652,34000,431.1,257.0
34.161575,-115.722694,34000,430.1,259.5
34.159515,-115.738613,34000,429.1,262.1
34.155258,-115.781773,34000,429.0,263.2
34.150543,-115.828745,34000,429.2,263.0
34.145927,-115.874977,33925,420.9,263.3
34.144501,-115.889955,33925,415.9,263.2
34.144111,-115.893574,33900,414.9,263.2
34.144018,-115.89489,33900,414.9,263.2
34.143646,-115.898266,33875,413.9,263.2
34.143273,-115.902214,33825,412.9,263.2
34.140884,-115.926838,33425,411.7,263.4
34.138229,-115.954023,33075,407.8,263.2
34.135732,-115.979519,32725,403.7,263.3
34.133171,-116.00544,32350,401.8,263.3
34.130768,-116.030255,31975,399.7,263.4
34.128342,-116.055422,31600,397.7,263.4
34.126002,-116.079712,31225,396.6,263.5
34.123627,-116.104076,30850,394.7,263.3
34.121952,-116.120682,30625,393.8,263.1
34.121208,-116.128349,30550,392.8,263.1
34.117538,-116.165286,30300,399.8,263.2
34.113739,-116.204186,30050,407.8,263.2
34.10994,-116.242078,29800,412.9,263.2
34.106125,-116.280098,29550,415.0,263.1
34.102307,-116.317978,29300,416.0,263.1
34.098304,-116.355858,29050,415.5,262.5
34.094254,-116.392879,28800,415.7,262.4
34.090393,-116.427893,28525,415.5,262.5
34.086386,-116.464977,28275,414.4,262.6
34.082523,-116.500912,28000,412.4,262.6
34.078537,-116.537924,27725,410.3,262.7
34.074646,-116.574807,27475,408.3,262.7
34.071121,-116.608382,27200,406.8,263.2
34.070047,-116.619415,27075,406.6,263.5
34.067812,-116.64402,26700,404.3,263.9
34.065624,-116.668682,26325,401.3,263.9
34.063436,-116.693001,25925,400.2,264.0
34.061295,-116.716919,25550,398.3,263.8
34.05906,-116.741009,25150,396.6,263.5
34.056839,-116.764601,24750,395.5,263.6
34.054642,-116.788199,24375,394.5,263.6
34.05245,-116.811676,24000,392.4,263.7
34.050308,-116.835594,23600,390.4,263.7
34.048074,-116.85957,23225,389.4,263.7
34.045886,-116.883087,22850,387.6,263.3
34.043372,-116.904545,22500,385.4,261.3
34.040314,-116.928275,22125,383.6,261.1
34.037292,-116.951481,21750,381.7,261.0
34.034225,-116.974294,21375,379.8,260.9
34.031067,-116.998341,21000,377.6,261.0
34.02801,-117.021217,20625,376.7,261.0
34.024984,-117.044106,20250,374.5,261.1
34.022186,-117.066725,19875,372.8,261.8
34.019531,-117.089539,19500,371.5,262.1
34.016876,-117.11252,19125,369.5,262.1
34.014324,-117.1348,18750,368.4,262.2
34.011658,-117.158259,18375,367.4,262.2
34.009048,-117.180848,18000,365.6,262.0
34.007527,-117.193966,17800,364.6,262.0
34.006689,-117.201176,17725,362.6,261.9
34.004455,-117.219944,17600,356.5,261.9
34.001999,-117.240825,17500,347.5,261.9
33.999023,-117.26532,17350,337.6,261.6
33.997055,-117.281127,17275,331.6,261.5
33.994034,-117.305341,16975,326.5,261.5
33.990815,-117.332096,16700,321.2,262.0
33.987808,-117.357863,16400,315.9,262.2
33.985107,-117.381797,16075,312.8,262.3
33.982544,-117.404443,15750,310.9,262.2
33.980061,-117.425365,15400,311.1,261.9
33.977509,-117.446594,15050,311.3,261.7
33.975406,-117.464504,14775,310.2,263.1
33.974754,-117.474804,14625,309.6,266.5
33.974615,-117.48373,14500,309.0,270.2
33.97494,-117.493401,14350,308.6,273.5
33.975861,-117.504385,14175,308.8,276.1
33.976913,-117.512736,14025,308.4,279.7
33.979248,-117.525965,13800,307.9,282.2
33.982681,-117.545751,13450,305.2,281.5
33.98602,-117.564983,13075,303.4,281.8
33.989372,-117.584038,12700,301.7,282.0
33.992723,-117.602806,12350,300.7,282.1
33.99561,-117.619114,12025,298.7,282.2
33.997238,-117.628205,11825,298.5,282.0
33.999023,-117.638238,11625,298.7,282.2
34.000637,-117.647266,11425,298.7,282.2
34.00236,-117.656937,11225,298.5,282.0
34.003849,-117.666264,11025,298.6,280.0
34.0047,-117.67428,10875,297.8,276.4
34.005153,-117.6828,10700,296.4,273.1
34.005246,-117.691383,10525,296.0,269.4
34.004929,-117.700233,10325,296.5,266.5
34.004288,-117.708136,10125,296.8,263.6
34.00343,-117.716961,9925,298.1,263.3
34.002457,-117.72725,9725,297.7,263.8
34.001429,-117.738705,9525,295.8,263.6
34.000544,-117.748375,9375,294.9,263.6
33.999148,-117.762623,9225,292.0,263.3
33.997925,-117.775007,9050,291.0,263.3
33.996735,-117.787114,8875,289.0,263.2
33.995563,-117.798557,8700,289.1,263.0
33.9944,-117.810208,8500,289.0,263.2
33.99321,-117.822372,8300,288.9,263.4
33.992157,-117.83403,8100,288.8,263.6
33.990967,-117.846026,7925,289.1,263.0
33.989744,-117.858067,7750,287.9,263.4
33.98872,-117.869167,7675,283.8,263.5
33.987603,-117.880669,7625,278.8,263.4
33.98703,-117.886608,7600,274.8,263.5
33.986664,-117.890419,7600,271.8,263.5
33.985927,-117.898178,7500,267.7,263.6
33.985199,-117.905722,7450,262.8,263.2
33.984604,-117.911607,7425,257.9,263.1
33.984192,-117.915643,7375,254.9,263.0
33.983785,-117.919693,7300,251.9,262.9
33.982715,-117.929993,7100,247.7,263.3
33.982203,-117.935314,7000,245.7,263.2
33.98172,-117.940082,6900,243.7,263.2
33.981216,-117.945127,6800,241.7,263.1
33.980806,-117.949276,6700,240.8,263.1
33.980438,-117.953367,6600,239.6,263.3
33.979968,-117.958145,6500,238.6,263.3
33.979477,-117.96284,6400,237.7,263.2
33.978928,-117.968389,6300,234.8,262.9
33.978385,-117.973251,6200,232.8,262.8
33.977873,-117.978172,6100,230.7,263.0
33.977408,-117.983265,6000,229.6,263.2
33.976959,-117.987447,5900,228.6,263.2
33.976547,-117.991819,5800,226.6,263.2
33.976104,-117.996082,5700,226.5,263.4
33.975685,-118.000774,5600,225.5,263.4
33.975449,-118.002973,5575,224.4,263.6
33.975034,-118.007469,5525,223.4,263.6
33.974121,-118.017323,5425,221.4,263.5
33.973078,-118.027725,5350,219.4,263.5
33.972107,-118.038567,5275,222.3,263.8
33.971146,-118.048936,5200,224.5,263.4
33.970052,-118.059711,5125,225.7,262.9
33.968889,-118.070526,5050,226.7,262.9
33.967987,-118.079093,4975,227.7,262.9
33.967484,-118.084418,4875,227.7,262.9
33.966797,-118.090808,4775,227.7,262.9
33.966189,-118.097248,4675,227.6,263.2
33.965583,-118.103371,4575,225.6,263.1
33.964885,-118.110123,4475,223.6,263.1
33.964371,-118.115415,4400,219.5,263.2
33.963867,-118.120236,4325,215.5,263.3
33.963489,-118.124542,4275,211.4,263.5
33.96286,-118.130942,4200,206.4,263.3
33.962511,-118.13467,4150,202.3,263.5
33.962036,-118.139462,4050,198.2,263.6
33.961578,-118.144338,3950,195.2,263.5
33.961021,-118.149605,3850,191.4,263.1
33.960342,-118.156333,3750,187.5,262.6
33.959485,-118.16431,3650,184.4,262.8
33.958832,-118.170739,3550,182.5,262.8
33.958191,-118.176793,3450,182.2,263.4
33.957642,-118.182734,3350,182.1,263.7
33.957018,-118.189659,3250,184.1,263.8
33.956406,-118.195907,3150,185.2,263.5
33.955854,-118.201904,3050,185.2,263.5
33.955215,-118.20835,2950,184.3,263.1
33.954529,-118.214852,2850,183.4,262.8
33.953842,-118.220962,2750,181.6,262.4
33.953107,-118.227768,2650,181.5,262.7
33.952456,-118.234119,2550,180.3,263.0
33.951851,-118.240299,2450,180.2,263.3
33.951199,-118.246822,2350,179.4,263.0
33.9505,-118.253249,2250,180.3,263.0
33.949814,-118.260311,2150,183.3,263.1
33.949244,-118.266048,2050,183.3,263.1
33.948669,-118.272138,1950,182.1,263.7
33.948126,-118.277664,1850,178.2,263.2
33.947475,-118.283501,1750,173.5,262.4
33.946869,-118.289509,1675,169.2,263.2
33.946426,-118.294335,1575,165.1,263.4
33.945938,-118.298893,1500,160.3,262.8
33.945613,-118.301926,1450,156.2,263.0
33.9451,-118.30719,1375,151.2,262.8
33.944495,-118.312969,1275,148.1,263.0
33.943817,-118.319615,1175,145.0,263.3
33.943222,-118.325725,1075,144.1,262.8
33.942773,-118.330364,975,145.9,263.7
33.942307,-118.335085,875,147.1,263.0
33.94162,-118.341363,775,145.2,262.5
33.940864,-118.34816,700,143.0,263.2
33.940306,-118.353825,600,141.2,262.7
33.939561,-118.360291,500,143.1,262.8
33.938919,-118.367204,400,145.9,263.7
33.938257,-118.374081,325,146.1,262.9
33.937729,-118.379199,225,146.1,262.9
33.937225,-118.384188,125,145.0,263.3
33.936996,-118.386542,100,143.9,263.6
33.936581,-118.390675,75,141.0,263.1
33.936442,-118.392162,75,135.1,262.8
33.936127,-118.394838,50,135.1,262.8
33.936011,-118.39601,-50.0,97.0,261.6
33.935965,-118.396511,-50.0,93.0,261.6
33.935944,-118.396715,-50.0,87.0,264.4
33.935895,-118.397183,-50.0,81.0,264.4
33.935829,-118.397808,-50.0,77.0,264.4
33.935802,-118.398042,-50.0,71.0,264.4
33.935703,-118.399084,-50.0,56.5,264.4
33.935674,-118.399515,-50.0,52.5,267.2
33.935658,-118.39977,-50.0,48.5,267.2
33.93565,-118.400431,-50.0,39.5,272.8
33.935674,-118.400874,-50.0,37.5,275.6
33.935703,-118.401284,-50.0,35.5,275.6
33.935726,-118.401536,-50.0,33.5,278.4
33.935772,-118.401816,-50.0,32.5,281.2
33.935852,-118.402237,-50.0,30.5,284.1
33.935966,-118.402685,-50.0,27.5,286.9
33.936058,-118.403035,-50.0,23.5,286.9
33.936184,-118.403484,-50.0,20.5,284.1
33.936244,-118.403921,-50.0,19.5,275.6
33.936256,-118.404465,-50.0,17.5,267.2
33.936218,-118.404871,-50.0,12.8,264.4
33.936186,-118.405194,-50.0,11.2,261.6
33.936127,-118.405712,-50.0,11.2,261.6
33.936081,-118.406244,-50.0,8.2,261.6
33.936058,-118.406385,-50.0,6.8,261.6
33.936046,-118.406568,-50.0,5.2,261.6
33.936012,-118.406833,-50.0,5.2,261.6
33.935988,-118.407111,-50.0,1.6,261.6
33.935966,-118.407253,-50.0,3.8,261.6
33.935955,-118.40745,-50.0,8.8,261.6
33.935918,-118.407726,-50.0,12.8,264.4
33.935918,-118.407898,-50.0,14.2,267.2
33.935921,-118.408122,-50.0,14.8,272.8
33.935941,-118.408284,-50.0,13.8,278.4
33.935978,-118.408388,-50.0,12.8,286.9
33.936058,-118.408571,-50.0,12.8,300.9
33.936127,-118.408669,-50.0,12.8,309.4
33.936207,-118.408753,-50.0,12.8,317.8
33.936344,-118.408851,-50.0,12.8,329.1
33.93647,-118.408907,-50.0,12.2,340.3
33.93664,-118.408942,-50.0,11.8,348.8
33.936996,-118.409005,-50.0,11.2,351.6
33.937373,-118.409057,-50.0,9.8,351.6
33.937477,-118.409075,-50.0,9.8,354.4
33.937745,-118.408999,-50.0,1.4,19.7
33.937752,-118.409005,-50.0,0.1,22.5
33.937763,-118.408991,-50.0,1.6,22.5
33.93782,-118.408935,-50.0,5.2,33.8
33.937862,-118.408828,-50.0,8.2,56.2
33.937912,-118.408557,-50.0,12.2,78.8
33.937955,-118.408227,-50.0,13.8,84.4
33.938001,-118.407755,-50.0,15.5,84.4
33.938049,-118.407267,-50.0,16.5,81.6
33.938094,-118.406739,-50.0,13.2,81.6
33.938118,-118.406568,-50.0,9.2,81.6
33.938175,-118.406034,-50.0,10.8,81.6
33.938222,-118.405523,-50.0,13.2,81.6
33.938269,-118.405051,-50.0,14.8,81.6
33.938313,-118.404619,-50.0,16.5,81.6
33.93837,-118.404128,-50.0,17.5,81.6
33.938416,-118.403638,-50.0,19.5,81.6
33.938461,-118.40319,-50.0,20.5,81.6
33.938525,-118.402591,-50.0,22.5,81.6
33.938571,-118.402119,-50.0,21.5,81.6
33.938622,-118.40162,-50.0,22.5,81.6
33.938667,-118.401242,-50.0,23.5,84.4
33.938711,-118.400774,-50.0,24.5,81.6
33.938805,-118.399882,-50.0,22.5,81.6
33.938839,-118.399444,-50.0,19.5,81.6
33.938886,-118.399,-50.0,16.5,81.6
33.938942,-118.398495,-50.0,12.2,81.6
33.938967,-118.398271,-50.0,9.2,78.8
33.939002,-118.398199,-50.0,9.2,70.3
33.939022,-118.398145,-50.0,9.2,61.9
33.939079,-118.398103,-50.0,9.8,47.8
33.939114,-118.398075,-50.0,9.8,39.4
33.939223,-118.398056,-50.0,9.8,16.9
33.939342,-118.398047,-50.0,9.8,2.8
33.939444,-118.39807,-50.0,9.8,354.4
33.939549,-118.398099,-50.0,9.8,345.9
33.939642,-118.398142,-50.0,9.8,337.5
33.939743,-118.398299,-50.0,9.8,309.4
33.939766,-118.398397,-50.0,9.8,289.7
33.93977,-118.398528,-50.0,9.2,272.8
33.939754,-118.398705,-50.0,9.2,264.4
33.939712,-118.399029,-50.0,9.8,264.4
33.939677,-118.399386,-50.0,10.2,261.6
33.939631,-118.399901,-50.0,11.2,261.6
33.939596,-118.400202,-50.0,10.2,264.4
33.939594,-118.400345,-50.0,8.8,270.0
33.939629,-118.400457,-50.0,8.8,286.9
33.939651,-118.400499,-50.0,8.8,295.3
33.939697,-118.400541,-50.0,8.2,306.6
33.93972,-118.400569,-50.0,8.2,312.2
33.93977,-118.400588,-50.0,7.8,323.4
33.939817,-118.400602,-50.0,7.8,331.9
33.939903,-118.400625,-50.0,7.2,345.9
33.940041,-118.400639,-50.0,8.2,351.6
33.940468,-118.400702,-50.0,9.2,351.6
33.940865,-118.400765,-50.0,9.8,351.6
33.941299,-118.400835,-50.0,10.2,351.6
33.941723,-118.400891,-50.0,10.8,351.6
33.942121,-118.400946,-50.0,7.8,351.6
33.942307,-118.400975,-50.0,4.8,354.4
33.942341,-118.400961,-50.0,4.8,2.8
33.942365,-118.400946,-50.0,4.8,11.2
33.942377,-118.400917,-50.0,4.8,19.7
33.942389,-118.400846,-50.0,4.8,47.8
33.942375,-118.400667,-50.0,5.2,87.2
33.942375,-118.400345,-50.0,1.1,87.2
33.942377,-118.400302,-50.0,0.0,87.2
33.942387,-118.400317,-50.0,0.0,87.2
33.942387,-118.400415,-50.0,3.8,87.2
33.942389,-118.400474,-50.0,3.2,78.8
33.942398,-118.400555,-50.0,3.8,61.9
33.942389,-118.400602,-50.0,3.2,53.4
33.942375,-118.400653,-50.0,2.8,42.2
33.942365,-118.400688,-50.0,3.2,30.9
33.942331,-118.400717,-50.0,3.2,25.3
33.942284,-118.400745,-50.0,3.8,25.3
33.942249,-118.400745,-50.0,3.8,33.8
33.942226,-118.40076,-50.0,3.2,42.2
33.942203,-118.40076,-50.0,3.2,50.6
33.942179,-118.400774,-50.0,3.2,61.9
33.942156,-118.400774,-50.0,2.8,70.3
33.942144,-118.400774,-50.0,2.2,81.6
33.942121,-118.400788,-50.0,2.2,92.8
33.942098,-118.400803,-50.0,2.2,112.5
33.942086,-118.400817,-50.0,2.2,123.8
33.942075,-118.400831,-50.0,2.2,129.4
33.942066,-118.400863,-50.0,2.2,146.2
33.942066,-118.400877,-50.0,1.9,157.5
33.942089,-118.400919,-50.0,2.2,171.6
33.942112,-118.400933,-50.0,1.6,177.2
33.942121,-118.400931,-50.0,0.2,180.0
33.942089,-118.400933,-50.0,2.2,177.2
33.941929,-118.400919,-50.0,2.2,177.2
33.941853,-118.400903,-50.0,2.2,174.4
33.941679,-118.400888,-50.0,0.9,174.4
33.941667,-118.400888,-50.0,0.0,174.4
33.941666,-118.400891,-50.0,0.0,174.4
33.941667,-118.400888,-50.0,0.0,174.4
33.941666,-118.400877,-50.0,0.0,174.4
33.941667,-118.400888,-50.0,0.0,174.4
33.941667,-118.400888,-50.0,0.0,174.4
33.941666,-118.400877,-50.0,0.0,174.4
33.941666,-118.400877,-50.0,0.0,174.4
33.941505,-118.400863,-50.0,4.8,174.4
33.941219,-118.400821,-50.0,7.8,174.4
33.940853,-118.40076,-50.0,8.8,174.4
33.940498,-118.400709,-50.0,4.8,174.4
33.940395,-118.400695,-50.0,3.2,174.4
33.94035,-118.400695,-50.0,0.0,174.4
33.940271,-118.400674,-50.0,4.2,174.4
33.939991,-118.400631,-50.0,8.8,174.4
33.939642,-118.400588,-50.0,11.8,171.6
33.939235,-118.400517,-50.0,11.2,171.6
33.93913,-118.400488,-50.0,11.2,165.9
33.939068,-118.400443,-50.0,11.8,157.5
33.938999,-118.400401,-50.0,11.8,151.9
33.938851,-118.400202,-50.0,12.8,126.6
33.938793,-118.399816,-50.0,13.2,90.0
33.938839,-118.399501,-50.0,14.8,81.6
33.938862,-118.399301,-50.0,14.8,81.6
33.938873,-118.39921,-50.0,15.5,84.4
33.938921,-118.398743,-50.0,15.5,81.6
33.938965,-118.398285,-50.0,15.5,81.6
33.939002,-118.397827,-50.0,16.5,81.6
33.939056,-118.397332,-50.0,16.5,81.6
33.939118,-118.396811,-50.0,17.5,81.6
33.939165,-118.396325,-50.0,18.5,81.6
33.939217,-118.395791,-50.0,19.5,81.6
33.93927,-118.395295,-50.0,18.5,84.4
33.939316,-118.394809,-50.0,19.5,81.6
33.939365,-118.394277,-50.0,19.5,81.6
33.939423,-118.393773,-50.0,20.5,81.6
33.939468,-118.393352,-50.0,20.5,81.6
33.939514,-118.392892,-50.0,21.5,81.6
33.939549,-118.392591,-50.0,21.5,81.6
33.939607,-118.392062,-50.0,22.5,81.6
33.939651,-118.391559,-50.0,22.5,81.6
33.9397,-118.391032,-50.0,18.5,81.6
33.939754,-118.390522,-50.0,17.5,81.6
33.939817,-118.389988,-50.0,17.5,81.6
33.939863,-118.389573,-50.0,18.5,81.6
33.939903,-118.389092,-50.0,18.5,84.4
33.939949,-118.388644,-50.0,17.5,81.6
33.939995,-118.388223,-50.0,17.5,81.6
33.940052,-118.387733,-50.0,18.5,81.6
33.940096,-118.387299,-50.0,19.5,81.6
33.940132,-118.38685,-50.0,20.5,81.6
33.940178,-118.386412,-50.0,19.5,81.6
33.940224,-118.385911,-50.0,19.5,81.6
33.940281,-118.385407,-50.0,18.5,81.6
33.940329,-118.384938,-50.0,17.5,81.6
33.940372,-118.384496,-50.0,18.5,81.6
33.940418,-118.384076,-50.0,19.5,81.6
33.940468,-118.383608,-50.0,19.5,81.6
33.940503,-118.383236,-50.0,20.5,84.4
33.940578,-118.38252,-50.0,19.5,81.6
33.940631,-118.382006,-50.0,15.5,81.6
33.940678,-118.381505,-50.0,15.5,81.6
33.940736,-118.38099,-50.0,13.2,81.6
33.94075,-118.380782,-50.0,8.8,81.6
33.940771,-118.380661,-50.0,5.2,81.6
33.940771,-118.380575,-50.0,0.8,81.6
33.940783,-118.380475,-50.0,3.2,81.6
33.940796,-118.380404,-50.0,4.2,84.4
33.940783,-118.380346,-50.0,4.8,90.0
33.940771,-118.380275,-50.0,5.2,98.4
33.940713,-118.380175,-50.0,6.8,115.3
33.940666,-118.380103,-50.0,7.2,126.6
33.940631,-118.380075,-50.0,7.2,135.0
33.940567,-118.38004,-50.0,7.8,146.2
33.940515,-118.380017,-50.0,8.2,154.7
33.94041,-118.380003,-50.0,8.2,168.8
33.940282,-118.379974,-50.0,9.2,174.4
33.939887,-118.379946,-50.0,5.8,180.0
33.939846,-118.37997,-50.0,4.8,194.1
33.939828,-118.380003,-50.0,4.8,210.9
33.939828,-118.380032,-50.0,4.2,225.0
33.939835,-118.380068,-50.0,3.8,241.9
33.939857,-118.380138,-50.0,3.2,261.6
33.939852,-118.380175,-50.0,3.8,261.6
33.939852,-118.380189,-50.0,0.0,261.6
33.939852,-118.380203,-50.0,0.6,261.6
33.939835,-118.380362,-50.0,9.8,264.4
33.939817,-118.380475,-50.0,13.2,264.4
33.939812,-118.380516,-50.0,18.5,264.4
33.939777,-118.380909,-50.0,28.5,261.6
33.939766,-118.381021,-50.0,33.5,261.6
33.939747,-118.381219,-50.0,38.5,261.6
33.939674,-118.381861,-50.0,47.5,261.6
33.939584,-118.382721,-50.0,61.5,261.6
33.939434,-118.384272,-50.0,79.0,261.6
33.939363,-118.384938,-50.0,85.0,261.6
33.939308,-118.385421,-50.0,89.0,261.6
33.939281,-118.385639,125,89.0,0.0
33.939188,-118.386726,125,96.7,262.9
33.939056,-118.387999,125,108.8,263.1
33.938862,-118.389702,100,116.8,263.1
33.938782,-118.39041,125,119.9,262.8
33.93869,-118.391362,100,124.0,262.6
33.93863,-118.392048,100,131.0,263.0
33.93849,-118.393593,100,139.0,263.0
33.938324,-118.395118,100,145.1,262.9
33.938049,-118.397921,100,149.1,263.1
33.937978,-118.398399,100,155.2,263.0
33.937792,-118.400059,125,158.3,262.7
33.937775,-118.400611,125,164.2,263.0
33.937466,-118.403549,125,171.3,263.0
33.937363,-118.404479,150,173.4,262.7
33.937225,-118.405656,200,174.4,262.8
33.93714,-118.406582,225,174.4,262.8
33.936996,-118.407954,275,173.3,263.0
33.936814,-118.409843,375,172.3,263.0
33.936584,-118.411822,475,171.2,263.3
33.936442,-118.413677,575,171.0,264.0
33.936256,-118.415623,675,171.9,264.0
33.936069,-118.417854,775,171.9,264.0
33.935837,-118.420315,875,173.0,263.7
33.935577,-118.422976,975,175.3,263.1
33.935231,-118.426037,1075,176.5,262.5
33.934999,-118.428268,1150,177.6,262.2
33.934673,-118.431072,1250,179.6,262.3
33.934479,-118.433066,1300,181.7,262.1
33.934161,-118.435593,1350,184.8,261.9
33.933838,-118.438391,1375,188.8,262.1
33.933649,-118.439884,1400,191.9,261.9
33.933416,-118.442059,1425,195.9,262.1
33.933137,-118.44429,1450,200.1,261.7
33.932648,-118.447471,1475,201.2,261.4
33.932345,-118.449039,1500,205.5,257.9
33.931595,-118.452124,1575,209.8,253.4
33.93053,-118.45562,1625,213.6,249.4
33.928854,-118.46014,1725,218.3,245.1
33.927504,-118.463173,1775,221.9,241.5
33.925919,-118.466305,1850,225.6,237.9
33.923721,-118.469948,1950,229.8,232.8
33.922623,-118.47163,2000,230.8,232.0
33.921917,-118.472672,2050,231.3,231.5
33.920563,-118.474713,2150,230.5,231.3
33.919235,-118.476731,2250,230.7,231.7
33.91796,-118.47868,2350,231.0,232.4
33.916285,-118.481369,2450,232.0,232.9
33.914749,-118.483849,2550,233.6,233.2
33.913072,-118.486404,2650,234.6,232.4
33.911304,-118.489208,2750,235.4,232.6
33.909907,-118.491383,2850,236.6,232.2
33.908295,-118.493827,2950,238.0,232.2
33.906695,-118.496304,3050,239.1,231.4
33.904907,-118.498928,3150,239.7,231.3
33.903483,-118.501053,3250,240.2,230.7
33.901947,-118.503342,3350,240.8,230.6
33.900178,-118.505859,3450,241.6,230.7
33.898409,-118.508492,3550,243.0,230.7
33.89653,-118.511203,3650,245.8,230.6
33.894405,-118.514328,3750,248.7,230.6
33.891174,-118.518994,3850,253.4,230.0
33.887924,-118.523591,3950,258.1,229.4
33.885132,-118.527458,4050,262.4,229.3
33.88266,-118.530878,4150,265.2,229.3
33.880114,-118.53447,4250,266.6,229.3
33.877808,-118.53766,4350,269.4,229.2
33.875458,-118.540936,4450,270.7,228.9
33.873413,-118.543658,4550,271.8,227.7
33.871582,-118.545844,4625,272.2,225.1
33.86998,-118.547525,4725,272.0,221.7
33.867462,-118.549879,4825,272.4,217.5
33.86545,-118.551407,4925,272.9,213.3
33.863251,-118.552906,5025,273.6,209.6
33.860887,-118.554268,5125,273.3,205.8
33.857986,-118.555653,5225,274.7,200.7
33.855767,-118.556557,5325,275.1,199.1
33.853455,-118.557278,5400,275.7,196.0
33.85032,-118.558102,5475,277.3,193.1
33.846875,-118.558674,5550,281.8,186.5
33.842102,-118.55896,5650,284.1,181.2
33.838729,-118.558731,5725,286.8,175.8
33.834549,-118.558007,5825,288.9,170.6
33.831848,-118.557334,5900,290.1,168.3
33.828208,-118.556328,6000,290.1,166.4
33.825714,-118.555597,6100,290.3,166.2
33.822621,-118.554726,6200,290.1,166.4
33.819549,-118.55381,6300,290.8,166.7
33.816284,-118.552906,6400,291.8,166.7
33.812988,-118.551953,6500,291.8,166.7
33.809692,-118.551057,6600,293.0,166.6
33.805847,-118.549935,6700,294.9,166.7
33.801813,-118.548832,6800,295.7,166.9
33.79834,-118.547862,6900,296.7,166.9
33.794357,-118.54674,7000,297.6,167.0
33.787125,-118.544723,7200,299.6,167.1
33.781036,-118.543097,7400,299.4,167.3
33.775418,-118.541565,7600,298.4,167.2
33.769785,-118.54002,7800,297.4,167.2
33.764236,-118.538501,8000,297.2,167.4
33.758286,-118.536931,8200,297.2,167.4
33.753342,-118.535586,8400,295.7,166.9
33.748077,-118.534073,8600,294.0,166.6
33.742784,-118.532581,8800,293.0,166.6
33.73732,-118.531046,9000,292.8,166.8
33.73096,-118.52932,9200,293.3,167.2
33.724777,-118.52757,9400,294.0,165.8
33.718577,-118.525314,9600,293.2,162.7
33.714661,-118.52331,9725,294.3,156.6
33.710896,-118.520966,9850,294.4,151.6
33.707544,-118.518391,9950,295.1,147.2
33.704565,-118.515816,10050,297.0,142.9
33.701248,-118.512492,10125,299.2,139.1
33.697769,-118.5084,10200,301.2,135.3
33.695022,-118.504543,10250,305.6,129.2
33.692001,-118.499544,10325,308.1,124.2
33.689808,-118.49493,10375,310.2,119.1
33.688086,-118.490524,10450,312.0,114.0
33.686037,-118.483887,10575,314.1,109.5
33.682663,-118.471854,10750,319.1,108.3
33.67868,-118.457673,10925,326.4,108.8
33.674515,-118.443155,11075,333.3,109.1
33.67012,-118.428077,11225,340.9,109.2
33.665508,-118.412304,11400,347.0,109.5
33.661057,-118.397472,11575,353.0,109.9
33.656383,-118.381691,11750,358.0,109.2
33.65252,-118.3675,11900,361.9,107.0
33.650239,-118.357201,12025,365.0,103.5
33.647957,-118.343925,12225,367.5,100.8
33.646375,-118.331566,12400,368.7,98.1
33.645218,-118.318326,12600,370.6,95.3
33.644745,-118.307533,12750,372.2,91.7
33.644714,-118.291364,13000,373.0,89.2
33.644852,-118.268999,13375,375.0,89.7
33.644943,-118.245401,13750,376.0,89.7
33.645126,-118.222644,14100,378.2,88.0
33.64577,-118.214149,14250,378.0,84.1
33.646701,-118.207283,14350,378.5,80.3
33.648148,-118.200111,14450,380.1,74.9
33.650332,-118.192406,14550,381.2,69.9
33.653183,-118.184584,14650,383.0,65.0
33.656067,-118.17825,14725,384.0,61.0
33.65918,-118.172421,14800,384.7,55.5
33.663391,-118.165862,14900,385.3,51.8
33.668115,-118.159561,15025,385.6,47.0
33.673233,-118.153755,15125,386.5,42.5
33.678682,-118.14846,15225,387.2,38.5
33.687012,-118.140863,15375,388.4,37.0
33.702703,-118.126659,15775,388.4,37.0
33.720951,-118.110352,16100,391.6,36.7
33.732422,-118.100169,16325,393.2,36.5
33.738734,-118.094616,16500,392.0,36.3
33.754469,-118.080826,16900,390.8,36.0
33.764385,-118.072186,17100,392.0,36.3
33.781842,-118.056793,17450,393.4,36.3
33.800323,-118.040371,17800,395.8,36.8
33.820387,-118.022404,18100,400.0,36.9
33.838715,-118.006,18425,402.4,36.6
33.856791,-117.98996,18775,403.2,36.5
33.875931,-117.972817,19125,405.6,37.0
33.894928,-117.955497,19450,407.4,37.3
33.91405,-117.938118,19775,409.8,37.1
33.933334,-117.9208,20125,410.6,37.0
33.953014,-117.902927,20450,412.6,37.1
33.973114,-117.884646,20775,415.4,37.2
33.994308,-117.865364,21075,418.8,37.3
34.016884,-117.84462,21375,422.2,37.5
34.040131,-117.823044,21675,426.3,37.8
34.061109,-117.803535,21975,429.1,37.8
34.072952,-117.792047,22125,431.4,40.3
34.083664,-117.780444,22250,434.4,43.0
34.094788,-117.767328,22425,434.9,45.5
34.10538,-117.753754,22625,436.0,47.6
34.114746,-117.740647,22800,436.0,50.2
34.130099,-117.718048,23150,436.2,50.6
34.141551,-117.701168,23425,435.7,50.9
34.159012,-117.675233,23725,438.2,51.3
34.175446,-117.650514,24050,439.0,51.4
34.192712,-117.624779,24350,440.9,51.1
34.210236,-117.598721,24650,442.9,51.0
34.227539,-117.572993,24975,445.1,51.0
34.244943,-117.547131,25275,446.5,51.0
34.26384,-117.518902,25575,448.1,51.2
34.282013,-117.491717,25875,450.3,51.2
34.301551,-117.462559,26175,452.3,51.1
34.320358,-117.434406,26475,453.1,51.2
34.33977,-117.405338,26750,455.2,51.2
34.359375,-117.375912,27025,458.1,51.2
34.381295,-117.343082,27300,460.9,51.2
34.403128,-117.310352,27550,463.7,51.1
34.423691,-117.279557,27825,465.2,51.3
34.444839,-117.247719,28100,466.6,51.3
34.466125,-117.215769,28375,468.1,51.2
34.488052,-117.182754,28650,469.5,51.2
34.509919,-117.149906,28900,470.9,51.2
34.531998,-117.116612,29175,473.1,51.3
34.555298,-117.081579,29425,474.8,50.8
34.580399,-117.044907,29675,476.4,50.2
34.605606,-117.008486,29925,478.4,49.9
34.631141,-116.971779,30150,480.5,50.0
34.656744,-116.934757,30400,482.7,50.0
34.680859,-116.899738,30650,483.6,50.3
34.701854,-116.869125,30925,483.0,50.4
34.723081,-116.837997,31200,483.0,50.4
34.745845,-116.804581,31475,483.1,50.5
34.769028,-116.770487,31725,483.1,50.5
34.792282,-116.736294,31975,483.7,50.5
34.815491,-116.702102,32225,483.9,50.6
34.838578,-116.667995,32475,484.5,50.5
34.855802,-116.64299,32650,483.6,49.4
34.873352,-116.619473,32825,482.8,47.7
34.8983,-116.586129,33075,482.8,47.8
34.92366,-116.552161,33325,482.1,47.8
34.948975,-116.518306,33575,482.1,47.8
34.973511,-116.485459,33825,480.7,47.8
34.997041,-116.453934,34100,477.9,47.8
35.019526,-116.423721,34375,475.8,47.9
35.04158,-116.394037,34650,473.0,47.9
35.064697,-116.362871,34925,470.1,47.9
35.072828,-116.35191,35000,470.1,47.9
35.077377,-116.345719,35025,470.1,47.9
35.106067,-116.307049,35000,470.1,47.9
35.13501,-116.268086,35000,470.8,47.8
35.16394,-116.228962,35000,471.0,48.2
35.192654,-116.18969,35000,471.0,48.4
35.22119,-116.150665,35000,471.7,48.3
35.250229,-116.11124,35000,472.3,48.0
35.279114,-116.072273,35000,473.0,47.9
35.307907,-116.033478,35000,473.6,47.8
35.336919,-115.994295,35000,474.4,47.9
35.365689,-115.955551,35000,474.3,47.7
35.394424,-115.916805,35000,474.4,47.9
35.423367,-115.877536,35000,473.7,48.0
35.451965,-115.838585,35000,473.8,48.2
35.480812,-115.799113,35000,473.1,48.3
35.509628,-115.759608,35000,473.1,48.3
35.538574,-115.720081,35000,473.8,48.2
35.567642,-115.680141,35000,473.9,48.3
35.596495,-115.64057,35000,473.8,48.2
35.625412,-115.600834,35000,473.9,48.3
35.654251,-115.56118,35000,474.6,48.4
35.683082,-115.521416,35000,473.9,48.3
35.712084,-115.481444,35000,473.2,48.4
35.740434,-115.442349,35000,473.9,48.3
35.769157,-115.402728,34975,474.6,48.4
35.797507,-115.363516,35000,473.9,48.3
35.826599,-115.323315,35000,473.9,48.3
35.855255,-115.283604,35000,474.7,48.6
35.883768,-115.243952,35000,475.4,48.5
35.912351,-115.204098,35000,476.9,48.7
35.94126,-115.163717,35000,477.5,48.6
35.970356,-115.123103,35000,478.9,48.6
35.998947,-115.083218,35000,480.3,48.5
36.028427,-115.042076,35000,481.1,48.6
36.057781,-115.001026,35000,481.8,48.7
36.086876,-114.960295,35000,482.5,48.6
36.115814,-114.919796,35000,483.2,48.7
36.145159,-114.87854,35000,484.0,48.8
36.173859,-114.838085,35000,484.2,49.1
36.18403,-114.822849,35000,486.2,51.6
36.194595,-114.805412,35000,486.9,54.0
36.22062,-114.761372,35000,486.6,53.9
36.246643,-114.717485,35000,486.6,53.9
36.272873,-114.673176,35000,486.6,53.9
36.299014,-114.628893,35000,486.1,54.0
36.325195,-114.584427,35000,485.2,53.9
36.351334,-114.539967,35000,485.5,54.0
36.377408,-114.495421,35000,485.5,54.0
36.403757,-114.450424,35000,486.3,54.1
36.429657,-114.406128,35000,485.5,54.0
36.455895,-114.361306,35000,484.9,54.2
36.481705,-114.317036,35000,484.3,54.2
36.507385,-114.272861,35000,483.5,54.2
36.533203,-114.228516,35000,482.7,54.1
36.559195,-114.183889,35000,482.9,54.3
36.585022,-114.139481,35000,483.5,54.2
36.61116,-114.09462,35000,483.5,54.2
36.636937,-114.050241,35000,483.7,54.3
36.662155,-114.006557,35000,483.1,54.4
36.687973,-113.961639,35000,483.1,54.4
36.71347,-113.917465,35000,483.1,54.4
36.739352,-113.872473,35000,484.5,54.4
36.764444,-113.828995,35000,483.7,54.3
36.790329,-113.784027,35000,483.9,54.5
36.816193,-113.73888,35000,483.9,54.5
36.842285,-113.69339,35000,483.9,54.5
36.867554,-113.649065,34975,483.4,54.6
36.893188,-113.604126,35000,482.0,54.6
36.918206,-113.560181,35025,481.4,54.7
36.944089,-113.514743,35000,481.4,54.7
36.96946,-113.470141,35000,481.2,54.6
36.994924,-113.425479,35000,480.6,54.7
37.020584,-113.380484,35000,481.2,54.6
37.04631,-113.335312,35000,480.6,54.7
37.071762,-113.290431,35000,481.4,54.7
37.096873,-113.246055,35000,480.8,54.8
37.122345,-113.200787,35000,480.2,54.9
37.147339,-113.156433,35000,479.4,54.8
37.172607,-113.111553,35000,479.4,54.8
37.197845,-113.066692,35000,479.4,54.8
37.222687,-113.022493,35000,480.2,54.9
37.247889,-112.977666,35000,481.1,55.0
37.272934,-112.932766,35000,480.5,55.1
37.297943,-112.887969,35000,479.1,55.1
37.3228,-112.843381,35000,478.3,55.0
37.348069,-112.798243,35000,478.3,55.0
37.373108,-112.753387,35000,478.3,55.0
37.397926,-112.7088,35000,478.3,55.0
37.422821,-112.664035,35000,477.7,55.2
37.447678,-112.619155,35000,477.1,55.2
37.472596,-112.574158,35000,477.1,55.2
37.497595,-112.529018,35000,476.3,55.2
37.522221,-112.484595,35000,477.1,55.2
37.546987,-112.439695,35000,477.1,55.2
37.571686,-112.395046,35000,477.9,55.3
37.596565,-112.349654,35000,478.2,55.5
37.614208,-112.317233,35000,479.3,56.6
37.622588,-112.300276,35000,480.7,59.2
37.631424,-112.280566,35000,482.0,61.4
37.638974,-112.261943,35000,483.5,63.9
37.645864,-112.243015,35000,484.5,66.4
37.652986,-112.221103,35000,485.8,68.5
37.669279,-112.16838,35000,486.0,68.8
37.68544,-112.116121,35000,486.9,68.8
37.701782,-112.063118,35000,486.9,68.8
37.717787,-112.011168,35000,486.9,68.8
37.733661,-111.959461,35000,486.6,68.9
37.749768,-111.906858,35000,487.5,69.0
37.765869,-111.854027,35000,488.4,69.0
37.781799,-111.801667,35000,489.7,68.9
37.797717,-111.749407,35000,489.4,69.1
37.81366,-111.696829,35025,489.0,69.2
37.829361,-111.644761,35000,489.0,69.2
37.845247,-111.592016,35000,486.8,69.2
37.861221,-111.539222,35000,488.1,69.1
37.877106,-111.486511,35000,487.7,69.2
37.892853,-111.434092,35000,486.4,69.3
37.908646,-111.381031,35000,484.8,69.5
37.924246,-111.328702,35000,483.3,69.3
37.939888,-111.276457,35000,484.2,69.3
37.955383,-111.224417,35000,485.1,69.4
37.971217,-111.171371,35000,484.2,69.3
37.986998,-111.11835,35000,484.8,69.5
38.002547,-111.065807,35000,485.7,69.5
38.018143,-111.013106,35000,487.0,69.4
38.033798,-110.960102,35000,487.9,69.5
38.049271,-110.907625,35000,488.9,69.5
38.064835,-110.854564,35000,489.8,69.6
38.080399,-110.801619,35000,490.8,69.6
38.096117,-110.748158,35000,489.5,69.7
38.111801,-110.694561,35000,489.5,69.7
38.127136,-110.642025,35000,489.1,69.8
38.142792,-110.588262,35025,487.8,69.9
38.157892,-110.536373,35000,488.5,69.6
38.17337,-110.483132,35000,488.2,69.8
38.188751,-110.430071,35000,487.8,69.9
38.203949,-110.377418,35000,488.8,69.9
38.219559,-110.323305,35000,488.4,70.0
38.234796,-110.270253,35000,487.5,70.0
38.249817,-110.217824,35000,487.5,70.0
38.264869,-110.165405,35000,488.4,70.0
38.280029,-110.112402,35000,489.0,70.2
38.295221,-110.058826,35000,490.0,70.2
38.310379,-110.005578,35000,490.3,70.1
38.32548,-109.952724,35000,491.3,70.1
38.340749,-109.899047,35000,490.9,70.2
38.356018,-109.84513,35000,490.0,70.2
38.370961,-109.792169,35000,489.6,70.3
38.385773,-109.739568,35000,488.4,70.4
38.40065,-109.686507,35000,486.1,70.4
38.415512,-109.633301,35000,483.9,70.4
38.430496,-109.580025,35000,482.0,70.4
38.445259,-109.5271,35000,481.7,70.5
38.460068,-109.474341,35000,482.0,70.4
38.474899,-109.42138,35000,483.6,70.6
38.489365,-109.369016,35000,485.5,70.6
38.504287,-109.315186,35000,486.7,70.6
38.519184,-109.261475,35000,486.7,70.6
38.533859,-109.208341,35000,485.8,70.5
38.548691,-109.154603,35000,485.5,70.6
38.563568,-109.100806,35000,486.7,70.6
38.578305,-109.047668,35000,486.7,70.6
38.592865,-108.994943,35000,485.1,70.7
38.607559,-108.941385,35000,485.1,70.7
38.62225,-108.887573,35000,484.5,71.0
38.636682,-108.834167,35000,484.5,71.0
38.65102,-108.780884,35000,484.2,71.1
38.665358,-108.727783,35000,485.4,71.0
38.679794,-108.674668,35000,486.1,70.8
38.694546,-108.620422,35000,486.7,70.9
38.709024,-108.566772,35000,487.3,71.1
38.723362,-108.513306,35000,488.3,71.1
38.737747,-108.459061,35000,489.5,71.4
38.752131,-108.404785,35000,490.2,71.2
38.766655,-108.350342,35000,491.4,71.1
38.781226,-108.295959,35000,491.4,71.1
38.795609,-108.242081,35000,492.4,71.2
38.810275,-108.187134,35000,493.3,71.2
38.824677,-108.132457,35000,494.9,71.4
38.83905,-108.078003,35000,495.2,71.3
38.853653,-108.023012,35000,495.5,71.2
38.868118,-107.968378,35000,496.2,71.3
38.88271,-107.913025,35000,496.8,71.5
38.897095,-107.858093,35000,497.7,71.5
38.911479,-107.80304,35000,497.7,71.5
38.925911,-107.747742,35000,498.4,71.6
38.940295,-107.692078,35000,497.1,71.7
38.954633,-107.636902,35000,495.2,71.6
38.968971,-107.581482,35000,493.9,71.7
38.983123,-107.52655,35000,492.7,71.8
38.997116,-107.472143,35000,492.1,71.6
39.011444,-107.416733,35000,491.7,71.8
39.025532,-107.361694,35000,491.7,71.8
39.039505,-107.307228,35000,491.7,71.8
39.053417,-107.253052,35000,492.7,71.8
39.067566,-107.197664,35000,493.3,71.9
39.081488,-107.142883,35000,493.3,71.9
39.09564,-107.087524,35000,493.6,71.8
39.109863,-107.031615,35000,494.3,72.0
39.123711,-106.976807,35000,494.0,72.1
39.137466,-106.922289,35000,494.0,72.1
39.151177,-106.867676,35000,492.7,72.2
39.165024,-106.812247,35000,493.7,72.2
39.178922,-106.756775,35000,492.7,72.2
39.192795,-106.701416,35000,492.4,72.3
39.206388,-106.646912,35000,492.4,72.3
39.220001,-106.592281,35000,492.4,72.3
39.233734,-106.536932,35000,491.1,72.3
39.247559,-106.481403,35000,490.5,72.2
39.261226,-106.426331,35000,491.8,72.5
39.274612,-106.37142,35000,491.2,72.7
39.287933,-106.316847,35000,490.8,72.4
39.301541,-106.261841,34975,490.2,72.3
39.315125,-106.206983,35025,487.7,72.5
39.328308,-106.153015,35000,489.3,72.6
39.341762,-106.097778,35000,489.6,72.5
39.354936,-106.043579,35025,489.7,72.9
39.367924,-105.989136,34975,489.9,72.8
39.381238,-105.934692,35000,486.7,72.4
39.394455,-105.880379,35000,486.8,72.8
39.40754,-105.825806,35000,487.1,72.7
39.420901,-105.77002,35000,493.8,72.9
39.434261,-105.714294,35000,494.1,72.8
39.447668,-105.658447,35025,493.1,72.8
39.460982,-105.602966,35025,493.1,72.8
39.474342,-105.54657,35000,496.6,73.0
39.487473,-105.49126,34975,495.7,73.0
39.500793,-105.435254,35000,494.7,73.0
39.513958,-105.379517,35025,495.4,73.1
39.527226,-105.323486,35000,498.8,73.0
39.540482,-105.267354,35000,498.8,73.0
39.553574,-105.211609,35000,498.0,73.3
39.56662,-105.15552,35025,498.3,73.2
39.579666,-105.099633,35000,500.5,73.2
39.592941,-105.04303,34975,499.5,73.1
39.606085,-104.986694,35000,501.1,73.3
39.619171,-104.929883,35000,500.6,73.5
39.632434,-104.872437,35025,503.1,73.4
39.645493,-104.815004,35000,504.4,73.7
39.658363,-104.758484,35025,503.7,73.5
39.671173,-104.702155,35000,504.7,73.5
39.684265,-104.645372,35000,505.3,73.3
39.697403,-104.588411,35000,504.7,73.5
39.710223,-104.531616,35000,506.3,73.7
39.723118,-104.474304,35000,505.1,73.8
39.735901,-104.416749,35000,504.5,74.0
39.748581,-104.359609,35000,505.8,73.9
39.761124,-104.302945,35000,504.5,74.0
39.773804,-104.245804,35000,503.6,74.0
39.786346,-104.189082,35000,503.3,74.1
39.798889,-104.13212,35025,503.3,74.1
39.811613,-104.074158,35000,503.0,74.2
39.824229,-104.016846,35000,502.3,74.1
39.836838,-103.959026,35000,502.1,74.2
39.849472,-103.901288,35000,502.1,74.2
39.86189,-103.844055,35000,501.8,74.3
39.874459,-103.786255,35000,500.8,74.2
39.886982,-103.72876,35000,499.6,74.3
39.899271,-103.671753,35000,498.6,74.3
39.911608,-103.614746,35000,497.4,74.4
39.923851,-103.557316,35000,497.1,74.5
39.935861,-103.501011,35000,496.2,74.4
39.947983,-103.444336,35000,496.2,74.4
39.960251,-103.386841,35000,495.9,74.6
39.972382,-103.329651,35000,495.6,74.7
39.984276,-103.273357,35000,495.9,74.6
39.99624,-103.21699,35000,496.9,74.6
40.008204,-103.159748,35000,498.5,74.8
40.020081,-103.102783,35000,499.2,74.9
40.031891,-103.046021,35000,500.5,74.8
40.043909,-102.988649,35000,500.7,74.7
40.055826,-102.931845,35000,500.7,74.7
40.067651,-102.87504,35000,502.4,74.9
40.07959,-102.817383,35000,503.3,74.9
40.091537,-102.759949,35000,503.3,74.9
40.103543,-102.701569,35000,505.3,75.0
40.115616,-102.643188,35000,506.2,75.0
40.127377,-102.585463,35000,507.7,75.3
40.139282,-102.526672,35000,508.9,75.2
40.151305,-102.46761,35000,509.1,75.1
40.163361,-102.408508,35000,510.1,75.1
40.175354,-102.34967,35000,511.1,75.2
40.18729,-102.290892,35000,511.1,75.2
40.199254,-102.231653,35000,511.8,75.3
40.211264,-102.171978,35000,511.8,75.3
40.223145,-102.11322,35000,512.0,75.2
40.235053,-102.053999,35000,512.5,75.4
40.246719,-101.9953,35000,511.3,75.5
40.25853,-101.935425,35000,511.0,75.6
40.270157,-101.876709,35000,510.3,75.5
40.281698,-101.818418,35000,509.1,75.6
40.293137,-101.760071,35000,508.8,75.7
40.304602,-101.701064,35000,508.6,75.8
40.315796,-101.643066,35000,507.4,75.8
40.326965,-101.585815,35000,507.9,75.6
40.338409,-101.52771,35000,507.9,75.6
40.350037,-101.468079,35000,507.6,75.7
40.361256,-101.409926,35000,508.4,75.9
40.37265,-101.351013,35000,509.3,75.9
40.383865,-101.292297,35000,511.3,76.0
40.395126,-101.233521,35000,512.5,75.9
40.406433,-101.174438,35000,513.2,76.0
40.417724,-101.114918,35000,514.2,76.0
40.429036,-101.055617,35000,514.2,76.0
40.440353,-100.996277,35000,514.2,76.0
40.451752,-100.936096,35000,514.2,76.0
40.456315,-100.909674,35000,513.1,78.1
40.465576,-100.850464,35000,513.4,78.4
40.475029,-100.790197,35000,512.5,78.4
40.484573,-100.728774,35000,513.2,78.5
40.49393,-100.668224,35000,514.2,78.6
40.503342,-100.607361,35000,514.2,78.6
40.512543,-100.547363,35000,514.2,78.6
40.521814,-100.487262,35000,515.2,78.6
40.531036,-100.426758,35000,515.8,78.8
40.540329,-100.36554,35000,516.0,78.7
40.54956,-100.304676,35000,517.0,78.7
40.558777,-100.243627,35000,517.9,78.8
40.567529,-100.185325,35000,518.5,79.0
40.576859,-100.122375,35000,520.7,78.9
40.58606,-100.06073,35000,521.7,78.9
40.595169,-99.999207,35000,522.7,79.0
40.604305,-99.937758,35000,522.7,79.0
40.613434,-99.876282,35000,522.7,79.0
40.622452,-99.815125,35000,522.5,79.1
40.631561,-99.753113,35000,522.5,79.1
40.640476,-99.691814,35000,521.1,79.3
40.649274,-99.63064,35000,522.3,79.2
40.658073,-99.569716,35000,522.1,79.3
40.666918,-99.508355,35000,523.1,79.3
40.675735,-99.446228,35000,522.9,79.4
40.684561,-99.384821,35000,523.1,79.3
40.693406,-99.323023,35000,523.1,79.3
40.702344,-99.26085,35000,522.1,79.3
40.711166,-99.19928,35000,520.9,79.4
40.719955,-99.137146,35000,520.7,79.5
40.728516,-99.075623,35000,520.6,79.6
40.737167,-99.013794,35000,520.6,79.6
40.745731,-98.952234,35000,521.4,79.7
40.754288,-98.890137,35000,522.3,79.7
40.762756,-98.828247,35000,522.2,79.8
40.771102,-98.767152,35000,522.2,79.8
40.779602,-98.704834,35000,521.2,79.8
40.787954,-98.643244,35000,521.0,79.9
40.79631,-98.581482,35000,520.2,79.8
40.804779,-98.519287,35000,519.0,79.9
40.812952,-98.458349,35000,518.9,80.0
40.821304,-98.396362,35000,519.0,79.9
40.829407,-98.335938,35000,518.9,80.0
40.837485,-98.275639,35000,517.9,80.0
40.845749,-98.213623,35000,518.9,80.0
40.854034,-98.151428,35000,518.5,80.2
40.862137,-98.08905,35000,518.4,80.3
40.870211,-98.026761,35000,518.4,80.3
40.878125,-97.965462,35000,518.4,80.3
40.885946,-97.90485,35000,518.2,80.4
40.893768,-97.843384,35000,517.2,80.4
40.901541,-97.78269,35000,516.2,80.4
40.909241,-97.722168,35000,518.0,80.6
40.916996,-97.660467,35000,518.0,80.6
40.924713,-97.599548,35000,520.0,80.6
40.932591,-97.537245,35000,523.1,80.5
40.940552,-97.474426,35000,523.1,80.5
40.948373,-97.412401,35000,523.9,80.7
40.956147,-97.349604,35000,523.8,80.8
40.963715,-97.288025,35000,523.9,80.7
40.971416,-97.225633,35000,523.8,80.8
40.979097,-97.162899,35000,522.8,80.8
40.98674,-97.100769,35000,521.8,80.7
40.994339,-97.038269,35000,520.7,80.8
41.001815,-96.977067,35000,520.5,80.9
41.009263,-96.915144,35000,519.4,81.0
41.016572,-96.853846,35000,519.4,81.0
41.023865,-96.792725,35000,517.2,81.1
41.031142,-96.730874,35000,516.1,81.2
41.038239,-96.670044,35000,514.0,81.3
41.045341,-96.609525,35000,513.0,81.2
41.052463,-96.548476,35000,511.0,81.2
41.059493,-96.488675,35025,509.8,81.3
41.066528,-96.427979,35000,508.9,81.3
41.073624,-96.366821,35000,507.7,81.4
41.080582,-96.306763,35000,505.7,81.4
41.087402,-96.247253,35000,504.8,81.3
41.09436,-96.186551,35000,503.5,81.6
41.10111,-96.126501,35000,501.3,81.6
41.107819,-96.066711,35000,500.5,81.5
41.114548,-96.007141,35000,500.4,81.6
41.121081,-95.947786,35000,499.2,81.7
41.127502,-95.889038,35000,499.2,81.7
41.134094,-95.828918,35000,499.2,81.7
41.140773,-95.768696,35000,499.4,81.6
41.14729,-95.709707,35000,499.2,81.7
41.153778,-95.649841,35000,498.9,81.9
41.160185,-95.590356,35000,499.1,81.8
41.166563,-95.531242,35000,499.1,81.8
41.172987,-95.471316,35000,497.9,81.9
41.179413,-95.411194,35000,496.8,82.0
41.185742,-95.351715,35000,495.8,82.0
41.192001,-95.292847,35000,495.7,82.1
41.19809,-95.234314,35000,495.7,82.1
41.204361,-95.174683,35000,495.7,82.1
41.210495,-95.116211,35000,494.8,82.0
41.216793,-95.056458,35000,495.6,82.2
41.222717,-94.997559,35000,494.3,82.4
41.22876,-94.938049,35000,494.4,82.3
41.234762,-94.879178,35000,494.4,82.3
41.240721,-94.820376,35000,496.5,82.2
41.246865,-94.760201,35000,497.4,82.4
41.252884,-94.700562,35000,497.4,82.4
41.258736,-94.641412,35000,497.1,82.6
41.26474,-94.581177,35000,496.3,82.5
41.270607,-94.521873,35000,496.1,82.6
41.276473,-94.462509,35000,495.2,82.6
41.282181,-94.402649,35000,495.8,82.9
41.287903,-94.342773,35000,496.1,82.6
41.293762,-94.282715,35000,497.0,82.7
41.299576,-94.222717,35000,496.9,82.8
41.305149,-94.163007,35000,496.8,82.9
41.310735,-94.104018,35000,495.9,82.8
41.316467,-94.043884,35000,494.9,82.8
41.322001,-93.985228,35000,493.8,82.9
41.327545,-93.925842,35000,491.8,82.9
41.333038,-93.866272,35000,490.6,83.1
41.338527,-93.806763,35000,489.7,83.0
41.34402,-93.747274,35000,488.6,83.1
41.349472,-93.68811,35000,487.6,83.1
41.354867,-93.628922,35000,487.6,83.1
41.360174,-93.570245,35000,487.5,83.2
41.365448,-93.51178,35000,487.5,83.2
41.370694,-93.452828,35000,487.3,83.3
41.375931,-93.394043,35000,488.3,83.3
41.381149,-93.334778,35000,489.2,83.4
41.386276,-93.275574,35000,489.2,83.4
41.391317,-93.217142,35000,489.1,83.5
41.396393,-93.157883,35000,490.2,83.4
41.401428,-93.099268,35000,490.1,83.6
41.406307,-93.041297,35000,490.0,83.7
41.411316,-92.981664,35000,490.0,83.7
41.416316,-92.92198,35000,489.0,83.7
41.418038,-92.897836,35000,488.3,85.8
41.418829,-92.876821,35000,486.3,88.0
41.418876,-92.857212,35000,485.0,90.5
41.418271,-92.834728,35000,483.7,93.1
41.416921,-92.811925,35000,482.0,95.2
41.413057,-92.767341,35000,481.2,96.6
41.408122,-92.709088,35000,480.0,96.5
41.403188,-92.650899,35000,479.9,96.3
41.3983,-92.593476,35000,480.0,96.5
41.393319,-92.535798,35000,479.2,96.6
41.388245,-92.477729,35000,478.3,96.7
41.383163,-92.419678,35000,478.2,96.6
41.378128,-92.362488,35000,477.2,96.6
41.373022,-92.305256,35000,477.4,96.9
41.367874,-92.248474,35000,477.3,96.7
41.362747,-92.190186,35000,478.3,96.7
41.357567,-92.132721,35000,478.3,96.7
41.352353,-92.074731,35000,478.5,97.0
41.347092,-92.0177,35000,479.5,96.9
41.341879,-91.96056,35000,479.5,96.9
41.336609,-91.902466,35000,479.5,96.9
41.331345,-91.845337,35000,479.6,97.1
41.325943,-91.787354,35000,479.6,97.1
41.320604,-91.730284,35025,480.6,97.1
41.319021,-91.71343,35050,480.6,97.1
41.316879,-91.690918,35150,480.8,97.2
41.312714,-91.647156,35425,478.8,97.2
41.308594,-91.603943,35700,477.8,97.2
41.30452,-91.561523,35975,474.8,97.3
41.300494,-91.519234,36250,472.7,97.2
41.296257,-91.475164,36525,471.8,97.3
41.291369,-91.424789,36775,470.8,97.3
41.28653,-91.375366,37000,469.0,97.5
41.285522,-91.364868,37025,469.0,97.5
41.279892,-91.30835,37000,470.0,97.5
41.274353,-91.252197,37000,471.0,97.4
41.268768,-91.19519,37000,471.0,97.4
41.263229,-91.138611,37000,471.0,97.4
41.257645,-91.081726,37000,471.1,97.6
41.25194,-91.024662,37000,471.2,97.7
41.246155,-90.968201,37000,471.2,97.7
41.240433,-90.911316,37000,471.1,97.6
41.234669,-90.854312,37000,471.2,97.7
41.228896,-90.797695,37000,470.2,97.7
41.223129,-90.741516,37000,470.2,97.7
41.217351,-90.685147,37000,469.2,97.7
41.211532,-90.628281,37000,469.2,97.7
41.205667,-90.571476,37000,469.4,97.8
41.199848,-90.516045,37000,468.5,98.0
41.193982,-90.460365,37000,468.5,98.0
41.18811,-90.404541,37000,467.5,98.0
41.182159,-90.348572,37000,467.5,98.0
41.176106,-90.292199,37000,467.7,98.1
41.170101,-90.236456,37000,466.7,98.1
41.164032,-90.180603,37000,466.7,98.1
41.157951,-90.12422,37000,467.7,98.1
41.151945,-90.068914,37000,467.8,98.2
41.145754,-90.012422,37000,468.8,98.2
41.139587,-89.956177,37000,470.1,98.4
41.133362,-89.900208,37000,470.9,98.3
41.127182,-89.843933,37000,471.1,98.4
41.120819,-89.787231,37000,472.2,98.5
41.114365,-89.730103,37000,473.2,98.5
41.108,-89.673406,37000,474.0,98.4
41.101669,-89.617226,37000,475.2,98.5
41.095291,-89.560047,37000,475.2,98.5
41.088867,-89.503662,37000,476.5,98.7
41.082275,-89.446289,37000,476.5,98.7
41.075786,-89.390134,37000,477.3,98.6
41.069275,-89.333313,37000,478.4,98.7
41.062775,-89.276672,37000,478.4,98.7
41.056183,-89.21991,37000,479.6,98.8
41.049454,-89.162048,37000,479.6,98.8
41.042725,-89.104431,37000,479.7,98.9
41.035844,-89.046749,37000,479.9,99.0
41.029048,-88.989944,37000,480.9,99.0
41.022204,-88.932516,37000,480.9,99.0
41.01535,-88.875671,37000,480.9,99.0
41.008611,-88.819219,37000,480.9,99.0
41.001801,-88.76178,37000,480.9,99.0
40.994878,-88.70455,37000,481.0,99.1
40.987942,-88.647246,37000,481.0,99.1
40.980972,-88.589905,37000,481.0,99.1
40.973877,-88.532227,37000,480.1,99.1
40.9669,-88.47546,37000,480.2,99.2
40.959778,-88.418593,37000,479.6,99.5
40.952591,-88.361694,37000,479.4,99.4
40.94545,-88.30426,37000,479.2,99.2
40.938354,-88.247559,37000,479.4,99.4
40.931288,-88.191313,37000,479.6,99.5
40.924026,-88.13446,37000,478.6,99.5
40.91681,-88.077642,37000,478.6,99.5
40.909561,-88.020569,37000,478.6,99.5
40.90242,-87.964111,37000,478.6,99.5
40.895142,-87.90741,37000,477.7,99.6
40.887863,-87.850464,37000,477.7,99.6
40.880499,-87.793246,37000,476.8,99.7
40.873077,-87.736511,37000,476.9,99.8
40.865603,-87.679762,37000,476.9,99.8
40.8582,-87.623291,37000,476.9,99.8
40.850799,-87.567402,37000,477.3,100.0
40.843323,-87.510742,37000,476.9,99.8
40.835763,-87.453606,37000,478.1,99.9
40.828217,-87.396606,37000,478.1,99.9
40.820801,-87.340576,37000,478.3,100.0
40.813138,-87.283755,37000,478.4,100.1
40.805511,-87.226929,37000,479.2,100.0
40.797867,-87.169983,37000,479.4,100.1
40.790039,-87.112671,37000,480.6,100.2
40.782228,-87.055414,37000,481.6,100.2
40.7745,-86.999172,37000,481.7,100.3
40.766586,-86.941993,37000,482.9,100.4
40.758812,-86.885314,37000,483.7,100.2
40.750898,-86.828322,37000,483.9,100.4
40.742935,-86.771362,37000,485.0,100.4
40.73507,-86.714776,37000,485.9,100.3
40.727051,-86.656982,37000,485.9,100.3
40.719086,-86.60022,37000,487.0,100.4
40.710956,-86.542178,37000,487.0,100.4
40.702927,-86.484863,37000,488.0,100.4
40.694733,-86.427124,37000,487.4,100.6
40.686447,-86.369263,37000,488.6,100.7
40.67807,-86.311218,37000,488.6,100.7
40.66985,-86.253662,37000,489.3,100.6
40.661682,-86.196899,37000,489.5,100.7
40.653324,-86.138805,37000,489.5,100.7
40.64502,-86.081604,37000,489.7,100.8
40.636642,-86.023926,37000,489.9,100.9
40.628186,-85.966769,37000,489.9,100.9
40.619751,-85.909607,37000,489.9,100.9
40.611282,-85.851929,37000,489.9,100.9
40.602815,-85.79492,37000,489.9,100.9
40.594299,-85.737488,37000,490.1,101.1
40.585739,-85.679932,37000,490.1,101.1
40.577212,-85.623072,37000,489.3,101.2
40.568619,-85.566101,37000,489.3,101.2
40.559875,-85.507935,37000,489.3,101.2
40.55127,-85.450806,37000,489.3,101.2
40.542526,-85.393127,37000,489.3,101.2
40.533685,-85.334868,37000,489.3,101.2
40.524887,-85.277315,37000,489.7,101.4
40.516022,-85.219788,37000,490.7,101.4
40.507187,-85.162354,37000,490.7,101.4
40.498215,-85.104309,37000,490.9,101.5
40.489197,-85.046021,37000,491.9,101.5
40.48015,-84.987613,37000,492.8,101.5
40.471305,-84.930808,37000,493.0,101.6
40.462134,-84.872443,37000,493.2,101.7
40.453103,-84.81514,37000,493.2,101.7
40.44397,-84.757019,37000,493.0,101.6
40.434901,-84.699471,37000,493.2,101.7
40.425842,-84.642395,37000,493.2,101.7
40.416793,-84.585363,37000,493.4,101.8
40.407532,-84.527466,37000,493.4,101.8
40.398358,-84.470194,37000,493.7,101.9
40.388992,-84.411682,37000,493.7,101.9
40.379608,-84.353516,37000,493.7,101.9
40.370224,-84.295349,37000,493.7,101.9
40.360837,-84.237733,37000,493.9,102.0
40.351456,-84.180359,37000,493.9,102.0
40.342076,-84.122939,37000,494.1,102.2
40.332596,-84.065613,37000,493.1,102.2
40.323129,-84.008331,37000,493.1,102.2
40.313726,-83.951589,37000,493.1,102.2
40.304183,-83.893724,37000,492.1,102.2
40.294739,-83.836914,37000,492.1,102.2
40.285263,-83.780151,37000,492.3,102.3
40.2756,-83.72225,37000,491.4,102.3
40.266037,-83.665466,37000,491.6,102.4
40.256467,-83.608828,37000,491.6,102.4
40.246719,-83.551208,37000,491.6,102.4
40.236961,-83.493347,37000,491.6,102.4
40.22731,-83.43689,37000,491.8,102.6
40.217689,-83.38055,37000,491.8,102.6
40.207993,-83.323914,37000,491.8,102.6
40.198105,-83.266357,37000,493.0,102.7
40.1884,-83.209595,37000,493.0,102.7
40.178445,-83.151647,37000,494.0,102.6
40.168576,-83.094843,37000,494.4,102.9
40.158567,-83.037539,37000,494.4,102.9
40.148419,-82.979611,37000,495.4,102.8
40.138367,-82.92218,37000,495.4,102.8
40.128448,-82.865441,37000,495.4,102.8
40.118362,-82.808167,37000,495.8,103.1
40.108105,-82.750584,37000,495.8,103.1
40.097956,-82.693468,37000,495.8,103.1
40.087784,-82.636353,37000,495.8,103.1
40.077706,-82.579609,37000,495.6,102.9
40.067558,-82.522368,37000,495.6,102.9
40.057363,-82.465127,37000,495.8,103.1
40.047121,-82.407885,37000,496.0,103.2
40.03674,-82.350332,37000,496.0,103.2
40.026312,-82.292779,37000,496.3,103.3
40.016024,-82.235974,37000,496.3,103.3
40.005569,-82.178772,37000,497.5,103.4
39.994983,-82.120868,37000,498.7,103.4
39.984369,-82.063252,37000,498.7,103.4
39.973846,-82.006042,37000,499.7,103.4
39.963135,-81.947693,37000,499.7,103.4
39.952515,-81.890259,37000,499.9,103.5
39.941895,-81.833191,37000,500.1,103.7
39.931113,-81.775423,37000,499.9,103.5
39.920685,-81.717896,37000,499.2,103.2
39.910263,-81.659884,37000,498.0,103.1
39.899918,-81.601907,37000,497.8,103.0
39.889618,-81.54405,37000,496.8,103.0
39.879207,-81.486267,37000,497.2,103.2
39.868826,-81.429443,37000,496.5,103.4
39.858352,-81.372253,37000,496.7,103.5
39.847878,-81.315491,37000,497.7,103.5
39.837403,-81.258606,37000,499.7,103.4
39.82663,-81.200369,37000,500.9,103.5
39.815896,-81.142456,37000,502.1,103.6
39.805069,-81.084177,37000,503.0,103.6
39.794266,-81.026319,37000,503.0,103.6
39.78331,-80.967834,37000,503.3,103.7
39.772385,-80.910246,37000,503.5,103.8
39.76157,-80.853271,37000,503.3,103.7
39.750549,-80.794532,37000,504.2,103.7
39.739644,-80.736633,37000,504.2,103.7
39.728622,-80.67822,37000,505.5,103.7
39.717485,-80.619568,37000,506.7,103.8
39.706266,-80.560791,37000,506.9,103.9
39.695251,-80.503394,37000,507.9,103.9
39.684036,-80.44488,37000,508.1,104.0
39.672655,-80.385986,37000,507.1,104.0
39.661389,-80.327637,37000,507.1,104.0
39.65031,-80.270203,37000,507.4,104.2
39.639091,-80.212341,37000,507.4,104.2
39.629129,-80.161438,36975,506.4,104.2
39.626475,-80.147827,36925,506.4,104.2
39.623868,-80.134644,36825,505.4,104.2
39.621185,-80.120783,36700,505.4,104.2
39.614884,-80.088684,36325,504.5,104.2
39.608646,-80.056946,35925,502.3,104.2
39.603241,-80.02937,35525,502.3,104.2
39.597839,-80.001665,35125,502.0,104.1
39.592632,-79.974609,34725,502.0,104.1
39.587631,-79.949062,34350,502.5,104.3
39.582902,-79.925171,33950,502.8,104.4
39.577789,-79.899206,33550,502.5,104.3
39.5728,-79.873718,33150,502.5,104.3
39.567587,-79.847412,32750,501.3,104.2
39.562699,-79.822449,32350,501.3,104.2
39.55944,-79.805969,32075,500.6,104.3
39.558369,-79.800415,31975,499.6,104.4
39.554273,-79.779907,31575,497.7,104.4
39.549362,-79.755428,31175,493.8,104.5
39.544464,-79.731067,30775,489.7,104.6
39.539097,-79.704163,30375,486.5,104.5
39.536636,-79.692018,30200,485.6,104.6
39.53216,-79.6698,29800,485.6,104.6
39.527971,-79.648804,29400,485.3,104.4
39.52359,-79.626816,29000,485.1,104.3
39.519012,-79.60359,28600,485.1,104.3
39.516193,-79.589233,28375,484.1,104.3
39.510178,-79.558988,28000,483.1,104.4
39.504648,-79.531494,27600,485.6,104.6
39.501297,-79.515043,27400,485.8,104.7
39.499374,-79.505549,27300,486.1,104.8
39.496124,-79.489786,27200,485.1,104.8
39.48674,-79.443631,26950,482.7,104.6
39.477694,-79.398621,26675,483.6,104.6
39.470153,-79.361633,26425,484.9,104.7
39.467377,-79.347919,26275,484.9,104.7
39.461014,-79.316632,25875,482.9,104.8
39.454884,-79.286682,25475,479.1,104.9
39.449018,-79.25824,25075,476.2,105.0
39.443253,-79.230413,24675,472.0,105.0
39.437566,-79.202881,24275,468.6,104.8
39.432266,-79.176198,23875,465.9,103.5
39.427094,-79.146941,23475,462.6,102.9
39.422251,-79.119446,23075,459.2,102.7
39.417572,-79.092547,22675,456.1,102.7
39.412857,-79.065558,22275,453.0,102.6
39.408005,-79.037734,21875,449.8,102.6
39.402969,-79.008597,21475,446.9,102.7
39.39809,-78.980591,21075,443.7,102.6
39.393295,-78.953308,20675,440.8,102.7
39.38836,-78.925293,20275,436.9,102.8
39.383705,-78.898743,19875,434.0,102.9
39.378983,-78.872342,19475,431.1,103.0
39.374116,-78.845276,19075,427.9,103.0
39.369228,-78.818176,18675,424.2,103.2
39.364433,-78.791748,18275,421.1,103.2
39.359545,-78.765076,17875,417.2,103.3
39.354936,-78.739624,17475,414.8,103.1
39.350876,-78.717101,17075,412.6,103.0
39.346743,-78.694275,16675,411.9,103.2
39.342545,-78.671006,16275,410.7,103.1
39.33827,-78.647339,15875,408.7,103.2
39.333941,-78.623596,15475,405.8,103.2
39.329681,-78.600132,15075,404.6,103.1
39.325329,-78.575989,14675,402.4,103.1
39.321232,-78.553345,14275,400.3,103.0
39.316956,-78.529557,13875,398.1,102.9
39.312469,-78.504599,13475,396.1,103.0
39.310711,-78.494812,13325,395.2,103.0
39.308058,-78.481689,13150,393.0,105.3
39.306152,-78.474267,13075,391.2,108.5
39.304047,-78.467819,13000,390.5,113.6
39.300568,-78.459041,12875,389.2,117.9
39.294479,-78.445488,12600,387.4,120.7
39.284316,-78.423828,12225,385.0,121.3
39.27887,-78.41229,12025,382.8,121.3
39.27356,-78.401065,11825,381.4,121.3
39.267975,-78.389302,11625,379.7,121.4
39.26225,-78.377258,11425,378.0,121.6
39.257781,-78.367981,11250,375.8,121.6
39.255687,-78.363586,11150,375.8,121.6
39.251962,-78.355774,10950,376.3,121.8
39.247559,-78.347088,10750,377.5,124.0
39.241928,-78.336998,10550,377.2,126.1
39.236206,-78.327086,10350,374.6,126.5
39.230129,-78.316467,10150,373.8,126.6
39.224579,-78.306845,9950,372.4,126.6
39.22197,-78.302367,9875,372.4,126.6
39.218445,-78.296326,9825,371.0,126.6
39.213776,-78.288156,9750,369.6,126.5
39.209321,-78.280396,9725,369.0,126.4
39.189303,-78.245605,9725,367.4,126.6
39.169556,-78.211371,9725,366.0,126.6
39.14978,-78.177063,9725,366.0,126.6
39.12967,-78.142273,9725,368.2,126.5
39.109419,-78.107117,9725,369.6,126.5
39.089035,-78.071893,9725,368.8,126.6
39.069152,-78.037537,9750,367.6,126.4
39.058259,-78.018494,9725,362.6,126.4
39.054657,-78.012244,9725,358.2,126.5
39.051276,-78.006409,9725,354.4,126.7
39.048855,-78.002319,9725,350.8,126.8
39.045503,-77.996582,9750,346.4,126.9
39.042757,-77.991882,9775,342.2,126.8
39.038614,-77.984741,9775,337.2,126.8
39.035355,-77.979187,9775,332.2,126.8
39.030441,-77.970807,9775,327.2,126.8
39.025772,-77.962806,9750,322.2,126.8
39.021927,-77.956178,9750,317.2,126.8
39.018356,-77.950088,9700,313.6,126.8
39.010868,-77.937256,9550,310.2,126.6
39.003699,-77.924805,9400,307.4,126.5
38.99675,-77.913069,9225,304.8,127.1
38.990662,-77.902679,9050,304.2,127.0
38.984253,-77.891693,8850,303.6,126.8
38.977707,-77.880587,8675,303.6,126.8
38.971346,-77.869568,8500,301.6,126.6
38.965061,-77.858704,8325,300.4,126.3
38.959167,-77.848405,8150,299.8,126.2
38.953423,-77.838257,7950,300.3,125.7
38.947174,-77.827208,7775,299.8,126.2
38.94104,-77.816711,7600,299.2,127.0
38.934448,-77.805653,7425,297.4,127.5
38.926655,-77.792664,7275,293.6,127.8
38.918369,-77.778687,7150,288.6,126.8
38.911759,-77.767395,7050,283.6,126.8
38.90712,-77.75938,6975,279.4,126.7
38.902588,-77.751677,6925,275.6,127.0
38.898193,-77.744154,6825,270.8,126.7
38.895676,-77.739855,6750,269.4,126.7
38.892975,-77.735198,6650,268.2,126.4
38.890438,-77.730774,6550,268.2,126.4
38.887665,-77.726003,6450,267.4,126.5
38.885224,-77.721741,6350,267.4,126.5
38.882034,-77.71627,6250,265.2,126.6
38.879498,-77.711853,6150,265.2,126.6
38.876612,-77.706848,6050,263.8,126.5
38.873703,-77.701821,5950,263.2,126.3
38.870499,-77.696268,5850,261.6,126.6
38.867569,-77.691133,5750,259.6,126.4
38.864868,-77.686416,5650,259.2,125.9
38.862087,-77.681458,5550,258.1,125.5
38.859421,-77.676743,5450,258.1,125.5
38.85692,-77.672241,5350,257.3,125.7
38.85436,-77.667664,5250,256.7,125.5
38.851567,-77.66272,5150,255.9,125.6
38.849167,-77.658472,5050,255.9,125.6
38.846586,-77.65387,4950,255.0,125.8
38.843932,-77.64917,4850,254.8,126.1
38.841325,-77.644653,4750,254.6,126.4
38.838672,-77.640076,4650,253.8,126.5
38.836304,-77.635962,4550,254.4,126.7
38.834152,-77.63232,4450,253.8,126.5
38.831642,-77.627991,4350,253.8,126.5
38.829501,-77.624268,4250,253.8,126.5
38.827359,-77.620544,4150,254.6,126.4
38.825125,-77.616638,4050,255.4,126.2
38.822937,-77.612855,3950,255.6,125.9
38.820877,-77.609213,3850,255.6,125.9
38.81884,-77.605652,3750,256.4,125.8
38.81614,-77.60083,3650,256.4,125.8
38.813507,-77.596137,3550,255.0,125.8
38.810321,-77.590515,3450,254.0,126.2
38.806824,-77.584434,3350,252.4,126.5
38.803391,-77.578463,3250,250.2,126.6
38.800095,-77.572791,3200,246.0,126.4
38.79738,-77.568054,3175,241.4,125.7
38.794773,-77.563354,3150,237.3,125.6
38.792213,-77.558716,3100,233.3,125.1
38.789792,-77.554077,3075,228.6,122.9
38.787976,-77.549927,3050,224.5,117.6
38.7863,-77.545105,2975,223.1,113.2
38.785309,-77.541384,2925,221.0,108.2
38.784578,-77.537354,2875,218.9,102.1
38.784112,-77.533691,2825,216.9,97.7
38.783833,-77.529419,2775,214.5,93.7
38.783844,-77.524965,2725,212.1,88.7
38.784073,-77.520606,2675,210.0,84.5
38.784625,-77.516418,2625,208.6,80.9
38.7854,-77.512068,2575,204.5,75.6
38.786911,-77.505619,2500,201.8,72.1
38.788721,-77.498901,2400,199.6,70.4
38.791031,-77.490991,2300,196.9,69.2
38.792725,-77.485259,2200,195.9,69.1
38.79468,-77.47876,2100,194.4,68.6
38.797007,-77.471802,2025,190.7,65.8
38.799056,-77.466553,1950,189.7,62.3
38.801011,-77.46228,1875,191.8,58.2
38.803345,-77.457912,1800,193.1,54.9
38.805852,-77.453796,1775,192.6,50.7
38.80832,-77.450256,1750,191.1,47.1
38.811127,-77.446807,1725,191.7,43.1
38.813813,-77.44397,1725,190.7,38.6
38.816001,-77.442017,1700,188.3,34.6
38.818314,-77.440358,1700,186.2,28.9
38.819958,-77.439392,1700,184.3,27.1
38.821308,-77.438782,1700,179.4,20.6
38.822479,-77.438328,1700,174.7,15.9
38.824566,-77.437805,1725,172.2,11.1
38.826522,-77.437561,1725,167.5,4.4
38.82992,-77.437561,1725,166.0,0.0
38.836029,-77.437671,1675,165.0,358.6
38.841279,-77.437805,1575,163.0,359.6
38.845748,-77.437744,1475,160.0,1.1
38.848541,-77.437622,1450,158.1,1.8
38.85138,-77.4375,1425,154.1,1.9
38.857452,-77.437373,1325,152.0,0.4
38.86246,-77.437317,1225,153.0,0.8
38.867615,-77.437253,1125,154.0,0.7
38.872421,-77.437193,1025,155.0,0.7
38.877823,-77.437014,925,155.0,1.1
38.883636,-77.436955,825,155.0,0.0
38.888762,-77.436951,725,156.0,0.4
38.893478,-77.436895,625,157.0,0.4
38.89888,-77.436835,525,157.0,1.1
38.904683,-77.436707,425,155.0,0.7
38.910141,-77.436656,325,153.0,0.8
38.914993,-77.436596,225,151.0,0.4
38.920976,-77.436523,125,148.0,0.4
38.925352,-77.436462,25,148.0,0.8
38.92875,-77.436401,0,143.0,0.8
38.929914,-77.436401,0,140.0,0.4
38.930969,-77.436358,-25,137.0,0.8
38.93129,-77.436358,-25,134.0,0.9
38.932195,-77.43634,-25,129.0,0.9
38.932661,-77.43634,-25,117.0,1.0
38.932983,-77.436298,-25,109.0,1.0
38.933638,-77.43634,-25,103.0,0.6
38.933853,-77.436313,-50.0,97.0,0.0
38.934277,-77.436313,-50.0,97.0,0.0
38.934499,-77.43631,-50.0,91.0,0.0
38.934849,-77.436298,-50.0,87.0,0.0
38.935221,-77.436295,-50.0,81.0,0.0
38.935582,-77.436279,-50.0,75.0,0.0
38.935861,-77.436279,-50.0,68.5,0.0
38.936188,-77.436268,-50.0,62.5,0.0
38.936451,-77.436268,-50.0,56.5,0.0
38.936714,-77.436268,-50.0,51.5,0.0
38.937035,-77.436268,-50.0,47.5,0.0
38.937229,-77.436268,-50.0,43.5,0.0
38.937401,-77.436253,-50.0,40.5,0.0
38.937758,-77.436264,-50.0,37.5,357.2
38.937984,-77.436283,-50.0,35.5,354.4
38.938305,-77.43634,-50.0,32.5,351.6
38.938591,-77.436402,-50.0,31.5,348.8
38.938911,-77.436507,-50.0,31.5,345.9
38.939131,-77.436584,-50.0,31.5,343.1
38.939422,-77.436707,-50.0,31.5,340.3
38.939585,-77.436798,-50.0,31.5,337.5
38.939793,-77.43691,-50.0,31.5,334.7
38.939999,-77.437059,-50.0,30.5,331.9
38.940342,-77.437298,-50.0,28.5,329.1
38.940685,-77.437552,-50.0,24.5,329.1
38.941063,-77.437836,-50.0,21.5,329.1
38.941383,-77.438059,-50.0,18.5,331.9
38.941692,-77.438248,-50.0,19.5,334.7
38.941864,-77.438343,-50.0,19.5,337.5
38.942053,-77.438416,-50.0,20.5,343.1
38.94239,-77.438537,-50.0,20.5,345.9
38.942585,-77.438582,-50.0,20.5,351.6
38.94289,-77.438614,-50.0,19.5,357.2
38.94324,-77.438629,-50.0,18.5,0.0
38.943569,-77.438626,-50.0,13.8,0.0
38.943787,-77.438629,-50.0,10.2,0.0
38.943832,-77.438626,-50.0,10.2,354.4
38.943903,-77.43866,-50.0,10.8,343.1
38.943984,-77.438751,-50.0,11.2,326.2
38.944016,-77.438806,-50.0,11.2,315.0
38.944061,-77.438895,-50.0,11.2,303.8
38.944073,-77.438955,-50.0,11.2,292.5
38.944073,-77.439059,-50.0,11.8,281.2
38.944078,-77.439224,-50.0,12.2,272.8
38.944084,-77.439746,-50.0,13.8,270.0
38.944084,-77.440268,-50.0,14.8,270.0
38.944096,-77.440836,-50.0,16.5,270.0
38.944101,-77.441345,-50.0,17.5,270.0
38.944101,-77.441879,-50.0,17.5,270.0
38.944107,-77.442433,-50.0,17.5,270.0
38.944118,-77.443,-50.0,18.5,270.0
38.944112,-77.443527,-50.0,19.5,270.0
38.944124,-77.444077,-50.0,19.5,270.0
38.944124,-77.444595,-50.0,20.5,270.0
38.94413,-77.44515,-50.0,17.5,270.0
38.944141,-77.445717,-50.0,18.5,270.0
38.944141,-77.446254,-50.0,19.5,270.0
38.944141,-77.446732,-50.0,19.5,270.0
38.944153,-77.447284,-50.0,15.5,270.0
38.944153,-77.447583,-50.0,10.8,270.0
38.944164,-77.448135,-50.0,9.2,270.0
38.944171,-77.448288,-50.0,8.2,272.8
38.944182,-77.44838,-50.0,7.8,281.2
38.944217,-77.448425,-50.0,7.2,289.7
38.944229,-77.448456,-50.0,6.8,298.1
38.944264,-77.448471,-50.0,6.8,309.4
38.944302,-77.448493,-50.0,6.2,323.4
38.944336,-77.448493,-50.0,6.2,334.7
38.94438,-77.448486,-50.0,6.2,345.9
38.944427,-77.448486,-50.0,6.2,354.4
38.944519,-77.448478,-50.0,6.2,0.0
38.944908,-77.448478,-50.0,1.4,0.0
38.944931,-77.448478,-50.0,0.2,0.0
38.944931,-77.448478,-50.0,0.0,0.0
38.944927,-77.448471,-50.0,0.0,0.0
38.944931,-77.448478,-50.0,0.0,0.0
38.944897,-77.448478,-50.0,0.0,0.0
38.944668,-77.448478,-50.0,3.2,0.0
38.944566,-77.448486,-50.0,3.2,0.0
38.944519,-77.448493,-50.0,3.2,354.4
38.944462,-77.448502,-50.0,3.2,348.8
38.944415,-77.448502,-50.0,3.2,343.1
38.944382,-77.448493,-50.0,3.2,337.5
38.944345,-77.448486,-50.0,3.2,331.9
38.944229,-77.448395,-50.0,1.1,331.9
38.944221,-77.448389,-50.0,0.2,334.7
38.944221,-77.448404,-50.0,0.0,334.7
38.944221,-77.448404,-50.0,0.0,334.7
38.94421,-77.448389,-50.0,0.0,334.7
38.944217,-77.448395,-50.0,0.0,334.7
38.94421,-77.448389,-50.0,0.0,334.7
38.944221,-77.448404,-50.0,0.0,331.9
38.944229,-77.44841,-50.0,0.0,331.9
38.944264,-77.448471,-50.0,4.2,315.0
38.944279,-77.448538,-50.0,5.2,300.9
38.94429,-77.448598,-50.0,5.8,289.7
38.94429,-77.448657,-50.0,5.8,284.1
38.944287,-77.44873,-50.0,6.2,275.6
38.944287,-77.448822,-50.0,7.2,270.0
38.944275,-77.448975,-50.0,7.8,264.4
38.944229,-77.449463,-50.0,9.2,264.4
38.944206,-77.450027,-50.0,11.2,264.4
38.944187,-77.450479,-50.0,11.2,267.2
38.944182,-77.450943,-50.0,11.8,270.0
38.944187,-77.451509,-50.0,12.8,270.0
38.944194,-77.452026,-50.0,12.8,270.0
38.944199,-77.452583,-50.0,12.8,270.0
38.944199,-77.453136,-50.0,11.8,270.0
38.944206,-77.453674,-50.0,11.2,270.0
38.944217,-77.454224,-50.0,11.2,270.0
38.944221,-77.454778,-50.0,10.8,270.0
38.944221,-77.45533,-50.0,10.8,270.0
38.944217,-77.455643,-50.0,9.2,267.2
38.944194,-77.455765,-50.0,9.8,258.8
38.944171,-77.455856,-50.0,9.8,250.3
38.944124,-77.455933,-50.0,9.8,239.1
38.944078,-77.455994,-50.0,9.8,227.8
38.944016,-77.456046,-50.0,9.8,219.4
38.943958,-77.456061,-50.0,9.8,208.1
38.943878,-77.456091,-50.0,9.8,196.9
38.943798,-77.456106,-50.0,10.2,188.4
38.943647,-77.456116,-50.0,10.2,182.8
38.943317,-77.456121,-50.0,9.8,180.0
38.942883,-77.456121,-50.0,9.8,180.0
38.942448,-77.456136,-50.0,10.2,180.0
38.942013,-77.456136,-50.0,11.2,180.0
38.941575,-77.456131,-50.0,11.8,180.0
38.941145,-77.456146,-50.0,12.2,180.0
38.940697,-77.456151,-50.0,11.8,180.0
38.940262,-77.456151,-50.0,11.8,180.0
38.939818,-77.456146,-50.0,12.2,180.0
38.939387,-77.456146,-50.0,12.8,180.0
38.938968,-77.456161,-50.0,13.2,180.0
38.938534,-77.456166,-50.0,13.8,180.0
38.938099,-77.456181,-50.0,11.2,180.0
38.937664,-77.456166,-50.0,8.8,180.0
38.937424,-77.456166,-50.0,7.8,177.2
38.937281,-77.456146,-50.0,8.8,171.6
38.937176,-77.4561,-50.0,9.2,165.9
38.937106,-77.45607,-50.0,9.2,157.5
38.937035,-77.456002,-50.0,9.2,151.9
38.936955,-77.455933,-50.0,9.8,143.4
38.936885,-77.455856,-50.0,9.8,137.8
38.936792,-77.455719,-50.0,10.2,132.2
38.936543,-77.455375,-50.0,10.2,132.2
38.936325,-77.455076,-50.0,9.2,132.2
38.936256,-77.455001,-50.0,9.2,140.6
38.936199,-77.454971,-50.0,9.2,146.2
38.936142,-77.454942,-50.0,8.8,154.7
38.936062,-77.454927,-50.0,8.2,163.1
38.936001,-77.454926,-50.0,8.8,171.6
38.935954,-77.454941,-50.0,8.2,180.0
38.935896,-77.454956,-50.0,8.8,188.4
38.93581,-77.454987,-50.0,8.8,196.9
38.935454,-77.455139,-50.0,8.2,196.9
38.935221,-77.455246,-50.0,7.2,199.7
38.934907,-77.455414,-50.0,8.2,199.7
38.934523,-77.455597,-50.0,9.8,199.7
38.934115,-77.455795,-50.0,10.2,199.7
38.933836,-77.455948,-50.0,9.8,202.5
38.933778,-77.455994,-50.0,8.8,210.9
38.933739,-77.456046,-50.0,8.2,222.2
38.933716,-77.456136,-50.0,8.2,239.1
38.933708,-77.456177,-50.0,7.8,247.5
38.933716,-77.456255,-50.0,7.8,261.6
38.933727,-77.456315,-50.0,6.8,272.8
38.93375,-77.456375,-50.0,5.2,281.2
38.933766,-77.456421,-50.0,2.2,286.9
38.933766,-77.456436,-50.0,0.0,286.9
38.933801,-77.456543,-50.0,10.8,289.7
38.933842,-77.456688,-50.0,14.2,289.7
38.933876,-77.456808,-50.0,18.5,292.5
38.933894,-77.456879,-50.0,23.5,292.5
38.933941,-77.457016,-50.0,28.5,292.5
38.934002,-77.457211,-50.0,33.5,292.5
38.934092,-77.457535,-50.0,38.5,292.5
38.934162,-77.457764,-50.0,42.5,292.5
38.934219,-77.457912,-50.0,47.5,289.7
38.934313,-77.458237,-50.0,52.5,289.7
38.934437,-77.458644,-50.0,56.5,289.7
38.934488,-77.458847,-50.0,61.5,289.7
38.934952,-77.460405,-50.0,79.0,289.7
38.935081,-77.460876,-50.0,83.0,289.7
38.935244,-77.461411,-50.0,87.0,289.7
38.935444,-77.462107,-50.0,91.0,289.7
38.935547,-77.462402,0,95.3,290.9
38.93605,-77.464241,0,103.8,290.9
38.936371,-77.465197,0,111.1,290.6
38.936554,-77.465853,0,115.5,290.8
38.936874,-77.466869,0,122.8,290.5
38.93713,-77.467834,0,125.9,290.5
38.937607,-77.469376,0,133.5,290.6
38.937921,-77.470581,0,140.2,290.9
38.938247,-77.47168,0,143.0,290.5
38.938477,-77.472481,0,146.5,290.8
38.938992,-77.474121,0,149.7,290.7
38.939131,-77.474609,0,157.0,290.5
38.939621,-77.476302,0,159.2,290.6
38.940033,-77.477795,0,165.5,290.5
38.940295,-77.478638,0,168.7,290.5
38.940903,-77.480661,0,174.4,290.8
38.941589,-77.48299,0,178.8,291.0
38.942093,-77.484602,50,181.1,291.0
38.942368,-77.485498,50,183.3,291.1
38.942825,-77.48705,100,184.2,291.0
38.943135,-77.488159,125,183.9,290.7
38.944019,-77.49115,225,185.1,289.9
38.944718,-77.493713,325,185.1,289.9
38.945343,-77.495887,425,184.1,290.0
38.945892,-77.497797,525,182.8,289.8
38.94658,-77.500244,625,182.8,289.8
38.94722,-77.502455,725,182.6,290.5
38.948256,-77.505432,825,184.7,295.3
38.949373,-77.508179,925,184.4,298.5
38.950562,-77.510575,1025,184.5,302.8
38.952026,-77.513262,1125,186.1,304.7
38.953609,-77.516113,1225,189.0,306.0
38.955704,-77.519714,1325,193.0,306.6
38.957611,-77.522935,1400,197.4,307.8
38.959382,-77.52594,1500,201.4,306.9
38.96157,-77.529419,1600,204.6,309.5
38.963525,-77.532104,1700,205.1,313.8
38.96548,-77.534363,1800,205.5,318.5
38.967407,-77.536309,1900,206.2,322.7
38.969467,-77.53816,2000,205.8,325.7
38.971848,-77.539951,2100,207.4,330.2
38.974325,-77.541504,2200,208.1,335.3
38.976606,-77.542603,2300,209.3,338.7
38.979446,-77.543762,2400,210.3,342.9
38.982605,-77.544848,2500,213.7,345.6
38.985489,-77.545743,2600,215.9,346.6
38.988647,-77.546699,2700,217.6,347.0
38.991028,-77.547355,2800,219.1,347.6
38.993546,-77.548072,2900,218.9,347.9
38.995739,-77.548645,3000,219.9,347.9
38.997803,-77.549206,3100,220.6,348.2
39.000487,-77.549927,3200,221.4,348.5
39.002489,-77.550415,3300,222.4,348.6
39.00499,-77.551057,3400,223.4,348.6
39.007889,-77.551819,3500,225.5,348.5
39.011008,-77.552612,3600,228.5,348.6
39.014786,-77.553565,3700,232.4,348.8
39.018539,-77.55452,3800,236.3,349.0
39.022413,-77.555481,3875,241.2,349.2
39.026276,-77.556431,3975,246.1,349.5
39.030167,-77.557327,4075,248.1,349.5
39.034238,-77.558289,4175,252.1,349.7
39.037949,-77.559178,4275,255.2,349.6
39.041733,-77.559998,4375,258.0,350.0
39.044678,-77.56067,4475,258.9,350.0
39.047791,-77.561387,4575,260.9,350.1
39.050345,-77.561951,4675,262.1,349.9
39.053238,-77.562641,4775,262.1,349.9
39.055664,-77.563178,4875,262.1,349.9
39.057746,-77.56366,4975,262.2,349.7
39.06015,-77.564193,5075,261.3,349.6
39.062029,-77.564636,5175,261.3,349.6
39.064087,-77.565148,5275,261.1,349.9
39.066605,-77.565686,5375,261.1,349.9
39.068872,-77.566223,5475,261.1,349.9
39.070724,-77.566701,5575,261.1,349.9
39.073288,-77.567238,5675,260.9,350.1
39.075343,-77.567688,5775,261.4,350.8
39.077866,-77.568134,5875,261.9,351.4
39.080511,-77.568481,5975,261.4,354.1
39.083071,-77.568665,6075,263.3,357.4
39.08633,-77.568787,6175,264.0,359.6
39.089309,-77.568604,6275,265.2,2.0
39.092754,-77.568237,6375,267.3,5.6
39.09578,-77.567627,6475,268.7,8.1
39.098945,-77.566772,6575,270.9,13.9
39.101925,-77.565613,6675,271.1,17.2
39.104252,-77.564514,6775,271.5,20.7
39.107025,-77.562999,6875,271.7,24.1
39.109094,-77.561646,6975,272.4,25.9
39.112073,-77.559204,7075,273.8,33.2
39.115378,-77.55603,7225,275.3,38.7
39.118423,-77.552251,7325,277.9,44.6
39.120483,-77.549147,7450,279.4,51.0
39.122635,-77.545206,7575,279.9,57.1
39.124603,-77.540489,7725,280.4,63.1
39.126178,-77.535706,7875,281.5,68.5
39.127579,-77.529861,8050,283.5,73.6
39.12822,-77.525621,8175,284.6,78.7
39.128906,-77.519113,8350,285.8,83.6
39.12939,-77.512573,8550,285.2,84.8
39.129856,-77.505737,8750,285.3,84.6
39.130508,-77.497857,8950,285.9,83.4
39.131287,-77.490214,9150,287.4,82.6
39.132202,-77.481915,9350,287.9,81.8
39.133026,-77.475049,9525,288.7,80.8
39.133254,-77.473328,9550,289.0,80.4
39.133667,-77.470511,9600,289.2,80.2
39.133896,-77.468899,9625,289.7,79.7
39.134491,-77.4646,9650,290.1,79.3
39.135396,-77.458679,9700,290.6,78.7
39.136373,-77.452637,9700,291.0,78.3
39.141959,-77.419434,9700,291.7,77.7
39.145706,-77.396771,9700,292.2,78.2
39.146851,-77.389427,9750,293.8,78.6
39.148616,-77.377991,9875,298.5,79.0
39.149643,-77.371216,9950,303.4,79.2
39.152015,-77.355408,10125,312.6,79.1
39.154129,-77.341183,10250,321.8,79.1
39.156281,-77.32536,10400,331.1,81.0
39.15681,-77.32019,10475,333.5,82.9
39.157136,-77.315186,10550,335.2,85.2
39.157368,-77.31012,10650,335.5,86.8
39.157516,-77.302133,10850,336.0,89.2
39.157508,-77.293091,11050,338.0,90.7
39.157288,-77.282668,11250,339.2,91.9
39.157059,-77.276518,11350,341.5,93.0
39.156111,-77.263123,11550,345.9,96.0
39.155594,-77.257889,11650,346.1,97.6
39.154587,-77.249829,11850,345.9,99.7
39.153737,-77.243896,11975,347.1,100.8
39.152806,-77.238037,12075,347.9,101.4
39.14992,-77.220581,12400,350.1,102.4
39.147034,-77.203979,12750,351.8,102.8
39.142704,-77.179932,13125,358.1,102.9
39.138519,-77.156266,13500,361.0,102.8
39.134354,-77.132741,13875,364.9,102.7
39.130368,-77.109802,14275,367.8,102.6
39.126343,-77.086706,14675,369.8,102.5
39.122681,-77.065569,15075,370.7,102.5
39.118311,-77.039917,15450,374.6,102.3
39.114261,-77.016479,15825,376.8,102.4
39.110229,-76.993143,16200,379.0,102.5
39.107278,-76.976013,16475,379.0,102.5
39.106659,-76.972424,16525,380.0,102.5
39.105556,-76.965942,16600,380.0,102.5
39.104066,-76.957275,16650,380.9,102.4
39.102493,-76.948182,16675,381.7,102.2
39.095078,-76.904536,16675,380.9,102.4
39.087524,-76.86071,16675,380.0,102.5
39.080063,-76.817182,16675,378.8,102.3
39.072647,-76.773775,16675,379.0,102.5
39.065094,-76.730367,16675,378.0,102.5
39.057587,-76.687138,16675,378.0,102.5
39.050125,-76.644028,16675,378.0,102.5
39.04271,-76.601013,16675,379.0,102.5
39.035122,-76.557434,16675,381.4,102.7
39.02742,-76.513685,16675,381.4,102.7
39.019806,-76.470642,16675,381.4,102.7
39.016708,-76.451887,16675,379.7,100.8
39.015106,-76.438572,16700,379.6,97.9
39.014008,-76.425018,16700,383.6,95.2
39.013367,-76.410509,16700,390.4,92.5
39.013289,-76.396362,16700,395.0,89.4
39.013779,-76.380954,16675,397.7,86.5
39.014923,-76.365549,16675,398.5,83.5
39.019387,-76.319458,16675,398.0,82.9
39.023856,-76.273132,16675,398.0,82.9
39.028427,-76.226488,16675,398.0,82.9
39.032934,-76.180115,16675,398.0,82.9
39.037445,-76.133582,16675,398.0,82.9
39.041919,-76.087097,16675,398.0,82.9
39.043641,-76.066101,16675,399.5,85.0
39.045044,-76.036616,16675,399.7,86.6
39.047226,-75.989502,16675,400.7,86.7
39.049347,-75.943172,16675,400.7,86.6
39.051498,-75.89666,16675,400.7,86.6
39.05365,-75.849311,16675,401.7,86.7
39.055745,-75.802124,16675,401.6,86.9
39.057746,-75.755188,16675,401.6,86.9
39.058957,-75.723328,16675,402.2,88.0
39.058914,-75.709593,16675,404.1,91.1
39.058259,-75.69342,16675,405.0,94.1
39.0569,-75.676575,16675,406.0,96.9
39.055,-75.660706,16675,407.9,99.7
39.052139,-75.64278,16675,408.6,102.4
39.048935,-75.626539,16675,409.2,105.2
39.039079,-75.579773,16675,409.0,105.0
39.029388,-75.533514,16675,408.0,105.1
39.01976,-75.487671,16675,407.0,105.1
39.010208,-75.441921,16675,405.8,105.0
39.000534,-75.395508,16675,404.9,105.0
38.990851,-75.349548,16675,404.1,105.2
38.98114,-75.303875,16675,404.1,105.2
38.971573,-75.258676,16675,404.1,105.2
38.961849,-75.213074,16675,403.2,105.2
38.952119,-75.167175,16675,403.2,105.2
38.942344,-75.121338,16675,403.2,105.2
38.932754,-75.076538,16675,403.4,105.4
38.923164,-75.031738,16675,404.4,105.3
38.913162,-74.985332,16675,404.4,105.3
38.90324,-74.939087,16675,404.4,105.3
38.893464,-74.893555,16675,404.4,105.3
38.883501,-74.847168,16675,404.7,105.5
38.875031,-74.807998,16700,405.6,105.4
38.870607,-74.787537,16800,406.6,105.4
38.86786,-74.774841,16900,407.8,105.5
38.865829,-74.765426,17000,408.8,105.5
38.859899,-74.73822,17375,411.0,105.5
38.853561,-74.709002,17700,415.1,105.5
38.847703,-74.682068,18050,417.3,105.6
38.841797,-74.655025,18425,418.5,105.7
38.835832,-74.627686,18800,420.5,105.6
38.82992,-74.600708,19150,421.7,105.7
38.823944,-74.573523,19550,421.7,105.7
38.817956,-74.546143,19925,422.7,105.7
38.812044,-74.519287,20300,422.9,105.8
38.805899,-74.491272,20650,424.9,105.7
38.799707,-74.463135,21000,425.8,105.7
38.793182,-74.433388,21350,428.0,105.7
38.786362,-74.402399,21700,429.9,105.7
38.7789,-74.368485,22000,434.3,105.8
38.771497,-74.334961,22325,437.5,105.8
38.763885,-74.300657,22650,439.7,105.8
38.756607,-74.267817,22975,441.9,105.9
38.749384,-74.235229,23325,442.9,105.9
38.742448,-74.204163,23650,443.8,105.8
38.735321,-74.172045,24000,445.0,105.9
38.727924,-74.138916,24325,446.0,105.9
38.720398,-74.10547,24625,447.2,106.0
38.712608,-74.070496,24925,449.2,105.9
38.704927,-74.036987,25200,452.6,107.3
38.700119,-74.019072,25325,455.8,109.8
38.694499,-74.000671,25475,458.1,111.9
38.6884,-73.982829,25600,460.9,114.6
38.680813,-73.963135,25750,463.3,116.9
38.672154,-73.943115,25875,466.5,119.3
38.664799,-73.927856,26000,469.7,122.3
38.645966,-73.890043,26250,472.5,122.4
38.627243,-73.852486,26525,476.6,122.5
38.607819,-73.813599,26775,479.4,122.6
38.588837,-73.776119,27050,481.8,123.2
38.567596,-73.735517,27325,484.8,124.0
38.547684,-73.69814,27600,487.3,124.2
38.527191,-73.65979,27875,488.7,124.2
38.506242,-73.620544,28150,490.4,124.1
38.487442,-73.585232,28425,491.8,124.1
38.466888,-73.546481,28675,493.4,124.0
38.446426,-73.507909,28925,495.6,124.0
38.423355,-73.464442,29150,499.2,124.0
38.398381,-73.417392,29375,502.8,124.0
38.37291,-73.36927,29600,506.4,124.0
38.347359,-73.321082,29800,509.2,124.0
38.32402,-73.277406,30025,512.6,124.2
38.303604,-73.239188,30300,512.6,124.2
38.284103,-73.202839,30600,511.2,124.2
38.265102,-73.167333,30900,510.3,124.2
38.246567,-73.132831,31200,509.0,124.2
38.228302,-73.09882,31500,507.3,124.3
38.208447,-73.061888,31775,507.3,124.3
38.188522,-73.024954,32050,507.3,124.3
38.169157,-72.988984,32325,506.7,124.2
38.147604,-72.94898,32600,506.5,124.4
38.126175,-72.909189,32875,506.5,124.4
38.113998,-72.88669,33000,506.5,124.4
38.108505,-72.87658,33000,507.3,124.3
38.082687,-72.828778,33025,507.9,124.4
38.078706,-72.821443,33075,507.9,124.4
38.07596,-72.816368,33100,507.0,124.5
38.057785,-72.782846,33400,505.7,124.4
38.032154,-72.735582,33625,507.0,124.5
38.009902,-72.694623,33875,507.0,124.5
37.990583,-72.659096,34150,505.7,124.4
37.969029,-72.619509,34425,504.0,124.6
37.946686,-72.578605,34675,504.0,124.6
37.92215,-72.533725,34900,504.6,124.7
37.90947,-72.510584,35000,504.6,124.7
37.902191,-72.49726,35000,505.4,124.6
37.877335,-72.451795,35000,505.4,124.6
37.850507,-72.402947,35000,505.1,124.8
37.824019,-72.354882,35000,505.1,124.8
37.797318,-72.306343,35000,505.7,124.8
37.771415,-72.259409,35000,505.1,124.8
37.745299,-72.211941,35000,505.1,124.8
37.71937,-72.164771,35000,504.6,124.7
37.693359,-72.117413,35000,504.6,124.7
37.667091,-72.069835,35000,504.3,124.8
37.641162,-72.023024,35000,504.3,124.8
37.615279,-71.976272,35000,504.3,124.8
37.588531,-71.928075,35000,504.1,125.0
37.562954,-71.882172,35000,504.1,125.0
37.536255,-71.834282,35000,504.1,125.0
37.509978,-71.787176,35000,504.1,125.0
37.483429,-71.739612,35000,504.1,125.0
37.457245,-71.692745,35000,504.1,125.0
37.431165,-71.646025,35000,504.6,125.1
37.405235,-71.599811,35000,504.6,125.1
37.379929,-71.554832,35000,505.2,125.2
37.353836,-71.508432,35000,506.0,125.1
37.329169,-71.464572,35000,506.6,125.2
37.302681,-71.417701,35000,508.0,125.2
37.277403,-71.37286,35000,508.0,125.2
37.251617,-71.327158,35000,509.6,125.1
37.224976,-71.279998,35000,510.0,125.3
37.197372,-71.231495,35000,511.1,125.5
37.170658,-71.184659,35000,512.0,125.5
37.143723,-71.137351,35000,512.8,125.4
37.117264,-71.090893,35000,512.8,125.4
37.088726,-71.040882,35000,512.8,125.4
37.085142,-71.034672,35000,513.1,125.6
37.057164,-70.98601,35000,513.1,125.6
37.034546,-70.946785,35000,512.9,125.8
37.010565,-70.905105,35000,512.3,125.7
35.874086,-69.182019,35000,0.0,0.0
35.850998,-69.16008,35000,524.7,142.3
35.815476,-69.126386,35000,525.4,142.3
35.808726,-69.119957,35000,525.4,142.3
35.778095,-69.090972,35000,525.4,142.3
35.757053,-69.070986,35000,525.4,142.3
34.910268,-68.280373,35000,0.0,0.0
34.483246,-67.88951,35000,529.8,143.0
34.471664,-67.878972,35000,530.6,143.0
34.350803,-67.769165,35000,0.0,0.0
34.348755,-67.767334,35000,0.0,0.0
34.27604,-67.70153,35000,530.0,143.1
34.239029,-67.668158,35000,529.4,143.2
34.237076,-67.66634,35000,529.4,143.2
34.177629,-67.613697,35000,529.4,143.2
34.16748,-67.606144,35000,528.1,147.2
34.159101,-67.600479,35000,526.3,151.4
34.145554,-67.592207,35000,524.7,154.4
34.134242,-67.586117,35000,523.3,156.8
34.12037,-67.579594,35000,521.4,159.7
34.080917,-67.566254,35000,521.4,159.7
34.046356,-67.558631,35000,514.1,169.8
33.908386,-67.528138,35000,513.3,169.7
33.67305,-67.477523,35000,507.7,170.0
33.615738,-67.465528,35025,507.7,170.0
33.592667,-67.460651,35000,495.3,170.1
33.563736,-67.454653,35000,495.3,170.1
33.523151,-67.446133,35000,494.4,170.1
33.473107,-67.435595,35000,493.7,169.9
33.44989,-67.430676,35000,492.4,170.1
31.685548,-67.063843,35000,458.7,170.2
31.644241,-67.055377,35000,458.9,170.1
31.603942,-67.047144,35000,457.9,170.1
31.562851,-67.038736,35000,457.9,170.1
31.52471,-67.030994,35000,456.7,170.2
31.488446,-67.023578,35000,456.9,170.0
31.351256,-66.995782,35000,453.6,170.2
31.324036,-66.990267,35000,453.6,170.2
31.249969,-66.975511,35000,452.4,170.3
31.217279,-66.968976,35000,452.6,170.2
31.178696,-66.961131,35000,450.6,170.2
31.137069,-66.952771,35000,448.7,170.1
31.098571,-66.945081,35000,448.5,170.2
31.058212,-66.937005,35000,447.5,170.2
31.019577,-66.929196,35000,447.5,170.2
31.005798,-66.926449,35000,447.7,170.1
30.966688,-66.918494,35000,446.7,170.1
30.927259,-66.910529,35000,446.5,170.2
30.896348,-66.904321,35000,446.5,170.2
30.865494,-66.898122,35000,446.5,170.2
30.83345,-66.891767,35000,445.5,170.2
30.77536,-66.88008,35000,444.5,170.2
30.736313,-66.872271,35000,443.6,170.1
30.698734,-66.864771,35000,443.4,170.3
30.664261,-66.857946,35000,442.4,170.2
30.636703,-66.852507,35000,442.4,170.2
30.595574,-66.844336,35000,441.4,170.2
30.570622,-66.839392,35000,441.2,170.4
30.537756,-66.83291,35000,441.2,170.4
30.502396,-66.825903,35000,441.2,170.4
28.860106,-66.507299,37000,456.2,170.5
28.824913,-66.500621,37000,456.2,170.5
28.793211,-66.494589,37000,456.2,170.5
20.356502,-65.183033,35000,468.5,185.9
20.329651,-65.185956,35000,468.5,185.9
20.286942,-65.190664,35000,468.5,185.9
20.252365,-65.194469,34975,468.6,186.0
20.248035,-65.194919,34950,468.6,186.0
20.232673,-65.196616,34850,468.6,186.0
20.193146,-65.201013,34525,468.6,186.0
20.160095,-65.204593,34275,460.4,185.9
20.125671,-65.208223,34025,457.3,185.8
20.084427,-65.212686,33675,455.3,185.8
20.074303,-65.213795,33600,455.3,185.8
19.918716,-65.23098,32300,452.4,186.0
19.876688,-65.235518,31700,452.4,186.0
19.873523,-65.235918,31650,447.5,186.0
19.860488,-65.237316,31475,446.4,185.9
19.844238,-65.239122,31225,445.4,185.9
19.80416,-65.243608,30750,445.4,185.9
19.52417,-65.273993,26600,0.0,0.0
19.500549,-65.276593,26225,418.2,185.9
19.477363,-65.279214,25850,415.3,186.1
19.46796,-65.280212,25700,414.2,186.0
19.450012,-65.282184,25350,410.1,185.7
19.444244,-65.282773,25250,408.0,185.6
19.411331,-65.286108,24450,404.8,185.4
19.392883,-65.28807,23925,405.1,185.8
19.387145,-65.288702,23775,405.1,185.8
19.239166,-65.304941,20975,0.0,0.0
19.217972,-65.307247,20600,0.0,0.0
19.214035,-65.307688,20550,386.1,185.9
19.156944,-65.313871,19550,386.0,185.8
19.141388,-65.315584,19275,378.1,186.1
19.103256,-65.319704,18600,373.9,185.8
19.091724,-65.320962,18400,371.9,185.9
19.047221,-65.325756,17625,367.9,185.8
19.032303,-65.327306,17350,365.8,185.6
18.994942,-65.331249,16700,365.8,185.6
18.968811,-65.334124,16225,361.0,186.0
18.948995,-65.336293,15875,361.0,186.0
18.945504,-65.336642,15825,356.9,185.9
18.895926,-65.342035,14950,350.9,185.9
18.878357,-65.343933,14625,348.9,185.9
18.843475,-65.34771,14025,343.8,185.8
18.82782,-65.349376,13725,343.8,185.8
18.799097,-65.352522,13200,338.9,186.1
18.779266,-65.35462,12850,337.8,185.9
18.76181,-65.35644,12500,335.6,185.6
18.742303,-65.358515,12125,334.7,185.8
18.733154,-65.359628,11950,334.2,186.5
18.72821,-65.36056,11850,334.1,188.9
18.721448,-65.36266,11725,333.8,191.6
18.718826,-65.363748,11700,332.1,201.0
18.714203,-65.365906,11650,330.7,204.5
18.704084,-65.371249,11575,324.2,207.0
18.688349,-65.379739,11450,315.3,207.4
18.675128,-65.38688,11300,308.6,207.4
18.663208,-65.393372,11150,302.8,207.3
18.653389,-65.398715,10975,299.7,207.4
18.643707,-65.403966,10825,297.4,207.4
18.632355,-65.410194,10675,292.5,207.7
18.622897,-65.415444,10500,291.7,207.8
18.612795,-65.421037,10325,289.0,208.1
18.603252,-65.42643,10150,288.6,208.3
18.595245,-65.430925,9975,288.6,208.3
18.588547,-65.434717,9775,288.6,208.3
18.58017,-65.439475,9575,287.7,208.4
18.571198,-65.444576,9375,286.0,208.6
18.563962,-65.448753,9175,285.1,208.7
18.556458,-65.452963,8975,284.0,207.5
18.551625,-65.455195,8850,282.9,204.2
18.548274,-65.456393,8750,282.1,197.5
18.545013,-65.45723,8650,281.7,192.5
18.54036,-65.457991,8550,280.3,187.4
18.536682,-65.458191,8450,279.6,183.9
18.533478,-65.458112,8375,278.3,177.3
18.528854,-65.457622,8250,278.1,173.0
18.522263,-65.456445,8100,277.7,169.4
18.515121,-65.454924,7900,276.5,168.5
18.50647,-65.453047,7700,276.0,168.1
18.498001,-65.451001,7525,274.1,165.2
18.494431,-65.449824,7425,273.2,160.8
18.489258,-65.447518,7300,273.1,156.2
18.486237,-65.445802,7225,271.8,150.7
18.482483,-65.44335,7125,270.1,146.8
18.478259,-65.439964,7025,269.8,142.8
18.475652,-65.437517,6950,268.3,137.9
18.472999,-65.43467,6850,267.5,132.9
18.470299,-65.431374,6750,268.0,129.1
18.46788,-65.427998,6650,266.9,125.2
18.465225,-65.423535,6550,266.5,121.2
18.462112,-65.417944,6450,264.8,120.2
18.459219,-65.412797,6350,264.1,120.7
18.456752,-65.408503,6250,263.3,120.8
18.454192,-65.404008,6150,263.3,120.8
18.45195,-65.40014,6050,264.1,120.7
18.449524,-65.395824,5950,264.1,120.7
18.446929,-65.391274,5850,264.1,120.7
18.44381,-65.385781,5750,262.7,120.7
18.43959,-65.378314,5650,260.0,120.5
18.434189,-65.36875,5575,255.5,120.6
18.430124,-65.361511,5475,251.9,120.5
18.426086,-65.354282,5375,249.2,120.4
18.423002,-65.348727,5275,247.8,120.3
18.419952,-65.343246,5175,247.8,120.3
18.416996,-65.337891,5075,246.5,120.2
18.414343,-65.333147,4975,246.5,120.2
18.411643,-65.328303,4875,246.0,120.0
18.408896,-65.323259,4775,246.0,120.0
18.406336,-65.318665,4675,245.1,120.1
18.404381,-65.315119,4575,245.6,120.3
18.401494,-65.309975,4475,245.6,120.3
18.398849,-65.305236,4375,245.6,120.3
18.395955,-65.300038,4275,245.6,120.3
18.393674,-65.295943,4175,245.6,120.3
18.390834,-65.290899,4075,244.7,120.4
18.388229,-65.286255,3975,243.9,120.6
18.385108,-65.280712,3875,242.5,120.5
18.380918,-65.273271,3775,238.0,120.6
18.378662,-65.269334,3750,234.1,120.8
18.375916,-65.264478,3750,229.1,120.7
18.373004,-65.259288,3700,224.2,120.6
18.371063,-65.255895,3650,220.6,120.5
18.369327,-65.252747,3575,220.0,120.3
18.367791,-65.24995,3475,219.2,120.4
18.366074,-65.24692,3375,220.0,120.3
18.364346,-65.243808,3275,220.0,120.3
18.362686,-65.240838,3175,220.9,120.2
18.360901,-65.237665,3075,221.4,120.4
18.359344,-65.234855,3000,221.4,120.4
18.357409,-65.231423,2900,220.6,120.5
18.354011,-65.225381,2800,217.0,120.5
18.351151,-65.220288,2750,212.5,120.6
18.348724,-65.215972,2700,208.9,120.5
18.346207,-65.211558,2675,204.4,120.6
18.344747,-65.209001,2675,200.0,120.7
18.342885,-65.205705,2675,195.5,120.8
18.341125,-65.202582,2675,190.5,120.6
18.339114,-65.198964,2700,186.4,120.3
18.334946,-65.191547,2700,182.0,120.4
18.332876,-65.187727,2700,180.2,117.4
18.331879,-65.185367,2700,179.6,113.3
18.331201,-65.183233,2700,179.4,106.5
18.330643,-65.180266,2700,179.3,100.9
18.330276,-65.177373,2700,179.5,97.4
18.329865,-65.172615,2700,179.5,94.2
18.329618,-65.166903,2725,180.0,91.3
18.329407,-65.153291,2725,180.0,90.3
18.329544,-65.144119,2725,179.1,88.4
18.329681,-65.141422,2725,180.2,87.5
18.329773,-65.139705,2700,181.3,86.8
18.330093,-65.13431,2600,183.4,86.2
18.33046,-65.128621,2500,183.5,85.9
18.330828,-65.122958,2400,183.3,86.9
18.331055,-65.116899,2300,182.1,87.8
18.331329,-65.110964,2200,181.2,87.2
18.33162,-65.104831,2100,180.2,87.1
18.331879,-65.099291,2000,180.2,87.1
18.332132,-65.093345,1900,180.2,87.1
18.332382,-65.087814,1800,179.2,87.1
18.332703,-65.080948,1700,177.2,87.4
18.332932,-65.075749,1600,178.2,87.1
18.333156,-65.070573,1500,175.2,87.1
18.333435,-65.065498,1400,172.2,87.0
18.333668,-65.059637,1325,168.1,87.9
18.333854,-65.054943,1250,164.2,87.2
18.333994,-65.052346,1200,159.3,86.8
18.33418,-65.04895,1125,155.3,86.7
18.334366,-65.045205,1075,151.2,87.3
18.334506,-65.04091,975,147.1,88.1
18.334739,-65.035217,900,144.2,87.2
18.334991,-65.030528,800,142.2,86.8
18.335251,-65.02498,725,142.1,87.6
18.335403,-65.020425,625,143.1,88.0
18.335576,-65.014793,525,144.1,88.0
18.335678,-65.008752,425,143.0,89.6
18.335856,-65.005055,350,143.1,88.0
18.336228,-65.00056,250,144.6,84.8
18.336548,-64.99551,175,144.2,87.2
18.336639,-64.989673,75,142.0,88.8
18.336868,-64.983935,0,141.1,88.0
18.33696,-64.981384,-75,141.1,88.4
18.337159,-64.977239,-100,129.1,87.3
18.337159,-64.97659,-100,129.1,87.3
18.33745,-64.969811,-50.0,50.5,87.2
18.337498,-64.968632,-50.0,37.5,90.0
18.337418,-64.966952,-50.0,13.8,126.6
18.337334,-64.966877,-50.0,13.8,140.6
18.337166,-64.966818,-50.0,12.8,163.1
18.33674,-64.967189,-50.0,10.8,258.8
18.336717,-64.967539,-50.0,12.2,267.2
18.336694,-64.968076,-50.0,12.2,267.2
18.336682,-64.968438,-50.0,12.8,267.2
18.336617,-64.969773,-50.0,14.2,267.2
18.336601,-64.970186,-50.0,14.8,267.2
18.336582,-64.970704,-50.0,14.2,267.2
18.336554,-64.971472,-50.0,13.8,267.2
18.336484,-64.972683,-50.0,12.8,267.2
18.336123,-64.973794,-50.0,9.8,219.4
18.336042,-64.973831,-50.0,9.8,210.9
18.334385,-64.973476,-50.0,8.2,132.2
18.334339,-64.973427,-50.0,8.8,132.2
18.334042,-64.973095,-50.0,4.2,132.2
18.333947,-64.972982,-50.0,5.8,132.2
18.333858,-64.972863,-50.0,5.8,123.8
18.333866,-64.972708,-50.0,5.8,92.8
18.333912,-64.97262,-50.0,4.8,67.5
18.33403,-64.972507,-50.0,3.8,45.0
18.334157,-64.972395,-50.0,2.8,42.2
18.33403,-64.972544,-50.0,2.8,19.7
18.333924,-64.972608,-50.0,2.8,0.0
18.333858,-64.972617,-50.0,2.8,343.1
18.333801,-64.972617,-50.0,2.8,334.7
18.333761,-64.972608,-50.0,2.2,326.2
18.333726,-64.972583,-50.0,2.2,320.6
18.333703,-64.972583,-50.0,2.2,317.8
18.33379,-64.972752,-50.0,7.8,306.6
18.333973,-64.972985,-50.0,7.8,309.4
18.334099,-64.973145,-50.0,7.8,312.2
18.334236,-64.973304,-50.0,7.2,312.2
18.334351,-64.973427,-50.0,7.8,312.2
18.334482,-64.973594,-50.0,7.8,309.4
18.334625,-64.973745,-50.0,7.2,315.0
18.335403,-64.973954,-50.0,10.2,0.0
18.336433,-64.973439,-50.0,11.2,67.5
18.336502,-64.972936,-50.0,11.2,87.2
18.336502,-64.972875,-50.0,11.2,87.2
18.336542,-64.971921,-50.0,4.8,87.2
18.336594,-64.971416,-50.0,8.8,75.9
18.337315,-64.971501,-50.0,12.2,295.3
18.337334,-64.971646,-50.0,13.8,278.4
18.337311,-64.972271,-50.0,17.5,264.4
18.337043,-64.977739,-50.0,28.5,267.2
18.337006,-64.978429,-50.0,28.5,267.2
18.336903,-64.98066,-50.0,28.5,267.2
18.336891,-64.981078,-50.0,26.5,267.2
18.336868,-64.981519,-50.0,25.5,267.2
18.336845,-64.981948,-50.0,21.5,267.2
18.336822,-64.98242,-50.0,18.5,267.2
18.336798,-64.982808,-50.0,13.8,267.2
18.336788,-64.983052,-50.0,9.2,264.4
18.336777,-64.983211,-50.0,5.2,267.2
18.336788,-64.983248,-50.0,5.2,275.6
18.336845,-64.98326,-50.0,3.2,309.4
18.33688,-64.983244,-50.0,2.8,329.1
18.336903,-64.983211,-50.0,1.9,0.0
18.336903,-64.983182,-50.0,0.9,14.1
18.336914,-64.983174,-50.0,0.3,19.7
18.336915,-64.98317,-50.0,0.3,22.5
18.336914,-64.983162,-50.0,1.1,28.1
18.336903,-64.983138,-50.0,1.6,45.0
18.336891,-64.983125,-50.0,2.2,53.4
18.336892,-64.983095,-50.0,2.8,67.5
18.336892,-64.983057,-50.0,3.2,75.9
18.336892,-64.98302,-50.0,2.8,81.6
18.336891,-64.982991,-50.0,0.2,84.4
18.336892,-64.982982,-50.0,1.1,84.4
18.336892,-64.982907,-50.0,10.8,84.4
18.336903,-64.982758,-50.0,22.5,87.2
18.336915,-64.982633,-50.0,28.5,87.2
18.336938,-64.982233,-50.0,40.5,87.2
18.33695,-64.981996,-50.0,46.5,87.2
18.33695,-64.981759,-50.0,52.5,87.2
18.336971,-64.981458,-50.0,58.5,87.2
18.336985,-64.98106,-50.0,63.5,87.2
18.337006,-64.980734,-50.0,69.5,87.2
18.337113,-64.978288,0,69.5,0.0
18.337509,-64.969368,-25,69.5,0.0
18.337997,-64.957015,675,164.2,87.6
18.338044,-64.954967,800,164.2,87.6
18.338013,-64.953624,875,168.1,92.1
18.33783,-64.951859,950,169.9,95.7
18.337601,-64.950142,1025,171.3,99.4
18.337206,-64.948475,1075,172.6,101.7
18.336365,-64.946071,1150,176.5,108.8
18.335449,-64.944109,1200,180.7,115.6
18.334366,-64.942183,1250,182.8,120.2
18.333939,-64.941559,1275,184.2,122.1
18.332794,-64.939989,1300,188.0,126.6
18.331852,-64.938937,1300,192.9,130.8
18.330456,-64.937539,1325,197.3,135.6
18.329292,-64.93654,1375,201.2,140.9
18.327569,-64.935392,1425,204.7,146.1
18.325745,-64.934349,1475,207.3,150.8
18.324646,-64.93381,1525,209.0,155.4
18.322263,-64.932895,1600,212.0,159.9
18.319702,-64.932195,1675,216.8,166.7
18.31778,-64.931848,1725,220.8,170.9
18.315445,-64.931652,1775,223.6,175.9
18.312906,-64.931696,1875,227.0,180.8
18.31041,-64.931995,1950,230.1,187.7
18.307938,-64.932583,2075,232.8,193.9
18.305328,-64.933368,2175,234.6,198.1
18.303268,-64.934202,2275,236.8,202.3
18.300751,-64.935526,2375,238.8,206.4
18.298893,-64.93669,2475,240.3,210.5
18.29686,-64.938175,2575,243.0,216.6
18.294754,-64.939989,2675,244.8,220.2
18.292562,-64.942183,2775,248.2,225.5
18.290771,-64.944256,2875,251.0,229.2
18.288931,-64.946777,2975,254.0,232.7
18.285579,-64.952121,3175,257.5,237.9
18.283951,-64.954948,3300,257.5,237.9
18.2826,-64.957214,3400,259.8,238.7
18.281343,-64.959412,3500,259.8,238.7
18.279667,-64.962308,3600,262.1,238.7
18.278549,-64.964316,3700,262.1,238.7
18.276967,-64.967102,3800,264.0,239.7
18.276031,-64.968828,3900,264.8,239.9
18.274826,-64.970997,4000,264.3,240.0
18.273662,-64.973095,4100,264.8,239.9
18.272141,-64.975793,4225,264.8,239.9
18.270915,-64.978038,4325,264.8,239.9
18.269426,-64.980735,4425,267.1,239.9
18.26789,-64.983482,4525,267.1,239.9
18.266556,-64.985946,4625,268.8,240.1
18.26505,-64.988675,4725,270.2,240.0
18.263374,-64.991671,4825,271.5,239.9
18.261186,-64.995617,4975,272.9,239.9
18.259789,-64.998163,5075,272.9,239.9
18.258545,-65.000365,5175,273.4,239.7
18.257492,-65.002229,5250,273.9,239.5
18.256577,-65.003906,5325,273.5,239.2
18.254288,-65.007967,5500,275.4,240.6
18.253039,-65.010398,5600,276.0,242.6
18.251907,-65.012823,5700,276.6,245.7
18.250946,-65.015373,5800,277.9,249.4
18.250153,-65.017839,5900,277.7,251.3
18.249527,-65.020376,6025,278.5,255.0
18.248978,-65.023024,6125,279.5,259.7
18.248566,-65.02582,6225,280.3,262.6
18.248291,-65.028812,6325,280.9,265.3
18.248154,-65.031755,6425,283.1,268.2
18.248151,-65.034668,6525,284.0,271.0
18.248383,-65.038033,6625,285.7,274.0
18.24885,-65.041609,6725,288.2,278.6
18.249362,-65.044556,6825,289.3,281.0
18.250122,-65.048136,6925,290.6,283.1
18.251587,-65.054365,7125,292.3,283.7
18.253235,-65.061722,7325,295.7,283.1
18.254654,-65.068098,7525,296.7,283.0
18.256251,-65.075417,7725,299.6,282.9
18.257555,-65.08151,7925,300.6,282.9
18.258998,-65.087902,8100,302.7,283.0
18.260301,-65.093844,8300,302.7,283.0
18.261566,-65.099683,8500,302.7,283.0
18.262908,-65.10558,8700,303.9,283.1
18.264221,-65.111602,8900,303.9,283.1
18.265562,-65.117565,9100,304.2,283.3
18.266865,-65.123208,9300,304.2,283.3
18.268169,-65.1291,9500,304.2,283.3
18.269519,-65.135043,9675,305.1,283.3
18.270996,-65.141618,9875,306.1,283.2
18.272415,-65.147994,10075,305.9,283.0
18.273376,-65.152359,10225,306.9,283.0
18.274314,-65.156416,10325,307.8,283.0
18.274686,-65.158064,10350,310.0,283.8
18.275291,-65.160611,10400,311.7,284.3
18.275896,-65.162809,10425,314.0,285.9
18.277759,-65.168701,10475,318.1,288.9
18.27976,-65.173795,10550,323.4,293.3
18.282532,-65.179531,10625,328.7,297.3
18.285599,-65.185073,10700,333.2,300.9
18.287659,-65.188408,10750,336.7,303.7
18.28894,-65.190321,10800,337.0,304.7
18.291367,-65.193705,10900,338.0,307.5
18.296631,-65.200326,11100,340.1,311.4
18.30178,-65.206205,11300,340.4,312.7
18.305923,-65.210949,11475,341.2,312.1
18.31109,-65.216941,11675,343.5,311.8
18.316909,-65.223783,11875,345.0,311.6
18.328537,-65.237552,12275,349.3,311.4
18.338287,-65.249176,12675,350.7,311.4
18.348518,-65.261336,13075,352.1,311.4
18.358795,-65.273454,13475,352.0,311.7
18.369839,-65.286455,13875,354.1,311.8
18.379623,-65.297977,14275,353.4,311.7
18.388925,-65.308877,14675,352.8,311.5
18.399725,-65.321661,15075,352.8,311.5
18.407318,-65.330642,15375,354.2,311.6
18.420044,-65.345699,15725,357.0,311.6
18.431488,-65.359186,16125,358.4,311.6
18.443345,-65.373197,16500,360.6,311.5
18.456473,-65.388727,16875,363.4,311.5
18.468902,-65.403359,17250,364.8,311.6
18.480515,-65.417061,17650,364.8,311.6
18.492411,-65.431075,18050,364.1,311.7
18.504142,-65.444907,18450,364.1,311.7
18.515128,-65.457841,18850,362.0,311.5
18.526611,-65.471453,19250,362.0,311.5
18.538684,-65.485757,19650,361.2,311.6
18.552017,-65.501518,20000,362.7,311.4
18.564753,-65.516668,20375,363.5,311.3
18.578339,-65.532859,20725,364.9,311.3
18.591521,-65.548628,21075,366.3,311.4
18.606079,-65.565965,21400,370.6,311.4
18.620476,-65.583135,21725,373.4,311.4
18.635838,-65.601363,22050,377.6,311.5
18.651433,-65.61994,22375,381.2,311.4
18.667236,-65.638798,22700,383.3,311.3
18.682983,-65.657583,23025,386.2,311.3
18.69873,-65.676319,23350,387.6,311.3
18.71315,-65.693534,23700,389.0,311.4
18.728803,-65.712275,24000,391.2,311.3
18.74469,-65.73125,24350,392.6,311.3
18.761576,-65.751426,24675,393.2,311.4
18.777078,-65.769903,25000,394.6,311.4
18.793232,-65.789179,25325,395.4,311.3
18.809326,-65.8084,25650,396.8,311.3
18.82484,-65.826882,25975,396.8,311.3
18.840575,-65.845709,26350,396.0,311.4
18.856124,-65.864286,26675,396.1,311.2
18.871857,-65.883097,27000,396.1,311.2
18.88797,-65.902421,27300,396.8,311.3
18.905516,-65.923412,27650,397.5,311.2
18.921855,-65.943038,27950,398.3,311.1
18.939173,-65.963862,28250,399.0,311.2
18.956956,-65.985185,28550,400.4,311.2
18.975158,-66.007008,28825,401.8,311.3
18.994354,-66.029941,29100,404.6,311.3
19.015182,-66.054955,29400,406.0,311.3
19.035416,-66.079183,29675,408.2,311.2
19.055923,-66.103804,29925,411.0,311.2
19.075617,-66.127358,30200,413.2,311.2
19.096756,-66.152752,30475,415.2,311.3
19.117767,-66.17806,30725,418.2,311.1
19.13823,-66.202714,30975,420.3,311.0
19.159039,-66.227833,31225,421.7,311.1
19.180161,-66.253297,31475,423.8,311.2
19.202053,-66.279619,31725,426.6,311.2
19.223002,-66.304887,31975,427.4,311.1
19.244183,-66.330505,32225,429.5,311.0
19.267456,-66.358501,32475,431.6,311.1
19.289703,-66.38528,32725,433.0,311.2
19.310806,-66.410735,33000,433.8,311.1
19.330537,-66.434576,33300,433.0,311.2
19.34935,-66.45728,33575,432.4,311.1
19.369675,-66.481852,33850,432.4,311.1
19.381978,-66.496699,34000,433.0,311.2
19.385423,-66.500843,34000,433.8,311.1
19.411585,-66.532454,34000,433.8,311.1
19.437421,-66.563615,34000,433.8,311.1
19.463677,-66.595276,34000,434.4,311.2
19.48956,-66.626587,34000,433.8,311.1
19.515583,-66.658098,34000,433.1,311.0
19.541605,-66.689658,34000,433.1,311.0
19.567349,-66.72092,34000,433.1,311.0
19.593511,-66.75278,34000,433.1,311.0
19.619568,-66.784515,34000,432.5,310.9
19.644516,-66.814875,34000,431.7,311.0
19.670197,-66.846166,34000,430.3,311.0
19.695282,-66.876575,34000,429.5,311.0
19.721064,-66.907987,34000,428.9,310.9
19.746482,-66.938898,34000,428.9,310.9
19.771729,-66.969713,34000,428.2,310.8
19.79686,-67.000416,34000,428.2,310.8
19.820801,-67.029648,34000,428.9,310.9
19.845917,-67.060247,34000,430.3,311.0
19.871155,-67.090955,34000,430.3,311.0
19.896287,-67.121621,34000,431.0,310.9
19.921051,-67.152018,34000,431.0,310.9
19.946457,-67.183113,34000,431.8,310.8
19.970538,-67.212558,34000,432.5,310.9
19.995987,-67.243636,34000,432.5,310.9
20.021118,-67.274388,34000,433.2,310.8
20.047023,-67.306141,34000,433.2,310.8
20.072627,-67.337552,34000,433.2,310.8
20.097718,-67.368414,34000,433.2,310.8
20.122192,-67.398524,34000,433.2,310.8
20.147576,-67.429638,34000,432.5,310.9
20.173141,-67.460959,34000,431.8,310.8
20.19722,-67.490534,34000,430.4,310.8
20.221069,-67.519766,34000,429.6,310.9
20.229767,-67.530458,34000,429.6,310.9
20.264143,-67.57271,34000,429.6,310.9
20.272289,-67.582747,34000,428.2,310.8
20.324242,-67.646817,34000,428.3,310.6
20.349197,-67.677596,34000,427.6,310.7
20.371445,-67.705045,34000,426.9,310.6
20.437224,-67.786344,34000,427.6,310.7
20.448807,-67.800702,34000,427.7,310.5
20.486011,-67.846768,34000,428.3,310.6
20.495224,-67.858233,34000,427.7,310.5
20.518364,-67.886869,34000,427.7,310.5
20.541687,-67.915783,34000,427.7,310.5
20.561192,-67.940052,34000,426.9,310.6
22.215938,-69.226481,38000,428.4,311.9
22.24205,-69.257513,38000,427.6,312.2
22.258942,-69.277538,38000,426.9,312.2
22.294658,-69.319814,38000,425.1,313.4
22.301514,-69.327126,38000,425.0,314.0
22.326546,-69.35084,38000,427.1,318.3
23.959579,-70.969391,38000,424.2,318.1
23.965439,-70.975087,38000,424.2,318.1
24.047012,-71.054688,38000,423.5,318.2
24.073745,-71.080766,38000,424.2,318.1
24.142914,-71.148275,38000,422.7,318.0
24.168869,-71.173757,38000,422.0,318.1
24.347519,-71.348842,38000,0.0,0.0
24.373634,-71.374443,38000,427.7,318.0
24.402776,-71.4031,38000,428.4,317.9
24.427643,-71.427561,38000,429.1,318.0
24.43927,-71.439006,38000,429.1,318.0
24.565895,-71.563698,38000,0.0,0.0
24.57339,-71.571056,38000,434.1,318.1
24.682043,-71.678329,38000,0.0,0.0
24.954575,-71.948802,38000,437.5,317.8
24.983515,-71.977654,38000,436.8,317.7
24.990871,-71.985013,38000,436.8,317.7
25.008979,-72.002581,38000,439.0,320.5
25.12266,-72.06456,38000,448.8,338.3
25.144307,-72.074044,38000,449.2,338.2
25.435913,-72.250977,38000,446.8,329.8
25.46589,-72.270191,38000,447.2,329.9
30.446141,-76.109546,38000,427.6,320.5
30.475845,-76.137516,38000,427.2,320.8
30.505728,-76.165466,38000,426.5,320.9
30.535034,-76.192986,38000,427.2,320.8
30.561264,-76.217705,38000,428.6,320.8
30.590607,-76.245386,38000,430.0,320.8
30.62141,-76.274506,38000,430.6,320.6
30.651995,-76.303455,38000,430.0,320.8
30.681882,-76.331689,38000,430.0,320.8
30.70148,-76.350201,38000,430.0,320.8
30.732065,-76.37926,38000,430.6,320.6
30.76237,-76.407935,38000,430.6,320.6
30.793167,-76.437109,38000,431.4,320.7
30.823819,-76.466107,38000,432.8,320.7
30.853427,-76.494287,38000,432.6,320.5
30.882523,-76.522037,38000,432.0,320.6
30.898396,-76.537354,38000,431.7,319.0
30.907654,-76.547241,38000,430.0,316.3
30.929074,-76.572015,38000,429.2,315.1
30.956447,-76.603766,38000,429.2,314.9
30.984052,-76.635736,38000,429.2,315.1
31.012115,-76.668252,38000,428.5,315.2
31.023622,-76.68089,38000,429.6,317.5
31.034655,-76.691931,38000,430.8,320.0
31.064209,-76.720114,38000,430.5,320.5
31.094604,-76.74925,38000,429.8,320.6
31.123895,-76.77735,38000,429.1,320.5
31.154617,-76.806766,38000,429.1,320.5
31.184326,-76.835309,38000,427.6,320.5
31.214253,-76.864032,38000,427.6,320.5
31.243881,-76.892503,38000,426.9,320.4
31.274305,-76.921875,38000,426.1,320.3
31.304306,-76.950827,38000,426.1,320.3
31.333939,-76.979333,38000,425.5,320.4
31.358917,-77.003551,38000,425.5,319.4
31.384186,-77.029886,38000,424.9,318.2
31.413543,-77.060468,38000,424.2,318.1
31.441987,-77.09024,38000,424.1,318.0
31.470703,-77.120361,38000,424.9,318.0
31.499039,-77.149981,38000,424.2,318.1
31.527466,-77.179763,38000,424.9,318.0
31.556854,-77.210514,38000,424.9,318.0
31.585236,-77.240295,38000,424.9,318.0
31.613663,-77.270131,37975,423.5,318.1
31.635458,-77.293103,37975,418.5,318.0
31.641495,-77.299428,37925,417.1,318.0
31.664566,-77.323716,37650,414.9,317.9
31.687643,-77.34809,37375,414.9,317.9
31.712036,-77.373907,37125,416.3,317.7
31.740433,-77.4039,36975,418.5,318.0
31.755749,-77.419995,36850,418.5,318.0
31.778458,-77.443945,36575,419.9,318.0
31.802032,-77.468774,36325,419.9,318.0
31.825928,-77.494043,36050,419.1,317.9
31.831862,-77.500305,36000,419.1,317.9
31.836796,-77.505518,36000,418.4,317.8
31.865426,-77.535843,35975,417.7,317.9
31.893677,-77.565729,36000,417.7,317.9
31.921568,-77.595314,36000,417.7,317.9
31.950197,-77.625695,36000,417.0,317.8
31.978455,-77.655739,36000,415.6,317.8
31.990723,-77.668396,36000,416.5,319.8
31.999636,-77.676647,36000,417.6,322.9
32.030914,-77.703717,36000,417.6,323.6
32.06169,-77.730345,36000,416.8,323.5
32.071472,-77.739313,36000,414.6,321.2
32.078751,-77.746838,36000,413.4,317.5
32.085938,-77.755298,36000,410.9,314.3
32.092694,-77.764145,36000,409.5,311.4
32.09903,-77.77348,36000,407.5,308.0
32.104752,-77.782819,36000,406.1,304.7
32.112246,-77.796432,36000,404.8,302.1
32.13208,-77.833026,36000,404.7,302.6
32.151947,-77.86972,36000,404.5,302.3
32.171448,-77.906085,36000,405.3,302.2
32.190733,-77.943121,36000,407.0,301.2
32.209912,-77.980397,36000,408.7,301.1
32.229325,-78.018176,36000,409.2,301.2
32.248672,-78.055664,36000,411.9,301.3
32.268382,-78.093623,36000,412.5,301.4
32.288132,-78.131689,36000,411.1,301.4
32.307579,-78.16935,36000,410.6,301.2
32.327503,-78.20797,36000,411.4,301.2
32.347092,-78.246057,36000,411.4,301.2
32.366455,-78.28363,36000,411.4,301.2
32.386002,-78.321698,36000,411.4,301.2
32.405365,-78.359271,36000,411.4,301.2
32.424937,-78.397372,36000,411.4,301.2
32.444675,-78.435937,36000,412.3,301.1
32.464417,-78.474518,36000,412.3,301.1
32.483779,-78.512337,36000,412.8,301.2
32.503052,-78.550049,36000,413.1,301.0
32.522598,-78.588336,36000,414.5,301.1
32.541876,-78.626124,36000,415.9,301.1
32.562057,-78.66568,36000,417.6,301.0
32.581678,-78.704317,36000,419.3,300.9
32.601277,-78.742993,36000,419.8,301.0
32.620922,-78.78167,36000,420.3,301.1
32.64061,-78.820367,36000,420.7,300.9
32.66066,-78.859973,36000,420.7,300.9
32.680509,-78.899156,36000,421.2,301.0
32.700119,-78.937866,36000,421.5,300.8
32.719985,-78.977069,36000,421.2,301.0
32.739816,-79.016194,36000,422.1,300.9
32.759308,-79.054816,36000,422.4,300.8
32.778827,-79.093827,36000,421.9,300.6
32.797122,-79.130205,36000,421.4,301.3
32.803116,-79.140894,36000,423.1,304.9
32.809086,-79.150216,36000,423.9,308.0
32.815836,-79.159745,36000,425.4,310.8
32.823807,-79.169788,36000,426.4,314.1
32.83255,-79.17973,36000,428.8,317.3
32.841568,-79.188849,36000,429.7,320.4
32.851216,-79.197637,36000,431.0,323.4
32.862994,-79.207278,35975,432.9,326.0
32.872118,-79.214621,35900,432.4,325.6
32.899109,-79.23653,35650,431.6,325.6
32.925467,-79.258062,35400,427.7,325.4
32.952026,-79.279761,35125,425.8,325.5
32.967499,-79.29234,35000,426.6,325.6
32.974365,-79.297888,34975,426.0,325.7
33.006607,-79.323924,34975,425.5,325.8
33.038727,-79.349854,35000,424.6,325.8
33.070816,-79.375836,35000,423.8,325.7
33.102997,-79.402039,35000,424.4,325.6
33.135091,-79.428182,35000,424.4,325.6
33.167492,-79.454414,35000,424.6,325.8
33.199706,-79.480535,35000,425.2,325.6
33.232106,-79.506992,35000,424.9,325.5
33.263992,-79.533051,35000,424.9,325.5
33.296173,-79.559418,35000,425.8,325.5
33.328376,-79.585746,35000,425.8,325.5
33.360591,-79.612146,35000,424.9,325.5
33.392532,-79.6383,35000,425.8,325.5
33.424805,-79.664722,35000,425.8,325.5
33.456767,-79.690901,35000,425.8,325.5
33.489075,-79.717413,35000,425.8,325.5
33.521056,-79.743646,35000,424.9,325.5
33.553224,-79.770184,35000,425.5,325.3
33.585297,-79.796616,35000,425.5,325.3
33.617157,-79.822905,35000,425.5,325.3
33.648702,-79.848919,35000,426.3,325.4
33.680786,-79.875314,35000,426.3,325.4
33.712525,-79.901619,35000,425.5,325.3
33.744693,-79.928226,35000,425.5,325.3
33.776907,-79.954891,35000,426.1,325.2
33.808935,-79.981441,35000,426.1,325.2
33.841196,-80.008278,35000,426.1,325.2
33.873459,-80.03512,35000,426.9,325.3
33.905903,-80.062008,35000,426.9,325.3
33.938211,-80.088787,35000,426.3,325.4
33.970047,-80.115219,35000,427.5,325.2
34.00177,-80.141732,35000,427.5,325.2
34.033969,-80.168667,35000,427.5,325.2
34.066452,-80.195823,35000,427.5,325.2
34.09835,-80.222454,35000,427.5,325.2
34.12999,-80.248793,35000,426.9,325.3
34.161758,-80.275362,35000,427.5,325.2
34.193364,-80.301876,35000,426.4,324.9
34.225624,-80.329113,35000,427.2,325.0
34.257838,-80.356178,35000,427.2,325.0
34.289634,-80.3829,35000,426.7,325.1
34.321381,-80.409608,35000,426.7,325.1
34.353195,-80.436401,35000,426.7,325.1
34.385239,-80.463307,35000,427.2,325.0
34.416814,-80.490017,35000,427.2,325.0
34.448868,-80.517117,35000,426.4,324.9
34.481056,-80.544319,35000,425.8,325.0
34.513138,-80.571432,35000,425.8,325.0
34.545181,-80.598506,35000,425.8,325.0
34.57714,-80.625629,35000,426.4,324.9
34.608842,-80.65258,35000,426.2,324.7
34.640854,-80.679894,35000,425.6,324.9
34.672852,-80.707111,35000,426.4,324.9
34.704507,-80.734062,35000,426.4,324.9
34.736526,-80.761283,35000,426.4,324.9
34.768144,-80.788193,35000,426.4,324.9
34.800218,-80.815487,35000,426.4,324.9
34.832062,-80.842615,35000,426.4,324.9
34.863693,-80.869633,35000,425.6,324.9
34.895233,-80.896594,35000,425.6,324.9
34.927073,-80.92392,35000,426.2,324.7
34.959045,-80.951357,35000,426.7,324.6
34.990757,-80.97868,35000,427.6,324.7
35.023041,-81.006401,35000,428.4,324.8
35.054906,-81.033726,35000,428.4,324.8
35.086561,-81.06102,35025,430.4,324.6
35.110443,-81.081676,35075,436.7,324.6
35.116379,-81.086781,35125,436.7,324.6
35.137629,-81.105137,35450,436.2,324.7
35.159592,-81.124056,35750,434.8,324.7
35.174286,-81.13678,35950,434.0,324.7
35.17948,-81.141243,35975,434.0,324.7
35.186554,-81.147374,36000,434.5,324.5
35.219002,-81.175404,36000,434.0,324.7
35.251465,-81.203556,36000,434.0,324.7
35.283966,-81.231594,36000,433.1,324.6
35.316467,-81.259804,36000,431.7,324.6
35.348837,-81.2879,36000,431.7,324.6
35.381241,-81.315994,36000,431.2,324.7
35.413467,-81.343918,36000,430.4,324.6
35.445557,-81.371784,36000,430.9,324.5
35.4776,-81.39975,36000,430.9,324.5
35.509256,-81.427392,36000,430.9,324.5
35.54133,-81.455383,36000,431.5,324.4
35.572998,-81.483135,36000,432.1,324.3
35.605087,-81.511345,36000,432.9,324.4
35.637367,-81.539651,36000,433.7,324.5
35.669582,-81.567935,36000,434.3,324.4
35.701355,-81.595802,36000,434.3,324.4
35.733719,-81.624298,36000,434.9,324.3
35.765762,-81.652451,36000,435.1,324.5
35.797833,-81.680603,36000,435.1,324.5
35.830124,-81.708927,36000,435.9,324.5
35.862215,-81.737229,36000,436.3,324.2
35.894806,-81.766033,36000,436.3,324.2
35.927015,-81.794615,36000,436.3,324.2
35.95909,-81.823016,36000,436.3,324.2
35.991211,-81.8513,36000,435.7,324.3
36.023239,-81.879643,36000,435.7,324.3
36.055984,-81.908741,36000,435.5,324.2
36.088459,-81.937671,36000,436.1,324.0
36.120766,-81.966481,36000,436.1,324.0
36.152893,-81.995144,36000,436.3,324.2
36.184915,-82.023575,36000,436.3,324.2
36.217315,-82.052385,36000,436.3,324.2
36.249716,-82.08137,36000,436.1,324.0
36.282349,-82.110589,36000,436.1,324.0
36.315079,-82.139854,36000,436.1,324.0
36.347056,-82.168443,36000,436.1,324.0
36.379131,-82.197253,36000,436.1,324.0
36.411671,-82.226472,36000,436.6,323.9
36.444031,-82.255669,36000,435.8,323.9
36.476378,-82.284793,36000,436.6,323.9
36.50836,-82.313661,36000,436.6,323.9
36.540481,-82.342529,36000,436.1,324.0
36.572937,-82.371655,36000,436.1,324.0
36.605375,-82.400909,36000,435.8,323.9
36.637436,-82.429962,36000,436.4,323.8
36.669663,-82.459113,36000,436.6,323.9
36.701935,-82.488384,36000,436.2,323.6
36.727667,-82.512642,36000,435.6,322.4
36.759369,-82.543147,36000,435.5,322.2
36.790699,-82.573476,36000,435.5,322.2
36.822144,-82.603741,36000,435.0,322.5
36.853498,-82.633727,36000,434.2,322.4
36.884781,-82.663581,36000,434.4,322.6
36.916437,-82.693734,36000,433.6,322.5
36.947845,-82.723778,36000,433.0,322.6
36.979568,-82.754108,36000,432.8,322.4
37.002046,-82.775713,35975,432.0,322.3
37.007586,-82.781087,35925,432.0,322.3
37.032211,-82.804832,35650,429.8,322.3
37.058029,-82.829668,35375,428.4,322.3
37.082814,-82.853573,35100,427.0,322.3
37.108418,-82.878232,34850,428.6,322.5
37.132965,-82.90178,34575,430.6,322.4
37.1586,-82.926499,34325,433.4,322.3
37.184052,-82.951102,34075,436.3,322.3
37.194586,-82.961286,34000,436.9,322.2
37.202733,-82.969228,33975,436.9,322.2
37.234085,-82.999488,34000,435.6,322.4
37.265991,-83.030344,34000,434.8,322.3
37.297281,-83.060701,34000,434.1,322.2
37.328293,-83.090827,34000,433.3,322.1
37.359381,-83.121185,34000,433.3,322.1
37.390182,-83.151076,34000,433.4,322.3
37.421249,-83.181252,34000,432.7,322.2
37.452164,-83.211384,34000,432.5,322.0
37.483117,-83.241677,34000,431.1,322.1
37.51442,-83.272277,34000,430.3,322.0
37.545823,-83.302997,34000,429.7,322.1
37.576547,-83.33309,34000,428.9,322.0
37.607318,-83.363183,34000,428.9,322.0
37.637903,-83.393216,34000,428.3,322.1
37.669189,-83.423923,34000,427.5,322.0
37.700089,-83.454252,34000,427.5,322.0
37.730988,-83.484698,34000,426.7,322.0
37.76136,-83.514723,34000,427.3,321.8
37.791758,-83.544696,34000,426.7,322.0
37.822669,-83.575148,34000,427.5,322.0
37.8533,-83.60536,34000,426.7,322.0
37.883926,-83.635643,34000,425.3,322.0
37.914936,-83.666262,34000,424.5,321.9
37.945633,-83.69677,34000,424.3,321.7
37.975919,-83.726926,34000,423.7,321.8
38.006411,-83.757258,34000,423.7,321.8
38.036809,-83.78759,34000,422.9,321.7
38.067208,-83.817922,34000,422.9,321.7
38.097794,-83.848474,34000,423.7,321.8
38.128145,-83.878764,34000,423.7,321.8
38.15831,-83.908841,34000,423.5,321.6
38.188337,-83.93895,34000,423.5,321.6
38.218968,-83.9697,34000,424.3,321.7
38.24946,-84.000271,34000,425.0,321.6
38.279672,-84.030483,34000,425.7,321.7
38.310211,-84.061113,34000,425.7,321.7
38.340683,-84.091751,34000,425.7,321.7
38.371216,-84.12249,34000,426.4,321.6
38.401474,-84.152994,34000,427.0,321.5
38.432271,-84.184143,34000,427.8,321.5
38.463042,-84.215271,34000,428.4,321.4
38.493805,-84.246448,34000,427.6,321.4
38.524155,-84.277317,34000,428.4,321.4
38.554413,-84.308007,34000,428.4,321.4
38.58522,-84.339235,34000,428.4,321.4
38.615707,-84.370164,34000,428.4,321.4
38.646652,-84.40157,34000,428.4,321.4
38.677275,-84.432678,34000,428.4,321.4
38.707487,-84.46344,34000,428.4,321.4
38.737886,-84.494507,34000,429.0,321.3
38.768145,-84.525452,34000,428.2,321.3
38.798584,-84.556692,34000,427.4,321.2
38.814511,-84.572815,34000,429.2,323.0
38.825134,-84.582427,34000,429.9,325.9
38.836441,-84.591741,33975,431.2,328.1
38.843234,-84.596985,33925,432.2,329.4
38.855759,-84.605832,33800,433.1,331.9
38.877357,-84.619629,33600,432.5,333.5
38.906266,-84.638123,33325,433.8,333.4
38.935361,-84.656738,33075,434.2,333.6
38.963196,-84.674497,32800,432.5,333.5
38.992294,-84.693115,32550,430.2,333.5
39.021203,-84.711609,32300,432.0,333.6
39.052533,-84.731628,32050,441.4,333.5
39.084961,-84.752416,31800,449.5,333.4
39.118652,-84.774031,31550,458.4,333.4
39.152664,-84.795884,31300,464.2,333.4
39.185067,-84.816772,31050,468.7,333.4
39.202469,-84.828007,30875,470.9,333.4
39.228919,-84.845032,30550,472.3,333.3
39.254883,-84.861742,30225,474.0,333.4
39.281151,-84.878723,29900,473.6,333.3
39.298654,-84.890076,29725,472.7,333.2
39.330688,-84.910942,29475,471.8,333.2
39.361546,-84.93103,29200,470.5,333.2
39.39255,-84.951233,28925,468.2,333.2
39.424072,-84.971785,28650,468.2,333.2
39.454651,-84.991608,28375,469.1,333.3
39.485367,-85.01167,28100,469.6,333.2
39.499695,-85.020984,28000,468.2,333.2
39.507395,-85.026001,28000,469.1,333.3
39.546021,-85.051197,27975,468.2,333.2
39.584198,-85.076095,28000,467.3,333.2
39.622559,-85.101232,28000,466.5,333.1
39.661148,-85.126489,28000,466.5,333.1
39.6996,-85.151745,28000,467.3,333.2
39.738144,-85.177002,28000,468.7,333.1
39.775954,-85.201843,28000,468.7,333.1
39.814034,-85.226929,28000,468.7,333.1
39.852448,-85.252234,28000,468.7,333.1
39.890566,-85.277283,28000,468.7,333.1
39.928802,-85.30249,28000,467.8,333.0
39.96666,-85.327454,28000,467.8,333.0
40.004929,-85.352783,28000,466.9,333.0
40.042652,-85.377815,28000,466.9,333.0
40.04924,-85.382141,27950,466.5,333.1
40.08046,-85.402771,27675,465.6,333.0
40.11113,-85.423096,27425,460.2,333.0
40.140015,-85.442322,27150,458.4,332.9
40.169693,-85.46221,26875,456.6,332.8
40.199813,-85.482434,26600,456.2,332.9
40.228592,-85.501709,26325,453.1,332.8
40.25885,-85.521973,26075,450.8,332.8
40.2864,-85.540362,25800,449.5,332.9
40.315933,-85.56012,25525,447.2,332.9
40.346359,-85.5805,25250,448.1,332.9
40.376266,-85.600525,25000,450.8,332.8
40.404317,-85.619389,24725,448.6,332.8
40.433121,-85.638977,24475,444.3,331.6
40.441605,-85.645606,24400,441.7,327.9
40.451427,-85.654283,24300,440.3,325.1
40.461017,-85.663771,24200,438.1,322.0
40.470095,-85.673821,24100,434.5,319.0
40.478256,-85.683716,24025,432.8,316.1
40.481966,-85.688615,24000,432.1,314.5
40.490997,-85.701412,23975,429.9,311.7
40.498764,-85.713623,23975,428.4,308.6
40.522797,-85.753723,24000,426.5,308.2
40.546813,-85.793734,23975,427.3,308.2
40.549932,-85.798916,23950,427.3,308.2
40.569949,-85.832374,23675,428.1,308.1
40.589859,-85.865723,23400,426.7,308.0
40.609314,-85.898376,23150,423.1,308.1
40.628466,-85.930439,22875,421.7,308.1
40.648041,-85.963257,22600,421.1,308.0
40.667358,-85.995728,22350,418.9,308.0
40.686283,-86.027631,22075,419.1,307.8
40.692801,-86.03868,22000,419.1,307.8
40.698247,-86.047856,21975,419.1,307.8
40.721989,-86.088056,22000,417.7,307.8
40.745636,-86.127991,22000,415.5,307.9
40.769073,-86.167725,22000,414.1,307.8
40.792376,-86.207095,22000,412.7,307.8
40.81514,-86.245859,22000,412.0,307.7
40.83783,-86.284485,22000,412.0,307.7
40.860901,-86.323853,22000,412.0,307.7
40.883991,-86.363088,22000,411.3,307.8
40.907089,-86.402283,22000,411.3,307.8
40.930031,-86.441428,22000,410.6,307.7
40.95282,-86.48053,22000,410.8,307.5
40.975937,-86.520325,22000,411.0,307.3
40.999008,-86.56012,22000,410.8,307.5
41.021576,-86.598816,22000,410.6,307.7
41.044782,-86.638496,22000,410.6,307.7
41.050089,-86.647547,21975,410.6,307.7
41.054558,-86.655225,21950,410.6,307.7
41.071472,-86.684265,21675,408.6,307.5
41.076903,-86.693552,21575,407.8,307.6
41.079277,-86.697672,21525,407.2,307.5
41.08221,-86.702728,21450,406.6,307.4
41.084976,-86.70752,21350,405.8,307.5
41.09491,-86.72467,20950,405.2,307.4
41.106903,-86.745422,20550,402.4,307.3
41.119171,-86.766724,20150,400.2,307.4
41.130753,-86.786743,19750,396.0,307.3
41.142746,-86.807495,19350,393.0,307.5
41.154459,-86.827823,18950,390.2,307.4
41.166284,-86.848297,18550,386.6,307.4
41.178294,-86.869084,18150,383.0,307.5
41.189699,-86.888809,17750,380.4,307.2
41.200406,-86.907473,17350,379.0,307.2
41.210881,-86.925763,16950,378.2,307.3
41.221161,-86.943542,16550,376.6,307.5
41.23201,-86.962341,16150,374.6,307.3
41.242583,-86.980695,15750,372.4,307.4
41.253113,-86.999023,15350,371.0,307.3
41.263504,-87.017029,14950,369.6,307.3
41.273712,-87.03479,14550,368.2,307.3
41.283875,-87.052481,14150,367.4,307.4
41.294302,-87.070645,13750,366.0,307.3
41.304611,-87.088684,13350,364.0,307.2
41.315048,-87.106873,12950,362.4,307.4
41.324049,-87.122581,12550,362.6,307.1
41.333266,-87.138623,12150,361.8,307.2
41.337782,-87.146551,11950,361.2,307.1
41.342697,-87.155151,11750,361.8,307.2
41.347325,-87.16328,11550,361.2,307.1
41.351852,-87.171143,11350,360.4,307.2
41.355425,-87.1772,11250,360.1,308.5
41.359955,-87.184448,11125,358.2,310.6
41.364487,-87.191101,11075,356.1,312.1
41.366784,-87.194304,11050,354.4,313.5
41.373115,-87.202606,11025,352.2,316.1
41.385544,-87.217651,11025,351.2,318.0
41.4091,-87.246009,11025,348.3,317.8
41.432655,-87.274496,11025,346.2,317.7
41.455745,-87.302282,11025,344.1,317.8
41.479294,-87.330572,11050,344.1,318.1
41.496153,-87.35057,11025,346.7,319.1
41.502136,-87.357101,10975,348.3,320.8
41.509793,-87.364878,10875,350.0,324.0
41.521088,-87.375079,10725,351.1,326.3
41.53251,-87.385318,10575,350.9,326.0
41.545029,-87.396552,10425,350.3,326.2
41.557297,-87.407476,10275,350.3,326.2
41.569702,-87.418587,10125,349.5,326.1
41.577072,-87.425142,10050,348.1,326.1
41.582657,-87.430136,10025,346.7,326.2
41.608841,-87.453606,10025,345.0,326.0
41.635117,-87.477264,10025,343.1,326.2
41.64949,-87.490311,10025,341.8,325.0
41.657089,-87.497989,10025,341.4,322.3
41.665604,-87.507352,10025,341.1,319.4
41.689636,-87.534693,10050,341.9,319.5
41.713552,-87.561866,10025,341.2,319.6
41.737526,-87.58914,10025,340.5,319.5
41.761551,-87.615967,10025,340.1,320.1
41.785263,-87.642496,10050,340.1,320.1
41.80925,-87.669338,10050,339.9,319.9
41.817352,-87.678951,10050,339.7,317.4
41.824206,-87.688017,10025,338.7,314.6
41.830994,-87.697927,10025,337.9,311.5
41.836945,-87.707478,10025,337.2,308.7
41.84306,-87.718293,10025,335.8,305.9
41.849484,-87.731004,10025,335.0,303.3
41.854477,-87.741061,10000,330.6,303.4
41.861023,-87.754295,10025,321.2,303.4
41.865875,-87.764095,10025,313.1,303.5
41.871002,-87.774894,10025,303.4,301.4
41.873886,-87.782073,10025,297.4,297.0
41.875671,-87.787254,10000,293.6,294.6
41.877274,-87.792372,10000,289.7,292.3
41.878952,-87.798455,9950,285.3,289.5
41.880157,-87.803421,9900,284.0,288.0
41.881512,-87.81008,9825,281.8,284.4
41.882767,-87.817965,9725,280.3,281.1
41.883607,-87.825346,9625,278.3,277.4
41.884166,-87.834097,9525,275.6,273.7
41.884352,-87.842975,9400,275.0,270.4
41.884305,-87.857794,9225,272.0,270.2
41.884369,-87.867529,9100,271.0,270.4
41.884415,-87.880076,8900,270.0,270.4
41.884445,-87.892158,8725,270.0,270.2
41.884491,-87.898992,8625,269.0,270.2
41.884538,-87.913492,8475,267.0,270.4
41.884585,-87.927416,8325,267.0,270.2
41.884598,-87.943309,8175,267.0,269.8
41.884631,-87.958395,8025,267.0,270.2
41.884631,-87.973406,7875,268.0,270.2
41.884538,-87.987586,7775,268.1,268.3
41.884048,-87.999365,7700,272.6,266.2
41.883499,-88.013347,7525,275.4,267.1
41.883002,-88.027635,7375,273.2,267.7
41.882492,-88.041812,7200,270.4,267.0
41.881897,-88.058728,7050,272.3,267.3
41.881512,-88.069792,6950,272.2,267.7
41.881233,-88.080011,6850,271.2,267.9
41.880954,-88.089593,6750,270.2,267.7
41.880674,-88.098726,6650,268.3,267.4
41.880386,-88.107605,6550,266.2,267.9
41.880112,-88.116968,6450,265.2,267.6
41.879836,-88.126128,6350,263.2,267.6
41.879517,-88.13582,6250,261.2,267.6
41.879278,-88.144652,6150,260.2,267.6
41.878967,-88.154796,6050,259.2,267.8
41.878626,-88.164517,5950,258.2,267.6
41.878326,-88.174147,5850,258.3,267.3
41.878006,-88.183323,5750,258.3,267.3
41.877648,-88.193132,5650,258.3,267.3
41.877322,-88.202139,5550,257.3,267.3
41.876999,-88.211788,5450,257.2,267.5
41.876717,-88.220726,5350,257.2,267.8
41.876404,-88.231014,5250,258.3,267.3
41.876066,-88.240335,5150,258.3,267.1
41.875693,-88.249278,5050,259.3,267.1
41.875488,-88.255483,5025,258.3,267.1
41.875259,-88.261538,5025,258.3,267.1
41.873924,-88.293287,5025,256.5,266.4
41.87233,-88.324398,5025,254.6,266.0
41.870636,-88.355859,5050,254.6,266.2
41.869222,-88.386607,5025,256.5,266.4
41.869034,-88.394061,5025,256.0,269.1
41.869217,-88.398992,5025,254.5,273.6
41.869675,-88.403237,5025,252.4,279.4
41.870526,-88.407813,5025,249.9,285.3
41.871783,-88.412284,5025,248.3,291.5
41.873412,-88.416564,5025,246.5,297.8
41.875351,-88.420403,5025,244.9,304.0
41.877509,-88.423973,5025,242.6,310.3
41.88002,-88.427145,5025,240.5,316.7
41.88208,-88.42933,5025,240.0,323.1
41.884864,-88.431638,5025,239.4,329.4
41.88789,-88.433618,5025,239.0,335.8
41.890961,-88.435072,5025,238.5,342.2
41.893753,-88.435946,5025,238.7,346.4
41.896874,-88.436556,5025,240.1,352.3
41.901157,-88.436939,5025,240.3,357.1
41.909537,-88.437131,5025,239.0,359.8
41.931473,-88.437132,5025,239.0,0.0
41.948959,-88.43707,5025,239.0,0.7
41.953491,-88.436633,5050,239.8,4.6
41.955996,-88.436109,5050,239.7,10.1
41.959625,-88.434885,5050,241.5,16.1
41.962839,-88.433235,5050,242.2,22.3
41.965679,-88.431191,5050,242.5,28.6
41.968597,-88.428643,5050,243.6,34.8
41.970986,-88.425953,5050,244.5,41.2
41.97345,-88.422526,5050,244.9,47.3
41.975327,-88.419342,5050,245.5,51.5
41.976837,-88.416096,5050,246.1,58.1
41.978256,-88.412226,5050,245.6,65.2
41.979598,-88.407493,5025,245.8,70.0
41.981506,-88.399318,5025,245.2,73.4
41.984436,-88.385384,5025,245.9,75.4
41.985489,-88.37883,5025,245.7,78.7
41.986394,-88.370957,5025,245.2,82.3
41.986954,-88.362912,5025,244.8,85.3
41.987325,-88.353009,5025,244.2,87.9
41.987595,-88.335384,5025,243.0,89.5
41.987549,-88.305484,5025,243.0,90.0
41.987605,-88.286516,5050,238.0,89.8
41.987651,-88.279298,5050,233.0,89.8
41.987686,-88.270964,5075,228.0,89.8
41.987686,-88.262475,5075,223.0,89.5
41.987791,-88.247234,5050,218.0,89.7
41.987791,-88.229924,5000,215.0,90.0
41.987823,-88.22009,4900,214.0,90.0
41.987823,-88.211601,4800,214.0,89.7
41.987884,-88.205524,4700,214.0,89.5
41.987884,-88.200414,4600,215.0,89.7
41.987915,-88.194809,4500,215.0,89.7
41.987915,-88.190252,4400,216.0,90.0
41.987915,-88.184697,4300,216.0,89.7
41.987961,-88.17808,4200,215.0,90.0
41.987931,-88.170521,4100,214.0,90.0
41.987961,-88.162225,4000,212.0,90.0
41.987977,-88.154233,3900,212.0,89.7
41.988024,-88.145802,3800,211.0,89.7
41.988052,-88.13788,3700,211.0,89.7
41.988052,-88.130514,3600,212.0,89.7
41.98807,-88.12434,3500,213.0,89.7
41.988098,-88.117655,3400,213.0,89.7
41.988098,-88.110913,3300,214.0,89.7
41.988098,-88.104484,3200,214.0,90.0
41.988144,-88.097056,3100,212.0,89.7
41.988144,-88.090751,3000,210.0,90.0
41.988144,-88.084072,2900,209.0,90.0
41.988163,-88.077265,2800,207.0,89.7
41.988163,-88.070941,2700,204.0,90.0
41.98819,-88.064409,2600,200.0,90.0
41.98819,-88.057667,2500,196.0,90.0
41.98819,-88.051362,2425,191.0,89.7
41.98821,-88.045711,2375,186.0,89.7
41.98821,-88.04124,2300,181.0,89.7
41.988256,-88.036194,2225,176.0,89.3
41.988281,-88.030326,2125,172.0,89.7
41.988303,-88.023675,2025,167.0,89.7
41.98835,-88.016968,1925,163.0,90.0
41.988303,-88.008856,1825,159.0,90.7
41.988235,-88.001924,1725,158.0,90.4
41.988235,-87.994558,1625,157.0,90.0
41.988235,-87.987879,1525,155.0,90.0
41.988235,-87.98095,1425,153.0,90.0
41.98821,-87.973981,1325,156.0,90.0
41.988256,-87.966699,1225,156.0,89.6
41.98821,-87.95897,1125,156.0,90.4
41.988256,-87.952455,1025,155.0,89.3
41.988303,-87.946132,925,154.0,89.3
41.988303,-87.939233,825,152.0,90.0
41.988327,-87.93251,725,150.0,90.4
41.988303,-87.928758,675,148.0,90.0
41.988327,-87.922897,675,143.0,90.0
41.988327,-87.921025,650,139.0,89.6
41.988303,-87.920646,650,137.0,89.6
41.988303,-87.919815,625,133.0,90.0
41.988303,-87.919496,625,127.0,90.0
41.988327,-87.918403,625,123.0,90.0
41.988303,-87.917644,625,119.0,90.0
41.988303,-87.916494,625,115.0,90.0
41.988327,-87.915532,650,106.0,90.0
41.988315,-87.914226,-50.0,93.0,90.0
41.988316,-87.91305,-50.0,85.0,90.0
41.988315,-87.91255,-50.0,79.0,90.0
41.988327,-87.911864,-50.0,75.0,90.0
41.988327,-87.91163,-50.0,69.5,90.0
41.988326,-87.911049,-50.0,65.5,90.0
41.988327,-87.910663,-50.0,62.5,90.0
41.988316,-87.910163,-50.0,58.5,90.0
41.988315,-87.909643,-50.0,56.5,90.0
41.988303,-87.908877,-50.0,51.5,90.0
41.988304,-87.908587,-50.0,48.5,90.0
41.988303,-87.90835,-50.0,44.5,90.0
41.988303,-87.908063,-50.0,39.5,90.0
41.988291,-87.907743,-50.0,35.5,90.0
41.988281,-87.907323,-50.0,31.5,92.8
41.988256,-87.906977,-50.0,28.5,95.6
41.988247,-87.906808,-50.0,27.5,98.4
41.98819,-87.906496,-50.0,25.5,101.2
41.988121,-87.906153,-50.0,25.5,104.1
41.988059,-87.905859,-50.0,25.5,106.9
41.987972,-87.90556,-50.0,24.5,109.7
41.987698,-87.904821,-50.0,20.5,118.1
41.987572,-87.904545,-50.0,16.5,120.9
41.987423,-87.90428,-50.0,10.2,129.4
41.987297,-87.904139,-50.0,9.2,146.2
41.987232,-87.904134,-50.0,8.8,154.7
41.987194,-87.904124,-50.0,8.8,163.1
41.987151,-87.904134,-50.0,8.8,174.4
41.987093,-87.904166,-50.0,8.8,188.4
41.987,-87.904249,-50.0,8.8,213.8
41.986883,-87.904518,-50.0,10.2,244.7
41.98686,-87.904677,-50.0,11.2,255.9
41.986828,-87.904904,-50.0,12.8,261.6
41.986813,-87.905172,-50.0,14.2,267.2
41.986813,-87.905476,-50.0,15.5,270.0
41.986816,-87.906028,-50.0,18.5,270.0
41.986805,-87.906605,-50.0,18.5,270.0
41.986805,-87.907276,-50.0,19.5,270.0
41.986805,-87.907822,-50.0,19.5,270.0
41.986802,-87.908318,-50.0,19.5,270.0
41.986813,-87.908893,-50.0,20.5,270.0
41.986816,-87.90943,-50.0,22.5,270.0
41.986813,-87.909963,-50.0,22.5,270.0
41.986813,-87.910506,-50.0,23.5,270.0
41.986813,-87.911097,-50.0,23.5,270.0
41.986805,-87.911942,-50.0,23.5,270.0
41.986805,-87.912769,-50.0,24.5,270.0
41.986805,-87.913362,-50.0,24.5,270.0
41.986805,-87.913893,-50.0,24.5,270.0
41.986802,-87.914498,-50.0,24.5,270.0
41.986805,-87.914938,-50.0,24.5,270.0
41.986805,-87.915656,-50.0,23.5,270.0
41.986805,-87.916281,-50.0,23.5,270.0
41.986805,-87.916858,-50.0,24.5,270.0
41.986813,-87.91734,-50.0,24.5,270.0
41.986802,-87.917867,-50.0,24.5,270.0
41.986802,-87.918506,-50.0,24.5,270.0
41.986805,-87.91937,-50.0,23.5,270.0
41.986802,-87.919927,-50.0,22.5,270.0
41.986805,-87.920416,-50.0,18.5,270.0
41.986813,-87.920997,-50.0,15.5,270.0
41.986816,-87.921508,-50.0,11.8,270.0
41.986805,-87.922008,-50.0,7.2,270.0
41.986805,-87.922242,-50.0,2.2,270.0
41.986805,-87.92232,-50.0,0.0,270.0
41.986805,-87.922492,-50.0,4.8,270.0
41.986805,-87.922741,-50.0,6.8,267.2
41.986794,-87.923053,-50.0,7.8,267.2
41.986782,-87.923225,-50.0,8.2,264.4
41.986771,-87.923459,-50.0,9.2,267.2
41.986767,-87.923648,-50.0,9.8,272.8
41.98679,-87.924143,-50.0,12.8,272.8
41.986802,-87.924686,-50.0,15.5,270.0
41.986802,-87.925229,-50.0,17.5,270.0
41.986805,-87.925816,-50.0,18.5,270.0
41.986802,-87.926315,-50.0,19.5,270.0
41.986813,-87.926905,-50.0,19.5,270.0
41.986816,-87.927485,-50.0,19.5,270.0
41.986813,-87.928071,-50.0,18.5,270.0
41.986805,-87.928562,-50.0,16.5,270.0
41.986805,-87.929124,-50.0,12.8,270.0
41.986802,-87.92954,-50.0,11.2,267.2
41.986782,-87.92967,-50.0,11.2,258.8
41.986755,-87.929764,-50.0,10.2,253.1
41.98672,-87.92986,-50.0,10.2,244.7
41.986674,-87.929939,-50.0,10.8,236.2
41.986588,-87.930029,-50.0,11.2,225.0
41.986522,-87.930083,-50.0,11.8,216.6
41.98645,-87.930123,-50.0,11.8,205.3
41.986371,-87.930147,-50.0,12.2,196.9
41.986301,-87.930154,-50.0,12.2,188.4
41.986196,-87.930163,-50.0,13.2,180.0
41.985789,-87.930147,-50.0,15.5,177.2
41.985382,-87.930147,-50.0,16.5,180.0
41.984951,-87.930138,-50.0,15.5,180.0
41.984521,-87.930147,-50.0,16.5,180.0
41.98409,-87.930147,-50.0,15.5,180.0
41.983648,-87.930147,-50.0,14.8,180.0
41.983206,-87.930147,-50.0,15.5,180.0
41.982763,-87.930147,-50.0,16.5,180.0
41.982376,-87.930154,-50.0,15.5,177.2
41.98201,-87.930138,-50.0,14.2,180.0
41.981565,-87.930147,-50.0,10.8,180.0
41.981402,-87.930131,-50.0,9.8,174.4
41.981323,-87.930092,-50.0,9.2,165.9
41.981274,-87.930051,-50.0,9.2,157.5
41.981215,-87.930003,-50.0,9.8,149.1
41.981157,-87.929923,-50.0,9.8,140.6
41.981111,-87.929844,-50.0,10.8,129.4
41.981083,-87.929748,-50.0,10.8,118.1
41.981064,-87.929652,-50.0,11.8,109.7
41.981041,-87.929492,-50.0,13.2,101.2
41.981029,-87.929365,-50.0,14.2,95.6
41.981026,-87.929124,-50.0,15.5,90.0
41.981026,-87.928562,-50.0,14.8,90.0
41.981029,-87.927959,-50.0,15.5,90.0
41.981029,-87.927384,-50.0,17.5,90.0
41.981037,-87.926799,-50.0,17.5,90.0
41.981041,-87.926267,-50.0,16.5,87.2
41.981029,-87.925724,-50.0,16.5,90.0
41.981029,-87.925261,-50.0,14.8,90.0
41.981037,-87.924708,-50.0,13.2,90.0
41.981029,-87.924191,-50.0,10.8,90.0
41.981026,-87.923756,-50.0,6.8,90.0
41.981029,-87.92344,-50.0,1.9,90.0
41.981026,-87.923256,-50.0,1.1,90.0
41.981029,-87.923009,-50.0,3.8,90.0
41.981014,-87.922554,-50.0,6.2,95.6
41.980991,-87.922429,-50.0,7.2,101.2
41.980959,-87.922322,-50.0,8.2,109.7
41.98089,-87.922195,-50.0,9.8,118.1
41.980843,-87.922101,-50.0,10.2,126.6
41.980762,-87.922008,-50.0,10.8,135.0
41.980602,-87.921821,-50.0,11.2,137.8
41.98035,-87.92154,-50.0,10.8,140.6
41.98018,-87.921332,-50.0,9.2,137.8
41.980122,-87.921228,-50.0,9.2,129.4
41.980087,-87.921157,-50.0,9.8,120.9
41.980052,-87.920981,-50.0,10.2,106.9
41.98004,-87.920837,-50.0,10.8,95.6
41.980052,-87.920582,-50.0,10.8,87.2
41.980064,-87.920166,-50.0,10.2,87.2
41.980052,-87.920007,-50.0,10.2,92.8
41.980028,-87.919847,-50.0,10.2,101.2
41.979982,-87.919672,-50.0,10.8,106.9
41.979935,-87.919512,-50.0,11.2,112.5
41.979744,-87.918965,-50.0,12.2,112.5
41.979691,-87.918746,-50.0,12.2,106.9
41.979656,-87.918506,-50.0,12.2,101.2
41.979595,-87.918138,-50.0,12.2,101.2
41.97954,-87.91766,-50.0,11.2,98.4
41.979469,-87.917092,-50.0,8.2,98.4
41.979401,-87.916577,-50.0,3.8,98.4
41.979378,-87.916359,-50.0,2.8,98.4
41.979355,-87.916156,-50.0,4.8,98.4
41.979295,-87.915743,-50.0,8.8,98.4
41.979249,-87.91536,-50.0,9.8,98.4
41.979183,-87.914876,-50.0,7.8,98.4
41.979167,-87.914785,-50.0,8.2,104.1
41.979126,-87.914673,-50.0,8.8,109.7
41.979074,-87.914578,-50.0,9.2,123.8
41.979039,-87.914546,-50.0,9.2,132.2
41.978946,-87.914482,-50.0,9.2,151.9
41.978886,-87.91447,-50.0,9.2,160.3
41.978806,-87.914466,-50.0,9.2,174.4
41.978678,-87.914514,-50.0,9.2,191.2
41.978531,-87.914564,-50.0,9.8,196.9
41.978291,-87.914658,-50.0,11.2,196.9
41.97812,-87.914705,-50.0,11.2,191.2
41.977701,-87.914817,-50.0,12.2,191.2
41.977445,-87.914881,-50.0,12.2,188.4
41.977014,-87.914977,-50.0,12.8,188.4
41.976677,-87.915041,-50.0,12.8,185.6
41.976525,-87.915025,-50.0,11.2,180.0
41.976368,-87.915017,-50.0,10.8,174.4
41.976153,-87.914977,-50.0,10.8,171.6
41.975796,-87.914892,-50.0,10.8,168.8
41.975407,-87.914798,-50.0,6.2,168.8
41.975105,-87.914721,-50.0,4.8,168.8
41.974919,-87.91469,-50.0,3.2,168.8
41.974766,-87.914658,-50.0,6.2,171.6
41.974512,-87.914594,-50.0,9.2,168.8
41.974159,-87.914517,-50.0,12.2,171.6
41.973849,-87.914482,-50.0,10.8,174.4
41.973747,-87.914486,-50.0,10.8,180.0
41.973674,-87.914514,-50.0,11.2,188.4
41.973592,-87.914546,-50.0,11.2,194.1
41.973495,-87.914611,-50.0,12.2,202.5
41.973175,-87.914798,-50.0,13.8,199.7
41.973049,-87.914845,-50.0,13.8,194.1
41.972883,-87.914865,-50.0,14.2,188.4
41.972683,-87.914876,-50.0,14.2,182.8
41.972277,-87.914881,-50.0,12.2,180.0
41.971939,-87.914876,-50.0,8.8,177.2
41.971859,-87.914845,-50.0,8.8,168.8
41.9718,-87.914817,-50.0,8.2,160.3
41.971745,-87.914767,-50.0,8.2,151.9
41.971707,-87.914705,-50.0,8.2,143.4
41.971653,-87.914626,-50.0,8.2,132.2
41.971626,-87.914546,-50.0,8.8,123.8
41.971596,-87.914439,-50.0,9.2,112.5
41.971579,-87.914338,-50.0,9.8,104.1
41.971579,-87.914258,-50.0,10.2,98.4
41.971567,-87.914035,-50.0,11.8,92.8
41.971567,-87.91354,-50.0,14.8,90.0
41.971579,-87.912981,-50.0,16.5,90.0
41.971579,-87.912486,-50.0,16.5,90.0
41.971573,-87.911927,-50.0,17.5,90.0
41.971573,-87.911334,-50.0,19.5,90.0
41.971579,-87.910777,-50.0,20.5,90.0
41.971584,-87.910179,-50.0,20.5,90.0
41.971584,-87.909617,-50.0,20.5,90.0
41.971584,-87.90904,-50.0,19.5,90.0
41.971584,-87.908509,-50.0,17.5,90.0
41.971573,-87.907947,-50.0,16.5,90.0
41.971567,-87.907408,-50.0,17.5,92.8
41.971544,-87.906929,-50.0,14.2,95.6
41.971527,-87.906777,-50.0,9.2,95.6
41.971498,-87.906386,-50.0,4.8,95.6
41.971486,-87.906146,-50.0,7.2,92.8
41.971463,-87.905699,-50.0,8.8,92.8
41.971474,-87.905572,-50.0,9.2,84.4
41.971498,-87.905492,-50.0,8.2,75.9
41.971527,-87.905419,-50.0,8.2,67.5
41.971561,-87.905357,-50.0,8.2,56.2
41.971614,-87.9053,-50.0,8.8,47.8
41.971672,-87.905268,-50.0,8.8,36.6
41.97171,-87.905247,-50.0,8.8,28.1
41.971765,-87.90522,-50.0,9.2,19.7
41.971812,-87.90522,-50.0,8.8,11.2
41.971905,-87.905247,-50.0,9.2,351.6
41.971963,-87.905284,-50.0,9.2,343.1
41.972008,-87.905325,-50.0,8.8,334.7
41.972045,-87.90538,-50.0,8.8,326.2
41.972091,-87.905444,-50.0,8.8,317.8
41.972122,-87.905513,-50.0,8.8,306.6
41.972134,-87.90556,-50.0,8.8,300.9
41.972149,-87.905635,-50.0,8.8,292.5
41.972161,-87.905715,-50.0,8.8,284.1
41.972168,-87.905856,-50.0,9.2,278.4
41.972196,-87.906274,-50.0,11.2,275.6
41.972237,-87.906683,-50.0,12.8,278.4
41.972282,-87.906933,-50.0,13.2,284.1
41.972347,-87.907168,-50.0,14.2,289.7
41.972408,-87.907339,-50.0,14.2,295.3
41.972511,-87.907541,-50.0,14.8,300.9
41.972626,-87.90776,-50.0,14.8,306.6
41.972763,-87.907994,-50.0,15.5,309.4
41.973038,-87.908384,-50.0,15.5,312.2
41.973324,-87.908774,-50.0,15.5,315.0
41.973621,-87.909149,-50.0,15.5,317.8
41.973873,-87.909461,-50.0,13.8,317.8
41.974171,-87.90982,-50.0,11.2,315.0
41.974244,-87.909947,-50.0,10.2,306.6
41.974267,-87.910043,-50.0,9.2,298.1
41.974279,-87.910091,-50.0,8.8,292.5
41.974308,-87.910272,-50.0,8.2,284.1
41.974434,-87.910507,-50.0,8.8,312.2
41.974503,-87.910553,-50.0,8.8,323.4
41.974826,-87.910634,-50.0,9.8,357.2
41.975047,-87.91057,-50.0,10.2,14.1
41.975233,-87.910378,-50.0,10.2,45.0
41.975373,-87.909915,-50.0,11.8,70.3
41.97592,-87.908861,-50.0,10.2,16.9
41.976048,-87.908821,-50.0,9.8,11.2
41.976153,-87.908797,-50.0,9.8,8.4
41.977203,-87.908571,-50.0,11.8,8.4
41.977615,-87.908478,-50.0,14.2,8.4
41.978352,-87.908318,-50.0,14.8,8.4
41.97869,-87.908238,-50.0,14.8,8.4
41.97919,-87.908126,-50.0,14.2,8.4
41.9799,-87.907967,-50.0,6.8,8.4
41.980075,-87.907919,-50.0,4.8,11.2
41.980098,-87.907887,-50.0,4.8,19.7
41.980122,-87.907854,-50.0,3.8,30.9
41.980122,-87.907807,-50.0,3.8,47.8
41.980121,-87.907695,-50.0,3.2,73.1
41.980121,-87.9076,-50.0,3.8,84.4
41.98011,-87.90752,-50.0,4.2,90.0
41.98011,-87.907463,-50.0,4.8,92.8
41.980098,-87.90736,-50.0,4.2,98.4
41.980063,-87.907104,-50.0,0.1,98.4
