lat,lon,alt,gs,track
42.462088,-71.294371,-50.0,7.2,323.4
42.46241,-71.294325,-50.0,7.8,16.9
42.462479,-71.294263,-50.0,7.8,25.3
42.462554,-71.294195,-50.0,8.2,33.8
42.463028,-71.293716,-50.0,10.2,36.6
42.463326,-71.29342,-50.0,11.8,36.6
42.463555,-71.293189,-50.0,12.8,36.6
42.463881,-71.292838,-50.0,13.8,36.6
42.464207,-71.292499,-50.0,13.8,39.4
42.464439,-71.292247,-50.0,12.2,39.4
42.464756,-71.291937,-50.0,12.8,36.6
42.465031,-71.291656,-50.0,13.8,36.6
42.465382,-71.291305,-50.0,13.8,36.6
42.465603,-71.291082,-50.0,13.8,39.4
42.465855,-71.290814,-50.0,13.8,36.6
42.466164,-71.290502,-50.0,14.2,36.6
42.466441,-71.290219,-50.0,13.8,36.6
42.466709,-71.289948,-50.0,14.2,36.6
42.467068,-71.289581,-50.0,13.8,36.6
42.467411,-71.289222,-50.0,12.8,36.6
42.467892,-71.288738,-50.0,12.8,36.6
42.468269,-71.288301,-50.0,10.8,45.0
42.468361,-71.28813,-50.0,10.2,53.4
42.468466,-71.287696,-50.0,11.2,75.9
42.468454,-71.287425,-50.0,11.8,90.0
42.468441,-71.287162,-50.0,12.2,95.6
42.468396,-71.286722,-50.0,12.8,98.4
42.46835,-71.286179,-50.0,13.8,95.6
42.468235,-71.28493,-50.0,16.5,95.6
42.467869,-71.280857,-50.0,14.8,95.6
42.467777,-71.279827,-50.0,11.8,98.4
42.46772,-71.27925,-50.0,12.8,98.4
42.467686,-71.27893,-50.0,13.8,98.4
42.46757,-71.277668,-50.0,17.5,98.4
42.467503,-71.276972,-50.0,15.5,95.6
42.467535,-71.276598,-50.0,12.2,81.6
42.46756,-71.276503,-50.0,11.2,75.9
42.467606,-71.276394,-50.0,11.8,67.5
42.46788,-71.276082,-50.0,12.8,33.8
42.46814,-71.275975,-50.0,14.2,14.1
42.469234,-71.27572,-50.0,15.5,11.2
42.469653,-71.276742,-50.0,26.5,275.6
42.469653,-71.276806,-50.0,30.5,275.6
42.471313,-71.294528,50,164.5,277.7
42.471422,-71.295265,75,164.5,277.7
42.471451,-71.295776,75,169.6,277.8
42.471725,-71.298398,150,172.7,278.0
42.471954,-71.300583,225,176.8,278.1
42.472229,-71.30283,300,181.0,278.6
42.472446,-71.304846,400,185.0,278.4
42.472679,-71.30721,475,187.0,278.3
42.47287,-71.308823,575,188.0,278.3
42.472961,-71.309821,600,188.1,278.6
42.473051,-71.310467,675,188.1,278.6
42.473098,-71.310978,700,187.3,278.9
42.473331,-71.312767,800,186.3,279.0
42.473511,-71.314378,900,188.1,278.6
42.473703,-71.316024,1000,188.1,278.6
42.473889,-71.317941,1075,191.9,278.1
42.47406,-71.319622,1175,193.9,278.0
42.474289,-71.322056,1275,197.7,277.6
42.474541,-71.324328,1350,200.7,277.4
42.474727,-71.326308,1400,202.7,277.4
42.47496,-71.328863,1500,204.7,277.3
42.475388,-71.333729,1600,205.5,277.0
42.475845,-71.338785,1700,205.4,276.7
42.47631,-71.344193,1775,208.5,276.9
42.476486,-71.346151,1775,210.5,276.8
42.476669,-71.348149,1800,213.6,277.0
42.478546,-71.368436,1825,215.5,276.7
42.478684,-71.370317,1850,215.5,276.7
42.478775,-71.371183,1850,215.5,276.7
42.478912,-71.372806,1900,215.5,276.7
42.47937,-71.377487,2000,214.7,277.2
42.479691,-71.381233,2100,215.7,277.2
42.480148,-71.386164,2200,215.6,276.9
42.480469,-71.389909,2300,215.5,276.7
42.480789,-71.394092,2400,215.2,276.1
42.481105,-71.398103,2500,214.2,276.2
42.481524,-71.402893,2600,215.2,276.1
42.481842,-71.406888,2675,215.3,276.4
42.482222,-71.411516,2775,217.3,276.3
42.482574,-71.416189,2875,218.3,276.3
42.48306,-71.421289,2975,220.3,278.4
42.483619,-71.425057,3025,219.8,283.1
42.484314,-71.427924,3100,218.6,289.5
42.485388,-71.431189,3175,217.4,296.2
42.486465,-71.433792,3275,216.3,299.6
42.487762,-71.436235,3350,215.6,307.1
42.489395,-71.438786,3450,214.3,313.3
42.4913,-71.441154,3550,213.4,319.0
42.493423,-71.44328,3625,211.1,326.0
42.495758,-71.445153,3700,210.7,332.6
42.498003,-71.446455,3750,210.0,336.1
42.499866,-71.447285,3775,209.3,341.9
42.50267,-71.448149,3800,208.1,348.6
42.504474,-71.448435,3800,206.8,355.0
42.507294,-71.448399,3800,206.1,1.4
42.509735,-71.448052,3825,205.9,7.8
42.511969,-71.447285,3825,206.5,15.4
42.514297,-71.446152,3825,206.9,21.9
42.516252,-71.444858,3825,208.1,28.4
42.51828,-71.443031,3825,209.5,35.3
42.520209,-71.44077,3850,211.0,42.3
42.521838,-71.438471,3900,212.6,48.8
42.523281,-71.435788,3950,213.9,54.9
42.524678,-71.432531,4000,215.2,61.4
42.525696,-71.429298,4050,217.5,67.6
42.526794,-71.424741,4150,218.3,73.2
42.527802,-71.419373,4250,218.5,76.0
42.528717,-71.414004,4350,219.1,77.6
42.529495,-71.408698,4450,218.5,78.4
42.530457,-71.402206,4550,219.3,78.7
42.531568,-71.394845,4650,220.0,79.0
42.532638,-71.387308,4750,222.2,78.8
42.533662,-71.38009,4800,226.1,79.0
42.535431,-71.367635,4825,231.0,79.3
42.539337,-71.339347,4825,231.8,79.6
42.543137,-71.311507,4825,231.8,79.6
42.547069,-71.283257,4825,231.0,79.3
42.550919,-71.255139,4825,230.9,79.5
42.554718,-71.227237,4825,231.8,79.6
42.558568,-71.198943,4825,232.0,79.3
42.562478,-71.170967,4825,232.0,79.3
42.563873,-71.16032,4825,232.1,80.6
42.564201,-71.155956,4825,233.9,85.1
42.564194,-71.152143,4800,236.1,91.7
42.563735,-71.147589,4800,237.2,97.8
42.563095,-71.143965,4825,239.4,105.3
42.561905,-71.139284,4825,240.0,108.2
42.560616,-71.135197,4825,241.9,113.4
42.557877,-71.127673,4825,244.2,116.8
42.552516,-71.114055,4825,243.9,118.7
42.541716,-71.087803,4800,244.9,119.1
42.530916,-71.06155,4825,244.9,119.1
42.520157,-71.035475,4825,245.3,119.3
42.509316,-71.009365,4825,246.2,119.2
42.49819,-70.982411,4825,246.7,119.4
42.48725,-70.956222,4825,246.2,119.2
42.47644,-70.930106,4825,245.3,119.3
42.469711,-70.913939,4825,247.5,120.6
42.467465,-70.90953,4825,245.5,125.1
42.465463,-70.906337,4800,246.8,130.7
42.462708,-70.902641,4800,248.3,136.5
42.457855,-70.897023,4825,247.0,139.9
42.451544,-70.890368,4825,244.0,142.7
42.433731,-70.872366,4825,243.0,143.4
42.430481,-70.869057,4825,243.6,143.2
42.429016,-70.867622,4800,243.6,143.2
42.427551,-70.866124,4775,243.6,143.2
42.423799,-70.862327,4675,243.4,142.9
42.419678,-70.858071,4575,243.4,142.9
42.415375,-70.853702,4475,242.8,143.0
42.410614,-70.848895,4375,243.0,143.4
42.406156,-70.844443,4275,242.4,143.6
42.401642,-70.839906,4175,242.4,143.6
42.397339,-70.835599,4075,242.4,143.6
42.39247,-70.830774,3975,241.6,143.4
42.387589,-70.825924,3875,241.6,143.4
42.383652,-70.821991,3775,241.0,143.6
42.379156,-70.817488,3675,241.0,143.6
42.3745,-70.812825,3575,240.2,143.5
42.36969,-70.808008,3475,239.4,143.3
42.364538,-70.802861,3375,238.6,143.2
42.359278,-70.797495,3275,236.4,143.1
42.354064,-70.792194,3175,235.6,142.9
42.348724,-70.786722,3075,233.4,142.8
42.343872,-70.781791,2975,232.0,142.9
42.338745,-70.776548,2875,231.2,142.7
42.336044,-70.773801,2850,229.8,142.8
42.330183,-70.767858,2825,224.8,142.8
42.31778,-70.755137,2825,222.6,143.9
42.315239,-70.752911,2800,223.5,148.7
42.312836,-70.751266,2800,224.5,153.0
42.310455,-70.75008,2800,225.2,161.1
42.307983,-70.749207,2825,225.8,165.9
42.305743,-70.748696,2825,225.9,172.6
42.302484,-70.74844,2825,226.2,177.5
42.300389,-70.748568,2825,225.7,184.6
42.297272,-70.749207,2825,225.8,190.5
42.295036,-70.750037,2825,225.5,197.6
42.292511,-70.751329,2825,225.6,202.1
42.290101,-70.752975,2825,224.3,209.1
42.287261,-70.755466,2825,223.8,214.3
42.283493,-70.759257,2825,223.7,218.1
42.277625,-70.765878,2800,224.1,220.7
42.267929,-70.777546,2800,222.3,222.1
42.253189,-70.795774,2800,220.8,222.8
42.244992,-70.806118,2800,220.7,223.9
42.242661,-70.809569,2825,219.9,229.4
42.241128,-70.812442,2800,218.8,236.8
42.239778,-70.815763,2825,216.9,242.8
42.238678,-70.819494,2825,215.6,248.8
42.238102,-70.822406,2825,214.4,254.9
42.237776,-70.824961,2825,212.4,261.3
42.237625,-70.828358,2825,211.0,268.9
42.237762,-70.831542,2825,209.3,276.3
42.238242,-70.834798,2825,207.1,284.0
42.238907,-70.837597,2825,206.2,289.8
42.239918,-70.840482,2825,204.0,297.4
42.241196,-70.843339,2800,203.3,302.8
42.241699,-70.844213,2800,203.3,304.8
42.243073,-70.846461,2775,202.2,310.4
42.244852,-70.848786,2750,200.9,316.6
42.247925,-70.852235,2675,198.3,320.9
42.252411,-70.85701,2575,197.3,321.8
42.256622,-70.861629,2475,194.6,320.4
42.26054,-70.86616,2375,192.8,318.8
42.264404,-70.87095,2275,188.2,317.1
42.268641,-70.87638,2175,183.9,315.9
42.272369,-70.881292,2075,179.6,315.0
42.276077,-70.886286,1975,176.1,315.2
42.279694,-70.891217,1875,172.5,315.0
42.283264,-70.896024,1775,169.7,315.0
42.286936,-70.900971,1675,168.3,315.0
42.291,-70.906324,1575,167.6,315.2
42.294896,-70.911574,1475,167.6,315.2
42.298574,-70.916493,1375,167.6,315.2
42.302531,-70.92173,1275,167.6,315.2
42.306564,-70.927173,1175,165.5,315.0
42.310226,-70.932042,1075,161.9,315.2
42.311691,-70.934039,1050,157.0,315.0
42.313248,-70.936161,1000,152.7,315.0
42.314621,-70.937972,950,148.5,315.0
42.31645,-70.940445,925,144.3,315.0
42.318008,-70.942528,875,139.3,314.7
42.319794,-70.944901,825,134.4,315.0
42.323293,-70.949643,750,130.1,315.0
42.326477,-70.953889,650,132.2,315.3
42.330185,-70.958821,550,134.4,315.0
42.333939,-70.963814,450,136.5,315.3
42.337771,-70.968997,350,137.2,315.0
42.341537,-70.973927,275,139.3,315.3
42.344604,-70.978109,175,138.6,315.0
42.348267,-70.982978,75,138.6,315.0
42.352066,-70.988159,-25,138.6,315.0
42.355682,-70.993091,-125,137.2,314.4
42.357648,-70.995824,-150,133.0,313.8
42.358887,-70.997523,-175,128.0,314.0
42.35907,-70.99771,-175,120.9,315.3
42.359665,-70.998521,-175,116.0,316.4
42.36026,-70.99927,-150,110.3,316.5
42.360855,-71.000019,-150,105.4,316.1
42.361496,-71.000831,-150,101.1,316.2
42.361931,-71.001445,-150,95.5,315.4
42.362366,-71.002017,-150,92.6,315.4
42.362769,-71.002595,-150,88.4,315.5
42.363328,-71.003297,-150,84.2,315.5
42.363747,-71.003808,-150,79.9,315.5
42.363968,-71.004139,-150,76.4,316.1
42.364105,-71.004264,-150,70.7,316.1
42.364305,-71.004575,-150,66.5,316.2
42.364517,-71.004826,-125,61.6,317.0
42.364597,-71.004935,-50.0,58.5,317.8
42.364783,-71.005166,-50.0,53.5,317.8
42.36498,-71.005421,-50.0,46.5,317.8
42.365124,-71.005606,-50.0,42.5,315.0
42.365341,-71.005918,-50.0,41.5,312.2
42.365593,-71.006293,-50.0,40.5,312.2
42.365818,-71.006619,-50.0,39.5,315.0
42.366005,-71.00689,-50.0,36.5,312.2
42.366249,-71.007273,-50.0,32.5,309.4
42.366296,-71.007337,-50.0,30.5,309.4
42.366371,-71.007463,-50.0,25.5,309.4
42.366424,-71.007593,-50.0,21.5,303.8
42.366463,-71.007713,-50.0,17.5,298.1
42.366474,-71.007822,-50.0,14.8,289.7
42.366474,-71.007916,-50.0,14.2,278.4
42.366451,-71.007994,-50.0,13.8,267.2
42.366383,-71.008134,-50.0,14.2,241.9
42.36633,-71.0082,-50.0,14.2,233.4
42.36628,-71.008259,-50.0,14.2,225.0
42.366188,-71.008337,-50.0,14.8,216.6
42.366096,-71.0084,-50.0,15.5,210.9
42.365911,-71.008519,-50.0,16.5,205.3
42.365562,-71.008711,-50.0,16.5,202.5
42.365178,-71.008902,-50.0,11.8,199.7
42.365039,-71.008982,-50.0,8.8,205.3
42.364975,-71.009055,-50.0,7.2,213.8
42.364952,-71.009117,-50.0,6.2,222.2
42.364922,-71.00919,-50.0,6.2,230.6
42.364918,-71.009242,-50.0,6.8,239.1
42.364906,-71.00932,-50.0,7.2,247.5
42.364906,-71.009383,-50.0,6.2,255.9
42.364906,-71.009445,-50.0,4.8,264.4
42.364918,-71.009508,-50.0,3.2,270.0
42.364929,-71.00957,-50.0,3.2,275.6
42.364945,-71.009637,-50.0,4.2,281.2
42.364975,-71.009726,-50.0,5.8,286.9
42.365044,-71.010023,-50.0,10.8,289.7
42.365192,-71.010522,-50.0,15.5,292.5
42.365364,-71.011084,-50.0,16.5,292.5
42.365501,-71.011521,-50.0,16.5,292.5
42.365667,-71.012048,-50.0,14.8,292.5
42.365822,-71.012551,-50.0,10.2,292.5
42.365868,-71.012644,-50.0,9.2,298.1
42.365925,-71.012707,-50.0,9.2,306.6
42.36597,-71.012735,-50.0,9.2,317.8
42.366016,-71.012751,-50.0,9.2,329.1
42.366074,-71.012754,-50.0,9.8,340.3
42.366131,-71.012754,-50.0,9.8,348.8
42.366237,-71.012735,-50.0,9.8,2.8
42.366307,-71.012719,-50.0,10.2,8.4
42.366447,-71.012671,-50.0,11.2,14.1
42.366863,-71.012519,-50.0,13.2,14.1
42.367261,-71.012415,-50.0,14.2,11.2
42.367389,-71.012399,-50.0,13.8,5.6
42.367518,-71.012431,-50.0,13.8,357.2
42.367607,-71.012457,-50.0,13.2,348.8
42.367715,-71.012511,-50.0,13.2,340.3
42.36782,-71.012607,-50.0,13.8,331.9
42.367928,-71.012722,-50.0,14.2,326.2
42.36803,-71.012831,-50.0,14.8,320.6
42.368179,-71.013019,-50.0,15.5,315.0
42.368483,-71.013453,-50.0,17.5,315.0
42.368774,-71.013837,-50.0,18.5,315.0
42.369083,-71.014267,-50.0,19.5,315.0
42.369381,-71.014673,-50.0,19.5,315.0
42.369633,-71.015032,-50.0,17.5,312.2
42.369892,-71.015401,-50.0,17.5,315.0
42.370194,-71.015817,-50.0,17.5,315.0
42.370491,-71.016218,-50.0,17.5,315.0
42.370776,-71.016631,-50.0,15.5,315.0
42.370904,-71.016823,-50.0,14.8,312.2
42.37104,-71.017092,-50.0,15.5,306.6
42.371265,-71.017557,-50.0,16.5,303.8
42.371463,-71.017956,-50.0,17.5,303.8
42.371704,-71.018434,-50.0,19.5,303.8
42.371917,-71.018899,-50.0,17.5,303.8
42.372115,-71.019346,-50.0,16.5,300.9
42.372301,-71.019841,-50.0,13.8,298.1
42.372405,-71.020064,-50.0,12.2,300.9
42.372464,-71.020144,-50.0,10.8,306.6
42.372568,-71.020288,-50.0,8.8,312.2
42.372768,-71.020572,-50.0,9.8,315.0
42.373032,-71.020915,-50.0,8.2,315.0
42.373089,-71.020962,-50.0,7.2,320.6
42.37315,-71.021006,-50.0,6.8,329.1
42.373348,-71.020974,-50.0,5.8,5.6
42.373455,-71.0209,-50.0,6.2,22.5
42.373547,-71.020806,-50.0,7.2,30.9
42.373616,-71.020735,-50.0,5.8,36.6
42.373695,-71.02065,-50.0,3.8,39.4
42.373756,-71.020575,-50.0,3.2,39.4
42.373856,-71.020447,-50.0,4.8,42.2
42.373993,-71.020275,-50.0,0.0,42.2
42.374,-71.020256,-50.0,0.0,42.2
42.374,-71.020272,-50.0,0.0,42.2
42.373993,-71.02026,-50.0,0.0,42.2
42.373993,-71.02026,-50.0,0.0,42.2
42.374,-71.020272,-50.0,0.0,42.2
42.373993,-71.02026,-50.0,0.0,42.2
42.373988,-71.020272,-50.0,0.0,42.2
42.373988,-71.020256,-50.0,0.0,42.2
42.374,-71.020272,-50.0,0.0,42.2
42.373993,-71.02026,-50.0,0.0,42.2
42.373993,-71.02026,-50.0,0.0,42.2
42.373993,-71.02026,-50.0,0.0,42.2
42.373993,-71.02026,-50.0,0.0,42.2
42.374,-71.020256,-50.0,0.0,42.2
42.373993,-71.02026,-50.0,0.0,42.2
42.373993,-71.02026,-50.0,0.0,42.2
42.374,-71.020272,-50.0,0.0,42.2
42.373993,-71.02026,-50.0,0.0,42.2
42.373993,-71.02026,-50.0,0.0,42.2
42.373993,-71.02026,-50.0,0.0,42.2
42.374,-71.020256,-50.0,0.0,42.2
42.374004,-71.02026,-50.0,0.0,42.2
42.373993,-71.02026,-50.0,0.0,42.2
42.374004,-71.02026,-50.0,0.0,42.2
42.374004,-71.02026,-50.0,0.0,42.2
42.374,-71.020272,-50.0,0.0,42.2
42.373993,-71.02026,-50.0,0.0,42.2
42.374004,-71.020275,-50.0,0.0,42.2
42.373993,-71.020275,-50.0,0.0,42.2
42.373993,-71.02026,-50.0,0.0,42.2
42.374,-71.020272,-50.0,0.0,42.2
42.373993,-71.020275,-50.0,0.0,42.2
42.373993,-71.020275,-50.0,0.0,42.2
42.373993,-71.020275,-50.0,0.0,42.2
42.374,-71.020272,-50.0,0.0,42.2
42.373993,-71.020275,-50.0,0.0,42.2
42.373993,-71.020275,-50.0,0.0,42.2
42.374,-71.020272,-50.0,0.0,42.2
42.374,-71.020272,-50.0,0.0,42.2
42.374,-71.020272,-50.0,0.0,42.2
42.374,-71.020256,-50.0,0.0,42.2
42.373993,-71.02026,-50.0,0.0,42.2
42.373993,-71.02026,-50.0,0.0,42.2
42.374,-71.020272,-50.0,0.0,42.2
42.373993,-71.02026,-50.0,0.0,42.2
42.374004,-71.02026,-50.0,0.0,42.2
42.373993,-71.02026,-50.0,0.0,42.2
42.374004,-71.02026,-50.0,0.0,42.2
42.374,-71.020272,-50.0,0.0,42.2
42.374004,-71.02026,-50.0,0.0,42.2
42.373993,-71.020275,-50.0,0.0,42.2
42.373993,-71.020271,-50.0,0.0,42.2
42.373993,-71.02026,-50.0,0.0,42.2
42.374,-71.020272,-50.0,0.0,42.2
42.373993,-71.02026,-50.0,0.0,42.2
42.374,-71.020272,-50.0,0.0,42.2
42.374046,-71.020192,-50.0,0.0,45.0
42.374116,-71.020016,-50.0,7.2,59.1
42.374116,-71.019841,-50.0,5.8,84.4
42.374096,-71.019792,-50.0,4.8,92.8
42.374084,-71.01976,-50.0,3.8,101.2
42.374062,-71.019714,-50.0,3.2,106.9
42.374039,-71.019682,-50.0,2.8,112.5
42.374027,-71.019651,-50.0,2.8,118.1
42.373981,-71.019604,-50.0,3.2,126.6
42.373913,-71.019495,-50.0,2.8,129.4
42.373878,-71.019448,-50.0,0.8,129.4
42.373884,-71.019441,-50.0,0.0,132.2
42.373878,-71.019448,-50.0,0.0,132.2
42.373878,-71.019448,-50.0,0.0,132.2
42.373833,-71.019386,-50.0,0.0,132.2
42.373741,-71.019261,-50.0,7.2,135.0
42.373455,-71.018871,-50.0,11.2,135.0
42.373135,-71.01845,-50.0,12.2,135.0
42.372824,-71.01802,-50.0,10.8,135.0
42.372517,-71.017607,-50.0,10.2,135.0
42.372243,-71.017222,-50.0,9.2,135.0
42.371967,-71.016873,-50.0,7.8,135.0
42.371719,-71.016535,-50.0,8.8,135.0
42.371429,-71.016156,-50.0,9.2,135.0
42.371143,-71.015765,-50.0,8.8,135.0
42.370823,-71.015344,-50.0,10.2,135.0
42.37052,-71.014938,-50.0,10.2,135.0
42.370205,-71.014517,-50.0,8.8,135.0
42.369961,-71.014188,-50.0,6.8,135.0
42.369752,-71.0139,-50.0,6.8,135.0
42.36953,-71.013596,-50.0,7.2,135.0
42.369289,-71.013284,-50.0,7.8,135.0
42.369042,-71.012942,-50.0,7.8,135.0
42.368774,-71.012575,-50.0,8.2,135.0
42.368542,-71.012272,-50.0,9.2,135.0
42.368317,-71.011973,-50.0,9.8,137.8
42.368053,-71.011649,-50.0,10.8,137.8
42.367913,-71.011521,-50.0,11.2,143.4
42.367843,-71.011473,-50.0,11.2,149.1
42.367767,-71.011443,-50.0,11.2,157.5
42.367653,-71.011411,-50.0,10.2,165.9
42.36755,-71.011396,-50.0,9.2,171.6
42.367424,-71.011393,-50.0,8.2,177.2
42.367332,-71.011411,-50.0,7.8,182.8
42.367252,-71.011443,-50.0,7.8,191.2
42.367133,-71.011489,-50.0,7.8,196.9
42.366889,-71.011601,-50.0,8.2,199.7
42.366645,-71.011729,-50.0,9.2,199.7
42.366237,-71.011936,-50.0,10.8,199.7
42.365833,-71.012129,-50.0,10.2,199.7
42.365434,-71.01232,-50.0,8.8,199.7
42.365101,-71.012473,-50.0,7.2,199.7
42.364849,-71.012598,-50.0,5.2,199.7
42.364574,-71.012738,-50.0,7.2,199.7
42.364154,-71.012942,-50.0,11.2,199.7
42.363785,-71.013113,-50.0,11.8,196.9
42.363487,-71.013253,-50.0,8.2,199.7
42.36313,-71.013437,-50.0,9.2,199.7
42.362732,-71.013627,-50.0,9.2,199.7
42.362343,-71.013815,-50.0,8.8,199.7
42.362013,-71.013964,-50.0,6.8,199.7
42.361725,-71.014111,-50.0,6.8,199.7
42.361427,-71.014252,-50.0,7.2,199.7
42.361082,-71.014427,-50.0,8.8,199.7
42.360672,-71.014626,-50.0,9.8,199.7
42.36026,-71.014829,-50.0,10.8,199.7
42.359848,-71.015018,-50.0,9.2,199.7
42.359539,-71.015172,-50.0,5.8,199.7
42.359344,-71.01525,-50.0,6.2,196.9
42.359264,-71.015266,-50.0,7.2,191.2
42.359161,-71.015266,-50.0,8.8,185.6
42.359068,-71.015242,-50.0,10.2,177.2
42.359001,-71.015204,-50.0,11.2,168.8
42.358921,-71.015141,-50.0,11.8,160.3
42.35887,-71.015098,-50.0,12.2,151.9
42.358824,-71.015018,-50.0,12.8,143.4
42.358784,-71.014923,-50.0,13.2,132.2
42.358742,-71.014811,-50.0,13.2,120.9
42.358715,-71.014689,-50.0,13.8,112.5
42.358684,-71.014523,-50.0,13.8,106.9
42.358661,-71.014316,-50.0,13.8,101.2
42.358601,-71.013799,-50.0,13.2,98.4
42.358545,-71.013278,-50.0,15.5,95.6
42.358521,-71.012988,-50.0,15.5,98.4
42.358486,-71.012862,-50.0,15.5,104.1
42.358452,-71.012769,-50.0,14.8,109.7
42.358395,-71.01266,-50.0,14.8,118.1
42.358323,-71.012559,-50.0,14.8,129.4
42.358254,-71.012495,-50.0,14.8,137.8
42.358166,-71.012441,-50.0,14.8,149.1
42.358091,-71.012431,-50.0,14.8,160.3
42.357986,-71.012431,-50.0,14.8,171.6
42.357916,-71.012447,-50.0,14.2,180.0
42.357822,-71.012473,-50.0,14.2,188.4
42.357695,-71.012527,-50.0,14.8,196.9
42.357311,-71.012719,-50.0,14.2,199.7
42.356907,-71.01291,-50.0,11.2,199.7
42.356724,-71.012988,-50.0,6.2,199.7
42.356689,-71.013019,-50.0,2.2,199.7
42.356648,-71.013022,-50.0,0.0,199.7
42.356461,-71.013066,-50.0,9.8,191.2
42.356358,-71.01305,-50.0,11.2,182.8
42.356277,-71.013034,-50.0,11.2,174.4
42.356117,-71.012941,-50.0,11.8,157.5
42.356037,-71.012847,-50.0,11.8,149.1
42.355973,-71.012751,-50.0,11.2,137.8
42.355926,-71.012655,-50.0,11.2,129.4
42.3559,-71.012566,-50.0,11.2,120.9
42.355888,-71.012457,-50.0,11.2,109.7
42.355879,-71.012351,-50.0,11.2,101.2
42.355888,-71.012223,-50.0,11.2,92.8
42.355903,-71.012128,-50.0,11.2,87.2
42.355926,-71.011984,-50.0,11.8,81.6
42.355968,-71.011755,-50.0,12.8,78.8
42.356003,-71.011536,-50.0,15.5,75.9
42.356019,-71.011473,-50.0,19.5,75.9
42.356026,-71.011396,-50.0,22.5,75.9
42.356049,-71.011255,-50.0,28.5,75.9
42.356089,-71.011058,-50.0,35.5,78.8
42.356152,-71.010709,-50.0,44.5,75.9
42.356182,-71.010547,-50.0,48.5,75.9
42.356275,-71.010004,-50.0,58.5,78.8
42.356323,-71.009757,-125,62.6,77.1
42.356392,-71.009365,-125,68.9,76.6
42.356506,-71.008759,-125,75.0,76.9
42.356552,-71.008509,-125,82.2,76.6
42.356689,-71.007697,-125,90.5,76.6
42.356764,-71.00713,-125,96.5,76.8
42.35681,-71.006874,-125,98.7,76.5
42.356964,-71.006199,-125,101.6,76.9
42.357043,-71.005597,-125,107.9,76.6
42.357193,-71.004888,-125,110.1,76.3
42.357239,-71.004576,-125,115.2,76.4
42.357369,-71.003872,-125,121.3,76.7
42.357513,-71.003078,-125,124.4,76.5
42.357555,-71.002659,-125,129.5,76.6
42.357695,-71.00202,-125,134.6,76.7
42.357834,-71.001081,-125,139.7,76.8
42.358017,-71.000082,-125,145.8,76.9
42.358254,-70.998826,-125,148.9,76.8
42.3583,-70.998443,-125,153.1,76.8
42.358533,-70.997293,-125,158.2,76.8
42.358673,-70.996399,-100,162.5,76.5
42.358841,-70.9954,-75,165.7,76.4
42.359092,-70.994036,-50,168.8,76.3
42.359299,-70.992966,-25,169.8,76.4
42.35939,-70.992466,-25,171.7,76.5
42.359836,-70.989756,50,174.2,77.4
42.360352,-70.986536,150,177.7,78.3
42.360721,-70.984071,250,180.6,78.5
42.361047,-70.981963,350,183.6,78.7
42.361419,-70.979153,450,186.7,78.6
42.361792,-70.97679,550,190.4,79.1
42.361954,-70.97555,575,193.2,79.6
42.362274,-70.97324,675,196.1,79.7
42.362595,-70.970806,775,199.1,78.4
42.363142,-70.967592,875,200.1,77.0
42.363647,-70.964938,975,201.6,76.5
42.364105,-70.962379,1075,203.0,76.0
42.364563,-70.960007,1175,203.2,75.8
42.365021,-70.957572,1250,204.2,75.8
42.36533,-70.955839,1350,204.2,75.8
42.365845,-70.953078,1450,204.2,75.8
42.366211,-70.951143,1550,204.2,75.8
42.366669,-70.948583,1650,204.0,76.1
42.367035,-70.946648,1750,204.7,76.4
42.367424,-70.944405,1850,204.7,76.4
42.367797,-70.942425,1950,204.7,76.4
42.368088,-70.940718,2050,204.7,76.4
42.368546,-70.938221,2150,204.7,76.4
42.368868,-70.936485,2225,204.7,76.4
42.36924,-70.934441,2300,205.7,76.5
42.369507,-70.932728,2400,205.7,76.5
42.369845,-70.930928,2500,205.7,76.5
42.370311,-70.928501,2600,205.7,76.5
42.370605,-70.926673,2700,205.4,76.8
42.370926,-70.924676,2750,206.4,76.8
42.371292,-70.922741,2850,207.6,76.6
42.37175,-70.920119,2950,208.6,76.7
42.372208,-70.917497,3025,211.7,76.6
42.372803,-70.914376,3100,216.1,76.3
42.37326,-70.911754,3150,220.2,76.3
42.373709,-70.909211,3175,224.4,76.3
42.374405,-70.905137,3225,229.2,76.6
42.374966,-70.902057,3275,233.3,76.6
42.375571,-70.898544,3325,237.2,76.8
42.376053,-70.895961,3400,241.4,76.8
42.376556,-70.892965,3425,244.5,76.8
42.377197,-70.889345,3475,248.9,76.5
42.377806,-70.885961,3525,253.0,76.5
42.378616,-70.881292,3625,256.9,76.7
42.379074,-70.878608,3675,258.8,76.8
42.379715,-70.874925,3775,259.8,76.9
42.380087,-70.872675,3850,260.8,76.9
42.380722,-70.869245,3950,261.0,76.7
42.380971,-70.867629,4025,261.0,76.7
42.381271,-70.866061,4100,261.0,76.7
42.381623,-70.86386,4175,261.0,76.7
42.382088,-70.861305,4275,261.0,76.7
42.382462,-70.85907,4375,261.0,76.7
42.382919,-70.856573,4475,261.0,76.7
42.38324,-70.854638,4550,262.0,76.8
42.383531,-70.852938,4650,262.0,76.8
42.383997,-70.850319,4725,262.0,76.8
42.384323,-70.848594,4800,262.0,76.8
42.384742,-70.84604,4900,262.0,76.8
42.385117,-70.843776,5000,262.0,76.8
42.385533,-70.841568,5100,262.0,76.8
42.385895,-70.839344,5200,262.0,76.8
42.386353,-70.836785,5300,262.2,76.6
42.38679,-70.834542,5375,262.7,76.1
42.387314,-70.832228,5475,263.5,73.0
42.387909,-70.829856,5575,263.4,71.6
42.388779,-70.826797,5675,263.0,69.3
42.38949,-70.824514,5775,262.9,66.5
42.390468,-70.821704,5875,263.0,63.8
42.391632,-70.818829,5975,263.7,60.7
42.392935,-70.816019,6075,264.2,58.0
42.394285,-70.813272,6175,263.3,54.7
42.395096,-70.811816,6250,262.6,52.7
42.395966,-70.810443,6325,262.2,50.7
42.397078,-70.808737,6400,260.7,48.4
42.397888,-70.807571,6475,260.4,46.9
42.39908,-70.805927,6575,259.5,45.2
42.40004,-70.8047,6675,259.6,43.9
42.401367,-70.803077,6775,258.4,42.0
42.402832,-70.801392,6875,258.1,40.6
42.404108,-70.799986,6975,257.7,38.4
42.406482,-70.797623,7175,256.6,36.6
42.40892,-70.795212,7350,257.0,36.0
42.412079,-70.792153,7550,258.3,35.2
42.415558,-70.788907,7750,259.1,35.1
42.418492,-70.786062,7950,258.3,35.2
42.42082,-70.783826,8125,258.3,35.2
42.423194,-70.781655,8300,256.9,35.2
42.425103,-70.779802,8475,256.1,35.3
42.427011,-70.778014,8650,253.6,34.9
42.429013,-70.776289,8800,251.6,32.2
42.430689,-70.774948,8950,250.4,29.9
42.432225,-70.773862,9050,250.5,28.1
42.435158,-70.77201,9225,249.3,24.4
42.437988,-70.770617,9375,248.4,20.3
42.441303,-70.769327,9550,247.9,14.5
42.445353,-70.768305,9750,247.1,9.1
42.448984,-70.767858,9925,247.7,4.4
42.452662,-70.767794,10075,249.0,0.2
42.454989,-70.767922,10150,251.4,356.8
42.458294,-70.768433,10250,253.4,353.9
42.460052,-70.768807,10300,257.1,351.0
42.462387,-70.769494,10325,260.8,346.9
42.465929,-70.770924,10375,267.2,341.9
42.470957,-70.773543,10425,273.7,338.1
42.475239,-70.776034,10475,280.5,336.9
42.478363,-70.777796,10550,282.7,336.9
42.480881,-70.779232,10625,284.5,337.0
42.484457,-70.781271,10725,285.5,337.1
42.489345,-70.784082,10925,287.3,337.3
42.494279,-70.786828,11125,289.0,337.0
42.499121,-70.790022,11325,290.7,332.5
42.502938,-70.79296,11525,291.9,329.3
42.506941,-70.796473,11725,292.6,326.1
42.510223,-70.799706,11900,293.4,322.9
42.514669,-70.804777,12175,294.1,318.7
42.518692,-70.810068,12425,295.6,313.9
42.5224,-70.815749,12700,296.7,310.1
42.527023,-70.823926,13000,298.8,306.6
42.533524,-70.836161,13400,301.1,305.5
42.540619,-70.849644,13800,299.7,305.5
42.547668,-70.863065,14200,299.7,305.5
42.553913,-70.87408,14550,299.9,308.1
42.560756,-70.885961,14950,301.3,308.1
42.568542,-70.899457,15350,302.2,307.7
42.57605,-70.912566,15750,303.0,307.6
42.583237,-70.925237,16150,303.8,307.5
42.590317,-70.937763,16550,303.8,307.5
42.597702,-70.950768,16950,303.8,307.5
42.605353,-70.964206,17350,304.6,307.4
42.612522,-70.976917,17750,303.8,307.5
42.616991,-70.984838,17975,305.2,307.5
42.626394,-71.001317,18375,308.8,307.5
42.63617,-71.018627,18750,312.4,307.5
42.645905,-71.035787,19125,316.0,307.4
42.655609,-71.052954,19525,318.2,307.3
42.664707,-71.069024,19925,319.6,307.4
42.672775,-71.083353,20325,319.6,307.4
42.680328,-71.096774,20725,318.8,307.5
42.688522,-71.111318,21125,319.6,307.4
42.697906,-71.12786,21525,320.2,307.5
42.707861,-71.145609,21900,323.8,307.5
42.718521,-71.164451,22250,328.2,307.3
42.729228,-71.183486,22600,332.4,307.4
42.740021,-71.20258,22975,336.0,307.4
42.751328,-71.222742,23350,339.6,307.3
42.761489,-71.240781,23725,341.8,307.3
42.767867,-71.252598,23950,345.1,304.6
42.772614,-71.262693,24125,348.3,301.5
42.777328,-71.273991,24300,351.7,298.5
42.781723,-71.286101,24500,353.8,295.6
42.785463,-71.297884,24700,356.9,292.4
42.788862,-71.310531,24925,359.9,289.1
42.793854,-71.331732,25325,362.1,287.7
42.796326,-71.342156,25475,363.4,287.8
42.802967,-71.370701,25800,369.1,287.5
42.809509,-71.398741,26150,373.2,287.5
42.816605,-71.429465,26450,378.6,287.5
42.822845,-71.456321,26825,380.5,287.4
42.828524,-71.48104,27200,382.4,287.4
42.832342,-71.497519,27425,382.4,287.4
42.83425,-71.505824,27575,381.4,287.4
42.837136,-71.518576,27850,380.2,287.3
42.838207,-71.523154,27925,380.2,287.3
42.839767,-71.530002,28025,381.4,287.4
42.847,-71.561301,28350,384.6,287.4
42.85318,-71.588319,28700,386.5,287.3
42.859668,-71.616538,29050,388.7,287.4
42.865814,-71.643251,29325,392.8,287.3
42.87382,-71.678205,29600,399.2,287.4
42.881221,-71.710706,29925,402.0,287.2
42.888199,-71.741298,30250,405.2,287.2
42.89534,-71.772596,30575,408.3,287.2
42.903054,-71.806706,30900,411.2,287.1
42.910223,-71.838292,31250,413.4,287.2
42.917951,-71.872232,31550,416.6,287.2
42.924637,-71.901813,31925,416.3,287.0
42.931183,-71.930812,32275,416.3,287.0
42.937596,-71.959338,32650,415.3,287.1
42.943314,-71.984721,33050,413.1,287.0
42.94835,-72.00701,33450,410.9,287.0
42.953522,-72.030136,33850,407.8,287.0
42.958328,-72.051597,34250,403.6,287.0
42.961624,-72.066288,34575,399.2,286.9
42.965295,-72.082738,34975,393.9,286.8
42.968765,-72.098289,35375,387.8,286.9
42.972371,-72.114454,35775,382.5,286.9
42.975443,-72.128187,36100,378.3,286.9
42.976776,-72.134187,36225,377.4,287.0
42.977783,-72.138658,36300,377.4,287.0
42.979019,-72.144151,36375,377.4,287.0
42.980517,-72.150879,36475,377.4,287.0
42.988338,-72.185538,36750,379.6,287.0
42.992854,-72.20568,36950,380.5,287.0
42.998886,-72.23268,37300,378.3,286.9
43.001,-72.242235,37425,378.3,286.9
43.008356,-72.27526,37700,381.5,286.9
43.014816,-72.304155,38025,380.3,286.8
43.021088,-72.332515,38350,379.3,286.9
43.027771,-72.362664,38675,378.1,286.8
43.034042,-72.391024,38850,380.3,286.8
43.034866,-72.394665,38850,381.2,286.8
43.036008,-72.399772,38875,382.5,286.9
43.03981,-72.416957,38850,386.6,286.8
43.050113,-72.463531,39000,391.7,286.8
43.060501,-72.51066,39200,395.8,286.7
43.070968,-72.558354,39400,400.9,286.7
43.080688,-72.602702,39625,405.0,286.6
43.091217,-72.650863,39825,408.1,286.7
43.099869,-72.690465,40000,411.0,286.5
43.110626,-72.739712,40000,418.3,286.5
43.121524,-72.790048,40000,421.4,286.5
43.132553,-72.840825,40000,425.3,286.4
43.143404,-72.891017,40000,427.5,286.4
43.154576,-72.942745,40000,427.5,286.4
43.165702,-72.994407,40000,426.2,286.4
43.176407,-73.044519,40000,425.0,286.3
43.187535,-73.096422,40000,423.1,286.3
43.198151,-73.146206,40000,421.8,286.2
43.208817,-73.196156,40000,420.9,286.3
43.21961,-73.246831,40000,420.6,286.1
43.230177,-73.296792,40000,419.6,286.2
43.240677,-73.346323,40000,418.4,286.1
43.25116,-73.395954,40000,417.4,286.1
43.261597,-73.44552,40000,415.2,286.1
43.272171,-73.495852,40000,413.0,286.0
43.282548,-73.545358,40000,409.9,286.0
43.292862,-73.594602,40000,407.7,286.0
43.303124,-73.643712,40000,407.7,286.0
43.313226,-73.692431,40000,408.6,285.9
43.323303,-73.740873,40000,411.5,285.8
43.333663,-73.79085,40000,414.7,285.8
43.34409,-73.841269,40000,416.9,285.9
43.354294,-73.890658,40000,417.6,285.7
43.364666,-73.941127,40000,417.6,285.7
43.374954,-73.99135,40000,417.6,285.7
43.385103,-74.04092,40000,416.3,285.6
43.395298,-74.090947,40000,416.3,285.6
43.4054,-74.140451,40000,416.3,285.6
43.415634,-74.190865,40000,417.3,285.6
43.425797,-74.240943,40000,418.3,285.5
43.436142,-74.29217,40000,419.2,285.5
43.446179,-74.341997,40000,419.2,285.5
43.456329,-74.392516,40000,418.0,285.4
43.466354,-74.442529,40000,417.0,285.4
43.476379,-74.492542,40000,415.8,285.3
43.486313,-74.542364,40000,415.8,285.3
43.496363,-74.592787,40000,415.8,285.3
43.50618,-74.642263,40000,416.5,285.2
43.516113,-74.69234,40000,416.5,285.2
43.526063,-74.742737,40000,416.5,285.2
43.536118,-74.793745,40000,416.5,285.2
43.545822,-74.843211,40000,416.3,285.0
43.555763,-74.893864,40000,415.3,285.1
43.565598,-74.944195,40000,414.3,285.1
43.575302,-74.994017,40000,413.1,285.0
43.584905,-75.043291,40000,411.9,284.9
43.594495,-75.09273,40000,411.9,284.9
43.604317,-75.143411,40000,412.8,284.9
43.61414,-75.194223,40000,413.8,284.8
43.62373,-75.244053,40000,413.8,284.8
43.633319,-75.29395,40000,413.6,284.7
43.64296,-75.344366,40000,412.6,284.7
43.652435,-75.393996,40000,410.4,284.7
43.661819,-75.443371,40000,407.2,284.6
43.671341,-75.49332,40000,404.1,284.6
43.680477,-75.541469,40000,402.2,284.7
43.689694,-75.590057,40000,401.9,284.5
43.698865,-75.638711,40000,402.9,284.5
43.708036,-75.687561,40000,405.1,284.6
43.717163,-75.736233,40000,408.0,284.5
43.72641,-75.785608,40000,408.9,284.4
43.735886,-75.836132,40000,409.9,284.4
43.74527,-75.886784,40000,409.9,284.4
43.754517,-75.93635,40000,408.7,284.3
43.763759,-75.986285,40000,407.7,284.3
43.772964,-76.036121,40000,406.5,284.2
43.782147,-76.085881,40000,407.5,284.2
43.791411,-76.1363,40000,407.5,284.2
43.800385,-76.185331,40000,409.4,284.1
43.809494,-76.235153,40000,410.4,284.1
43.818458,-76.284354,40000,410.4,284.1
43.827489,-76.333989,40000,409.4,284.1
43.836473,-76.383558,40000,408.2,284.0
43.845474,-76.433545,40000,407.2,284.1
43.854401,-76.483048,40000,407.9,283.9
43.863241,-76.532135,40000,408.9,283.9
43.872437,-76.583458,40000,410.1,284.0
43.881409,-76.633407,40000,411.3,284.1
43.89066,-76.683786,40000,410.6,284.2
43.899857,-76.734137,40000,409.4,284.1
43.90892,-76.783894,40000,407.2,284.1
43.917847,-76.833205,40000,405.0,284.0
43.926727,-76.88226,40000,404.1,284.0
43.935816,-76.932809,40000,405.0,284.0
43.944707,-76.982182,40000,407.0,283.9
43.953645,-77.031948,40000,407.9,283.9
43.962723,-77.082759,40000,408.9,283.9
43.971817,-77.13386,40000,408.9,283.9
43.980646,-77.183402,40000,408.9,283.9
43.989444,-77.233167,40000,407.7,283.8
43.998382,-77.283652,40000,406.7,283.8
44.007202,-77.333722,40000,406.5,283.7
44.016025,-77.383706,40000,405.5,283.7
44.02487,-77.434256,40000,405.5,283.7
44.033615,-77.484337,40000,406.5,283.7
44.042374,-77.534507,40000,408.4,283.6
44.051147,-77.584938,40000,409.4,283.6
44.059845,-77.634952,40000,409.4,283.6
44.068497,-77.685157,40000,410.4,283.5
44.077286,-77.736192,40000,410.2,283.4
44.085993,-77.786865,40000,409.2,283.4
44.094745,-77.837742,40000,409.2,283.4
44.103378,-77.888148,40000,408.0,283.3
44.11197,-77.938777,40000,408.0,283.3
44.120499,-77.988941,40000,407.7,283.2
44.129054,-78.03942,40000,408.7,283.1
44.137527,-78.089578,40000,408.7,283.1
44.146042,-78.140067,40000,408.7,283.1
44.154465,-78.190144,40000,408.7,283.1
44.162944,-78.240771,40000,409.7,283.1
44.171402,-78.291512,40000,409.7,283.1
44.179889,-78.342329,40000,411.6,283.1
44.188339,-78.393328,40000,411.4,282.9
44.196695,-78.443589,40000,411.4,282.9
44.205048,-78.494306,40000,411.4,282.9
44.213379,-78.544791,40000,411.4,282.9
44.221664,-78.595341,40000,412.4,282.9
44.22995,-78.646088,40000,414.3,282.8
44.238281,-78.697161,40000,416.3,282.8
44.246658,-78.748561,40000,417.3,282.7
44.254898,-78.799504,40000,415.3,282.8
44.263321,-78.851427,40000,413.1,282.7
44.271515,-78.902305,40000,411.0,282.6
44.279755,-78.953509,40000,408.8,282.6
44.287811,-79.003797,40000,408.8,282.6
44.295897,-79.054603,40000,408.8,282.6
44.303997,-79.105314,40000,410.8,282.5
44.312073,-79.156494,40000,411.7,282.5
44.320198,-79.207674,40000,413.7,282.4
44.328391,-79.258721,40000,414.6,283.0
44.336817,-79.3097,40000,415.3,282.8
44.34515,-79.360746,40000,414.3,282.8
44.353483,-79.411859,40000,414.1,282.7
44.361832,-79.463457,40000,414.1,282.7
44.369962,-79.513885,40000,413.1,282.7
44.378341,-79.565936,40000,414.1,282.7
44.386597,-79.617266,40000,414.9,282.5
44.394836,-79.668601,40000,415.9,282.5
44.403168,-79.720982,40000,418.0,282.6
44.411545,-79.77356,40000,419.0,282.5
44.419819,-79.825789,40000,419.8,282.4
44.42807,-79.87806,40000,419.8,282.4
44.436401,-79.930899,40000,418.8,282.4
44.444632,-79.983081,40000,418.6,282.3
44.452652,-80.034485,40000,417.6,282.3
44.4608,-80.086866,40000,417.6,282.3
44.468857,-80.138463,40000,417.6,282.3
44.476868,-80.19019,40000,418.4,282.1
44.484879,-80.241917,40000,419.3,282.1
44.492844,-80.293841,40000,420.3,282.1
44.500809,-80.345895,40000,421.3,282.1
44.508957,-80.399061,40000,421.3,282.1
44.516881,-80.450871,40000,420.3,282.1
44.524979,-80.504216,40000,420.1,282.0
44.532852,-80.556139,40000,419.1,282.0
44.540809,-80.608699,40000,418.9,281.9
44.548723,-80.661487,40000,418.9,281.9
44.55661,-80.714002,40000,419.9,281.8
44.564364,-80.765589,40000,420.9,281.8
44.572325,-80.819047,40000,421.9,281.8
44.580139,-80.871735,40000,420.9,281.8
44.587875,-80.923985,40000,418.7,281.7
44.59552,-80.975647,40000,416.6,281.6
44.603302,-81.028486,40000,416.6,281.6
44.611038,-81.08126,40000,418.5,281.6
44.618551,-81.133028,40025,419.5,281.5
44.626279,-81.185883,40000,417.5,281.6
44.634018,-81.239188,40000,414.2,281.4
44.641571,-81.291373,40000,410.1,281.4
44.648856,-81.341702,40000,408.1,281.5
44.656174,-81.392866,40000,407.9,281.3
44.663452,-81.443743,40000,408.9,281.3
44.670868,-81.495993,40000,411.8,281.2
44.678192,-81.547328,40000,414.0,281.3
44.685654,-81.600037,40000,414.0,281.3
44.693069,-81.652483,40000,413.8,281.1
44.700302,-81.703884,40000,411.8,281.2
44.707605,-81.7559,40000,411.7,281.1
44.714774,-81.807281,40000,411.7,281.1
44.722083,-81.859734,40000,413.6,281.0
44.729279,-81.911708,40000,414.6,281.0
44.736465,-81.963566,40000,415.6,281.0
44.743683,-82.016021,40000,416.6,280.9
44.750885,-82.06859,40000,416.6,280.9
44.758118,-82.121495,40000,416.4,280.8
44.765144,-82.173045,40000,417.4,280.8
44.772308,-82.225669,40000,417.4,280.8
44.779296,-82.277348,40000,418.3,280.8
44.786453,-82.3303,40000,418.3,280.8
44.793634,-82.383862,40000,417.2,280.6
44.800507,-82.436567,40000,417.3,279.9
44.807041,-82.489505,40000,417.1,279.8
44.813553,-82.542049,40000,416.1,279.8
44.819962,-82.594169,40000,415.1,279.9
44.82637,-82.646092,40000,414.1,279.9
44.832779,-82.698146,40000,414.3,280.0
44.839417,-82.750135,40000,415.5,280.1
44.846005,-82.802615,40000,416.1,279.8
44.852243,-82.854934,40000,416.6,279.4
44.858621,-82.908392,40000,416.9,279.7
44.864905,-82.960711,40000,415.8,279.5
44.871368,-83.014396,40000,413.8,279.6
44.877661,-83.066756,40000,411.7,279.5
44.883728,-83.117916,40000,408.7,279.6
44.889862,-83.169185,40000,407.5,279.5
44.896042,-83.221109,40000,406.6,279.5
44.902222,-83.273359,40000,408.5,279.4
44.908264,-83.32489,40000,411.5,279.4
44.914307,-83.376748,40000,413.5,279.3
44.920303,-83.4283,40000,414.5,279.3
44.926354,-83.480351,40000,413.5,279.3
44.932343,-83.531669,40000,411.3,279.2
44.938385,-83.583265,40000,409.9,279.7
44.94437,-83.635165,40000,408.1,279.0
44.950143,-83.685407,40000,407.4,279.3
44.956148,-83.736788,40000,408.5,279.4
44.962097,-83.788082,40000,410.2,279.1
44.968019,-83.841225,40000,411.8,278.8
44.973698,-83.893142,40000,411.8,278.8
44.979446,-83.945552,40000,411.8,278.8
44.985306,-83.998391,40000,411.0,279.0
44.991074,-84.050119,40000,409.9,278.8
44.996887,-84.102696,40000,407.7,278.8
45.00256,-84.154336,40000,403.8,278.8
45.008057,-84.204385,40000,398.7,278.8
45.01355,-84.254608,40000,394.6,278.8
45.019086,-84.305599,40000,393.6,278.8
45.024486,-84.355372,40000,395.4,278.6
45.02742,-84.384482,40000,396.9,277.0
45.028748,-84.404297,40000,398.3,274.6
45.029747,-84.427453,40025,399.5,272.7
45.030166,-84.451569,40000,402.0,270.7
45.029984,-84.477408,40000,403.1,268.7
45.029388,-84.529855,40000,405.0,269.4
45.028769,-84.582065,40000,404.1,268.9
45.028118,-84.633514,40000,402.1,268.9
45.027373,-84.685766,40000,400.1,269.0
45.026721,-84.736812,40000,399.1,268.6
45.025864,-84.788164,40000,399.1,268.7
45.025131,-84.839172,40000,399.1,268.9
45.024393,-84.890621,40000,399.1,268.7
45.023462,-84.9416,40000,400.2,268.4
45.022438,-84.992646,40000,400.2,268.4
45.021469,-85.044316,40000,401.2,268.4
45.020483,-85.096011,40000,401.2,268.4
45.019459,-85.147258,40000,401.2,268.4
45.018448,-85.198975,40000,401.2,268.4
45.017457,-85.249686,40000,401.2,268.4
45.016386,-85.301,40000,400.2,268.3
45.015316,-85.352917,40000,400.2,268.3
45.014236,-85.403399,40000,400.2,268.3
45.013138,-85.454538,40000,401.2,268.1
45.011993,-85.505742,40000,401.2,268.1
45.010847,-85.556365,40000,401.2,268.1
45.009683,-85.608483,40000,400.2,268.1
45.008469,-85.658896,40000,398.2,268.1
45.007278,-85.709708,40000,395.2,268.1
45.006088,-85.759931,40000,393.2,268.0
45.004807,-85.809893,40000,393.2,268.0
45.003479,-85.861162,40000,394.2,268.0
45.002188,-85.91121,40000,396.3,267.8
45.000884,-85.961855,40000,399.3,267.9
44.999534,-86.012901,40000,401.2,268.0
44.999451,-86.033347,40000,403.0,270.6
45.000275,-86.084747,40000,404.1,271.0
45.000838,-86.137033,40000,405.0,270.9
45.001443,-86.188682,40000,405.1,271.0
45.002002,-86.240599,40000,405.0,270.7
45.002235,-86.293253,40000,405.0,270.3
45.002426,-86.345542,40000,404.0,270.3
45.002655,-86.396746,40000,402.0,270.4
45.002884,-86.44795,40000,401.0,270.4
45.003119,-86.498577,40000,400.0,270.3
45.003305,-86.550695,40000,401.0,270.3
45.003479,-86.602478,40000,402.0,270.3
45.003678,-86.654328,40000,403.0,270.3
45.003799,-86.705279,40000,404.0,270.1
45.003937,-86.757137,40000,406.0,270.1
45.003983,-86.808864,40000,407.0,270.1
45.00405,-86.861394,40000,408.0,270.1
45.004097,-86.913378,40000,407.0,270.0
45.004143,-86.9663,40000,406.0,270.0
45.004166,-87.01852,40000,404.0,270.0
45.004143,-87.070536,40000,403.0,269.9
45.004236,-87.123056,40000,404.0,270.3
45.004143,-87.174705,40000,405.0,269.7
45.004166,-87.226148,40000,406.0,270.1
45.003937,-87.27781,40000,407.0,269.6
45.003817,-87.329384,40000,408.0,270.0
45.003771,-87.382574,40000,408.0,269.6
45.003445,-87.435697,40000,408.0,269.6
45.003259,-87.487815,40000,408.0,269.7
45.003119,-87.539933,40000,408.0,269.7
45.002933,-87.592989,40000,407.0,269.6
45.00256,-87.644906,40000,406.0,269.3
45.002106,-87.697122,40000,405.0,269.3
45.001694,-87.748718,40000,404.0,269.3
45.001282,-87.801557,40000,404.0,269.4
45.000961,-87.852958,40000,405.0,269.4
45.000559,-87.904291,40000,407.0,269.3
45.000093,-87.957548,40000,408.0,269.2
44.999581,-88.010537,40000,408.0,269.2
44.999628,-88.040347,40000,409.0,270.8
45.000466,-88.092599,40000,409.0,270.8
45.00087,-88.144422,40000,409.0,270.8
45.001511,-88.197523,40000,408.1,271.0
45.00206,-88.249512,40000,408.0,270.7
45.002281,-88.30221,40000,409.0,270.1
45.00238,-88.354928,40000,409.0,270.1
45.00256,-88.406781,40000,409.0,270.3
45.002747,-88.459904,40000,409.0,270.3
45.002979,-88.512089,40000,409.0,270.4
45.003204,-88.564911,40000,410.0,270.3
45.003387,-88.617227,40000,410.0,270.1
45.003538,-88.669114,40000,409.0,270.3
45.003662,-88.720551,40000,408.0,270.1
45.003724,-88.772278,40000,408.0,270.1
45.003799,-88.824724,40000,408.0,270.1
45.00391,-88.877385,40000,409.0,270.0
45.00391,-88.930642,40000,409.0,270.0
45.003957,-88.983899,40000,409.0,270.0
45.003983,-89.035754,40000,409.0,270.3
45.004143,-89.089274,40000,407.0,269.9
45.004074,-89.141497,40000,405.0,270.1
45.004074,-89.192963,40000,402.0,269.6
45.003957,-89.244757,40000,402.0,270.1
45.003891,-89.296679,40000,403.0,269.4
45.003678,-89.34772,40000,406.0,269.9
45.003662,-89.40046,40000,411.0,269.9
45.003585,-89.453765,40000,416.0,269.7
45.003342,-89.507708,40000,420.0,269.6
45.003067,-89.561528,40000,420.0,269.5
45.002701,-89.615871,40000,418.0,269.3
45.002281,-89.6684,40000,415.0,269.5
45.001909,-89.721188,40000,412.0,269.4
45.001583,-89.773842,40000,412.0,269.4
45.001236,-89.825919,40000,412.0,269.4
45.000778,-89.879543,40000,412.0,269.2
45.000279,-89.932608,39975,412.0,269.2
45.000047,-89.97441,40000,413.0,270.4
45.000687,-90.010398,40000,412.2,271.8
45.002243,-90.062975,40000,411.5,272.8
45.003845,-90.116468,40000,411.2,272.0
45.005127,-90.16898,40000,410.4,272.4
45.006683,-90.221034,40000,409.3,272.2
45.008011,-90.274266,40000,409.3,272.1
45.009613,-90.326451,40000,408.4,272.5
45.011033,-90.379028,40000,407.2,272.0
45.012476,-90.430878,40000,407.4,272.5
45.013916,-90.483529,40000,407.2,272.0
45.015289,-90.535322,40000,408.4,272.5
45.016712,-90.589041,40000,409.2,271.8
45.018155,-90.642566,40000,412.4,272.4
45.019455,-90.695801,40000,414.2,271.7
45.020855,-90.749549,40000,415.3,272.4
45.022112,-90.803543,40000,417.2,271.8
45.023509,-90.856867,40000,418.3,272.2
45.024673,-90.911146,40000,420.2,271.8
45.026023,-90.965122,40000,420.3,272.0
45.02714,-91.018647,40000,418.2,271.8
45.028473,-91.072736,40000,417.2,271.9
45.0297,-91.126367,40000,418.2,271.8
45.030899,-91.180442,40000,420.2,271.6
45.031998,-91.234131,40000,421.2,271.6
45.033096,-91.288016,40000,423.2,271.6
45.034169,-91.342878,40000,426.1,271.5
45.035147,-91.397206,40000,427.1,271.3
45.036078,-91.451937,40000,429.1,271.3
45.037056,-91.507874,40000,430.1,271.5
45.038086,-91.56359,40000,430.1,271.5
45.039047,-91.618456,40000,430.1,271.3
45.039917,-91.673257,40000,431.1,271.2
45.040741,-91.728385,40000,433.1,271.1
45.041525,-91.784407,40000,436.1,271.2
45.042363,-91.841416,40000,439.1,271.2
45.0432,-91.89762,40000,440.1,271.3
45.044085,-91.954963,40000,440.1,271.2
45.044876,-92.012173,40000,438.1,271.0
45.045575,-92.068109,40000,438.1,270.9
45.046234,-92.124547,40000,437.1,271.0
45.046921,-92.180394,40000,437.1,270.9
45.047716,-92.235517,40000,436.1,271.2
45.047699,-92.261353,40000,435.1,269.1
45.046921,-92.291827,40000,434.5,267.4
45.045435,-92.324948,40000,433.2,265.8
45.043294,-92.358711,40000,433.2,264.2
45.039368,-92.41333,40000,435.1,264.3
45.035477,-92.469766,40000,435.9,264.6
45.031842,-92.526052,40000,436.7,264.9
45.028198,-92.581918,40000,436.0,264.5
45.024254,-92.636652,40000,435.4,263.9
45.020204,-92.69299,40000,434.0,264.5
45.016342,-92.744097,40000,433.9,263.4
45.011545,-92.799571,40000,433.4,262.8
45.00689,-92.855775,40000,434.8,263.5
45.002472,-92.910527,40000,436.9,263.4
44.998032,-92.966178,40000,438.6,263.7
44.993774,-93.02294,40000,439.3,264.1
44.989991,-93.07845,40000,439.0,264.5
44.985848,-93.135123,40000,437.5,263.8
44.981658,-93.191528,40000,435.2,264.2
44.977562,-93.246594,40000,434.5,263.8
44.973221,-93.302307,40000,433.7,263.6
44.968826,-93.357239,40000,432.9,263.4
44.964203,-93.413151,40000,432.9,263.4
44.959625,-93.468999,40000,432.9,263.4
44.955185,-93.523734,40000,430.8,263.5
44.950745,-93.579254,40000,428.7,263.6
44.946465,-93.63279,40000,424.7,263.5
44.942136,-93.686382,40000,421.9,263.3
44.937561,-93.740256,40000,421.0,263.2
44.933029,-93.793749,40000,420.0,263.2
44.928497,-93.84685,40000,421.0,263.2
44.92392,-93.901258,40000,421.0,263.2
44.92007,-93.949518,40000,421.1,264.3
44.917603,-93.990653,40000,421.3,265.5
44.915182,-94.040222,40000,420.8,266.5
44.912715,-94.093881,40000,420.1,265.9
44.909958,-94.147666,40000,419.9,266.3
44.907408,-94.201534,40000,419.1,265.9
44.904694,-94.25524,40000,417.9,266.3
44.902176,-94.309322,40000,416.0,266.0
44.899429,-94.363207,40000,414.0,266.0
44.896957,-94.416046,40000,413.0,266.1
44.894187,-94.468756,40000,412.0,266.0
44.891693,-94.521593,40000,411.0,266.0
44.888901,-94.573844,40000,410.0,265.9
44.886366,-94.626182,40000,409.1,265.8
44.883573,-94.678166,40000,409.0,265.9
44.880966,-94.731155,40000,409.2,265.7
44.878189,-94.782715,40000,409.0,266.1
44.875519,-94.835056,40000,409.3,265.5
44.872696,-94.887674,40000,410.0,265.9
44.869949,-94.939793,40000,411.4,265.3
44.867,-94.992616,40000,413.2,265.7
44.864273,-95.044556,40000,413.1,265.8
44.861435,-95.097983,40000,412.2,265.5
44.858481,-95.15098,40000,412.3,265.4
44.855455,-95.203366,40000,413.4,265.3
44.852336,-95.25602,40000,415.5,265.2
44.849171,-95.309746,40000,417.4,265.3
44.846008,-95.363617,40000,419.4,265.4
44.842941,-95.417829,40000,420.4,265.4
44.839814,-95.471861,40000,419.5,265.2
44.836578,-95.525208,40000,417.6,265.0
44.833343,-95.578509,40000,415.6,265.0
44.83017,-95.630755,40000,414.6,265.0
44.826874,-95.684313,40000,413.5,265.1
44.823707,-95.73694,40000,412.5,265.1
44.820419,-95.78973,40000,412.6,265.0
44.817123,-95.843222,40000,413.6,265.0
44.813791,-95.896577,40000,415.6,265.0
44.810486,-95.949097,40000,416.6,264.9
44.807144,-96.00259,40000,418.6,264.9
44.803736,-96.056213,40000,419.5,265.1
44.800552,-96.108922,40000,420.8,264.7
44.797028,-96.163395,40000,422.5,265.1
44.79364,-96.21715,40000,423.9,264.6
44.79007,-96.270578,40000,422.7,264.8
44.786636,-96.325051,40000,420.6,265.0
44.783249,-96.378152,40000,416.7,264.8
44.779724,-96.431841,40000,415.8,264.6
44.77613,-96.484211,40000,417.0,264.4
44.772263,-96.538435,40000,418.1,264.2
44.768449,-96.591998,40000,419.1,264.2
44.764725,-96.64492,40000,416.9,264.5
44.76114,-96.697507,40000,414.8,264.6
44.757614,-96.749464,40000,413.9,264.5
44.753952,-96.80178,40000,415.0,264.3
44.750061,-96.854866,40000,416.2,264.1
44.746197,-96.907721,40000,418.1,264.2
44.742333,-96.961581,40000,417.1,264.2
44.738563,-97.014168,40000,415.1,264.2
44.735641,-97.050084,40000,412.3,262.8
44.731673,-97.089464,40000,410.6,261.5
44.727127,-97.128819,40000,409.9,260.3
44.72078,-97.179498,40000,408.9,260.3
44.714402,-97.23175,40000,409.0,260.1
44.707885,-97.28407,40000,411.4,259.9
44.701218,-97.33599,40000,411.5,259.8
44.694571,-97.388105,40000,413.5,259.8
44.687988,-97.439314,40000,414.5,259.9
44.681443,-97.490666,40000,414.7,259.7
44.674713,-97.542899,40000,413.5,259.8
44.668083,-97.594165,40000,411.7,259.6
44.661332,-97.646216,40000,410.7,259.6
44.654629,-97.697397,40000,409.7,259.6
44.647972,-97.748644,40000,410.7,259.6
44.641315,-97.800025,40000,412.3,259.9
44.634425,-97.852545,40000,413.1,259.4
44.627792,-97.903486,40000,412.5,259.8
44.621155,-97.953644,40000,409.1,259.3
44.61438,-98.004456,40000,406.6,259.7
44.607513,-98.056052,40000,406.2,259.2
44.600693,-98.106668,40000,406.8,259.5
44.593872,-98.158526,40000,408.3,259.1
44.586756,-98.210271,40000,411.5,259.1
44.57954,-98.26259,40000,413.4,259.1
44.572511,-98.314172,40000,415.4,259.2
44.565481,-98.365754,40000,415.4,259.2
44.558487,-98.416835,40000,414.4,259.1
44.551254,-98.469413,40000,412.4,259.1
44.544205,-98.520486,40000,411.5,259.1
44.537178,-98.571145,40000,410.5,259.0
44.530197,-98.62139,40000,410.7,258.9
44.52284,-98.674175,40000,412.6,259.0
44.515594,-98.725957,40000,413.6,259.0
44.508408,-98.777488,40000,413.8,258.9
44.501146,-98.829189,40000,413.8,258.9
44.493668,-98.882119,40000,414.8,258.9
44.486436,-98.933225,40000,415.0,258.7
44.479019,-98.985312,40000,415.0,258.7
44.471558,-99.037628,40000,415.2,258.6
44.464005,-99.090271,40000,416.0,258.8
44.456642,-99.1423,40000,415.2,258.6
44.449127,-99.194249,40000,415.0,258.7
44.441839,-99.245062,40000,414.4,258.5
44.434433,-99.295807,40000,413.2,258.5
44.427063,-99.347273,40000,414.4,258.5
44.420471,-99.393114,40000,414.8,259.6
44.416489,-99.426923,40000,415.0,261.1
44.41279,-99.463583,40000,416.5,262.5
44.408181,-99.516103,40000,418.4,262.7
44.40334,-99.568355,40000,418.4,262.7
44.398636,-99.621342,40000,418.1,263.0
44.39375,-99.674467,40000,417.4,262.7
44.389069,-99.727151,40000,417.1,263.0
44.384216,-99.779598,40000,417.5,262.6
44.379364,-99.832764,40000,418.2,262.9
44.374649,-99.885276,40000,419.5,262.6
44.369705,-99.937788,40000,419.5,262.6
44.364841,-99.990659,40000,417.4,262.7
44.360092,-100.042419,40000,415.3,262.8
44.355286,-100.095128,40000,413.4,262.6
44.350364,-100.147549,40000,413.7,262.4
44.345261,-100.200086,40000,415.8,262.3
44.340179,-100.252075,40000,418.8,262.3
44.335052,-100.305568,40000,419.8,262.3
44.329881,-100.358634,40000,420.7,262.4
44.324713,-100.412292,40000,420.7,262.4
44.319592,-100.464879,40000,420.9,262.2
44.314472,-100.517466,40000,419.9,262.2
44.309372,-100.569567,40000,418.9,262.2
44.304108,-100.622798,40000,418.9,262.2
44.299016,-100.674491,40000,418.0,262.0
44.293854,-100.726253,40000,418.0,262.0
44.288589,-100.778928,40000,418.0,262.0
44.283325,-100.831669,40000,418.0,262.0
44.278061,-100.883789,40000,417.1,262.0
44.272761,-100.936421,40000,418.0,262.0
44.267314,-100.989678,40000,419.2,261.9
44.261961,-101.042265,40000,420.3,261.8
44.256607,-101.094517,40000,421.0,262.1
44.251144,-101.147853,40000,421.4,261.7
44.245789,-101.200169,40000,421.2,262.0
44.240341,-101.252616,40000,420.6,261.5
44.234711,-101.305978,40000,419.5,261.6
44.229263,-101.358294,40000,419.2,261.9
44.223695,-101.41111,40000,420.2,261.0
44.21933,-101.445727,40000,421.1,259.5
44.212738,-101.492419,40000,420.7,258.3
44.204981,-101.543884,40000,420.7,258.3
44.19722,-101.596135,40000,419.7,258.3
44.189432,-101.64832,40000,418.9,258.1
44.181658,-101.699851,40000,418.7,258.3
44.173828,-101.75205,40000,417.9,258.1
44.165924,-101.804025,40000,419.1,258.0
44.158056,-101.855687,40000,421.1,258.1
44.15007,-101.908094,40000,421.3,257.9
44.142105,-101.959896,40000,421.3,257.9
44.134035,-102.012242,40000,420.3,257.9
44.126121,-102.063838,40000,420.3,257.9
44.118027,-102.116195,40000,420.3,257.9
44.109924,-102.168572,40000,418.4,257.9
44.101821,-102.220394,40000,417.6,257.7
44.093674,-102.272431,40000,417.6,257.7
44.085526,-102.32468,40000,419.3,257.9
44.077474,-102.376883,40000,421.9,257.5
44.069235,-102.428872,40000,422.5,257.8
44.060989,-102.482066,40000,421.5,257.8
44.052662,-102.534158,40000,420.0,257.5
44.044464,-102.585925,40025,416.6,257.7
44.036322,-102.637416,40000,414.1,257.3
44.028036,-102.688163,39975,414.9,257.5
44.020065,-102.73852,40000,416.4,257.8
44.011505,-102.791088,40000,420.9,257.0
44.002991,-102.843018,40025,423.3,257.3
43.994293,-102.896544,40000,424.3,257.3
43.985953,-102.947715,40000,421.4,257.2
43.977539,-102.999573,40000,418.2,257.3
43.969254,-103.050544,40000,416.3,257.2
43.960739,-103.101516,40000,417.7,257.0
43.952179,-103.152551,40000,418.9,256.9
43.943357,-103.205305,40000,419.9,256.9
43.934792,-103.256574,40000,420.9,257.0
43.926226,-103.308105,40000,420.9,257.0
43.917526,-103.35995,40000,420.9,257.0
43.908816,-103.411691,40000,419.9,256.9
43.900131,-103.463298,40000,418.2,256.7
43.891296,-103.515164,40000,417.0,256.8
43.882793,-103.565499,40000,417.9,256.9
43.874084,-103.617043,40000,419.1,256.8
43.865295,-103.668525,40000,421.8,257.0
43.85663,-103.720485,40000,424.5,256.6
43.847599,-103.773324,40000,426.0,257.0
43.838837,-103.825655,40000,425.2,256.8
43.830002,-103.877457,40000,423.5,256.6
43.821167,-103.928684,40000,420.6,256.5
43.812057,-103.980869,40000,419.8,256.4
43.803085,-104.031904,40000,420.1,256.2
43.793971,-104.083492,40000,421.0,256.3
43.784821,-104.135444,40000,420.8,256.4
43.775757,-104.18731,40000,420.8,256.4
43.766692,-104.238935,40000,419.8,256.4
43.757721,-104.289636,40000,420.1,256.2
43.748536,-104.341147,40000,419.1,256.2
43.739273,-104.39324,40000,418.9,256.3
43.730301,-104.444019,40000,418.9,256.3
43.72135,-104.494564,40000,419.1,256.2
43.712225,-104.545244,40000,418.6,255.9
43.702927,-104.596295,40000,418.6,255.9
43.693726,-104.646947,40000,418.6,255.9
43.68448,-104.698072,40000,417.4,256.0
43.675403,-104.748557,40000,416.2,256.1
43.666443,-104.798392,40000,415.2,256.1
43.657379,-104.848597,40000,414.5,255.9
43.647903,-104.900144,40000,416.0,255.7
43.638565,-104.950349,40000,416.9,255.7
43.629176,-105.001046,40000,417.9,255.7
43.619866,-105.051466,40000,417.9,255.7
43.610555,-105.101885,40000,416.0,255.7
43.601291,-105.151978,40000,414.7,255.8
43.592074,-105.201939,40000,412.8,255.7
43.582577,-105.252947,40000,413.0,255.6
43.573196,-105.303189,40000,413.3,255.4
43.563858,-105.353138,40000,414.5,255.9
43.55446,-105.403878,40000,416.2,255.5
43.545056,-105.454167,40000,417.4,256.0
43.535606,-105.504717,40000,417.9,255.2
43.526063,-105.555921,40000,416.0,255.7
43.516479,-105.606398,40000,416.7,255.3
43.50705,-105.65654,40000,416.2,255.5
43.49748,-105.707179,40000,416.5,255.4
43.488007,-105.756822,40000,414.5,255.3
43.478626,-105.805926,40000,412.6,255.3
43.469083,-105.855495,40000,411.6,255.2
43.459488,-105.905393,40000,410.7,255.2
43.45009,-105.954372,40000,412.8,255.1
43.440353,-106.004717,40000,417.0,255.1
43.430584,-106.054753,40000,421.6,254.9
43.420624,-106.10468,40000,423.5,254.9
43.410707,-106.156311,40000,422.3,255.0
43.400757,-106.206878,40000,418.7,254.8
43.390869,-106.256827,40000,416.5,254.8
43.380753,-106.307863,39975,417.5,254.9
43.370865,-106.358132,40025,420.6,254.8
43.36084,-106.40955,40000,420.4,255.0
43.351073,-106.459154,40000,416.3,255.0
43.341018,-106.509835,39975,413.9,254.6
43.330948,-106.559718,40000,412.9,254.6
43.321094,-106.608647,40000,413.9,254.6
43.311218,-106.658723,40000,414.3,254.9
43.301216,-106.708832,40000,414.6,254.8
43.291533,-106.758401,40000,413.8,255.2
43.28199,-106.80797,40000,412.8,255.1
43.272214,-106.85839,40000,412.8,255.1
43.262604,-106.907448,40000,413.1,255.0
43.252755,-106.957397,40000,414.6,254.8
43.242554,-107.007666,40000,416.3,254.4
43.232666,-107.057424,40000,415.3,254.9
43.222916,-107.106671,40000,412.7,254.7
43.21272,-107.15744,40000,411.7,254.6
43.202851,-107.206617,40000,411.7,254.6
43.192982,-107.255794,40000,412.7,254.7
43.183066,-107.305167,40000,415.1,254.5
43.172836,-107.355269,40000,416.1,254.5
43.163095,-107.404567,40000,416.5,254.8
43.15304,-107.453809,40000,413.5,254.3
43.143127,-107.50352,40000,412.7,254.7
43.133011,-107.552831,40000,411.5,254.2
43.122828,-107.603237,40000,412.7,254.7
43.112865,-107.651563,40025,412.8,254.1
43.102982,-107.700252,39975,412.0,254.5
43.092801,-107.749394,40000,409.3,254.3
43.083023,-107.797532,40025,408.4,254.2
43.076157,-107.830108,39975,406.7,254.0
43.069199,-107.864031,40025,404.9,254.4
43.05899,-107.912697,40000,405.1,253.8
43.049042,-107.961273,40000,403.7,254.5
43.03894,-108.009849,39975,403.8,253.9
43.029007,-108.057755,40000,404.0,254.4
43.01883,-108.106123,40000,402.9,253.9
43.00882,-108.154396,40000,402.3,254.1
43.005524,-108.169981,40000,402.6,254.0
43.000534,-108.193423,39950,403.2,253.7
42.990372,-108.242159,40025,402.3,254.1
42.980209,-108.289809,40000,401.6,254.0
42.970416,-108.336901,40000,399.7,253.9
42.960159,-108.384598,40000,398.5,254.0
42.95018,-108.431993,40000,400.0,253.7
42.940018,-108.479451,40000,402.3,254.1
42.929718,-108.528187,40000,404.7,253.5
42.919464,-108.575965,40000,403.8,253.9
42.909479,-108.623265,40000,402.9,253.9
42.899277,-108.671329,39975,401.0,253.8
42.889973,-108.714556,40025,402.2,253.7
42.883968,-108.74261,39950,403.2,253.7
42.873596,-108.790645,40025,404.4,253.6
42.86302,-108.839199,39950,408.1,253.3
42.852406,-108.886937,40025,403.3,253.1
42.841827,-108.935,40000,402.8,253.4
42.831802,-108.981437,40000,401.0,253.8
42.821774,-109.02832,40000,400.0,253.7
42.810974,-109.078078,40000,401.8,253.4
42.800446,-109.125574,40000,404.6,253.0
42.789839,-109.172931,40000,408.4,253.2
42.779272,-109.221284,40000,412.2,253.4
42.768356,-109.270332,40000,412.2,253.4
42.757736,-109.319083,40000,411.6,253.2
42.748215,-109.361343,40000,410.6,253.1
42.737235,-109.411117,40000,410.9,253.0
42.728344,-109.450464,40000,410.3,252.9
42.717683,-109.498752,40000,410.0,253.4
42.707163,-109.545125,40000,409.3,252.8
42.696595,-109.59303,39975,409.1,253.4
42.685749,-109.640872,40025,406.5,253.1
42.675476,-109.687188,40000,405.8,252.9
42.66449,-109.735565,40000,403.1,253.3
42.653824,-109.782944,40000,403.3,252.7
42.642734,-109.831791,40000,404.3,253.2
42.631888,-109.879377,40000,407.7,252.6
42.621048,-109.927014,40000,410.0,253.0
42.610199,-109.97508,40000,412.2,252.9
42.598975,-110.02386,40000,412.1,252.5
42.587849,-110.071894,40000,409.6,252.7
42.576782,-110.120087,40000,407.4,252.7
42.565475,-110.167465,40000,405.4,251.7
42.554006,-110.215419,40000,406.1,252.4
42.542368,-110.263899,40000,409.5,251.8
42.530683,-110.312635,40000,414.0,252.1
42.519185,-110.361051,40000,415.2,252.1
42.507568,-110.408977,40000,414.9,251.7
42.495804,-110.456918,40000,413.9,251.7
42.484224,-110.504576,40000,411.4,251.9
42.47287,-110.551737,40000,408.9,252.1
42.461413,-110.599621,40000,407.3,251.8
42.449615,-110.647555,40000,406.7,251.6
42.437718,-110.696134,40000,407.3,251.8
42.426132,-110.743873,40000,407.3,251.8
42.414551,-110.791189,40000,408.6,251.7
42.402832,-110.838817,40000,408.3,251.4
42.391026,-110.886479,40000,408.9,251.6
42.379295,-110.933746,40000,407.3,251.4
42.367331,-110.981843,40000,407.0,251.5
42.355453,-111.029705,40000,407.0,251.5
42.343552,-111.077583,40000,408.3,251.4
42.331672,-111.125432,39975,409.2,251.5
42.319569,-111.173848,40000,411.4,251.4
42.307605,-111.221753,40000,412.7,251.4
42.295349,-111.27078,40000,413.6,251.4
42.283211,-111.319097,40000,413.9,251.3
42.270922,-111.368025,40000,414.9,251.3
42.258728,-111.416536,40000,417.1,251.3
42.246414,-111.465662,40000,416.2,251.2
42.234329,-111.513478,40000,413.6,251.4
42.222061,-111.562105,40000,411.4,251.0
42.209976,-111.609483,40000,412.1,251.2
42.197788,-111.657694,40000,414.6,251.0
42.185452,-111.705663,40000,417.8,251.0
42.172883,-111.754782,40000,418.7,251.1
42.160407,-111.803326,40000,420.0,251.0
42.147903,-111.851931,40000,419.0,250.9
42.135498,-111.900059,40000,417.1,250.8
42.123072,-111.948512,40000,416.8,251.0
42.110735,-111.996354,40000,417.1,250.8
42.098306,-112.044451,40000,418.1,250.9
42.085693,-112.093131,40000,419.4,250.8
42.072968,-112.142195,40000,421.6,250.8
42.06018,-112.191105,40000,421.9,250.6
42.047424,-112.240073,40000,422.8,250.7
42.03447,-112.289637,40000,423.8,250.7
42.021867,-112.33776,40000,424.1,250.6
42.009158,-112.386304,40000,422.8,250.7
41.996338,-112.43533,40000,420.4,250.4
41.983704,-112.483146,40000,418.7,250.6
41.971024,-112.531149,40000,417.8,250.6
41.958435,-112.578839,40000,419.1,250.5
41.945709,-112.62678,40000,420.4,250.4
41.932983,-112.674845,40000,420.4,250.4
41.920212,-112.723222,40000,420.0,250.5
41.907349,-112.771401,40000,419.7,250.2
41.894547,-112.819306,40000,419.1,250.5
41.881791,-112.867148,40000,418.8,250.2
41.868896,-112.915117,40000,419.7,250.2
41.855896,-112.963361,40000,419.7,250.2
41.842987,-113.011301,40000,418.8,250.2
41.830215,-113.058805,40000,416.6,250.2
41.817317,-113.106675,40000,415.0,250.0
41.804352,-113.154436,40000,416.0,250.0
41.791214,-113.202938,40000,419.1,250.1
41.778027,-113.251286,40000,422.7,249.9
41.764755,-113.300004,40000,425.8,249.9
41.75148,-113.348382,40025,425.8,249.9
41.738251,-113.396634,40000,423.0,249.8
41.725159,-113.444387,40000,419.5,249.9
41.712015,-113.49241,40000,417.6,249.8
41.699158,-113.539332,40000,417.6,249.8
41.6859,-113.587327,40000,417.6,249.8
41.672772,-113.634785,40000,422.1,249.8
41.659458,-113.68301,40000,425.2,249.8
41.645818,-113.732193,40000,426.5,249.7
41.632278,-113.780968,40000,422.1,249.8
41.619095,-113.828347,40000,419.2,249.6
41.605783,-113.876038,40000,416.1,249.6
41.592499,-113.923541,40000,415.5,249.4
41.579109,-113.971082,40000,417.4,249.5
41.565888,-114.018413,40000,419.2,249.6
41.552399,-114.066551,40000,421.8,249.5
41.538888,-114.114671,40000,421.8,249.5
41.525391,-114.162743,40000,420.9,249.4
41.511703,-114.211121,40000,419.9,249.4
41.498527,-114.258132,40000,421.2,249.3
41.48498,-114.30559,40000,422.2,249.3
41.471247,-114.354134,40000,421.8,249.5
41.45784,-114.401721,40000,420.9,249.4
41.444183,-114.449761,40000,421.2,249.3
41.430634,-114.497077,40000,419.7,249.1
41.416763,-114.545142,40000,421.0,249.0
41.403002,-114.592832,40000,419.7,249.1
41.389455,-114.640098,40000,419.4,249.2
41.376001,-114.687153,40000,419.4,249.2
41.364304,-114.72699,40000,420.4,248.1
41.352725,-114.763683,40000,421.1,246.8
41.339504,-114.803446,40000,421.6,245.6
41.323397,-114.850637,40000,420.3,245.7
41.307895,-114.896518,40000,419.4,245.9
41.292343,-114.942932,40000,418.1,246.0
41.276779,-114.988708,40000,418.4,245.6
41.26111,-115.035033,40000,418.5,245.9
41.245468,-115.081604,40000,419.4,245.9
41.22995,-115.12738,40000,418.9,245.8
41.214203,-115.173462,40000,419.8,245.5
41.198451,-115.219553,40000,419.3,245.6
41.182903,-115.265434,40000,418.9,245.8
41.166889,-115.312001,40000,418.4,245.6
41.151154,-115.357569,40000,418.9,245.4
41.135373,-115.403324,40000,419.8,245.5
41.119675,-115.448914,40000,421.1,245.4
41.103764,-115.495023,40000,421.1,245.4
41.087769,-115.541321,40000,420.2,245.4
41.071829,-115.58747,40000,418.9,245.4
41.055955,-115.633288,40000,418.9,245.4
41.040161,-115.679077,40000,418.9,245.4
41.024206,-115.725049,40000,418.4,245.3
41.008163,-115.771057,40000,420.2,245.4
40.992364,-115.81656,40000,420.6,245.3
40.975983,-115.863342,40000,419.7,245.2
40.960052,-115.908875,40000,418.8,245.1
40.94395,-115.954763,39975,418.8,245.1
40.928029,-116.000207,40000,418.8,245.1
40.912308,-116.045288,40000,420.6,245.3
40.89624,-116.091125,40000,421.4,245.0
40.88008,-116.137099,40000,422.0,245.5
40.864206,-116.183167,40000,421.7,245.9
40.853668,-116.215515,40000,421.4,247.4
40.84259,-116.251831,39975,420.8,248.7
40.828995,-116.298584,40000,421.4,248.9
40.815033,-116.345337,39975,420.6,248.4
40.800848,-116.392219,40000,416.5,248.3
40.78679,-116.439285,40000,413.6,248.6
40.773239,-116.485229,40000,409.3,248.9
40.759506,-116.531494,40000,408.0,248.3
40.746048,-116.576721,40000,407.4,248.9
40.732498,-116.62207,40000,408.3,248.1
40.718582,-116.668396,40000,410.4,248.6
40.704858,-116.714443,40000,413.6,248.6
40.69075,-116.760864,40000,416.7,247.9
40.676787,-116.806641,40000,418.0,248.5
40.662643,-116.853394,40000,418.6,248.0
40.648682,-116.899414,40000,416.7,248.6
40.634657,-116.945655,40000,411.9,248.0
40.620941,-116.990356,40000,408.0,248.3
40.607208,-117.036194,40000,405.9,248.6
40.593613,-117.081299,40000,407.6,248.4
40.579651,-117.127319,40000,411.5,248.2
40.565341,-117.173372,40000,416.2,247.7
40.551086,-117.219971,40000,418.2,248.1
40.536667,-117.266907,40000,419.5,248.0
40.52243,-117.313293,40000,418.6,248.0
40.508331,-117.35907,40000,417.3,248.1
40.494069,-117.405333,40000,415.4,247.9
40.479964,-117.450901,40000,413.2,248.0
40.465905,-117.496282,40000,411.9,248.0
40.451567,-117.542475,40000,412.1,247.6
40.437561,-117.587585,40000,413.2,248.0
40.423416,-117.632812,40000,415.2,247.6
40.409271,-117.678589,40000,417.6,247.9
40.395053,-117.723937,40000,417.1,247.7
40.380715,-117.769692,40000,414.9,247.8
40.366283,-117.815822,40000,411.7,247.7
40.352225,-117.860891,40000,410.4,247.8
40.338119,-117.90596,40000,411.7,247.7
40.323669,-117.951843,40000,415.2,247.6
40.309341,-117.997253,40000,417.5,247.6
40.29483,-118.042969,40000,418.2,247.4
40.280069,-118.08892,40000,415.5,247.2
40.265808,-118.13385,40000,411.7,247.7
40.25148,-118.179504,40000,409.9,247.6
40.237335,-118.224365,40000,411.2,247.6
40.222961,-118.26947,40000,413.8,247.4
40.208221,-118.315796,40000,418.2,247.4
40.193295,-118.361893,40000,419.4,247.0
40.178631,-118.407523,40000,416.9,247.4
40.16391,-118.453247,40000,414.5,247.1
40.149257,-118.498972,40000,413.8,247.4
40.13475,-118.544556,40000,416.0,247.4
40.119929,-118.590421,40000,419.4,247.0
40.105172,-118.636114,40000,420.5,247.3
40.089996,-118.682743,40000,419.8,246.9
40.075285,-118.728187,40000,416.8,247.1
40.060295,-118.774317,40000,414.9,247.0
40.045441,-118.819824,40000,415.9,247.1
40.030792,-118.865234,40000,417.2,247.0
40.015686,-118.911377,40000,419.0,247.1
40.000709,-118.957651,40000,421.2,247.1
39.985346,-119.004468,40000,423.9,246.9
39.970184,-119.050659,40000,425.2,246.9
39.954855,-119.097228,40000,426.5,246.8
39.939697,-119.142883,40000,426.9,246.7
39.924362,-119.189026,40000,426.9,246.7
39.909119,-119.234977,40000,424.3,246.8
39.893964,-119.281311,40000,421.2,247.1
39.879068,-119.326721,40000,421.1,246.8
39.864031,-119.372314,40000,422.0,246.8
39.848576,-119.419128,40000,426.5,246.8
39.833405,-119.465033,40000,431.3,246.6
39.817526,-119.512512,40000,435.4,246.7
39.801773,-119.560029,40000,436.7,246.7
39.786438,-119.605945,40000,434.9,246.6
39.770874,-119.652637,40000,432.7,246.6
39.755052,-119.699646,40000,432.1,246.4
39.739085,-119.747192,40000,434.0,246.5
39.72335,-119.793945,40000,434.9,246.6
39.707474,-119.841256,40000,435.3,246.4
39.691727,-119.887888,40000,432.5,246.3
39.676208,-119.934221,40025,429.4,247.3
39.665268,-119.96921,40000,424.7,248.4
39.654081,-120.007385,40000,420.2,249.7
39.640953,-120.053589,39975,419.2,249.6
39.627546,-120.09967,40000,421.2,249.3
39.614185,-120.146301,40000,422.1,249.8
39.600546,-120.193542,40000,423.1,249.4
39.586999,-120.240662,40000,422.1,249.8
39.573592,-120.286926,40000,420.9,249.4
39.560371,-120.332825,40000,417.4,249.5
39.546982,-120.378869,40000,412.7,249.3
39.533936,-120.423889,39975,411.6,249.7
39.520848,-120.469604,40000,413.9,249.6
39.507627,-120.515259,40000,416.2,249.2
39.49422,-120.560669,40000,415.5,249.4
39.488774,-120.580078,40000,409.2,251.5
39.486213,-120.591248,39975,405.8,255.0
39.484258,-120.602539,39975,403.4,259.0
39.483001,-120.613159,39975,401.4,262.6
39.48221,-120.62439,40000,398.7,266.5
39.48207,-120.635986,40000,397.0,270.3
39.482529,-120.652273,40000,394.5,272.9
39.484497,-120.690606,40000,390.0,274.1
39.487144,-120.736389,40000,388.1,274.3
39.489716,-120.782199,40000,388.9,274.0
39.492142,-120.827876,40000,392.9,273.9
39.494705,-120.87403,40000,398.0,274.0
39.497293,-120.920044,40000,399.0,274.0
39.499807,-120.967529,40000,397.9,273.8
39.501948,-121.013855,40000,396.6,273.2
39.503996,-121.060181,40000,396.6,273.2
39.505875,-121.107251,40000,398.6,273.0
39.507843,-121.153823,40000,401.6,273.1
39.509995,-121.200814,40000,402.7,273.4
39.512003,-121.24823,40000,401.6,273.0
39.513931,-121.295571,40000,400.6,273.0
39.515579,-121.343337,40000,400.3,272.1
39.516752,-121.389587,40000,400.2,271.6
39.517217,-121.417236,40000,400.0,270.4
39.516938,-121.426819,40000,401.9,266.1
39.516146,-121.435425,40000,403.2,261.7
39.514618,-121.445379,40000,404.9,257.3
39.512054,-121.457679,40000,406.6,253.6
39.508759,-121.470576,40000,408.4,250.1
39.505096,-121.482279,40000,409.8,246.6
39.50097,-121.493591,40000,411.4,243.4
39.496315,-121.504639,40000,413.5,240.0
39.491008,-121.515503,40000,416.0,236.3
39.485096,-121.526123,40000,418.2,232.8
39.479004,-121.535718,40000,420.4,229.1
39.472549,-121.544733,40000,422.9,226.0
39.465179,-121.553809,40000,426.2,222.1
39.456665,-121.563004,40000,428.7,219.0
39.431375,-121.588318,40000,430.5,217.8
39.400177,-121.619787,40000,431.7,218.0
39.368637,-121.651193,40000,432.7,217.8
39.337646,-121.682122,40000,432.7,217.8
39.306015,-121.713648,40000,432.0,217.7
39.27507,-121.744458,40000,430.6,217.6
39.243622,-121.775685,40000,429.1,217.8
39.212814,-121.806136,40000,428.8,217.3
39.181575,-121.836792,40000,430.0,217.5
39.150421,-121.867696,40000,431.3,217.8
39.119102,-121.898804,40000,432.8,217.6
39.087433,-121.929852,40000,433.0,217.4
39.055847,-121.96096,40000,432.2,217.5
39.024601,-121.991638,40000,427.2,217.5
39.020225,-121.995972,39975,427.2,217.5
39.01706,-121.999023,39975,427.2,217.5
39.013941,-122.002136,39925,427.2,217.5
39.008913,-122.00708,39850,428.0,217.4
38.990341,-122.025206,39475,429.0,217.1
38.97344,-122.041565,39075,430.4,217.2
38.956356,-122.058228,38675,433.0,217.4
38.940435,-122.073853,38275,434.2,217.6
38.922913,-122.091184,37875,434.2,217.6
38.905381,-122.108459,37475,435.0,217.5
38.889084,-122.124441,37075,435.8,217.4
38.8734,-122.139771,36675,436.6,217.4
38.856687,-122.156128,36275,438.0,217.4
38.840195,-122.172268,35875,438.0,217.4
38.823532,-122.188568,35475,438.6,217.5
38.806824,-122.204988,35075,438.6,217.5
38.789745,-122.221741,34675,438.6,217.5
38.773956,-122.237171,34275,440.2,217.3
38.757065,-122.25365,33875,441.8,217.2
38.7404,-122.269775,33475,443.2,217.2
38.723408,-122.286255,33075,444.6,217.2
38.706619,-122.302551,32675,447.4,217.3
38.69339,-122.315389,32350,449.8,217.1
38.689957,-122.318673,32250,450.2,216.7
38.678375,-122.328942,31875,454.9,213.8
38.666931,-122.338137,31550,457.6,211.1
38.653952,-122.347412,31200,460.4,208.4
38.640219,-122.356262,30850,462.5,205.9
38.626511,-122.364111,30475,465.0,203.3
38.612091,-122.371455,30100,466.2,200.7
38.599869,-122.376948,29725,468.4,198.9
38.587463,-122.382202,29325,469.9,198.4
38.574581,-122.387634,28925,471.5,198.6
38.561407,-122.393311,28525,471.8,198.7
38.548977,-122.398621,28125,472.8,198.6
38.540268,-122.402384,27875,472.8,198.6
38.526632,-122.408264,27475,471.8,198.7
38.521651,-122.4104,27350,471.8,198.7
38.511337,-122.414803,27100,470.5,198.6
38.491997,-122.423035,26700,466.1,198.5
38.472839,-122.431163,26300,461.7,198.4
38.453173,-122.439392,25900,457.0,198.2
38.433248,-122.447754,25500,451.6,198.2
38.412765,-122.45636,25100,445.9,198.4
38.393646,-122.464424,24700,441.5,198.4
38.372864,-122.47319,24300,436.1,198.3
38.365814,-122.47617,24175,434.2,198.4
38.358811,-122.479109,24100,431.3,198.5
38.353551,-122.481378,24050,428.5,198.6
38.348197,-122.483706,24025,424.4,198.7
38.33963,-122.48739,24000,419.3,198.8
38.322594,-122.494693,24000,412.7,198.6
38.318756,-122.496331,23975,412.7,198.6
38.31514,-122.497851,23925,411.7,198.7
38.311523,-122.499429,23875,411.7,198.7
38.308116,-122.500902,23825,411.7,198.7
38.30253,-122.503291,23700,410.5,198.6
38.295685,-122.506207,23525,410.5,198.6
38.281998,-122.512051,23125,410.5,198.6
38.268127,-122.517953,22725,411.4,198.6
38.254069,-122.52389,22325,411.1,198.4
38.241577,-122.529174,21975,412.4,198.5
38.229582,-122.534279,21575,414.3,198.4
38.223018,-122.537026,21375,415.5,198.5
38.218456,-122.538996,21225,415.5,198.5
38.205872,-122.544309,20950,415.2,198.4
38.187012,-122.552198,20550,411.1,198.4
38.167109,-122.560611,20150,406.7,198.4
38.147781,-122.568736,19775,402.6,198.4
38.128098,-122.577034,19375,397.5,198.5
38.109238,-122.584923,18975,392.8,198.2
38.090484,-122.592674,18600,388.0,198.0
38.071491,-122.600496,18225,383.9,198.1
38.05307,-122.608123,17850,378.8,198.1
38.034202,-122.61602,17475,373.8,198.2
38.015302,-122.623901,17100,369.7,198.3
37.996765,-122.631615,16725,365.9,198.5
37.978712,-122.639366,16350,361.1,198.7
37.960417,-122.647128,15975,358.6,198.5
37.945381,-122.653338,15675,355.9,196.6
37.938957,-122.655368,15550,355.7,192.7
37.932951,-122.656681,15425,355.7,188.2
37.926574,-122.657457,15325,355.9,184.0
37.920273,-122.657678,15200,357.0,179.8
37.912701,-122.657159,15050,356.9,175.8
37.905807,-122.656042,14925,357.1,171.3
37.899015,-122.654353,14775,356.9,167.2
37.891846,-122.651845,14625,356.8,162.9
37.885483,-122.648971,14500,355.8,158.9
37.879486,-122.64564,14375,353.8,154.7
37.873411,-122.641575,14225,352.8,150.8
37.867313,-122.636798,14100,351.4,146.5
37.861028,-122.631066,13950,349.8,142.9
37.852509,-122.622349,13725,347.4,140.5
37.838104,-122.60713,13350,340.8,140.2
37.824019,-122.592375,13000,330.8,140.1
37.814987,-122.582878,12775,323.0,140.1
37.811783,-122.579489,12675,321.6,140.2
37.802216,-122.569379,12350,320.1,139.9
37.799057,-122.566048,12275,317.9,139.9
37.789764,-122.556113,12100,307.9,139.7
37.780539,-122.546281,11950,298.1,139.9
37.771133,-122.53642,11800,291.2,140.3
37.762527,-122.52742,11650,287.6,140.2
37.752777,-122.517135,11500,283.9,139.9
37.743988,-122.507785,11350,282.5,139.9
37.735657,-122.498844,11200,281.7,139.8
37.727097,-122.489737,11025,280.9,139.6
37.723755,-122.486163,11000,279.5,139.6
37.72023,-122.482365,10975,277.3,139.5
37.7014,-122.462271,10975,273.2,139.9
37.682373,-122.442276,10975,269.8,140.1
37.663367,-122.422207,10975,271.8,139.9
37.644607,-122.402264,10975,269.7,139.8
37.62561,-122.382144,10975,270.4,139.9
37.61891,-122.375097,10975,270.4,139.9
37.617233,-122.37332,10950,270.4,139.9
37.611601,-122.367574,10850,270.4,142.7
37.608715,-122.365126,10800,269.7,147.7
37.604758,-122.362439,10750,268.8,153.2
37.595355,-122.356766,10600,268.4,154.4
37.584601,-122.350258,10450,267.5,154.3
37.574982,-122.344451,10300,268.8,154.2
37.565235,-122.338555,10150,267.9,154.1
37.554428,-122.331946,10000,267.0,154.0
37.544998,-122.32616,9850,266.1,153.9
37.533952,-122.319329,9725,262.1,153.7
37.524216,-122.313304,9575,258.5,153.8
37.517303,-122.309038,9500,254.0,153.8
37.507416,-122.30296,9400,249.6,153.9
37.497162,-122.296649,9275,245.5,153.6
37.487045,-122.290221,9150,242.8,153.3
37.477298,-122.284042,9000,240.6,152.8
37.470641,-122.279743,8975,236.1,152.8
37.464915,-122.276041,8975,231.7,152.8
37.446434,-122.26398,8975,229.4,152.8
37.440491,-122.260301,8975,230.0,155.3
37.437332,-122.258723,9000,229.9,160.7
37.434656,-122.25783,9000,229.5,167.4
37.431976,-122.257262,9000,228.6,173.2
37.429535,-122.257113,9000,228.0,179.0
37.426184,-122.257352,9000,225.9,185.1
37.423187,-122.258022,8975,224.8,191.8
37.418596,-122.259561,8975,222.5,195.9
37.4133,-122.261645,8950,220.7,197.9
37.402863,-122.266144,8825,220.1,199.1
37.392526,-122.270667,8700,222.7,199.4
37.382629,-122.275027,8575,220.4,199.3
37.378281,-122.276757,8525,219.2,196.7
37.375671,-122.277481,8500,220.7,190.4
37.372974,-122.277832,8475,221.6,184.1
37.37027,-122.277832,8425,223.3,177.2
37.367668,-122.277414,8400,224.7,171.0
37.364781,-122.276518,8375,225.7,164.1
37.362407,-122.275444,8350,227.1,158.3
37.360173,-122.27407,8325,227.7,152.0
37.357864,-122.27228,8300,228.3,145.9
37.355378,-122.269771,8250,229.0,139.1
37.353562,-122.267443,8225,229.3,132.9
37.351467,-122.264159,8175,229.2,127.0
37.35035,-122.26189,8150,229.1,120.7
37.349186,-122.259024,8125,228.2,114.9
37.348251,-122.255859,8075,227.4,109.0
37.347557,-122.252516,8025,226.4,102.5
37.347244,-122.249548,8000,224.5,96.7
37.347107,-122.246568,7950,222.0,90.0
37.347324,-122.243261,7925,219.5,83.2
37.347836,-122.239738,7900,218.3,78.6
37.348535,-122.236872,7875,214.4,71.2
37.349808,-122.23301,7850,211.3,66.0
37.352166,-122.22708,7800,208.4,62.6
37.355804,-122.218868,7725,209.6,60.3
37.362081,-122.205585,7625,210.8,59.2
37.364731,-122.199993,7575,205.8,59.3
37.36804,-122.192927,7550,200.8,59.5
37.372055,-122.184448,7450,195.9,59.6
37.376838,-122.174178,7325,191.4,59.5
37.381577,-122.164053,7200,190.0,59.7
37.386108,-122.154236,7075,185.9,60.0
37.38978,-122.146235,6975,184.6,60.1
37.393478,-122.138282,6875,185.1,59.8
37.396912,-122.130802,6775,185.9,60.0
37.399509,-122.125456,6725,185.0,56.9
37.400952,-122.123068,6675,183.7,51.6
37.402302,-122.121217,6650,180.3,44.3
37.403885,-122.119665,6625,178.0,36.5
37.406399,-122.117754,6600,176.3,31.1
37.408447,-122.11656,6550,174.0,25.5
37.41243,-122.11444,6500,173.6,22.0
37.417511,-122.111985,6400,170.9,20.6
37.42353,-122.109275,6300,168.6,19.4
37.429916,-122.106492,6200,169.5,19.3
37.436006,-122.103842,6100,170.5,19.2
37.442291,-122.101095,6000,168.9,18.6
37.444991,-122.10014,5975,168.8,13.7
37.446945,-122.099713,5950,167.1,6.5
37.448994,-122.099662,5900,166.0,0.0
37.451523,-122.099947,5875,164.9,354.1
37.455185,-122.100648,5825,164.4,350.2
37.45742,-122.101155,5750,164.0,349.1
37.461456,-122.102226,5650,165.3,348.5
37.464752,-122.103044,5550,165.5,348.1
37.4685,-122.104021,5450,165.5,348.1
37.47171,-122.104856,5350,165.3,348.5
37.475052,-122.105732,5250,166.3,348.5
37.478462,-122.106589,5150,166.3,348.5
37.482046,-122.107484,5050,165.1,348.8
37.485214,-122.108245,4950,164.3,348.4
37.48889,-122.109455,4850,163.7,344.8
37.492102,-122.110708,4750,162.9,342.1
37.495453,-122.112141,4650,162.6,340.2
37.498526,-122.113694,4550,161.8,337.1
37.501831,-122.115664,4450,161.5,333.9
37.50531,-122.117946,4350,159.7,332.0
37.509047,-122.12056,4250,158.0,330.8
37.512177,-122.122913,4150,156.8,328.0
37.513935,-122.124501,4100,156.4,323.1
37.515192,-122.125994,4050,155.0,317.4
37.516355,-122.127546,4025,154.6,310.8
37.517705,-122.129815,3975,152.3,304.8
37.518916,-122.132323,3925,150.6,300.3
37.520405,-122.136025,3850,147.1,296.2
37.522221,-122.140921,3750,145.0,294.4
37.524307,-122.146464,3650,142.7,296.2
37.526597,-122.151788,3575,142.3,298.5
37.528564,-122.156281,3475,142.4,299.5
37.531252,-122.162177,3375,142.4,299.5
37.533875,-122.168027,3275,140.1,298.6
37.536438,-122.174046,3175,137.4,298.2
37.539026,-122.18003,3075,136.9,297.9
37.541494,-122.185941,2975,136.9,297.9
37.544007,-122.191912,2900,137.8,297.7
37.546614,-122.198121,2800,136.9,297.9
37.549255,-122.204434,2725,136.0,298.1
37.551498,-122.209577,2625,139.6,298.2
37.554109,-122.215795,2525,143.6,297.8
37.556623,-122.221706,2425,145.4,298.3
37.558904,-122.22708,2325,146.3,298.1
37.561418,-122.233051,2225,142.2,297.6
37.563675,-122.238445,2125,138.7,298.4
37.566055,-122.244055,2025,135.5,297.7
37.568401,-122.24953,1925,136.5,298.4
37.570821,-122.255322,1825,132.8,297.3
37.572125,-122.258546,1775,128.4,297.4
37.572968,-122.260476,1750,125.7,298.0
37.573847,-122.262666,1700,120.8,297.6
37.575211,-122.265911,1650,115.9,298.3
37.577385,-122.270906,1575,113.3,299.0
37.579376,-122.275611,1475,116.3,297.7
37.579992,-122.277116,1450,116.3,297.7
37.582123,-122.282273,1375,117.2,297.4
37.584091,-122.287182,1275,118.5,296.6
37.586151,-122.292032,1200,120.0,298.9
37.587753,-122.295772,1150,120.4,298.3
37.589908,-122.300879,1050,120.8,297.6
37.592096,-122.306074,950,118.1,297.2
37.594237,-122.311269,875,113.2,297.9
37.596222,-122.315992,800,111.8,297.7
37.597449,-122.318911,750,116.8,298.1
37.599472,-122.323706,675,121.2,298.0
37.601395,-122.328322,575,125.2,297.6
37.603734,-122.333779,475,123.9,298.4
37.605782,-122.338555,375,121.2,298.0
37.60817,-122.344334,300,119.0,298.1
37.610413,-122.349711,225,117.2,297.4
37.611694,-122.352826,150,119.0,297.0
37.613743,-122.357722,50,123.5,298.0
37.615723,-122.362392,-25,119.0,298.1
37.616256,-122.363693,-25,114.1,297.7
37.616592,-122.364495,-25,109.6,297.7
37.616862,-122.365066,-25,103.8,297.5
37.61705,-122.365547,-25,99.8,298.1
37.617281,-122.366081,-25,94.8,297.6
37.61756,-122.366797,-25,93.1,298.2
37.617653,-122.366977,-25,87.2,298.0
37.618025,-122.367812,-25,82.8,298.1
37.618195,-122.368235,-25,79.2,297.9
37.618398,-122.368768,0,74.2,297.3
37.618724,-122.369484,0,69.8,297.3
37.619003,-122.370201,0,65.8,298.1
37.619431,-122.371157,0,60.8,297.4
37.619751,-122.371976,0,56.4,297.5
37.619934,-122.372385,0,51.9,297.5
37.620027,-122.372649,0,48.8,298.1
37.620155,-122.372903,-50.0,46.5,298.1
37.620209,-122.373027,0,46.5,298.7
37.620237,-122.373082,-50.0,45.5,298.1
37.620423,-122.373515,-50.0,41.5,295.3
37.620506,-122.373714,-50.0,38.5,295.3
37.620667,-122.374079,-50.0,34.5,298.1
37.620853,-122.374515,-50.0,32.5,298.1
37.621033,-122.374941,-50.0,31.5,298.1
37.621181,-122.375306,-50.0,27.5,295.3
37.621273,-122.375496,-50.0,24.5,300.9
37.621399,-122.375686,-50.0,20.5,306.6
37.62149,-122.375803,-50.0,17.5,315.0
37.621605,-122.375891,-50.0,16.5,323.4
37.621719,-122.375964,-50.0,14.8,331.9
37.621822,-122.375993,-50.0,13.2,340.3
37.621901,-122.375978,-50.0,12.2,351.6
37.621982,-122.375963,-50.0,11.8,2.8
37.622041,-122.375918,-50.0,11.8,14.1
37.622122,-122.375858,-50.0,11.8,25.3
37.62218,-122.375784,-50.0,11.8,33.8
37.622337,-122.375613,-50.0,12.2,39.4
37.622475,-122.375526,-50.0,12.2,33.8
37.622553,-122.3755,-50.0,12.2,22.5
37.622623,-122.375496,-50.0,11.8,11.2
37.622681,-122.375515,-50.0,11.2,0.0
37.622726,-122.37554,-50.0,11.2,351.6
37.622762,-122.375575,-50.0,10.8,340.3
37.62282,-122.375649,-50.0,10.2,329.1
37.622864,-122.375701,-50.0,9.8,317.8
37.62291,-122.375803,-50.0,9.8,309.4
37.62296,-122.375918,-50.0,10.2,300.9
37.623135,-122.376321,-50.0,11.8,298.1
37.623332,-122.376828,-50.0,13.2,298.1
37.623519,-122.377276,-50.0,14.8,295.3
37.623693,-122.377724,-50.0,15.5,298.1
37.623894,-122.378185,-50.0,16.5,298.1
37.624089,-122.37865,-50.0,18.5,298.1
37.624275,-122.379112,-50.0,18.5,295.3
37.624461,-122.379545,-50.0,19.5,298.1
37.624671,-122.380038,-50.0,20.5,298.1
37.624855,-122.380478,-50.0,19.5,298.1
37.625061,-122.38096,-50.0,15.5,298.1
37.625264,-122.381456,-50.0,14.2,298.1
37.62545,-122.381925,-50.0,13.2,298.1
37.625648,-122.382396,-50.0,13.8,298.1
37.625851,-122.38283,-50.0,10.2,298.1
37.625916,-122.382949,-50.0,9.2,303.8
37.625974,-122.383008,-50.0,8.8,312.2
37.626045,-122.383049,-50.0,8.2,323.4
37.626102,-122.383079,-50.0,7.8,331.9
37.62616,-122.383083,-50.0,8.2,340.3
37.626228,-122.383079,-50.0,8.8,351.6
37.6263,-122.383053,-50.0,9.2,5.6
37.626377,-122.383006,-50.0,9.8,14.1
37.626446,-122.382962,-50.0,10.8,19.7
37.626568,-122.382889,-50.0,11.2,25.3
37.626881,-122.382684,-50.0,11.2,28.1
37.62727,-122.382421,-50.0,11.8,28.1
37.627662,-122.382157,-50.0,11.8,28.1
37.628014,-122.381925,-50.0,10.8,28.1
37.62838,-122.381691,-50.0,11.2,28.1
37.628666,-122.381486,-50.0,6.2,28.1
37.628792,-122.381428,-50.0,3.8,25.3
37.628954,-122.381321,-50.0,3.2,25.3
37.628988,-122.381321,-50.0,2.8,19.7
37.629021,-122.381326,-50.0,3.2,11.2
37.629035,-122.381351,-50.0,2.8,2.8
37.629055,-122.381369,-50.0,2.2,354.4
37.62907,-122.381396,-50.0,2.8,345.9
37.629078,-122.381413,-50.0,3.2,334.7
37.629082,-122.381456,-50.0,3.2,323.4
37.629082,-122.381486,-50.0,3.8,312.2
37.629082,-122.381516,-50.0,2.8,303.8
37.629082,-122.381545,-50.0,2.8,295.3
37.629082,-122.381575,-50.0,2.2,289.7
37.629082,-122.38162,-50.0,2.2,286.9
37.629101,-122.381705,-50.0,2.2,284.1
37.629128,-122.381799,-50.0,1.4,284.1
37.62914,-122.381829,-50.0,1.9,289.7
37.629158,-122.381852,-50.0,1.4,295.3
37.629175,-122.381874,-50.0,1.1,298.1
37.62921,-122.381978,-50.0,0.0,0.0
37.62921,-122.381963,-50.0,0.0,0.0
37.62921,-122.381963,-50.0,0.0,0.0
37.629204,-122.381968,-50.0,0.0,0.0
37.629204,-122.381968,-50.0,0.0,0.0
37.629204,-122.381968,-50.0,0.0,0.0
37.62921,-122.381978,-50.0,0.0,0.0
37.62921,-122.381978,-50.0,0.0,0.0
37.62921,-122.381978,-50.0,0.0,0.0
37.62921,-122.381978,-50.0,0.0,0.0
37.629215,-122.381968,-50.0,0.0,0.0
37.629215,-122.381983,-50.0,0.0,0.0
37.629215,-122.381968,-50.0,0.0,0.0
37.629215,-122.381968,-50.0,0.0,0.0
37.629204,-122.381968,-50.0,0.0,0.0
37.629204,-122.381968,-50.0,0.0,0.0
37.629204,-122.381968,-50.0,0.0,0.0
37.629215,-122.381968,-50.0,0.0,0.0
37.629215,-122.381968,-50.0,0.0,0.0
37.62921,-122.381978,-50.0,0.0,0.0
37.62921,-122.381978,-50.0,0.0,0.0
37.629221,-122.381978,-50.0,0.0,0.0
37.629221,-122.381978,-50.0,0.0,0.0
37.629215,-122.381968,-50.0,0.0,0.0
37.62921,-122.381963,-50.0,0.0,0.0
37.629215,-122.381968,-50.0,0.0,0.0
37.629221,-122.381978,-50.0,0.0,0.0
37.629215,-122.381968,-50.0,0.0,0.0
