lat,lon,alt,gs,track
41.292046,2.081192,-50.0,1.4,154.7
41.292114,2.081161,-50.0,2.2,154.7
41.292172,2.081129,-50.0,2.8,154.7
41.292252,2.081085,-50.0,2.8,151.9
41.292332,2.081009,-50.0,3.2,154.7
41.292355,2.080994,-50.0,2.8,160.3
41.292463,2.080895,-50.0,2.8,174.4
41.292515,2.080872,-50.0,2.8,180.0
41.292533,2.080864,-50.0,2.8,182.8
41.292568,2.080848,-50.0,2.2,188.4
41.292606,2.080841,-50.0,2.2,194.1
41.292696,2.080832,-50.0,2.8,205.3
41.292731,2.080848,-50.0,2.8,210.9
41.292778,2.080848,-50.0,2.8,219.4
41.292812,2.080841,-50.0,2.8,227.8
41.292847,2.080864,-50.0,2.2,233.4
41.29287,2.080872,-50.0,2.2,239.1
41.292894,2.080879,-50.0,1.9,244.7
41.292906,2.08091,-50.0,0.9,247.5
41.292915,2.080933,-50.0,0.0,247.5
41.292906,2.080926,-50.0,0.0,247.5
41.292906,2.080926,-50.0,0.0,247.5
41.292915,2.080933,-50.0,0.0,247.5
41.292964,2.080786,-50.0,4.8,272.8
41.293076,2.080688,-50.0,6.2,303.8
41.293115,2.080661,-50.0,6.2,312.2
41.293278,2.080567,-50.0,6.8,329.1
41.293407,2.08049,-50.0,7.2,331.9
41.293592,2.08038,-50.0,7.8,334.7
41.293739,2.080292,-50.0,7.2,334.7
41.293988,2.080146,-50.0,5.8,334.7
41.294104,2.080083,-50.0,2.8,334.7
41.294186,2.080021,-50.0,0.0,334.7
41.294291,2.079958,-50.0,5.8,334.7
41.29454,2.079803,-50.0,8.2,337.5
41.29507,2.080411,-50.0,11.8,61.9
41.295245,2.08091,-50.0,12.2,64.7
41.295307,2.0811,-50.0,11.8,64.7
41.295385,2.081347,-50.0,8.8,64.7
41.295454,2.08155,-50.0,3.2,64.7
41.295456,2.081558,-50.0,2.8,64.7
41.295524,2.081738,-50.0,4.8,67.5
41.295582,2.081987,-50.0,7.8,70.3
41.295628,2.082184,-50.0,9.2,75.9
41.295641,2.08244,-50.0,11.2,81.6
41.295765,2.083221,-50.0,15.5,73.1
41.295955,2.083797,-50.0,16.5,64.7
41.296141,2.084312,-50.0,17.5,64.7
41.296234,2.084593,-50.0,16.5,67.5
41.296268,2.084763,-50.0,15.5,75.9
41.296246,2.08489,-50.0,14.2,84.4
41.296234,2.084999,-50.0,13.8,95.6
41.296177,2.085114,-50.0,13.2,106.9
41.296094,2.085233,-50.0,13.2,120.9
41.29599,2.085327,-50.0,12.8,135.0
41.295845,2.085419,-50.0,12.2,149.1
41.295687,2.085514,-50.0,12.2,154.7
41.29528,2.085764,-50.0,12.8,154.7
41.294895,2.085983,-50.0,13.2,154.7
41.294506,2.086227,-50.0,11.8,154.7
41.294369,2.086304,-50.0,7.2,154.7
41.294128,2.08645,-50.0,6.2,154.7
41.293779,2.086669,-50.0,10.8,154.7
41.293396,2.086899,-50.0,13.8,154.7
41.292995,2.087143,-50.0,14.2,154.7
41.292603,2.087371,-50.0,13.2,154.7
41.292206,2.087616,-50.0,15.5,154.7
41.291862,2.08783,-50.0,15.5,154.7
41.291463,2.088058,-50.0,13.2,154.7
41.291073,2.088287,-50.0,9.2,154.7
41.290775,2.08847,-50.0,6.2,154.7
41.290512,2.088638,-50.0,6.2,154.7
41.290203,2.088821,-50.0,7.8,154.7
41.289848,2.089035,-50.0,10.2,154.7
41.289612,2.089181,-50.0,11.2,151.9
41.289528,2.089279,-50.0,11.8,143.4
41.289482,2.089386,-50.0,12.2,132.2
41.289448,2.089493,-50.0,12.2,120.9
41.289448,2.089615,-50.0,12.2,109.7
41.289461,2.089696,-50.0,12.2,98.4
41.289496,2.089821,-50.0,12.8,87.2
41.289531,2.089915,-50.0,12.2,75.9
41.289585,2.090057,-50.0,12.2,70.3
41.289688,2.090378,-50.0,12.8,67.5
41.28986,2.090866,-50.0,13.8,64.7
41.290043,2.091397,-50.0,14.8,64.7
41.290217,2.091912,-50.0,15.5,64.7
41.290392,2.092443,-50.0,16.5,64.7
41.290566,2.092958,-50.0,17.5,64.7
41.290752,2.093491,-50.0,18.5,64.7
41.290936,2.094009,-50.0,19.5,64.7
41.291084,2.094482,-50.0,19.5,64.7
41.291267,2.094986,-50.0,17.5,64.7
41.291439,2.095486,-50.0,16.5,64.7
41.291622,2.096024,-50.0,15.5,64.7
41.2918,2.096532,-50.0,13.8,64.7
41.291965,2.097046,-50.0,11.8,64.7
41.292149,2.097577,-50.0,11.2,64.7
41.292335,2.098108,-50.0,11.8,64.7
41.292492,2.098572,-50.0,11.8,67.5
41.292664,2.09906,-50.0,12.2,64.7
41.292744,2.099213,-50.0,11.2,59.1
41.292824,2.099325,-50.0,10.8,53.4
41.292973,2.099609,-50.0,10.8,56.2
41.293045,2.099824,-50.0,10.2,61.9
41.29319,2.10022,-50.0,10.8,64.7
41.293362,2.100739,-50.0,10.8,64.7
41.293545,2.101257,-50.0,11.2,64.7
41.293685,2.101697,-50.0,10.8,67.5
41.29372,2.101869,-50.0,9.8,73.1
41.293728,2.10199,-50.0,8.8,78.8
41.29372,2.102118,-50.0,7.8,84.4
41.293705,2.102203,-50.0,7.2,90.0
41.293685,2.102274,-50.0,6.8,95.6
41.293671,2.102325,-50.0,6.2,101.2
41.293636,2.102417,-50.0,5.8,106.9
41.293604,2.102477,-50.0,5.2,112.5
41.293568,2.102524,-50.0,5.2,118.1
41.293511,2.102587,-50.0,4.8,123.8
41.293476,2.102631,-50.0,3.8,129.4
41.293442,2.102646,-50.0,2.8,135.0
41.293406,2.10268,-50.0,2.2,137.8
41.293371,2.102696,-50.0,2.2,143.4
41.293336,2.102711,-50.0,2.8,146.2
41.293301,2.102727,-50.0,2.8,149.1
41.293266,2.102743,-50.0,0.6,151.9
41.293247,2.102753,-50.0,0.0,151.9
41.293121,2.102844,-50.0,4.8,151.9
41.292824,2.103043,-50.0,7.8,151.9
41.292538,2.103241,-50.0,7.2,151.9
41.2924,2.103317,-50.0,6.2,154.7
41.292343,2.103333,-50.0,6.2,160.3
41.2923,2.10332,-50.0,5.8,168.8
41.292254,2.103289,-50.0,5.2,177.2
41.292219,2.103258,-50.0,5.2,185.6
41.292194,2.103226,-50.0,5.2,194.1
41.292172,2.10318,-50.0,4.8,202.5
41.292149,2.103134,-50.0,4.2,208.1
41.292138,2.103102,-50.0,3.8,216.6
41.292126,2.103073,-50.0,3.2,222.2
41.292126,2.103024,-50.0,3.2,227.8
41.292114,2.102982,-50.0,2.8,233.4
41.292114,2.102936,-50.0,2.8,239.1
41.29208,2.102829,-50.0,2.8,241.9
41.29201,2.102633,-50.0,6.2,244.7
41.291951,2.102477,-50.0,9.8,244.7
41.291893,2.102306,-50.0,14.8,244.7
41.291828,2.102127,-50.0,19.5,244.7
41.291788,2.102025,-50.0,24.5,244.7
41.291714,2.101822,-50.0,29.5,244.7
41.291634,2.101593,-50.0,34.5,244.7
41.291542,2.101318,-50.0,39.5,244.7
41.291439,2.101042,-50.0,44.5,247.5
41.291323,2.100683,-50.0,49.5,247.5
41.291199,2.100311,-50.0,54.5,247.5
41.291119,2.100098,-50.0,59.5,244.7
41.291009,2.099762,-50.0,59.5,244.7
41.290916,2.099512,-50.0,64.5,244.7
41.290833,2.099274,-50.0,69.5,244.7
41.290683,2.098826,-50.0,75.0,244.7
41.290508,2.098311,-50.0,81.0,247.5
41.290318,2.097778,-50.0,85.0,244.7
41.290066,2.097078,-25,85.0,0.0
41.289963,2.096741,-25,89.9,244.3
41.289871,2.096497,-25,95.3,244.5
41.289554,2.09558,-25,98.0,245.3
41.289228,2.094643,-25,102.5,245.2
41.288995,2.093957,-25,106.9,245.1
41.288773,2.093262,0,111.4,245.1
41.288498,2.092529,0,119.9,245.4
41.288111,2.091397,0,124.4,245.3
41.287766,2.090332,0,128.4,245.6
41.287216,2.088806,0,140.5,245.6
41.286621,2.086965,-25,147.6,245.2
41.286301,2.08606,-25,152.1,245.1
41.285843,2.084778,-50,155.3,245.2
41.285522,2.083923,-50,158.8,245.1
41.285038,2.082533,-25,162.4,244.9
41.284852,2.081972,0,167.3,244.5
41.284573,2.08116,25,167.3,244.5
41.284378,2.080627,50,168.2,244.6
41.28392,2.079285,100,168.7,245.1
41.283417,2.077698,175,167.8,245.7
41.282711,2.075729,275,165.6,245.8
41.282227,2.074219,375,164.3,245.9
41.281586,2.072449,475,162.5,245.6
41.280945,2.070618,575,161.5,244.7
41.280396,2.069275,675,161.5,243.9
41.279731,2.067802,775,159.8,241.2
41.278885,2.066162,875,160.1,237.5
41.277878,2.064575,975,160.6,232.8
41.277283,2.063843,1025,160.6,230.6
41.276184,2.062561,1075,161.2,226.0
41.274628,2.060913,1175,164.2,219.3
41.272702,2.05925,1275,165.7,215.4
41.270508,2.057617,1375,167.1,209.8
41.268047,2.056191,1475,169.5,205.5
41.26561,2.055054,1575,171.5,200.1
41.263,2.054077,1650,173.5,195.7
41.260254,2.053467,1725,177.5,191.4
41.257645,2.053162,1775,181.3,187.0
41.254872,2.053195,1850,185.1,181.9
41.252824,2.053507,1900,189.4,176.1
41.25031,2.054194,1975,193.0,169.9
41.247564,2.055255,2025,196.6,164.1
41.244864,2.056753,2125,201.3,159.0
41.240891,2.059082,2225,205.1,156.4
41.238626,2.060436,2275,209.0,155.4
41.235879,2.062121,2350,212.5,155.2
41.232388,2.063932,2450,216.9,158.6
41.229269,2.064993,2550,218.0,163.5
41.226288,2.065735,2625,219.3,168.7
41.223724,2.065979,2725,220.2,174.0
41.22084,2.065979,2825,220.2,177.7
41.217728,2.065674,2925,222.2,182.6
41.215485,2.065369,3000,223.0,185.4
41.213333,2.065063,3100,223.4,186.4
41.211136,2.064636,3200,224.6,186.9
41.208664,2.064209,3300,224.9,187.4
41.206604,2.063782,3400,225.1,187.9
41.205108,2.063495,3475,225.4,188.4
41.203583,2.063171,3575,225.6,188.7
41.201524,2.062746,3675,226.7,188.9
41.199509,2.062317,3775,226.9,189.1
41.197427,2.061809,3850,227.0,189.4
41.195798,2.061435,3950,227.2,189.6
41.193098,2.06081,4050,228.4,189.8
41.191468,2.060436,4150,229.3,189.8
41.189001,2.059937,4250,230.0,189.3
41.186325,2.05957,4350,230.7,187.0
41.18402,2.059437,4450,231.6,184.2
41.181427,2.05957,4550,233.0,181.0
41.17868,2.059937,4650,234.8,175.4
41.176071,2.060669,4750,235.6,171.5
41.173187,2.061707,4850,237.4,165.6
41.170944,2.062805,4950,238.1,161.6
41.169113,2.064026,5050,239.4,157.4
41.166504,2.065979,5150,241.2,151.5
41.164515,2.067739,5250,241.4,147.7
41.162109,2.070312,5350,243.5,141.7
41.16037,2.07251,5450,244.8,139.8
41.15837,2.07548,5550,246.8,133.9
41.156616,2.07843,5650,249.3,128.2
41.155014,2.081909,5750,251.0,124.4
41.153412,2.085754,5850,254.3,119.2
41.152132,2.089962,5950,257.5,113.6
41.151247,2.093769,6050,259.4,109.8
41.150528,2.0979,6150,261.2,104.4
41.15013,2.101947,6250,263.2,99.0
41.149851,2.105879,6350,264.5,96.1
41.149711,2.108876,6450,265.7,94.1
41.149612,2.112976,6550,266.3,92.8
41.149525,2.117303,6650,267.2,91.9
41.149525,2.121423,6750,269.0,90.8
41.149525,2.125667,6850,270.0,90.2
41.149521,2.13031,6950,271.0,89.8
41.149571,2.138277,7150,273.0,89.8
41.149571,2.146641,7350,275.0,90.0
41.149521,2.154724,7550,277.0,90.2
41.149478,2.162684,7750,278.0,90.4
41.149432,2.169675,7950,279.0,90.6
41.149338,2.177429,8150,280.0,90.8
41.1492,2.187073,8350,283.1,91.2
41.149013,2.19789,8550,287.1,91.6
41.14878,2.206754,8700,291.1,91.8
41.14856,2.216553,8875,295.2,91.9
41.148314,2.224794,9000,299.2,92.3
41.148285,2.235168,9200,303.0,89.4
41.148834,2.24231,9350,303.5,84.3
41.149612,2.248108,9475,303.5,80.1
41.150894,2.25415,9625,303.2,75.9
41.152364,2.259438,9725,302.6,71.5
41.15418,2.264682,9850,300.7,65.2
41.157211,2.272217,10050,300.6,61.8
41.160049,2.278931,10225,301.8,60.6
41.162338,2.284119,10325,304.3,59.8
41.167603,2.295898,10500,310.2,59.4
41.173416,2.308838,10675,318.5,59.0
41.179321,2.321838,10800,327.4,59.1
41.185959,2.336609,10950,337.2,59.3
41.192368,2.350891,11100,346.1,59.4
41.200127,2.368303,11225,355.9,59.6
41.207296,2.384533,11375,365.3,59.6
41.211113,2.393272,11500,368.4,59.7
41.216001,2.40432,11700,371.5,59.8
41.220936,2.415494,11900,373.4,59.6
41.230728,2.4375,12275,377.5,59.4
41.240441,2.459315,12650,382.8,59.5
41.250403,2.481787,13050,385.9,59.7
41.260552,2.504758,13450,390.4,59.7
41.270607,2.527605,13850,392.6,59.7
41.280624,2.550232,14225,396.2,59.7
41.290695,2.57312,14600,399.8,59.7
41.301361,2.597351,14975,404.2,59.7
41.311713,2.620926,15375,406.5,59.7
41.322094,2.644397,15750,409.2,59.6
41.33345,2.670227,16125,413.2,59.8
41.344718,2.695895,16475,416.8,59.7
41.355881,2.721313,16850,420.4,59.7
41.366877,2.74627,17225,422.6,59.7
41.378632,2.773071,17600,425.7,59.8
41.386917,2.792025,17875,426.6,59.9
41.396345,2.813458,18275,425.7,59.8
41.406784,2.837407,18675,427.1,59.8
41.418643,2.864493,19050,429.3,59.8
41.430142,2.890682,19425,431.5,59.8
41.443954,2.922301,19725,437.9,59.7
41.454117,2.94546,20000,440.5,59.9
41.465973,2.972676,20350,441.8,59.8
41.47809,3.000481,20700,444.9,59.9
41.491928,3.032351,21000,449.4,60.0
41.50502,3.062377,21325,452.1,59.9
41.517893,3.092077,21675,453.8,60.0
41.531158,3.122739,22000,456.1,60.0
41.544159,3.152702,22325,458.3,60.0
41.558945,3.186847,22650,461.9,60.0
41.573639,3.220742,22975,465.0,60.1
41.588242,3.254575,23300,467.2,60.1
41.602661,3.287908,23625,469.5,60.1
41.618271,3.324176,23925,473.1,60.1
41.633621,3.359772,24225,475.3,60.1
41.649811,3.397397,24500,479.3,60.2
41.664486,3.431631,24800,480.1,60.3
41.677939,3.463121,25125,480.1,60.3
41.688858,3.488596,25425,479.3,60.2
41.70076,3.516374,25825,475.7,60.3
41.711517,3.54153,26200,472.1,60.3
41.720947,3.563503,26450,471.2,60.2
41.735504,3.597523,26750,473.4,60.2
41.751492,3.635006,27050,474.7,60.5
41.766621,3.670583,27350,475.2,60.4
41.782562,3.708011,27650,476.5,60.3
41.798172,3.74459,27950,477.9,60.3
41.814056,3.781981,28250,479.6,60.4
41.829746,3.819027,28550,480.0,60.5
41.844363,3.853646,28875,480.0,60.5
41.8621,3.895739,29150,482.3,60.6
41.88089,3.940159,29400,485.0,60.5
41.894348,3.971995,29550,488.1,60.5
41.916566,4.024701,29700,494.8,60.6
41.939004,4.077972,29850,501.5,60.6
41.961396,4.131243,29950,508.7,60.6
41.971802,4.156016,30025,511.8,60.6
41.980668,4.177232,30150,511.8,60.6
41.995285,4.212071,30475,511.3,60.7
42.010788,4.249218,30775,509.9,60.8
42.026103,4.285818,31025,510.0,60.5
42.039001,4.31488,31175,510.2,58.7
42.051041,4.339912,31375,507.6,56.7
42.064462,4.365916,31575,505.8,54.7
42.079033,4.392232,31725,505.4,52.9
42.093155,4.416005,31875,504.8,51.0
42.108215,4.439787,32000,504.8,49.2
42.124375,4.463643,32125,504.6,47.3
42.140259,4.485605,32225,504.9,45.3
42.15752,4.507908,32400,503.7,43.4
42.178469,4.533266,32625,502.8,41.8
42.203793,4.563797,32925,501.4,41.9
42.229257,4.594712,33200,499.9,42.1
42.248111,4.617515,33375,496.4,42.0
42.277542,4.653147,33600,487.2,42.0
42.307663,4.689726,33825,480.8,42.0
42.329205,4.716009,33975,482.2,42.1
42.362304,4.756186,34000,482.9,42.0
42.395325,4.796219,34000,484.3,42.0
42.428129,4.836028,34000,486.5,41.9
42.461134,4.876333,34000,484.3,42.2
42.49411,4.916569,34000,485.0,42.1
42.527206,4.957019,34000,486.4,42.1
42.559708,4.996782,34000,488.5,42.2
42.593079,5.037668,34000,489.2,42.1
42.611481,5.06014,34050,489.9,42.2
42.644394,5.10059,34250,489.9,42.2
42.677353,5.141227,34400,488.4,42.3
42.710701,5.182225,34600,489.2,42.1
42.743912,5.223437,34775,492.6,42.5
42.776525,5.26392,34900,493.3,42.5
42.810229,5.305612,35075,492.7,42.4
42.843188,5.346549,35225,489.1,42.4
42.876343,5.387772,35375,486.3,42.4
42.90889,5.428204,35550,488.4,42.3
42.941367,5.468576,35700,489.8,42.3
42.97467,5.510155,35875,489.8,42.5
43.003006,5.545605,35975,490.5,42.6
43.035961,5.586744,36000,489.1,42.4
43.068466,5.627363,36000,486.2,42.6
43.101196,5.668626,36000,484.7,42.7
43.133348,5.709098,36000,484.1,42.7
43.165842,5.749708,36000,482.9,42.0
43.179291,5.764948,36000,481.7,39.4
43.191259,5.77737,36000,480.6,37.0
43.204713,5.790122,36000,477.6,34.4
43.21756,5.801101,36000,475.6,31.9
43.230652,5.811257,36000,474.6,29.3
43.244655,5.820988,36000,472.3,26.7
43.260086,5.830674,36000,471.3,24.2
43.299261,5.85447,36000,470.9,24.1
43.338737,5.878732,36000,470.9,24.1
43.378306,5.902863,35975,470.9,24.1
43.417689,5.926797,36000,470.1,23.8
43.457445,5.950928,36000,469.2,23.9
43.496887,5.974966,36000,468.3,23.9
43.535839,5.998862,36000,467.8,24.1
43.574661,6.022616,36000,467.4,24.0
43.613861,6.046731,35975,467.8,24.1
43.652344,6.070393,35950,469.1,24.2
43.69151,6.094535,35975,469.6,24.0
43.730195,6.118208,35975,469.6,24.0
43.76944,6.142379,36000,470.0,24.1
43.808449,6.1666,36000,470.8,24.3
43.8479,6.191051,36025,470.9,24.1
43.887314,6.215451,36050,470.0,24.1
43.92659,6.239532,36050,469.6,24.0
43.965225,6.263548,36050,468.2,24.2
44.00448,6.287973,36050,467.3,24.3
44.043072,6.312169,36050,466.4,24.3
44.081955,6.336365,36025,464.6,24.1
44.120728,6.360573,36000,464.6,24.1
44.159729,6.384909,35975,464.1,24.3
44.19837,6.40925,35975,463.6,24.5
44.236543,6.433299,35975,464.1,24.3
44.275228,6.457549,35975,464.1,24.3
44.313721,6.481868,35975,464.1,24.3
44.352493,6.50626,36000,463.2,24.4
44.390442,6.530326,35975,463.6,24.5
44.428894,6.554587,35975,464.1,24.3
44.467392,6.578849,35975,464.1,24.3
44.505936,6.603437,35975,465.0,24.5
44.544525,6.627764,35975,466.4,24.3
44.583683,6.652624,35975,466.8,24.4
44.622508,6.677276,36000,467.7,24.4
44.661713,6.702183,36025,467.7,24.4
44.700762,6.726781,36025,467.6,23.4
44.717239,6.735927,36025,466.7,21.2
44.732849,6.743447,36025,466.4,18.6
44.747406,6.749529,36025,466.5,16.2
44.762192,6.754695,36025,466.4,13.8
44.777573,6.759142,36025,466.2,11.4
44.791865,6.762353,36000,465.6,8.9
44.807041,6.764899,36000,465.0,6.5
44.822754,6.766663,36025,465.2,4.1
44.839209,6.767511,36025,465.2,1.5
44.855502,6.767377,36025,465.1,359.0
44.871002,6.766205,36000,464.8,356.5
44.888031,6.763851,36000,465.4,354.2
44.901821,6.76108,36000,465.3,351.4
44.917649,6.75686,36000,465.6,349.0
44.958755,6.745148,36000,466.2,348.6
45.000458,6.733442,36000,467.0,348.8
45.042709,6.721475,36025,466.2,348.6
45.084446,6.709632,36050,464.2,348.6
45.12597,6.697842,36050,463.0,348.7
45.167038,6.686162,36050,462.1,348.6
45.208694,6.674261,36025,461.3,348.5
45.250358,6.662136,36000,461.5,348.4
45.291733,6.65026,36000,460.1,348.6
45.332657,6.638489,35975,460.3,348.5
45.373123,6.626783,35975,459.1,348.6
45.414185,6.614947,35975,458.3,348.4
45.45556,6.60285,35975,458.3,348.4
45.496899,6.590859,36000,458.3,348.4
45.537735,6.578979,35975,458.3,348.4
45.578272,6.567146,35975,457.1,348.5
45.619308,6.55522,36000,457.3,348.4
45.660233,6.543229,36000,457.3,348.4
45.700797,6.531372,36000,456.4,348.4
45.741989,6.519247,36000,456.4,348.4
45.783142,6.507122,36000,455.4,348.3
45.823928,6.495049,36000,454.4,348.3
45.864382,6.483101,36000,454.4,348.3
45.904324,6.471359,36000,453.4,348.3
45.944824,6.459358,36000,453.4,348.3
45.985657,6.447367,36000,453.2,348.4
46.026535,6.435376,35975,453.2,348.4
46.066884,6.423431,35975,453.4,348.3
46.107012,6.411484,35975,453.4,348.3
46.147659,6.399201,35975,453.6,348.2
46.188217,6.38721,36000,453.2,348.4
46.228374,6.375229,36025,452.5,348.3
46.26915,6.36296,36000,452.7,348.1
46.310074,6.350567,36000,452.7,348.1
46.35076,6.338356,36000,453.4,348.3
46.391027,6.32634,36000,453.4,348.3
46.430923,6.314323,36000,453.6,348.2
46.471436,6.302066,36000,453.6,348.2
46.512314,6.28974,36000,454.4,348.3
46.553375,6.277414,36000,454.8,348.1
46.593902,6.265022,36000,456.6,348.2
46.634309,6.2528,36000,456.8,348.1
46.675323,6.240301,35975,457.8,348.1
46.716293,6.227774,36000,458.0,348.0
46.748978,6.218128,36025,458.3,349.1
46.768845,6.213304,36025,458.5,351.1
46.787699,6.209747,36025,458.3,353.1
46.808322,6.206932,36025,458.7,355.1
46.833527,6.204663,36025,458.7,356.8
46.874908,6.200958,36025,458.9,356.5
46.916788,6.197205,36025,458.9,356.5
46.958542,6.193748,36025,458.7,356.8
47.000629,6.190232,36000,459.8,356.6
47.042712,6.1865,36025,458.8,356.6
47.084516,6.182838,36025,457.9,356.5
47.125854,6.179176,36025,457.9,356.5
47.167877,6.175484,36025,457.8,356.6
47.209323,6.171852,36025,457.8,356.6
47.251099,6.168274,36000,456.8,356.6
47.292847,6.164497,36000,456.9,356.4
47.334869,6.160721,35975,457.8,356.6
47.376631,6.156992,35975,457.9,356.5
47.41783,6.153259,35975,458.8,356.6
47.459747,6.149666,35975,458.9,356.5
47.501345,6.146005,36000,457.8,356.6
47.543195,6.142343,36025,456.8,356.6
47.585046,6.13847,36025,455.9,356.5
47.62657,6.134878,36025,455.7,356.7
47.667583,6.131216,36025,454.9,356.5
47.709366,6.127419,36000,454.9,356.4
47.750586,6.12361,35975,454.8,356.6
47.79213,6.120003,35975,454.8,356.6
47.833649,6.116226,35975,454.9,356.5
47.875443,6.112587,35975,454.8,356.6
47.91701,6.108962,35975,455.8,356.6
47.958115,6.1053,35975,456.9,356.5
47.999863,6.101532,35975,457.9,356.5
48.04149,6.097694,35975,459.9,356.5
48.08362,6.093891,35975,460.9,356.5
48.12589,6.090088,36000,461.9,356.5
48.168066,6.086209,36000,462.8,356.5
48.210847,6.082378,36000,462.8,356.5
48.225418,6.081005,35950,462.9,356.4
48.236389,6.080017,35875,462.9,356.4
48.250992,6.078679,35725,461.9,356.4
48.277634,6.076144,35400,461.0,356.3
48.306419,6.073488,35075,455.7,356.7
48.336044,6.071073,34775,447.7,356.8
48.36351,6.068749,34475,442.7,356.8
48.389969,6.066425,34150,438.8,356.5
48.417074,6.063803,33850,436.9,356.3
48.444122,6.061143,33525,434.9,356.3
48.469116,6.058749,33200,439.0,356.2
48.495346,6.056143,32875,445.9,356.3
48.522354,6.053678,32550,454.8,356.6
48.551331,6.051009,32225,463.9,356.4
48.566646,6.049564,32100,465.9,356.4
48.579071,6.048396,32050,465.9,356.4
48.621277,6.044452,32025,458.9,356.5
48.662933,6.04072,32000,452.8,356.6
48.703995,6.036987,32000,449.8,356.6
48.744507,6.033255,32000,449.8,356.6
48.785861,6.02947,32000,450.9,356.4
48.826675,6.025578,32000,449.9,356.4
48.8677,6.021664,32000,448.9,356.4
48.908752,6.017902,32000,449.8,356.6
48.950144,6.014003,32000,450.8,356.6
48.991287,6.010226,32000,450.8,356.6
49.031982,6.006352,32000,451.9,356.3
49.073228,6.002438,32000,452.9,356.5
49.114288,5.998606,32000,452.9,356.5
49.155762,5.994662,32025,452.9,356.5
49.197327,5.990718,32025,453.9,356.5
49.238663,5.986845,32000,453.9,356.5
49.279495,5.982971,32025,453.9,356.5
49.321165,5.97902,32025,453.9,356.5
49.362167,5.975154,32025,452.9,356.5
49.403549,5.97121,32025,452.9,356.5
49.444748,5.967239,32000,451.9,356.3
49.46152,5.965576,31950,451.9,356.3
49.488327,5.962974,31750,450.9,356.3
49.520874,5.959866,31475,447.9,356.4
49.554718,5.956668,31225,445.8,356.5
49.587723,5.953551,30975,442.8,356.5
49.620392,5.95047,30725,439.8,356.5
49.651593,5.947389,30450,435.9,356.3
49.684133,5.944123,30175,433.8,356.4
49.716812,5.941005,29900,430.8,356.4
49.749399,5.937813,29650,429.8,356.4
49.78157,5.934713,29400,428.9,356.3
49.812927,5.931678,29125,425.8,356.5
49.83815,5.929076,28900,424.1,355.8
49.840027,5.928859,28875,424.4,355.4
49.843369,5.92828,28800,423.9,354.6
49.846344,5.927775,28750,423.9,354.6
49.848416,5.927347,28700,424.5,353.8
49.853024,5.926382,28575,425.2,353.0
49.858564,5.925046,28425,427.5,351.7
49.869923,5.921557,28025,433.0,348.3
49.882725,5.916435,27625,437.1,345.4
49.890406,5.912649,27375,439.3,342.5
49.89418,5.910572,27275,439.9,341.9
49.902557,5.90544,27075,441.6,338.9
49.912844,5.898322,26875,441.9,336.1
49.925599,5.888523,26600,440.5,333.4
49.944127,5.874122,26200,439.6,333.4
49.963074,5.859471,25800,437.8,333.5
49.983138,5.843984,25400,435.1,333.7
50.002969,5.828767,25000,432.0,333.6
50.021713,5.814297,24600,430.2,333.5
50.039931,5.800039,24200,429.3,333.4
50.045792,5.795505,24100,428.4,333.4
50.069818,5.77673,23800,419.9,333.2
50.089603,5.76129,23425,416.4,333.3
50.108875,5.746295,23050,413.7,333.4
50.128288,5.731152,22700,409.6,333.3
50.147234,5.716305,22325,406.1,333.4
50.16568,5.701832,21950,403.4,333.2
50.184476,5.687058,21575,400.3,333.1
50.202725,5.672731,21175,398.9,333.2
50.220089,5.659072,20775,397.6,333.2
50.238058,5.644968,20400,395.3,333.2
50.254817,5.631755,20000,394.4,333.2
50.271436,5.618616,19600,393.6,333.1
50.289001,5.604762,19200,392.2,333.2
50.307632,5.590089,18850,389.5,333.3
50.324753,5.576646,18475,386.8,333.1
50.342893,5.562274,18100,384.6,333.1
50.361282,5.547734,17725,381.0,333.2
50.379364,5.533423,17375,378.3,333.3
50.397217,5.519329,17025,374.8,333.0
50.414062,5.505885,16650,373.4,333.1
50.432144,5.491429,16275,370.8,332.9
50.449684,5.477427,15925,367.2,333.0
50.469329,5.461838,15600,361.8,333.2
50.479935,5.453411,15400,358.7,333.1
50.496097,5.440608,15025,356.4,333.1
50.51225,5.427766,14650,355.1,333.2
50.527771,5.415465,14250,354.7,333.0
50.54393,5.402527,13875,353.3,333.1
50.559998,5.389734,13475,352.0,333.1
50.576493,5.37662,13100,350.2,333.0
50.592972,5.363332,12725,348.4,332.9
50.608063,5.351209,12325,348.4,332.9
50.619186,5.342247,12025,347.9,333.0
50.626831,5.336103,11825,349.3,332.9
50.635803,5.328803,11625,348.0,332.6
50.643016,5.322876,11500,346.7,332.3
50.653769,5.314042,11375,342.2,332.3
50.667435,5.302783,11225,335.5,332.3
50.682861,5.289991,11100,326.1,332.4
50.696877,5.278397,10975,317.6,332.2
50.707723,5.268707,10875,312.7,330.1
50.71736,5.259247,10800,307.4,327.8
50.729233,5.247085,10675,300.4,326.7
50.74118,5.234466,10550,293.4,326.3
50.751762,5.223312,10400,289.6,326.0
50.760452,5.213978,10225,287.1,325.6
50.769731,5.203857,10075,285.4,325.4
50.778715,5.194092,9925,282.4,325.2
50.787643,5.184285,9775,278.8,325.2
50.794078,5.177078,9625,278.3,324.6
50.799059,5.17067,9450,280.0,320.8
50.803116,5.164391,9300,282.9,316.4
50.806732,5.158007,9150,286.0,312.2
50.81093,5.149765,9000,289.4,309.0
50.817028,5.1371,8825,290.6,307.0
50.823685,5.122986,8650,288.8,306.5
50.830528,5.108261,8475,286.8,306.4
50.836859,5.094757,8300,286.0,306.5
50.842758,5.082216,8125,285.2,306.6
50.848451,5.070267,7950,285.6,307.0
50.854409,5.057831,7775,284.0,307.3
50.860336,5.04562,7600,282.6,307.2
50.866187,5.033493,7425,279.6,307.4
50.870889,5.023804,7225,278.2,307.4
50.875305,5.014739,7050,277.4,307.5
50.878617,5.007782,6950,276.8,307.4
50.881256,5.002268,6850,274.8,307.2
50.884203,4.996185,6750,274.0,307.3
50.886566,4.991356,6650,273.0,307.7
50.88945,4.985492,6550,272.4,307.5
50.891884,4.980469,6450,271.6,307.7
50.894257,4.975619,6350,271.6,307.7
50.896591,4.970868,6250,271.6,307.7
50.89856,4.966785,6150,270.8,307.8
50.900869,4.962158,6050,270.8,307.8
50.903046,4.957729,5950,271.5,308.0
50.905655,4.952384,5850,271.5,308.0
50.908081,4.947485,5750,270.0,307.9
50.911057,4.941472,5650,269.3,308.1
50.913903,4.935532,5550,268.2,307.4
50.916138,4.930189,5450,268.0,304.8
50.918015,4.925141,5350,268.1,301.7
50.919955,4.919205,5250,267.4,297.1
50.92186,4.912002,5150,267.1,292.9
50.923446,4.905396,5050,265.6,291.0
50.924703,4.89975,4950,265.7,289.8
50.925867,4.894104,4850,264.1,288.8
50.927031,4.888382,4750,264.1,288.1
50.928085,4.8832,4650,263.4,287.7
50.929138,4.87793,4550,263.1,287.5
50.930054,4.873253,4450,262.8,287.3
50.930969,4.868576,4350,262.8,287.3
50.931885,4.8639,4250,262.5,287.0
50.932571,4.860306,4150,262.5,287.0
50.933548,4.855423,4050,263.8,287.2
50.934386,4.850998,3950,263.8,287.2
50.935317,4.846191,3850,264.8,287.1
50.936279,4.841259,3750,264.8,287.1
50.937366,4.835739,3650,266.0,287.3
50.938436,4.830399,3550,266.0,287.3
50.940079,4.822033,3450,266.0,287.3
50.942047,4.811937,3350,263.1,287.5
50.944244,4.800877,3250,259.7,287.2
50.94635,4.789223,3150,255.2,285.5
50.94754,4.780315,3075,253.4,281.8
50.948073,4.773407,3025,252.4,278.0
50.948445,4.765701,2950,250.7,274.4
50.948492,4.75708,2900,249.0,270.2
50.94809,4.750325,2850,248.9,265.2
50.947328,4.743042,2800,248.4,260.5
50.945978,4.733887,2725,247.6,256.7
50.943976,4.722443,2625,245.8,254.7
50.94223,4.713061,2550,241.4,253.1
50.940445,4.704301,2450,237.2,252.3
50.938995,4.697342,2350,235.0,251.6
50.937412,4.690018,2250,233.7,251.0
50.935867,4.683145,2150,232.5,250.4
50.934153,4.675674,2050,230.9,250.0
50.932297,4.667779,1975,226.2,249.6
50.931381,4.663845,1925,222.1,249.4
50.930383,4.659729,1875,217.7,249.6
50.929219,4.65477,1800,214.5,249.5
50.927869,4.648895,1725,210.1,249.7
50.926146,4.641571,1650,205.6,249.8
50.924927,4.636082,1600,203.1,250.1
50.923828,4.631257,1500,198.6,250.3
50.922562,4.625702,1425,194.5,250.2
50.921814,4.622498,1350,191.4,250.1
50.921212,4.61998,1350,187.3,250.0
50.92056,4.617004,1300,184.1,250.0
50.919846,4.613887,1250,180.0,249.9
50.918747,4.609136,1175,175.9,249.7
50.917488,4.603729,1100,171.5,249.9
50.916184,4.59816,1025,168.0,250.2
50.915253,4.59404,1000,163.9,250.0
50.914261,4.589761,925,159.8,249.9
50.912739,4.583206,850,155.3,250.1
50.911148,4.576177,750,151.2,249.9
50.909388,4.568558,650,148.7,250.4
50.907572,4.560852,550,147.1,249.7
50.905746,4.552645,450,146.1,250.8
50.903778,4.544109,350,148.4,249.5
50.902079,4.536819,250,148.1,249.9
50.900208,4.528891,150,146.2,249.6
50.898448,4.521179,50,145.8,249.9
50.897278,4.516049,25,144.9,249.8
50.896446,4.512482,25,141.7,249.8
50.895655,4.508896,50,137.3,250.0
50.895469,4.508133,50,122.4,249.9
50.895081,4.506547,50,113.9,250.0
50.894677,4.504776,50,109.8,249.8
50.894584,4.504471,50,101.2,249.8
50.894554,4.504246,-50.0,97.0,250.3
50.894409,4.503632,-50.0,93.0,250.3
50.89406,4.502144,-50.0,85.0,250.3
50.893948,4.501667,-50.0,81.0,250.3
50.893839,4.50119,-50.0,77.0,250.3
50.893707,4.500609,-50.0,67.5,250.3
50.893581,4.500052,-50.0,63.5,250.3
50.893501,4.499736,-50.0,58.5,250.3
50.893433,4.499402,-50.0,54.5,250.3
50.893374,4.49913,-50.0,49.5,253.1
50.893327,4.498882,-50.0,44.5,253.1
50.893292,4.498634,-50.0,39.5,255.9
50.893292,4.498539,-50.0,34.5,258.8
50.893284,4.498326,-50.0,30.5,264.4
50.893284,4.498178,-50.0,26.5,270.0
50.893304,4.497948,-50.0,23.5,275.6
50.89333,4.497769,-50.0,20.5,281.2
50.893385,4.497585,-50.0,16.5,286.9
50.893456,4.497324,-50.0,16.5,292.5
50.893536,4.497083,-50.0,17.5,298.1
50.893604,4.496916,-50.0,17.5,300.9
50.893696,4.496693,-50.0,17.5,303.8
50.893913,4.496285,-50.0,18.5,306.6
50.894142,4.495811,-50.0,20.5,306.6
50.894382,4.495301,-50.0,21.5,306.6
50.8946,4.494837,-50.0,22.5,306.6
50.894852,4.494286,-50.0,21.5,306.6
50.895084,4.493809,-50.0,19.5,306.6
50.895355,4.493241,-50.0,19.5,306.6
50.895585,4.492798,-50.0,19.5,306.6
50.895841,4.492245,-50.0,17.5,306.6
50.896076,4.491719,-50.0,15.5,309.4
50.896179,4.491571,-50.0,14.8,315.0
50.896236,4.491515,-50.0,14.2,323.4
50.8964,4.491463,-50.0,13.8,340.3
50.8965,4.49146,-50.0,13.8,351.6
50.896632,4.49152,-50.0,14.2,5.6
50.89676,4.491596,-50.0,14.8,11.2
50.897152,4.491757,-50.0,16.5,14.1
50.897552,4.49192,-50.0,17.5,14.1
50.897942,4.492072,-50.0,19.5,14.1
50.898273,4.492207,-50.0,20.5,14.1
50.898697,4.492388,-50.0,21.5,14.1
50.899132,4.492555,-50.0,22.5,14.1
50.899555,4.49274,-50.0,23.5,14.1
50.899949,4.492893,-50.0,23.5,14.1
50.900356,4.493074,-50.0,21.5,14.1
50.900574,4.493148,-50.0,19.5,14.1
50.900729,4.493217,-50.0,16.5,14.1
50.901136,4.493389,-50.0,14.8,14.1
50.901546,4.493557,-50.0,15.5,14.1
50.901963,4.493713,-50.0,16.5,14.1
50.902393,4.493885,-50.0,14.8,14.1
50.902824,4.494076,-50.0,11.2,14.1
50.902954,4.494095,-50.0,10.2,8.4
50.903045,4.494076,-50.0,9.8,0.0
50.903103,4.494019,-50.0,9.2,351.6
50.903172,4.493946,-50.0,9.8,343.1
50.90324,4.493872,-50.0,9.8,329.1
50.903275,4.493761,-50.0,9.8,317.8
50.903301,4.493599,-50.0,10.2,303.8
50.903301,4.493484,-50.0,10.2,289.7
50.903301,4.493389,-50.0,10.8,281.2
50.903252,4.493204,-50.0,11.2,264.4
50.903219,4.493046,-50.0,10.8,255.9
50.903161,4.492836,-50.0,10.8,250.3
50.90308,4.492569,-50.0,11.2,247.5
50.902931,4.492091,-50.0,11.8,244.7
50.902748,4.491441,-50.0,11.8,244.7
50.902565,4.49081,-50.0,11.8,244.7
50.902485,4.490513,-50.0,10.8,247.5
50.902462,4.490328,-50.0,10.8,253.1
50.902462,4.490198,-50.0,10.8,258.8
50.902485,4.489975,-50.0,10.8,272.8
50.902508,4.489845,-50.0,11.2,281.2
50.902554,4.489715,-50.0,11.2,286.9
50.902696,4.489079,-50.0,13.2,286.9
50.902696,4.488811,-50.0,14.2,275.6
50.902691,4.488657,-50.0,14.2,267.2
50.902657,4.488509,-50.0,14.8,261.6
50.902622,4.488323,-50.0,15.5,253.1
50.902565,4.488156,-50.0,15.5,247.5
50.902405,4.487629,-50.0,15.5,244.7
50.902222,4.487024,-50.0,12.2,244.7
50.902107,4.486635,-50.0,7.8,244.7
50.902067,4.486465,-50.0,4.2,247.5
50.902091,4.486332,-50.0,5.2,264.4
50.902107,4.486282,-50.0,5.2,272.8
50.902149,4.486256,-50.0,5.8,284.1
50.902176,4.486226,-50.0,5.8,289.7
50.902219,4.486198,-50.0,5.8,300.9
50.902256,4.486152,-50.0,5.8,309.4
50.902302,4.486133,-50.0,6.2,315.0
50.902358,4.486084,-50.0,6.2,320.6
50.902451,4.486004,-50.0,4.8,329.1
50.902579,4.485931,-50.0,4.2,331.9
50.902661,4.485855,-50.0,3.8,334.7
50.902828,4.485744,-50.0,1.9,334.7
50.902696,4.485817,-50.0,2.8,331.9
50.902542,4.485948,-50.0,3.8,331.9
50.902498,4.486008,-50.0,3.8,337.5
50.902439,4.486078,-50.0,3.8,343.1
50.90237,4.486141,-50.0,3.8,354.4
50.902313,4.486171,-50.0,3.8,0.0
50.902279,4.486189,-50.0,3.8,5.6
50.902233,4.486226,-50.0,4.2,14.1
50.902199,4.486245,-50.0,3.8,22.5
50.902176,4.486245,-50.0,3.8,28.1
50.90213,4.486245,-50.0,3.8,36.6
50.902091,4.486237,-50.0,3.8,45.0
50.90205,4.486208,-50.0,3.2,50.6
50.902009,4.486141,-50.0,3.8,56.2
50.901947,4.486022,-50.0,3.2,59.1
50.901924,4.486004,-50.0,2.2,61.9
50.901913,4.485966,-50.0,0.3,64.7
50.901913,4.485966,-50.0,0.0,64.7
50.901928,4.486046,-50.0,0.0,64.7
50.901986,4.486237,-50.0,4.8,64.7
50.902142,4.486764,-50.0,9.2,64.7
50.902277,4.487247,-50.0,11.2,67.5
50.902416,4.487711,-50.0,12.8,64.7
50.902588,4.488305,-50.0,14.2,64.7
50.902737,4.488861,-50.0,14.2,64.7
50.902908,4.489418,-50.0,14.8,64.7
50.90308,4.490032,-50.0,14.8,64.7
50.903217,4.490495,-50.0,14.8,64.7
50.903389,4.491088,-50.0,14.8,64.7
50.903557,4.491692,-50.0,14.8,64.7
50.903732,4.492276,-50.0,14.8,64.7
50.903918,4.492893,-50.0,14.8,64.7
50.904092,4.493542,-50.0,13.2,64.7
50.904282,4.494151,-50.0,13.8,64.7
50.904442,4.494726,-50.0,13.8,64.7
50.904636,4.495357,-50.0,12.8,64.7
50.904732,4.495659,-50.0,11.8,61.9
50.904808,4.495858,-50.0,10.8,59.1
50.904888,4.495969,-50.0,10.2,50.6
50.905128,4.496155,-50.0,10.2,28.1
50.905338,4.49625,-50.0,10.8,19.7
50.905632,4.496377,-50.0,12.2,16.9
50.90601,4.496545,-50.0,13.8,14.1
50.906399,4.496712,-50.0,11.8,14.1
50.906754,4.496841,-50.0,11.2,14.1
50.907166,4.497008,-50.0,13.2,14.1
50.907578,4.497175,-50.0,14.8,14.1
50.907979,4.497356,-50.0,14.2,14.1
50.908387,4.497528,-50.0,12.2,14.1
50.908806,4.497681,-50.0,10.8,14.1
50.909027,4.497776,-50.0,7.8,14.1
50.909132,4.497833,-50.0,6.8,16.9
50.909214,4.497899,-50.0,6.2,22.5
50.909295,4.497986,-50.0,5.8,28.1
50.909376,4.498081,-50.0,5.2,30.9
50.909481,4.498215,-50.0,4.2,33.8
50.909597,4.498367,-50.0,4.8,36.6
50.90976,4.498558,-50.0,4.8,36.6
50.909981,4.498827,-50.0,7.2,36.6
50.910074,4.498901,-50.0,7.8,33.8
50.910175,4.498976,-50.0,5.8,30.9
50.91026,4.499054,-50.0,4.2,28.1
50.910358,4.499124,-50.0,2.8,25.3
50.910377,4.49913,-50.0,0.0,25.3
50.910381,4.499143,-50.0,0.0,25.3
50.910377,4.49913,-50.0,0.0,25.3
50.910377,4.49913,-50.0,0.0,25.3
50.910423,4.499168,-50.0,0.0,25.3
50.910576,4.499273,-50.0,4.8,25.3
50.910761,4.499397,-50.0,6.8,22.5
50.910982,4.499512,-50.0,8.8,19.7
50.911091,4.499551,-50.0,7.8,16.9
50.911171,4.499551,-50.0,7.8,11.2
50.911228,4.499551,-50.0,7.8,5.6
50.911296,4.499512,-50.0,7.8,357.2
50.911354,4.499454,-50.0,7.8,348.8
50.911411,4.499384,-50.0,7.8,337.5
50.911436,4.499321,-50.0,6.8,329.1
50.911459,4.499245,-50.0,6.8,317.8
50.911469,4.499161,-50.0,5.8,309.4
50.911459,4.499111,-50.0,4.8,300.9
50.911446,4.499068,-50.0,3.8,292.5
50.911446,4.499031,-50.0,3.8,286.9
50.911424,4.498978,-50.0,3.2,278.4
50.9114,4.498938,-50.0,3.8,270.0
50.911377,4.498883,-50.0,4.2,261.6
50.911343,4.498844,-50.0,4.2,253.1
50.911285,4.498615,-50.0,5.8,250.3
50.911192,4.498215,-50.0,10.8,247.5
50.911079,4.497806,-50.0,15.5,244.7
50.911011,4.497602,-50.0,19.5,244.7
50.910901,4.497204,-50.0,26.5,244.7
50.910839,4.496971,-50.0,32.5,244.7
50.91077,4.49673,-50.0,37.5,244.7
50.910473,4.495691,-50.0,53.5,244.7
50.910156,4.49461,-50.0,63.5,244.7
50.910028,4.494152,-50.0,68.5,244.7
50.909512,4.492388,-50.0,83.0,244.7
50.909397,4.491979,-50.0,89.0,244.7
50.909201,4.491272,25,89.0,0.0
50.908951,4.490513,25,93.5,245.4
50.908768,4.489845,25,98.9,245.5
50.90827,4.488144,25,107.4,245.8
50.907578,4.485614,25,124.9,245.9
50.90706,4.483795,25,129.4,245.8
50.906799,4.482941,25,133.8,245.7
50.905943,4.47998,25,150.0,246.0
50.905334,4.477894,0,153.5,245.8
50.904686,4.475708,25,160.2,245.7
50.904081,4.473572,75,165.1,245.3
50.903915,4.47292,100,166.9,245.6
50.903243,4.470673,175,167.8,245.7
50.902731,4.468842,250,166.9,245.6
50.902125,4.466782,325,165.6,245.8
50.901474,4.464645,425,164.7,245.6
50.901077,4.463122,500,163.8,245.5
50.900574,4.461414,600,162.5,245.6
50.899938,4.459229,700,161.1,245.8
50.899475,4.457554,775,161.1,245.8
50.899006,4.455795,875,159.3,245.5
50.898376,4.45362,975,158.9,245.9
50.897827,4.451616,1075,158.1,246.5
50.897324,4.449463,1175,157.8,247.7
50.896729,4.447013,1275,158.6,248.9
50.89612,4.444275,1375,159.2,249.4
50.895515,4.441528,1475,159.7,251.0
50.895081,4.439442,1575,160.3,251.4
50.894623,4.436769,1675,160.1,252.9
50.894165,4.434468,1775,159.8,253.3
50.893661,4.431721,1875,160.4,253.7
50.893141,4.428864,1975,159.8,253.3
50.892563,4.425931,2075,159.1,252.8
50.891977,4.423218,2175,159.4,252.5
50.891327,4.420067,2250,160.7,252.2
50.890457,4.415465,2350,162.6,252.5
50.889463,4.410324,2450,167.3,253.0
50.88858,4.40574,2550,169.2,253.2
50.887848,4.402029,2650,170.2,253.3
50.887043,4.397812,2750,171.2,253.4
50.886251,4.393692,2850,173.4,253.2
50.885513,4.389706,2950,175.6,253.1
50.884668,4.385452,3050,175.6,253.1
50.88397,4.381714,3150,176.5,253.2
50.883272,4.378128,3250,176.5,253.2
50.882126,4.373301,3350,178.7,250.0
50.881119,4.370183,3400,182.0,244.3
50.879874,4.367218,3450,186.1,237.5
50.878326,4.364096,3500,189.4,233.4
50.876382,4.360962,3550,193.2,227.3
50.874664,4.358603,3600,197.7,221.1
50.872472,4.356308,3650,202.2,214.3
50.86912,4.353256,3750,207.0,210.2
50.865646,4.350215,3825,211.7,209.1
50.862488,4.347468,3900,216.6,208.7
50.859787,4.345167,3975,220.6,208.4
50.856628,4.342569,4050,224.6,208.2
50.852829,4.339451,4125,229.4,207.2
50.849945,4.33715,4200,233.5,207.0
50.84603,4.33403,4275,238.4,206.7
50.842941,4.331657,4325,242.4,206.5
50.839885,4.3293,4375,246.9,206.5
50.837723,4.327574,4425,250.0,206.4
50.834976,4.325421,4500,254.5,206.4
50.831692,4.322891,4575,258.9,206.4
50.827927,4.319928,4675,263.4,206.4
50.823732,4.316635,4775,267.9,206.4
50.819275,4.313173,4875,272.8,206.6
50.815445,4.31015,4975,277.3,206.6
50.811768,4.307234,5075,279.5,206.6
50.80838,4.304562,5175,281.7,206.6
50.80545,4.302261,5275,283.5,206.8
50.802979,4.300257,5375,284.4,206.8
50.800049,4.297881,5475,286.7,206.7
50.797243,4.295731,5575,286.7,206.7
50.794869,4.293823,5675,288.0,206.8
50.791809,4.291349,5775,289.4,207.4
50.789516,4.289322,5875,291.3,208.5
50.786362,4.286227,5975,292.8,210.6
50.783557,4.283066,6075,295.4,214.7
50.781372,4.280363,6175,296.0,217.4
50.778763,4.276577,6275,297.5,221.7
50.77684,4.273459,6375,297.7,224.9
50.775055,4.270193,6475,298.1,227.9
50.773502,4.26712,6550,297.8,229.4
50.772152,4.264374,6650,296.1,231.6
50.770844,4.261508,6750,294.8,232.9
50.769562,4.258761,6850,294.6,233.6
50.768051,4.255495,6950,293.4,233.9
50.765308,4.249496,7150,292.5,234.5
50.762238,4.242653,7350,292.5,234.5
50.758987,4.235452,7550,294.5,234.3
50.755051,4.226916,7750,295.9,234.2
50.751434,4.218973,7950,297.8,234.0
50.748131,4.211884,8150,298.6,234.1
50.745151,4.205322,8325,298.1,234.3
50.742405,4.199371,8525,297.2,234.2
50.739899,4.193882,8700,297.8,234.0
50.736679,4.186935,8900,297.8,234.0
50.733032,4.178887,9100,299.5,234.2
50.729416,4.171093,9300,300.0,234.1
50.725525,4.163373,9500,300.2,231.2
50.72168,4.156915,9650,301.3,226.6
50.718058,4.15184,9800,301.5,222.6
50.714008,4.147034,9975,302.0,217.1
50.709027,4.141922,10175,304.3,213.1
50.704376,4.137466,10375,305.3,211.6
50.700228,4.133453,10575,304.8,211.4
50.694992,4.128484,10775,306.0,211.1
50.689774,4.12351,10975,306.8,211.0
50.684875,4.118908,11175,307.3,211.2
50.681946,4.116087,11275,308.2,211.1
50.67865,4.112969,11375,309.0,211.0
50.676178,4.110668,11425,310.4,211.0
50.673228,4.107895,11475,314.0,211.1
50.662428,4.097678,11650,323.8,210.8
50.651321,4.087348,11825,333.6,210.6
50.640656,4.077373,12000,340.8,210.7
50.627975,4.06552,12200,349.7,210.6
50.614471,4.053015,12400,359.1,210.6
50.599443,4.039034,12700,367.2,210.6
50.582657,4.023454,13075,374.4,210.7
50.565491,4.00748,13425,380.2,210.7
50.559501,4.001918,13600,381.6,210.7
50.546539,3.989844,14000,381.6,210.7
50.532454,3.976754,14400,383.3,210.6
50.518395,3.963689,14800,384.7,210.6
50.503964,3.950327,15200,385.5,210.6
50.493164,3.94038,15450,387.8,210.5
50.476089,3.924649,15825,392.2,210.5
50.45993,3.90976,16225,394.5,210.5
50.44475,3.895693,16625,395.8,210.5
50.428177,3.880401,17025,398.1,210.5
50.410034,3.863718,17400,401.7,210.5
50.391998,3.847094,17775,405.3,210.6
50.374689,3.83163,18150,406.5,209.1
50.358307,3.817966,18550,408.0,208.1
50.339914,3.802606,18950,408.9,208.0
50.323105,3.788621,19350,410.2,208.1
50.306076,3.774454,19750,410.2,208.1
50.289276,3.760504,20075,411.6,208.1
50.26827,3.742997,20400,416.1,208.1
50.248764,3.726823,20775,417.8,208.0
50.230545,3.711644,21175,417.8,208.0
50.212221,3.696528,21550,417.8,208.0
50.192642,3.680275,21900,420.1,208.0
50.172419,3.663569,22250,421.4,208.0
50.152448,3.64709,22600,423.2,207.9
50.130844,3.629247,22925,425.4,207.9
50.108782,3.611162,23275,427.6,207.9
50.085972,3.592455,23600,430.8,207.8
50.061859,3.57258,23900,433.5,207.9
50.037643,3.552704,24200,436.6,207.9
50.013164,3.532624,24525,440.2,207.9
49.988892,3.512734,24850,441.9,207.8
49.965029,3.493281,25175,444.2,207.8
49.941008,3.473684,25500,446.0,207.7
49.917343,3.454405,25825,447.3,207.7
49.892624,3.434239,26150,448.7,207.8
49.869411,3.415412,26475,449.5,207.7
49.846088,3.396408,26825,449.5,207.7
49.823364,3.378007,27150,449.5,207.7
49.799835,3.358925,27475,449.5,207.7
49.776353,3.339918,27800,450.4,207.6
49.752797,3.32084,28125,450.4,207.6
49.72879,3.301392,28450,450.4,207.6
49.705128,3.28224,28775,450.4,207.6
49.68134,3.263088,29100,450.4,207.6
49.657458,3.243788,29425,449.1,207.6
49.632706,3.223909,29725,449.1,207.6
49.607483,3.203671,30025,450.0,207.5
49.579716,3.181359,30300,451.3,207.6
49.544755,3.153299,30525,455.8,207.6
49.507467,3.123458,30725,462.5,207.8
49.488241,3.106904,30825,465.4,209.8
49.47246,3.092132,30950,466.5,211.7
49.454072,3.073722,31125,467.6,213.5
49.425568,3.044621,31400,468.2,213.6
49.396393,3.015024,31650,469.8,213.4
49.369125,2.987507,31925,469.8,213.4
49.344627,2.962622,32225,469.0,213.5
49.317627,2.935322,32500,469.0,213.5
49.287735,2.90518,32750,470.7,213.4
49.259583,2.876728,33025,471.2,213.5
49.226385,2.843291,33250,473.7,213.3
49.201401,2.818838,33450,473.9,212.0
49.186582,2.805706,33625,472.1,209.7
49.171646,2.793696,33800,470.5,207.3
49.15567,2.782006,34000,468.4,205.1
49.137144,2.769711,34175,467.3,203.1
49.105499,2.749258,34425,466.4,203.1
49.074142,2.728835,34675,463.6,203.2
49.041851,2.707696,34925,462.3,203.2
49.029602,2.699749,34975,461.4,203.2
48.991435,2.675026,35000,458.8,203.1
48.953339,2.650452,35000,458.0,202.9
48.915436,2.626155,35000,457.1,202.9
48.877103,2.601591,35000,455.8,202.9
48.838884,2.577089,35000,457.5,203.0
48.800858,2.552702,35000,457.1,202.9
48.76268,2.528194,35000,458.4,203.0
48.724086,2.503726,35000,459.8,202.8
48.685089,2.478755,35025,459.3,202.9
48.646576,2.454143,35025,460.2,202.9
48.608414,2.42995,35025,461.2,202.8
48.5693,2.405139,35025,461.2,202.8
48.530661,2.380492,35025,461.5,202.9
48.492279,2.356074,35025,461.2,202.8
48.453943,2.331704,35025,461.5,202.9
48.415677,2.307418,35025,461.2,202.8
48.376923,2.282762,35025,460.6,203.0
48.338333,2.258395,35025,460.2,202.9
48.300088,2.234128,35025,460.2,202.9
48.261729,2.209987,35000,459.5,202.7
48.223114,2.185786,35000,458.9,202.8
48.184113,2.161067,34975,458.4,203.0
48.145889,2.136978,34975,458.0,202.9
48.107849,2.112877,34975,458.0,202.9
48.069031,2.088501,34975,458.5,202.7
48.030458,2.064373,34975,458.5,202.7
47.99438,2.042189,34975,458.1,201.9
47.983021,2.036133,34975,457.3,199.1
47.969925,2.030411,34975,456.7,196.0
47.958847,2.026497,34975,456.0,193.2
47.947174,2.023407,34975,454.6,189.8
47.935817,2.021414,34975,454.6,186.2
47.92362,2.020287,34975,453.7,183.2
47.912494,2.020287,34975,453.0,179.5
47.901535,2.021141,34975,451.8,176.6
47.88703,2.023315,35000,452.6,173.9
47.845645,2.030076,35000,453.5,173.9
47.804855,2.036453,35000,454.5,173.9
47.76329,2.043114,35000,455.5,173.9
47.721817,2.049706,35000,456.6,173.8
47.680069,2.056366,35000,457.6,173.9
47.638229,2.063095,34975,458.7,173.7
47.596298,2.069824,35000,459.7,173.8
47.554554,2.076557,35000,460.7,173.8
47.512115,2.083488,35000,461.8,173.7
47.470276,2.090149,35000,462.6,173.9
47.428863,2.096698,35000,463.6,173.9
47.386734,2.103401,35000,464.7,173.8
47.34479,2.110291,35025,464.9,173.6
47.30252,2.117192,35050,464.9,173.6
47.260437,2.124023,35050,465.8,173.7
47.218231,2.130867,35025,465.8,173.7
47.175758,2.137615,35025,465.7,173.8
47.13321,2.144376,35025,465.7,173.8
47.090614,2.151067,35000,466.6,174.0
47.048309,2.157784,35000,466.9,173.6
47.006744,2.164513,35000,466.8,173.7
46.965017,2.170997,35000,466.7,173.9
46.922328,2.177687,35000,466.8,173.7
46.879532,2.184563,35000,467.0,173.5
46.837234,2.191438,35000,467.8,173.7
46.795074,2.19807,34975,468.7,173.9
46.752599,2.204681,34975,468.7,173.9
46.71019,2.211273,35000,468.6,174.0
46.667496,2.217831,35025,467.7,173.9
46.624969,2.224463,35050,466.7,173.9
46.582352,2.231095,35050,465.7,173.8
46.539825,2.237861,35025,465.9,173.6
46.497711,2.24456,35000,465.7,173.8
46.456009,2.251058,34975,465.6,174.0
46.413326,2.257622,34950,465.6,174.0
46.371196,2.264214,34950,465.8,173.7
46.329392,2.270668,34950,466.6,174.0
46.287003,2.277184,34975,467.7,173.9
46.245163,2.283615,35000,466.7,173.9
46.202863,2.290169,35025,466.7,173.9
46.160454,2.296761,35025,465.7,173.8
46.118042,2.30331,35050,464.6,173.9
46.075562,2.309742,35025,464.5,174.1
46.033413,2.316193,35025,463.7,173.8
45.991974,2.322537,35000,463.6,173.9
45.949619,2.329033,34975,464.7,173.8
45.907059,2.335533,34950,464.6,173.9
45.865356,2.341763,34950,465.6,174.0
45.82323,2.348259,34950,466.7,173.9
45.781494,2.354625,34975,467.7,173.9
45.739017,2.361099,35000,467.7,173.9
45.696991,2.367554,35000,468.8,173.8
45.654327,2.374119,35000,469.6,174.0
45.611618,2.380416,35025,469.6,174.0
45.569008,2.386917,35025,469.7,173.9
45.52604,2.393345,35025,470.6,174.0
45.483124,2.399728,35025,470.6,174.0
45.440245,2.406073,35025,470.6,174.0
45.397463,2.412571,35025,470.7,173.9
45.354263,2.419069,35025,470.6,174.0
45.3119,2.425366,35025,469.6,174.0
45.269714,2.431641,35000,469.6,174.0
45.227646,2.437853,35025,469.6,174.0
45.185092,2.444257,35025,468.6,174.0
45.142217,2.450621,35000,468.6,174.0
45.099342,2.456918,35000,468.6,174.0
45.056701,2.463215,34975,468.6,174.0
45.014012,2.469512,34975,469.6,174.0
44.971207,2.475782,34975,469.6,174.0
44.928403,2.482039,34975,469.6,174.0
44.885668,2.488403,34975,469.6,174.0
44.842758,2.494747,35000,470.7,173.9
44.799728,2.501025,35000,470.4,174.3
44.779715,2.503141,35000,471.0,176.4
44.759278,2.50428,35000,470.2,178.4
44.716543,2.505285,35025,469.1,178.8
44.674227,2.506893,35025,470.2,178.3
44.630794,2.508835,35000,470.3,178.1
44.58815,2.510834,35000,470.3,178.1
44.545212,2.512926,35000,469.3,177.8
44.502217,2.515333,35000,470.4,177.7
44.459152,2.517766,35000,470.4,177.7
44.416002,2.520156,34975,471.4,177.7
44.372848,2.522367,34975,472.3,177.9
44.32988,2.524436,34975,472.3,177.9
44.286168,2.526654,35000,472.3,177.8
44.24295,2.529013,35000,472.4,177.7
44.19986,2.531344,35025,472.3,177.8
44.156158,2.533626,35025,471.3,177.9
44.113645,2.535553,35050,470.2,178.3
44.071143,2.537515,35050,469.3,177.9
44.028442,2.53963,35050,467.3,177.8
43.985962,2.541994,35025,466.4,177.5
43.942932,2.54474,35000,465.5,177.3
43.900669,2.547716,35000,465.7,176.9
43.858337,2.550936,34975,464.7,176.8
43.815525,2.554387,34950,465.2,175.8
43.793976,2.557323,34950,465.6,174.0
43.774373,2.560861,34950,466.7,171.9
43.73187,2.56982,34950,467.3,171.4
43.689194,2.578593,34950,469.0,171.7
43.646942,2.587089,35000,469.1,171.5
43.604923,2.595847,35000,470.4,171.3
43.562805,2.604782,35000,471.5,171.2
43.520737,2.613724,35000,472.5,171.2
43.478021,2.622528,35000,474.2,171.5
43.435333,2.631356,35025,474.3,171.4
43.40451,2.637613,35000,472.1,171.6
43.373511,2.643912,34875,468.1,171.5
43.336968,2.651433,34625,466.1,171.5
43.311356,2.656647,34425,465.1,171.5
43.284829,2.662092,34100,467.1,171.5
43.258481,2.66752,33775,469.3,171.4
43.231476,2.673127,33425,471.4,171.3
43.20462,2.678702,33075,473.4,171.4
43.177713,2.684261,32725,474.2,171.5
43.149719,2.68999,32400,472.2,171.5
43.12262,2.695483,32075,470.2,171.4
43.095795,2.70104,31750,469.3,171.4
43.068878,2.706469,31425,465.0,171.6
43.042145,2.711962,31100,463.2,171.4
43.015915,2.717455,30750,463.5,171.2
42.989273,2.722949,30425,461.2,171.4
42.963318,2.72825,30075,462.2,171.4
42.937271,2.733552,29725,464.0,171.6
42.911774,2.738726,29375,464.0,171.6
42.88559,2.744027,29025,461.2,171.4
42.859901,2.749329,28675,458.1,171.5
42.835274,2.754364,28325,456.1,171.4
42.809345,2.759661,28000,453.1,171.4
42.785019,2.764622,27650,452.0,171.5
42.760698,2.769577,27275,447.9,171.5
42.738027,2.774176,26900,444.9,171.5
42.715485,2.778792,26525,441.8,171.5
42.692139,2.783474,26175,438.8,171.5
42.670247,2.787845,25800,436.7,171.6
42.649475,2.792088,25400,434.7,171.5
42.627931,2.796404,25025,432.8,171.5
42.606051,2.800811,24650,430.6,171.6
42.584218,2.805218,24275,428.7,171.6
42.563004,2.809504,23900,427.7,171.5
42.541064,2.813969,23525,425.7,171.5
42.520386,2.81818,23150,423.7,171.4
42.499557,2.822425,22775,420.6,171.5
42.477539,2.826795,22400,417.3,171.7
42.466507,2.828355,22200,413.7,174.9
42.456482,2.828917,22025,409.2,178.2
42.44647,2.828532,21825,405.2,181.7
42.437714,2.827544,21675,400.7,185.3
42.427663,2.825466,21475,396.7,188.8
42.406202,2.820357,21100,391.0,190.0
42.386124,2.815496,20725,389.0,190.1
42.36557,2.810565,20350,388.0,190.1
42.3452,2.805634,19975,389.2,190.2
42.324829,2.800702,19600,390.2,190.2
42.305091,2.795957,19200,389.2,190.2
42.285539,2.79123,18825,386.2,190.3
42.266313,2.786503,18450,383.1,190.2
42.246342,2.781649,18075,380.9,190.1
42.226464,2.776858,17700,379.0,190.2
42.207052,2.772132,17325,376.0,190.3
42.186996,2.767244,16950,374.1,190.3
42.167808,2.762551,16575,371.1,190.4
42.148407,2.757818,16200,368.0,190.3
42.129044,2.753074,15825,366.0,190.4
42.109897,2.748434,15450,363.9,190.3
42.090625,2.743772,15075,361.7,190.2
42.07489,2.739939,14825,359.7,190.2
42.05045,2.733935,14550,362.1,190.5
42.024521,2.727548,14275,361.9,190.4
41.998169,2.721176,14000,359.7,190.2
41.973034,2.715092,13725,358.8,190.3
41.946685,2.708769,13500,349.5,190.2
41.927536,2.704135,13350,340.3,190.1
41.904877,2.698704,13175,330.3,190.3
41.884094,2.693648,13000,321.1,190.2
41.86171,2.688217,12775,312.1,190.3
41.84166,2.683411,12575,307.0,190.3
41.83375,2.681558,12500,301.5,189.9
41.831515,2.681047,12475,300.5,190.0
41.828888,2.680414,12450,299.5,190.0
41.826208,2.67977,12375,298.7,190.2
41.813686,2.676704,12025,300.9,190.3
41.811127,2.676045,11950,301.9,190.3
41.809067,2.675545,11925,302.9,190.3
41.797897,2.672861,11750,301.9,190.3
41.788501,2.670572,11600,301.1,190.5
41.774395,2.667059,11475,297.0,190.5
41.771118,2.666245,11400,295.0,190.6
41.761361,2.663865,11200,296.8,190.3
41.754704,2.662268,11075,297.8,190.2
41.741855,2.659202,10925,296.6,190.1
41.729379,2.6562,10775,297.8,190.2
41.717422,2.653386,10625,296.6,190.1
41.704514,2.650264,10475,294.6,190.2
41.692245,2.647331,10325,292.7,190.2
41.6805,2.644511,10175,290.7,190.3
41.668768,2.641701,10025,289.5,190.1
41.656618,2.638827,9925,285.2,189.9
41.646057,2.636344,9825,280.3,190.1
41.63562,2.633847,9800,275.4,190.2
41.628113,2.632412,9725,271.4,187.6
41.623659,2.632184,9700,271.3,182.5
41.619461,2.632536,9650,271.2,178.1
41.615047,2.633206,9575,271.0,173.0
41.608344,2.634866,9475,271.5,169.6
41.598495,2.637655,9300,270.3,167.6
41.589397,2.64036,9125,271.0,167.0
41.578969,2.643681,8975,268.3,166.6
41.569938,2.646555,8800,267.3,166.6
41.56041,2.649578,8625,266.3,166.5
41.556857,2.650707,8575,267.3,166.6
41.549315,2.652879,8475,264.0,168.9
41.54466,2.653581,8425,260.8,173.2
41.539719,2.653822,8350,258.2,177.8
41.534958,2.653573,8300,256.2,182.0
41.528134,2.652815,8175,253.9,184.7
41.517609,2.651263,8025,251.8,186.8
41.507791,2.649621,7875,250.1,187.4
41.5009,2.648142,7775,249.3,190.6
41.497084,2.646747,7725,247.4,195.0
41.49408,2.645146,7650,245.7,198.5
41.491653,2.643336,7600,244.7,205.4
41.48941,2.641338,7550,243.2,213.4
41.487076,2.638404,7500,242.5,218.8
41.485585,2.636144,7450,239.8,226.5
41.483491,2.631928,7375,238.8,232.3
41.482513,2.629373,7350,236.5,240.1
41.481262,2.62542,7325,233.1,245.4
41.479889,2.620364,7275,229.7,250.1
41.477921,2.612998,7225,225.9,249.8
41.474808,2.602886,7075,227.7,247.3
41.472923,2.597053,6975,227.2,246.9
41.470642,2.590155,6875,227.0,246.4
41.46878,2.58447,6775,227.4,246.1
41.466918,2.578849,6675,227.8,245.9
41.4646,2.572049,6575,227.8,245.9
41.462868,2.566841,6475,227.4,246.1
41.460913,2.561092,6375,228.8,246.0
41.459004,2.555279,6275,229.2,245.8
41.457002,2.549339,6175,229.2,245.8
41.455032,2.543522,6075,229.2,245.8
41.452766,2.536884,5975,229.2,245.8
41.450392,2.529794,5875,229.2,245.8
41.448441,2.524109,5800,229.2,245.8
41.445007,2.514059,5700,226.0,245.7
41.441437,2.503385,5625,221.1,246.0
41.439285,2.496955,5525,220.2,245.9
41.436996,2.490151,5425,219.8,246.1
41.434843,2.483677,5325,219.8,246.1
41.432465,2.476606,5225,219.3,245.8
41.428931,2.466175,5125,217.1,245.8
41.425812,2.457041,5025,216.2,245.7
41.423019,2.448738,4925,215.3,245.6
41.420133,2.440306,4825,214.8,245.8
41.417712,2.433088,4725,214.8,245.8
41.415198,2.425615,4625,213.9,245.7
41.412824,2.418589,4525,212.6,245.9
41.409612,2.409136,4425,210.4,245.9
41.406372,2.399452,4350,205.9,245.9
41.404999,2.395456,4300,204.1,245.7
41.40358,2.391212,4275,199.2,246.0
41.401932,2.38628,4275,194.7,246.1
41.399918,2.380288,4200,189.8,245.7
41.397602,2.373558,4100,186.6,245.6
41.394653,2.36487,4000,182.2,245.7
41.391736,2.356248,3900,181.2,245.6
41.388794,2.347641,3800,176.8,245.6
41.38591,2.339172,3700,172.3,245.7
41.38353,2.332214,3600,169.2,245.6
41.381262,2.325606,3500,166.9,245.6
41.37912,2.319239,3400,164.7,245.6
41.376938,2.312866,3300,162.5,245.6
41.374838,2.306567,3200,161.1,245.8
41.372955,2.301086,3100,162.1,246.0
41.371078,2.295471,3000,162.5,245.6
41.369158,2.289776,2900,162.1,246.0
41.367142,2.283875,2800,161.1,245.8
41.365015,2.277666,2700,161.1,245.8
41.362874,2.271298,2600,160.2,245.7
41.360641,2.264771,2500,161.1,245.8
41.358444,2.258301,2400,162.5,245.6
41.35631,2.251948,2300,163.4,245.8
41.354416,2.246521,2200,164.7,245.6
41.352353,2.240462,2100,164.7,245.6
41.350305,2.234469,2000,165.6,245.8
41.34793,2.227416,1900,165.6,245.8
41.34581,2.221252,1800,166.5,245.9
41.343601,2.214744,1700,167.8,245.7
41.341227,2.207628,1600,165.6,245.8
41.338852,2.200806,1500,166.9,245.6
41.336655,2.194336,1400,169.2,245.6
41.335052,2.189636,1300,167.8,245.7
41.332947,2.183472,1200,165.6,245.8
41.331358,2.178789,1125,161.6,245.5
41.330154,2.175232,1075,157.1,245.6
41.328049,2.169006,1000,152.2,246.0
41.325989,2.163086,900,149.0,245.0
41.324096,2.157752,800,149.5,245.5
41.322235,2.152161,700,146.8,245.9
41.319999,2.14558,600,146.8,245.9
41.318069,2.139832,500,146.8,245.9
41.315809,2.133345,400,146.3,245.4
41.313446,2.126465,300,146.8,245.9
41.310883,2.118896,200,145.9,245.7
41.309097,2.113647,100,144.6,245.9
41.3069,2.107117,0,144.1,245.4
41.30484,2.101196,-100,141.4,245.8
41.303287,2.096516,-100,137.4,245.5
41.302542,2.094394,-100,132.9,245.6
41.302048,2.092957,-100,128.4,245.6
41.301361,2.091003,-100,119.0,245.2
41.301052,2.090149,-100,115.5,245.4
41.300812,2.089355,-100,111.9,245.7
41.300633,2.088776,-100,102.5,245.2
41.300563,2.08862,-50.0,97.0,244.7
41.3004,2.088165,-50.0,91.0,244.7
41.300251,2.087708,-50.0,85.0,244.7
41.300114,2.087326,-50.0,85.0,247.5
41.299976,2.086929,-50.0,81.0,247.5
41.299923,2.086763,-50.0,75.0,247.5
41.299862,2.086578,-50.0,69.5,247.5
41.299749,2.086263,-50.0,64.5,244.7
41.299633,2.085938,-50.0,59.5,244.7
41.299473,2.085464,-50.0,56.5,244.7
41.299365,2.085171,-50.0,54.5,244.7
41.299272,2.084905,-50.0,51.5,241.9
41.299109,2.084531,-50.0,45.5,239.1
41.298958,2.084229,-50.0,43.5,236.2
41.298783,2.083891,-50.0,37.5,233.4
41.298701,2.083751,-50.0,34.5,233.4
41.298608,2.08361,-50.0,31.5,230.6
41.298434,2.083345,-50.0,27.5,227.8
41.298282,2.083173,-50.0,23.5,225.0
41.298108,2.08297,-50.0,19.5,222.2
41.297791,2.082642,-50.0,16.5,219.4
41.297503,2.082377,-50.0,12.8,216.6
41.297386,2.082268,-50.0,9.2,213.8
41.297351,2.082237,-50.0,5.8,213.8
41.297188,2.082143,-50.0,4.8,208.1
41.297049,2.082081,-50.0,7.8,199.7
41.296921,2.082065,-50.0,9.2,194.1
41.296692,2.082077,-50.0,11.2,180.0
41.296577,2.082108,-50.0,11.8,174.4
41.296188,2.082306,-50.0,12.2,157.5
41.295198,2.082908,-50.0,15.5,154.7
41.294804,2.083145,-50.0,15.5,154.7
41.29443,2.083376,-50.0,15.5,154.7
41.294243,2.083496,-50.0,14.8,157.5
41.29414,2.083511,-50.0,14.2,160.3
41.294048,2.083527,-50.0,13.8,168.8
41.293957,2.083496,-50.0,13.2,177.2
41.293728,2.083298,-50.0,13.8,213.8
41.293697,2.08322,-50.0,13.8,222.2
41.293627,2.083002,-50.0,12.8,239.1
41.293546,2.082752,-50.0,12.2,241.9
41.293371,2.082268,-50.0,12.8,244.7
41.293197,2.081753,-50.0,12.2,244.7
41.293018,2.081223,-50.0,12.8,244.7
41.292824,2.080688,-50.0,13.8,244.7
41.292664,2.080185,-50.0,14.8,247.5
41.292435,2.079544,-50.0,10.2,244.7
41.29232,2.079193,-50.0,7.8,244.7
41.292263,2.079102,-50.0,4.8,239.1
41.292126,2.079117,-50.0,4.8,205.3
41.292046,2.079163,-50.0,4.2,185.6
41.291954,2.079208,-50.0,4.2,171.6
41.291748,2.07933,-50.0,5.2,160.3
41.291614,2.079412,-50.0,3.8,157.5
41.291462,2.079498,-50.0,1.4,157.5
41.291451,2.079522,-50.0,0.0,154.7
41.291451,2.079514,-50.0,0.0,154.7
41.291451,2.079537,-50.0,0.0,157.5
41.291451,2.079537,-50.0,0.0,157.5
41.291473,2.079514,-50.0,0.0,157.5
41.291637,2.079428,-50.0,2.2,157.5
41.291782,2.079346,-50.0,2.2,157.5
41.291851,2.079315,-50.0,2.2,154.7
41.291908,2.079285,-50.0,2.2,149.1
41.291943,2.079285,-50.0,2.2,146.2
41.291965,2.079269,-50.0,2.2,143.4
41.291988,2.079254,-50.0,2.2,137.8
41.292034,2.079239,-50.0,2.2,132.2
41.292137,2.079178,-50.0,2.2,112.5
41.292206,2.079117,-50.0,1.9,90.0
41.292219,2.0791,-50.0,2.2,87.2
41.292254,2.079038,-50.0,1.9,70.3
41.292324,2.079194,-50.0,5.8,64.7
41.29244,2.079537,-50.0,10.2,64.7
41.292533,2.079802,-50.0,12.8,67.5
41.292652,2.080154,-50.0,14.8,67.5
41.293069,2.081347,-50.0,18.5,64.7
41.29319,2.081696,-50.0,18.5,64.7
41.29336,2.08219,-50.0,19.5,64.7
41.293453,2.082502,-50.0,19.5,67.5
41.293499,2.082721,-50.0,19.5,73.1
41.293533,2.083038,-50.0,19.5,84.4
41.293511,2.08322,-50.0,20.5,92.8
41.293476,2.083359,-50.0,20.5,101.2
41.293429,2.083517,-50.0,20.5,109.7
41.293373,2.083633,-50.0,20.5,118.1
41.293278,2.083782,-50.0,20.5,123.8
41.293185,2.083922,-50.0,20.5,129.4
41.29308,2.084032,-50.0,20.5,135.0
41.29295,2.084167,-50.0,19.5,140.6
41.292778,2.084312,-50.0,19.5,146.2
41.292615,2.084437,-50.0,19.5,149.1
41.2923,2.084656,-50.0,18.5,151.9
41.291988,2.084839,-50.0,19.5,154.7
41.291625,2.085077,-50.0,19.5,154.7
41.291245,2.085297,-50.0,20.5,154.7
41.290857,2.08553,-50.0,20.5,154.7
41.290485,2.085748,-50.0,21.5,154.7
41.290112,2.085968,-50.0,20.5,154.7
41.289734,2.086197,-50.0,20.5,154.7
41.289368,2.086411,-50.0,21.5,157.5
41.289001,2.086655,-50.0,19.5,154.7
41.288887,2.086731,-50.0,18.5,149.1
41.288809,2.086841,-50.0,17.5,143.4
41.288728,2.08695,-50.0,16.5,135.0
41.288681,2.087059,-50.0,15.5,126.6
41.288669,2.087168,-50.0,14.2,118.1
41.288658,2.087293,-50.0,13.8,106.9
41.28867,2.087372,-50.0,13.8,98.4
41.288693,2.087465,-50.0,13.8,90.0
41.288727,2.08757,-50.0,13.8,78.8
41.288784,2.087723,-50.0,13.2,70.3
41.288864,2.087952,-50.0,13.8,67.5
41.28903,2.088432,-50.0,14.2,64.7
41.289207,2.088959,-50.0,15.5,64.7
41.289368,2.089386,-50.0,16.5,64.7
41.289531,2.089884,-50.0,16.5,67.5
41.289688,2.090378,-50.0,17.5,64.7
41.289868,2.090867,-50.0,18.5,64.7
41.290031,2.091351,-50.0,18.5,64.7
41.290215,2.091888,-50.0,19.5,64.7
41.29038,2.092349,-50.0,20.5,67.5
41.290543,2.092849,-50.0,20.5,64.7
41.290706,2.093332,-50.0,21.5,64.7
41.29089,2.093842,-50.0,22.5,64.7
41.290936,2.093979,-50.0,22.5,64.7
41.290974,2.094113,-50.0,22.5,64.7
41.291148,2.094597,-50.0,23.5,64.7
41.291288,2.095033,-50.0,23.5,67.5
41.291463,2.095517,-50.0,24.5,64.7
41.291637,2.096032,-50.0,24.5,64.7
41.291823,2.096563,-50.0,21.5,64.7
41.29201,2.097093,-50.0,19.5,64.7
41.292183,2.09761,-50.0,19.5,64.7
41.292355,2.098099,-50.0,20.5,64.7
41.292533,2.098607,-50.0,18.5,64.7
41.292708,2.09906,-50.0,16.5,61.9
41.292824,2.099274,-50.0,14.2,56.2
41.29303,2.099716,-50.0,13.8,59.1
41.29311,2.099945,-50.0,13.8,61.9
41.293243,2.100324,-50.0,12.8,64.7
41.29327,2.100464,-50.0,12.2,67.5
41.29329,2.100636,-50.0,11.8,75.9
41.293293,2.100769,-50.0,11.2,84.4
41.293266,2.100932,-50.0,11.2,92.8
41.29322,2.101073,-50.0,11.8,101.2
41.293167,2.101257,-50.0,12.2,106.9
41.293041,2.1017,-50.0,14.2,109.7
41.292892,2.102264,-50.0,15.5,109.7
41.292744,2.102768,-50.0,16.5,112.5
41.292673,2.102914,-50.0,15.5,120.9
41.292615,2.102992,-50.0,15.5,129.4
41.292549,2.103027,-50.0,14.8,135.0
41.29248,2.103058,-50.0,14.8,146.2
41.292412,2.103073,-50.0,14.2,157.5
41.292355,2.103088,-50.0,14.2,165.9
41.292254,2.103024,-50.0,14.2,182.8
41.292196,2.102977,-50.0,13.8,194.1
41.292126,2.102875,-50.0,13.8,208.1
41.292057,2.102783,-50.0,13.2,219.4
41.292034,2.102661,-50.0,13.2,230.6
41.292,2.102554,-50.0,13.2,239.1
41.29192,2.102325,-50.0,12.2,244.7
41.291742,2.101806,-50.0,13.8,244.7
41.291576,2.101303,-50.0,18.5,244.7
41.291474,2.10101,-50.0,22.5,244.7
41.291416,2.100815,-50.0,25.5,244.7
41.291369,2.100683,-50.0,30.5,244.7
41.291288,2.100449,-50.0,35.5,244.7
41.29123,2.100277,-50.0,40.5,244.7
41.291119,2.099976,-50.0,45.5,244.7
41.29097,2.099548,-50.0,50.5,244.7
41.290857,2.099216,-50.0,55.5,244.7
41.290729,2.098872,-50.0,60.5,244.7
41.290578,2.098435,-50.0,65.5,244.7
41.290432,2.097977,-50.0,71.0,244.7
41.290252,2.097452,-50.0,75.0,244.7
41.290146,2.097153,-50.0,81.0,244.7
41.289974,2.096649,-50.0,85.0,244.7
41.28988,2.096454,-50,85.5,245.8
41.289505,2.095337,-50,94.4,245.6
41.289228,2.094456,-50,98.9,245.5
41.289047,2.093933,-50,103.9,246.1
41.288716,2.092958,-50,108.3,246.0
41.288483,2.092334,-50,112.8,245.9
41.288269,2.091614,-50,116.4,245.6
41.288018,2.09096,-50,120.8,245.6
41.287738,2.090211,-50,124.9,245.9
41.287506,2.0894,-50,129.4,245.8
41.287262,2.088745,-50,132.5,245.9
41.28685,2.087524,-75,141.0,246.2
41.286388,2.086154,-100,144.6,245.9
41.286118,2.085327,-75,147.7,246.0
41.285783,2.084406,-50,150.9,246.1
41.285522,2.083557,-25,154.0,246.3
41.285225,2.082721,0,157.2,246.4
41.284806,2.081472,50,157.6,246.0
41.28434,2.080099,125,156.7,245.9
41.283691,2.078247,225,153.9,245.4
41.283142,2.076599,325,153.0,245.3
41.282618,2.075105,425,150.8,245.3
41.281998,2.073425,525,149.0,245.0
41.281361,2.071797,625,148.0,243.9
41.280662,2.070236,725,146.4,241.0
41.279663,2.068481,825,145.4,234.2
41.278614,2.066928,925,145.3,229.2
41.277078,2.06518,1025,147.2,222.8
41.275406,2.063477,1100,148.2,217.9
41.273586,2.062059,1200,150.3,213.1
41.271445,2.060561,1300,151.7,208.8
41.269318,2.059326,1375,154.9,203.6
41.266891,2.058289,1475,157.2,199.7
41.264416,2.05744,1550,160.8,194.0
41.261762,2.05694,1650,164.2,189.5
41.259567,2.056702,1700,167.6,184.8
41.257507,2.056824,1750,172.0,180.0
41.254669,2.057251,1825,175.6,175.1
41.252243,2.057922,1900,179.7,170.1
41.249798,2.058813,1975,183.1,165.1
41.246796,2.06012,2075,187.2,161.9
41.243454,2.061707,2175,192.0,160.5
41.240534,2.063182,2250,196.5,159.4
41.237276,2.064805,2325,201.3,159.0
41.233612,2.066345,2425,205.6,162.4
41.230362,2.067078,2500,207.9,167.5
41.227478,2.067383,2575,210.5,173.2
41.224503,2.0672,2625,213.0,179.7
41.221893,2.066772,2675,216.4,186.6
41.218934,2.065742,2750,219.8,193.1
41.216949,2.064819,2825,221.4,197.6
41.21521,2.063744,2900,222.5,202.2
41.213255,2.062371,3000,223.2,206.9
41.211439,2.060748,3100,223.5,211.3
41.209717,2.058938,3200,224.2,215.8
41.208115,2.057068,3300,225.1,219.8
41.205963,2.054138,3400,228.4,224.8
41.203812,2.050903,3500,231.5,227.6
41.201849,2.047889,3600,234.6,229.0
41.199692,2.044495,3700,237.8,229.9
41.19766,2.04121,3800,241.5,230.4
41.195526,2.037781,3900,243.8,230.8
41.193741,2.034851,4000,246.0,230.9
41.192001,2.031982,4100,246.8,231.1
41.190033,2.028748,4200,250.3,231.2
41.188614,2.026367,4300,250.3,231.2
41.187186,2.024044,4400,251.1,231.3
41.18541,2.021057,4500,251.9,231.4
41.18399,2.018799,4600,252.5,231.3
41.182434,2.016235,4700,253.2,231.1
41.180994,2.013869,4800,253.2,231.1
41.17955,2.011536,4900,254.6,231.1
41.177829,2.008625,5000,255.3,231.2
41.1763,2.006165,5100,256.0,231.0
41.174789,2.003723,5200,256.8,231.2
41.172894,2.000573,5300,258.2,231.1
41.171722,1.998657,5375,258.2,231.1
41.170212,1.996216,5475,258.8,231.0
41.168797,1.993894,5575,258.8,231.0
41.167557,1.991882,5675,259.6,231.1
41.16633,1.989836,5750,259.6,231.1
41.16512,1.987839,5850,259.6,231.1
41.164078,1.986145,5925,259.6,231.1
41.162839,1.984156,6025,259.6,231.1
41.161835,1.982483,6100,258.8,231.0
41.16079,1.980847,6200,258.8,231.0
41.159637,1.978943,6275,258.8,231.0
41.158493,1.977051,6375,258.0,230.8
41.157074,1.974731,6475,258.0,230.8
41.155856,1.972733,6575,258.0,230.8
41.154692,1.970922,6675,258.0,230.8
41.153091,1.968262,6775,258.0,230.8
41.151713,1.965991,6875,258.0,230.8
41.15027,1.963681,6975,258.8,231.0
41.147598,1.95929,7150,258.0,230.8
41.144823,1.954817,7350,258.0,230.8
41.141844,1.949886,7550,259.6,231.1
41.138352,1.944143,7750,260.3,231.2
41.135233,1.939024,7925,261.7,231.2
41.132217,1.934082,8125,263.0,230.9
41.129554,1.929786,8325,263.0,230.9
41.126156,1.924293,8525,264.3,230.5
41.12285,1.919049,8725,266.3,230.3
41.11908,1.912994,8925,267.9,230.6
41.115402,1.907002,9125,269.4,230.9
41.112442,1.902222,9325,270.0,230.7
41.109443,1.897451,9500,270.0,230.7
41.106262,1.892212,9700,270.8,230.8
41.102875,1.886658,9900,271.0,231.1
41.100226,1.882345,10100,271.4,230.7
41.09734,1.877788,10300,271.4,230.7
41.096603,1.876526,10350,270.7,230.6
41.094681,1.873474,10450,271.4,230.7
41.092209,1.869446,10575,272.2,230.8
41.087585,1.861633,10775,275.0,232.1
41.083099,1.854126,10975,279.1,231.7
41.079277,1.84795,11175,280.7,230.6
41.07546,1.841895,11375,280.5,230.4
41.07155,1.835653,11575,281.2,230.2
41.067947,1.829956,11775,281.8,230.0
41.064423,1.824402,11975,281.9,230.3
41.057877,1.813965,12375,280.5,230.4
41.055955,1.810871,12525,279.1,230.4
41.050601,1.802257,12900,276.3,230.4
41.048181,1.798325,13050,275.7,230.6
41.04538,1.793823,13200,275.7,230.6
41.042315,1.788899,13325,277.9,230.7
41.038239,1.782349,13475,280.7,230.6
41.029724,1.768555,13675,290.0,230.9
41.022949,1.7575,13800,298.6,231.0
41.014755,1.744202,13975,307.8,230.9
41.006702,1.731408,14125,317.6,229.1
41.001582,1.724479,14225,323.2,225.4
40.995577,1.717363,14325,330.1,221.6
40.989029,1.710571,14425,337.1,217.9
40.97905,1.700821,14625,344.0,216.4
40.963874,1.686401,14975,350.5,215.6
40.9561,1.679098,15100,355.5,215.6
40.940319,1.664117,15300,365.5,215.6
40.924713,1.649292,15475,374.7,215.8
40.908198,1.63353,15675,384.4,216.0
40.890564,1.616699,15875,393.9,215.9
40.87482,1.601632,16125,399.4,216.0
40.85701,1.584595,16500,403.0,216.0
40.839487,1.567861,16850,405.3,216.0
40.821671,1.550842,17200,408.9,215.9
40.806202,1.536213,17600,409.9,215.7
40.788978,1.520171,17975,411.2,215.2
40.772033,1.50444,18350,412.0,215.1
40.757263,1.490784,18675,412.0,215.1
40.739027,1.473978,19025,414.5,214.9
40.723526,1.459351,19350,413.6,216.8
40.715472,1.450695,19525,411.8,219.9
40.70874,1.442444,19675,410.4,223.0
40.702111,1.433404,19825,407.4,226.4
40.696289,1.4245,19975,406.5,229.7
40.683118,1.403191,20375,405.3,231.0
40.677246,1.393738,20525,405.1,230.8
40.66127,1.367981,20825,408.7,230.9
40.646109,1.343516,21150,410.9,230.9
40.629722,1.317049,21450,414.5,231.0
40.613243,1.290332,21750,417.3,230.9
40.595306,1.261292,22050,420.9,231.0
40.576932,1.231655,22325,425.7,230.8
40.556992,1.199402,22600,430.1,230.9
40.538544,1.169678,22900,433.6,230.8
40.519455,1.138977,23175,437.1,230.9
40.500307,1.108121,23450,440.0,230.8
40.482193,1.079041,23750,441.4,230.8
40.462553,1.047509,24025,444.2,230.8
40.445096,1.019544,24325,444.2,230.8
40.428989,0.993701,24600,445.0,230.8
40.408264,0.960449,24875,448.4,230.7
40.388809,0.92926,25150,450.0,230.9
40.370799,0.900504,25450,450.6,230.8
40.363495,0.888794,25600,450.6,230.8
40.354832,0.875036,25825,449.0,230.6
40.341156,0.85321,26225,444.8,230.7
40.329554,0.834649,26500,443.4,230.7
40.320197,0.81973,26650,443.4,230.7
40.301296,0.78958,26925,445.6,230.7
40.278346,0.753,27175,449.0,230.6
40.256607,0.718384,27425,450.4,230.6
40.235332,0.68471,27675,451.1,230.5
40.214813,0.652222,27950,451.1,230.5
40.193062,0.617856,28200,452.5,230.5
40.171229,0.583274,28450,453.3,230.6
40.149857,0.5495,28725,451.9,230.6
40.128448,0.515671,29000,449.7,230.5
40.108154,0.483704,29275,448.9,230.4
40.08697,0.450252,29525,448.1,230.3
40.065765,0.416992,29775,446.7,230.4
40.044159,0.382996,30050,446.7,230.4
40.022681,0.349128,30300,446.1,230.5
40.002365,0.317139,30575,446.7,230.4
39.981157,0.283834,30825,448.1,230.3
39.968169,0.263485,30950,449.5,230.3
39.941913,0.222536,31150,446.6,230.2
39.921011,0.18988,31425,443.1,230.3
39.901273,0.159119,31700,440.2,230.2
39.880692,0.127,31925,438.8,230.2
39.860261,0.095215,31975,437.4,230.2
39.835052,0.055887,32000,436.7,230.3
39.816605,0.027167,32050,438.8,230.2
39.805435,0.009792,32150,440.2,230.2
39.783961,-0.023499,32425,440.2,230.2
39.762222,-0.057201,32675,440.2,230.2
39.740158,-0.091533,32925,441.0,230.2
39.730591,-0.10634,32975,442.4,230.2
39.70491,-0.146285,33000,442.2,230.1
39.679126,-0.185974,33000,440.7,229.9
39.653475,-0.225342,33000,441.5,230.0
39.627592,-0.265259,33000,441.5,230.0
39.601384,-0.305664,33000,440.8,230.1
39.575919,-0.344849,33000,441.5,230.0
39.550186,-0.384342,33000,442.1,229.9
39.524107,-0.424194,33000,442.8,229.8
39.49791,-0.464351,33000,442.9,229.9
39.482758,-0.488295,33000,441.8,231.3
39.469036,-0.511597,33000,440.0,233.1
39.444828,-0.553162,33000,439.8,232.9
39.420947,-0.593933,33000,439.8,232.9
39.396461,-0.63562,33025,440.4,232.8
39.388314,-0.649414,33075,441.2,232.9
39.368454,-0.683302,33325,441.2,232.9
39.349365,-0.715723,33600,441.0,232.7
39.328913,-0.750305,33850,441.0,232.7
39.308896,-0.784363,34100,439.0,232.9
39.289856,-0.81669,34375,438.2,232.8
39.270035,-0.850306,34625,437.4,232.7
39.250147,-0.883911,34875,437.4,232.7
39.241699,-0.898132,34950,438.0,232.6
39.220866,-0.933228,34975,438.0,232.6
39.196747,-0.973962,35000,435.4,232.8
39.17244,-1.014802,35000,431.6,232.6
39.148803,-1.054504,35000,425.8,232.5
39.124968,-1.094543,35000,423.0,232.6
39.101303,-1.134338,35000,422.4,232.7
39.077485,-1.174316,35000,423.0,232.6
39.054022,-1.213501,35000,422.8,232.4
39.030327,-1.252991,35000,422.0,232.3
39.007005,-1.291931,34975,422.2,232.5
38.983475,-1.331137,34975,422.8,232.4
38.959894,-1.3703,34975,423.4,232.3
38.948628,-1.388123,34975,425.5,230.4
38.930007,-1.415833,34975,426.1,229.1
38.904648,-1.45342,34950,428.2,229.2
38.878846,-1.49176,34975,428.3,229.4
38.853429,-1.529724,34975,429.7,229.3
38.827965,-1.567749,35025,431.2,229.3
38.802407,-1.605774,35025,431.8,229.2
38.776428,-1.644367,35050,431.2,229.3
38.750641,-1.682617,35050,431.8,229.2
38.724747,-1.720913,35050,431.0,229.1
38.698829,-1.759094,35050,431.0,229.1
38.672946,-1.79718,35025,431.7,229.0
38.647018,-1.835374,35025,431.7,229.0
38.621521,-1.87287,35000,431.0,229.1
38.595886,-1.910546,35000,431.7,229.0
38.570205,-1.94812,34975,432.4,228.9
38.544648,-1.985596,35000,433.1,229.0
38.518718,-2.023499,34975,433.8,228.9
38.492432,-2.061847,35000,433.8,228.9
38.466248,-2.10018,35000,433.9,229.1
38.440247,-2.138334,35000,433.1,229.0
38.414154,-2.176368,35000,433.8,228.9
38.387953,-2.214462,35000,433.0,228.8
38.36174,-2.252489,35000,433.7,228.7
38.335628,-2.290411,35000,434.4,228.8
38.309326,-2.328459,35000,434.3,228.6
38.282959,-2.36656,35000,433.7,228.7
38.256912,-2.404311,35000,433.8,228.9
38.231003,-2.441828,35025,432.9,228.6
38.205048,-2.479112,35025,432.9,228.6
38.179259,-2.516347,35025,430.9,228.8
38.153458,-2.553562,35025,430.1,228.7
38.127586,-2.590803,35025,428.7,228.7
38.10175,-2.627942,35000,427.9,228.6
38.076379,-2.664364,34975,427.9,228.6
38.050496,-2.701562,34975,427.9,228.6
38.025125,-2.737924,34950,426.5,228.6
37.999195,-2.774884,34975,427.1,228.3
37.973824,-2.811067,34975,425.8,228.5
37.947801,-2.848206,34975,426.4,228.4
37.924759,-2.881048,34875,428.6,228.5
37.906357,-2.907286,34700,429.3,228.4
37.895616,-2.922602,34550,429.3,228.4
37.878951,-2.946247,34200,430.0,228.5
37.86182,-2.970667,33850,430.8,228.6
37.844642,-2.995088,33525,430.7,228.4
37.827896,-3.018786,33200,429.9,228.3
37.812474,-3.040645,32850,429.9,228.3
37.796448,-3.063432,32500,430.0,228.5
37.780446,-3.086203,32150,428.6,228.5
37.764153,-3.10925,31800,425.7,228.3
37.747787,-3.132389,31450,422.1,228.3
37.732452,-3.153894,31100,419.9,228.0
37.716339,-3.176568,30750,415.7,228.2
37.700409,-3.199008,30400,412.2,228.1
37.68512,-3.220514,30050,409.3,228.2
37.669189,-3.242954,29700,405.8,228.1
37.654476,-3.263537,29350,404.4,228.1
37.63884,-3.285438,29000,402.9,228.1
37.623425,-3.307124,28675,400.9,228.2
37.608343,-3.32826,28325,398.7,228.1
37.593772,-3.3488,27975,397.3,228.2
37.579285,-3.369063,27625,395.1,228.1
37.564316,-3.390042,27275,393.1,228.2
37.54921,-3.411313,26925,391.6,228.2
37.534185,-3.432332,26600,389.5,228.1
37.519102,-3.453469,26250,387.4,228.2
37.504623,-3.473783,26025,385.3,228.2
37.485072,-3.501056,25750,383.8,228.0
37.465393,-3.528481,25475,383.8,228.0
37.44648,-3.554853,25200,383.1,228.1
37.427032,-3.581952,24925,381.6,227.9
37.409937,-3.605367,24700,382.1,226.9
37.402359,-3.614502,24600,381.9,223.7
37.394482,-3.622921,24500,383.0,220.6
37.387173,-3.629966,24400,383.4,217.1
37.378607,-3.637191,24300,384.4,214.2
37.370773,-3.643137,24200,384.7,210.6
37.361383,-3.649312,24125,385.6,207.8
37.338665,-3.663522,23925,386.4,206.4
37.316849,-3.677206,23725,395.8,206.6
37.295471,-3.69053,23550,405.6,206.5
37.266174,-3.708821,23300,405.6,206.5
37.241464,-3.724186,23025,404.3,206.4
37.218328,-3.738516,22725,414.1,206.4
37.198242,-3.750954,22375,416.4,206.4
37.176727,-3.764395,22025,414.6,206.5
37.155945,-3.777252,21675,414.1,206.4
37.135791,-3.789746,21325,413.2,206.4
37.114097,-3.80318,20975,411.0,206.4
37.093801,-3.815779,20625,407.4,206.4
37.072906,-3.828677,20275,403.4,206.2
37.051624,-3.841752,19925,400.3,206.2
37.031204,-3.854506,19575,398.9,207.1
37.023414,-3.860381,19400,397.5,211.2
37.016647,-3.866428,19225,395.6,215.0
37.011703,-3.871453,19075,394.0,218.8
37.005661,-3.8787,18875,392.7,223.0
37.000854,-3.885537,18725,391.4,227.6
36.996918,-3.892257,18575,389.4,232.5
36.99353,-3.898919,18450,387.0,237.7
36.990326,-3.906692,18325,386.0,242.7
36.987717,-3.914698,18200,383.9,247.6
36.985474,-3.923346,18050,382.0,251.4
36.984055,-3.930885,17950,380.8,256.3
36.983047,-3.939358,17825,378.5,261.2
36.982407,-3.94941,17675,378.3,265.3
36.981144,-3.972334,17300,376.9,266.0
36.979934,-3.993351,16900,376.0,265.7
36.979019,-4.008374,16650,375.0,265.7
36.977839,-4.027564,16400,372.1,265.7
36.97621,-4.053776,16075,365.1,265.6
36.974767,-4.078137,15700,361.0,265.7
36.973463,-4.100468,15325,358.9,265.9
36.972107,-4.124197,14975,354.9,266.0
36.970763,-4.147817,14600,350.9,265.9
36.969413,-4.171103,14225,347.9,265.9
36.96811,-4.193016,13850,346.0,265.7
36.966888,-4.213724,13450,343.9,265.8
36.965829,-4.231647,13050,344.9,265.8
36.964804,-4.248783,12650,345.9,265.9
36.964385,-4.255948,12500,345.9,265.9
36.964142,-4.260007,12425,346.9,265.9
36.963821,-4.265617,12350,345.9,265.9
36.96286,-4.282564,12200,340.8,266.0
36.961533,-4.305355,12000,332.9,265.9
36.960434,-4.324406,11875,324.8,265.9
36.959404,-4.342167,11725,318.8,265.9
36.958282,-4.361046,11600,311.9,265.8
36.957263,-4.378649,11475,304.8,265.9
36.956268,-4.396051,11350,298.8,265.8
36.955215,-4.414166,11225,291.8,265.9
36.954377,-4.428207,11075,288.8,265.8
36.953522,-4.442158,10900,286.8,265.8
36.952744,-4.455657,10725,284.8,265.8
36.952011,-4.468221,10550,283.8,265.8
36.951279,-4.480084,10375,282.9,265.5
36.950513,-4.492333,10175,282.8,265.7
36.949768,-4.504453,10000,282.9,265.5
36.949081,-4.515848,9800,281.8,265.7
36.948325,-4.52792,9600,281.8,265.7
36.94772,-4.539324,9400,282.7,265.9
36.947067,-4.550151,9200,283.7,266.0
36.946463,-4.560759,9000,284.8,265.8
36.945858,-4.570671,8800,286.8,265.8
36.94519,-4.582,8600,287.8,265.6
36.944415,-4.594853,8400,287.8,265.6
36.94368,-4.607187,8225,287.8,265.6
36.942971,-4.618199,8025,287.8,265.6
36.942261,-4.630445,7825,288.8,265.8
36.941482,-4.642978,7625,289.8,265.8
36.94075,-4.655457,7450,289.8,265.6
36.939992,-4.662502,7325,290.4,262.7
36.938968,-4.668234,7225,290.9,257.5
36.937571,-4.673608,7150,291.7,253.1
36.935849,-4.678743,7075,291.0,248.6
36.934033,-4.683042,7000,291.2,244.1
36.931915,-4.687247,6950,291.0,239.2
36.929489,-4.691221,6875,290.0,234.1
36.92598,-4.696178,6800,289.3,229.2
36.920883,-4.703025,6700,286.6,227.1
36.916576,-4.708776,6600,285.8,226.7
36.911921,-4.714866,6500,285.8,226.4
36.908066,-4.719914,6400,285.8,226.4
36.901611,-4.728387,6300,284.4,226.7
36.895294,-4.736744,6250,280.8,226.6
36.891205,-4.742093,6200,275.9,226.5
36.886551,-4.748198,6175,271.6,226.5
36.882477,-4.752931,6100,268.2,222.7
36.879521,-4.755826,6075,265.5,218.4
36.876029,-4.758573,6025,263.2,213.7
36.872864,-4.760645,6000,260.4,208.4
36.869385,-4.762223,5950,258.3,202.3
36.867096,-4.762982,5925,256.5,197.9
36.864019,-4.763708,5875,253.4,191.8
36.860458,-4.763917,5850,252.9,187.0
36.8582,-4.763767,5800,251.0,179.8
36.855148,-4.763216,5775,249.8,173.1
36.85231,-4.762456,5700,248.9,168.6
36.849609,-4.7612,5675,248.6,161.7
36.845957,-4.759301,5650,247.8,156.9
36.841507,-4.756393,5650,243.3,153.1
36.836786,-4.752989,5625,238.4,149.8
36.833084,-4.750156,5600,233.9,148.3
36.828644,-4.746666,5550,229.7,147.6
36.824496,-4.743406,5500,224.7,147.7
36.820175,-4.740086,5450,220.1,148.2
36.817234,-4.737854,5400,215.9,148.4
36.812858,-4.734523,5300,213.5,149.0
36.809041,-4.731718,5200,212.0,149.7
36.80571,-4.729328,5100,210.6,149.8
36.802231,-4.726868,5000,210.5,150.4
36.798566,-4.724296,4900,209.1,150.5
36.794796,-4.721667,4800,207.3,150.8
36.791444,-4.719388,4700,206.8,151.1
36.788232,-4.717225,4600,206.3,151.3
36.784836,-4.714909,4500,205.8,151.6
36.781901,-4.712667,4400,204.3,148.4
36.77962,-4.710563,4300,204.4,143.4
36.777512,-4.708214,4200,205.0,139.6
36.775756,-4.705772,4100,205.8,134.0
36.773987,-4.702967,4000,206.8,129.3
36.772705,-4.700661,3900,208.1,125.2
36.771423,-4.698257,3800,208.9,123.1
36.770737,-4.696655,3750,209.1,121.1
36.769821,-4.694653,3700,209.1,119.5
36.768401,-4.691337,3600,208.1,118.4
36.767075,-4.688187,3500,205.3,117.6
36.76584,-4.685201,3400,203.1,117.6
36.764444,-4.682046,3300,202.6,118.0
36.763326,-4.679475,3200,201.8,118.7
36.761883,-4.676202,3100,201.8,118.7
36.760345,-4.67268,3000,201.8,118.7
36.758764,-4.669073,2900,201.4,118.5
36.756809,-4.664339,2800,202.2,117.7
36.755087,-4.660307,2700,203.5,117.2
36.753411,-4.656216,2600,204.4,117.7
36.751642,-4.652067,2500,203.5,117.8
36.749634,-4.647388,2400,203.1,118.2
36.746979,-4.641209,2300,200.9,118.2
36.744553,-4.635372,2200,198.1,117.3
36.74168,-4.628458,2100,194.6,117.2
36.738968,-4.621925,2000,191.0,117.1
36.736512,-4.616069,1900,188.3,117.5
36.734161,-4.610424,1800,184.7,117.4
36.731461,-4.604015,1725,180.7,117.7
36.729401,-4.599094,1650,175.8,117.4
36.727854,-4.595324,1575,173.1,117.2
36.726334,-4.591713,1475,170.0,117.3
36.724222,-4.586617,1400,165.0,117.0
36.723267,-4.584274,1350,161.5,117.7
36.722305,-4.582043,1300,157.5,118.0
36.721336,-4.579779,1275,153.9,117.9
36.720245,-4.577122,1225,149.4,117.1
36.718323,-4.57243,1150,144.5,116.7
36.717224,-4.569912,1100,138.7,117.5
36.715471,-4.565696,1025,138.2,118.1
36.713655,-4.56143,925,137.8,117.7
36.711456,-4.556236,825,135.5,117.7
36.710953,-4.555092,800,134.6,117.9
36.708488,-4.549216,725,134.6,117.9
36.706421,-4.544163,625,134.2,116.6
36.703972,-4.538347,550,134.6,117.9
36.701831,-4.533321,450,135.5,117.7
36.699326,-4.527283,350,132.8,117.3
36.69685,-4.521458,250,131.9,117.5
36.694153,-4.51498,150,131.9,117.5
36.69387,-4.514329,150,131.9,117.5
36.683291,-4.489902,-50.0,35.5,132.2
36.682605,-4.489171,-50.0,30.5,143.4
36.681587,-4.489589,-50.0,13.2,298.1
36.68186,-4.490223,-50.0,16.5,298.1
36.682058,-4.490705,-50.0,17.5,298.1
36.682384,-4.49148,-50.0,19.5,298.1
36.6824,-4.49152,-50.0,19.5,298.1
36.681243,-4.494957,-50.0,20.5,222.2
36.679428,-4.496973,-50.0,23.5,222.2
36.678229,-4.498054,-50.0,15.5,194.1
36.677728,-4.497557,-50.0,15.5,132.2
36.677437,-4.497148,-50.0,16.5,132.2
36.676426,-4.495711,-50.0,15.5,132.2
36.676334,-4.495597,-50.0,14.2,129.4
36.676425,-4.494942,-50.0,5.2,53.4
36.67646,-4.49491,-50.0,1.4,50.6
36.676472,-4.494896,-50.0,0.8,47.8
36.67625,-4.495877,-50.0,10.2,272.8
36.676215,-4.495994,-50.0,10.8,261.6
36.676192,-4.496038,-50.0,10.8,253.1
36.675785,-4.496512,-50.0,13.2,222.2
36.675613,-4.496927,-50.0,15.5,253.1
36.675703,-4.497221,-50.0,15.5,289.7
36.676174,-4.497886,-50.0,17.5,312.2
36.676623,-4.498522,-50.0,20.5,312.2
36.676929,-4.498944,-50.0,21.5,312.2
36.677042,-4.499106,-50.0,22.5,312.2
36.678898,-4.501705,-50.0,26.5,312.2
36.679032,-4.501896,-50.0,26.5,312.2
36.681805,-4.505782,-50.0,27.5,312.2
36.684385,-4.509406,-50.0,15.5,312.2
36.685352,-4.510288,-50.0,9.2,334.7
36.685514,-4.510472,-50.0,9.2,320.6
36.685596,-4.510574,-50.0,7.8,315.0
36.68605,-4.512062,-50.0,4.8,239.1
36.68597,-4.512148,-50.0,7.8,230.6
36.685351,-4.512634,-50.0,10.8,196.9
36.685154,-4.512605,-50.0,10.8,177.2
36.67337,-4.496899,25,153.2,130.8
36.672134,-4.495182,100,153.2,130.8
36.671851,-4.494811,125,163.5,132.3
36.671106,-4.493759,200,164.3,132.0
36.6698,-4.491978,300,163.5,132.3
36.669067,-4.490948,400,160.7,132.2
36.668174,-4.489668,500,157.2,131.9
36.667236,-4.488373,600,155.8,131.9
36.665986,-4.486746,700,155.0,132.6
36.664948,-4.48534,800,155.0,132.6
36.663574,-4.483452,900,156.4,132.7
36.662338,-4.481735,1000,157.8,132.7
36.661011,-4.480019,1100,158.5,132.9
36.659375,-4.477805,1200,160.6,133.2
36.657048,-4.474708,1300,164.1,133.0
36.65472,-4.471611,1400,168.4,132.6
36.653046,-4.469376,1475,172.0,132.4
36.650763,-4.466235,1575,177.0,132.2
36.648788,-4.463482,1675,179.9,131.9
36.646362,-4.460106,1750,184.9,131.7
36.644153,-4.456943,1850,189.8,131.6
36.641639,-4.453378,1925,194.2,131.2
36.639816,-4.450836,2000,198.4,131.3
36.637436,-4.44746,2075,203.4,131.2
36.635056,-4.444084,2175,207.0,131.1
36.632561,-4.440463,2275,211.9,131.4
36.630327,-4.437366,2375,214.7,131.4
36.628604,-4.434912,2425,218.9,131.5
36.626463,-4.431932,2500,222.5,131.4
36.624069,-4.428463,2600,226.2,130.9
36.621964,-4.425373,2700,229.7,130.8
36.619713,-4.422231,2800,232.6,130.8
36.618027,-4.419765,2900,233.3,130.6
36.61678,-4.417965,3000,234.0,130.8
36.615244,-4.415803,3100,234.6,131.0
36.613449,-4.413185,3200,235.4,130.9
36.611985,-4.411069,3300,236.8,130.9
36.610062,-4.408321,3400,238.2,130.9
36.608773,-4.406511,3500,238.2,130.9
36.607498,-4.404659,3600,239.7,130.6
36.606308,-4.402828,3675,239.6,129.1
36.605188,-4.400959,3775,239.4,127.9
36.604257,-4.399265,3850,239.4,124.6
36.603373,-4.397453,3950,238.8,122.7
36.602829,-4.396191,4025,237.7,120.9
36.602051,-4.394245,4125,236.1,117.2
36.601501,-4.392643,4225,234.8,115.5
36.601092,-4.391376,4300,233.7,113.7
36.600769,-4.390182,4375,232.9,111.9
36.60044,-4.388921,4450,232.2,110.2
36.600114,-4.387636,4550,230.8,108.4
36.599625,-4.385376,4650,227.6,105.8
36.599369,-4.384012,4725,226.6,104.8
36.598997,-4.382142,4825,225.6,103.8
36.598526,-4.379654,4925,225.3,103.6
36.59816,-4.377766,5000,225.1,103.4
36.597931,-4.37645,5050,225.1,103.4
36.597554,-4.374429,5100,226.1,103.3
36.597321,-4.373201,5125,229.0,103.1
36.596623,-4.369403,5175,233.9,102.8
36.595871,-4.365349,5225,236.8,102.7
36.595133,-4.361105,5325,241.7,102.4
36.594435,-4.357189,5425,244.6,102.3
36.593719,-4.352989,5525,246.5,102.2
36.593085,-4.349359,5625,247.7,102.3
36.592392,-4.345551,5725,249.7,102.3
36.591781,-4.342054,5825,250.7,102.2
36.59099,-4.337613,5925,252.8,102.3
36.590338,-4.333639,6025,253.8,102.3
36.589691,-4.329987,6125,256.0,102.4
36.589005,-4.326153,6225,257.9,102.3
36.588336,-4.322477,6325,258.9,102.3
36.587545,-4.317978,6425,260.9,102.2
36.586986,-4.31453,6525,262.8,102.1
36.586212,-4.310303,6625,264.0,102.2
36.58548,-4.305897,6725,265.0,102.2
36.584799,-4.301966,6825,266.9,102.1
36.584152,-4.298172,6925,267.7,101.9
36.583216,-4.290921,7100,272.3,98.9
36.582779,-4.284382,7225,274.9,94.6
36.582797,-4.278181,7350,277.0,90.0
36.583216,-4.270468,7525,276.7,86.1
36.583728,-4.262871,7725,277.0,85.0
36.584244,-4.255829,7925,278.1,84.8
36.584892,-4.246742,8125,280.2,84.7
36.585617,-4.237404,8325,283.2,84.7
36.586304,-4.228191,8525,286.3,84.6
36.587033,-4.218107,8725,290.3,84.7
36.587448,-4.212341,8825,292.3,84.7
36.588226,-4.201813,8975,297.2,84.8
36.588709,-4.195141,9075,301.2,84.9
36.5896,-4.18293,9275,306.2,84.9
36.590292,-4.173052,9475,309.3,84.8
36.59111,-4.162502,9675,311.3,84.8
36.591828,-4.152774,9875,313.3,84.7
36.592573,-4.142605,10075,316.3,84.7
36.593318,-4.132087,10275,318.3,84.8
36.593903,-4.124451,10450,319.2,85.0
36.594528,-4.115841,10650,320.3,84.8
36.595139,-4.107399,10850,320.3,84.8
36.595734,-4.099045,11050,320.3,84.8
36.596483,-4.09042,11250,322.9,83.8
36.59774,-4.08183,11425,324.9,80.1
36.598857,-4.076629,11525,326.0,76.5
36.600723,-4.06992,11675,327.0,72.0
36.602116,-4.065643,11750,328.1,68.4
36.603931,-4.061026,11825,329.2,64.8
36.606628,-4.055386,11900,332.2,60.8
36.609558,-4.050179,11950,334.8,56.5
36.612171,-4.046417,12000,337.3,51.5
36.615738,-4.04211,12075,338.7,45.8
36.618027,-4.039764,12125,337.8,42.0
36.6194,-4.038448,12150,337.8,40.2
36.621808,-4.036307,12250,336.2,37.1
36.623245,-4.03513,12300,332.2,35.9
36.6259,-4.032955,12425,332.3,34.5
36.635284,-4.025459,12825,328.7,32.6
36.639816,-4.021797,13000,328.7,32.6
36.641785,-4.020195,13050,330.1,33.3
36.645035,-4.017448,13150,330.0,33.9
36.649063,-4.013901,13225,332.4,35.1
36.655698,-4.007614,13325,338.8,37.4
36.663208,-3.999939,13425,346.9,40.4
36.675389,-3.986693,13575,356.4,41.2
36.689941,-3.970814,13775,366.3,41.3
36.704345,-3.955137,13975,376.3,41.2
36.71696,-3.941404,14125,385.5,41.2
36.729669,-3.927612,14300,393.3,41.2
36.73938,-3.917084,14500,396.9,41.1
36.746017,-3.909874,14650,399.0,41.2
36.759742,-3.894887,15050,399.0,41.2
36.773254,-3.880119,15450,399.6,41.3
36.787161,-3.864967,15850,400.4,41.2
36.802002,-3.848763,16225,401.8,41.3
36.816768,-3.832709,16625,403.9,41.2
36.833294,-3.814769,16975,406.8,41.2
36.850159,-3.796291,17325,411.0,41.2
36.863205,-3.782102,17650,412.4,41.3
36.878311,-3.765564,18050,412.4,41.3
36.895294,-3.746981,18425,415.9,41.4
36.910618,-3.730157,18825,415.2,41.3
36.92463,-3.714812,19225,413.8,41.3
36.936966,-3.701378,19625,412.4,41.3
36.948371,-3.688839,19925,411.7,41.4
36.95755,-3.678842,20125,412.4,41.3
36.975884,-3.658806,20450,416.6,41.3
36.993347,-3.639689,20800,419.5,41.3
37.011658,-3.619528,21125,421.5,41.4
37.029465,-3.599951,21475,423.7,41.4
37.046448,-3.581251,21800,424.4,41.5
37.067047,-3.558577,22100,429.3,41.4
37.087509,-3.536137,22400,432.9,41.3
37.10069,-3.521656,22675,433.6,41.5
37.118271,-3.502243,23050,432.8,41.5
37.137222,-3.481322,23375,435.0,41.5
37.156128,-3.46046,23700,436.4,41.5
37.178329,-3.436033,24000,440.0,41.4
37.199428,-3.412748,24300,442.8,41.4
37.220261,-3.38975,24600,444.2,41.4
37.24193,-3.365757,24900,446.3,41.5
37.263428,-3.341948,25225,447.7,41.6
37.284668,-3.318455,25525,449.9,41.5
37.30751,-3.293152,25825,451.9,41.6
37.329029,-3.269269,26125,452.7,41.5
37.351095,-3.244788,26425,454.8,41.6
37.374435,-3.218877,26700,456.9,41.5
37.39667,-3.194215,27000,457.7,41.5
37.418106,-3.169848,27300,458.5,42.9
37.432343,-3.152375,27425,461.0,44.8
37.446527,-3.133671,27600,464.1,46.8
37.470222,-3.101309,27875,467.1,47.4
37.494522,-3.068231,28125,469.9,47.2
37.519455,-3.034213,28375,473.5,47.5
37.531265,-3.018026,28525,473.5,47.5
37.550629,-2.991554,28850,472.8,47.4
37.57259,-2.961592,29150,472.8,47.4
37.586426,-2.942758,29300,473.4,47.3
37.606567,-2.915175,29600,472.8,47.4
37.627808,-2.886073,29900,472.1,47.5
37.647633,-2.858834,30200,470.7,47.5
37.665756,-2.833888,30550,467.8,47.5
37.685573,-2.806768,30850,466.4,47.3
37.707266,-2.776974,31125,466.4,47.5
37.728928,-2.747108,31400,467.2,47.6
37.74884,-2.719584,31700,465.0,47.5
37.769073,-2.691767,32000,463.6,47.5
37.787247,-2.666756,32325,460.1,47.6
37.805191,-2.64192,32550,457.3,47.7
37.828033,-2.610305,32800,455.9,47.7
37.850368,-2.579518,33075,455.1,47.6
37.87326,-2.547835,33325,455.9,47.7
37.898941,-2.512246,33550,455.9,47.7
37.926946,-2.473417,33750,455.2,47.8
37.953155,-2.436935,33950,454.5,47.8
37.980947,-2.398244,34000,453.8,47.8
38.009216,-2.358905,34000,455.9,47.7
38.037552,-2.319635,34000,454.5,47.7
38.065109,-2.281066,34000,454.5,47.8
38.09285,-2.24238,34000,457.4,47.8
38.121255,-2.20258,34000,456.7,47.9
38.149093,-2.163471,34000,458.8,48.0
38.176885,-2.124302,34000,460.2,48.0
38.204865,-2.085006,34000,461.7,48.0
38.233074,-2.045248,34025,461.7,48.0
38.261191,-2.005602,34050,461.0,48.1
38.289185,-1.966144,34050,459.5,47.9
38.316925,-1.92699,34025,456.8,48.1
38.34462,-1.887895,34000,451.8,48.0
38.371674,-1.849677,34000,450.4,48.1
38.399591,-1.810296,34000,451.8,48.0
38.427057,-1.771362,34000,454.7,48.2
38.454575,-1.732198,34000,458.2,48.3
38.482452,-1.692372,34000,456.8,48.3
38.509644,-1.653562,34000,456.8,48.3
38.537246,-1.614197,34000,456.8,48.3
38.56527,-1.574219,34000,456.8,48.3
38.593295,-1.53418,34000,456.2,48.4
38.621109,-1.49432,34000,456.8,48.3
38.648758,-1.454853,33975,456.8,48.3
38.676819,-1.41449,34000,456.9,48.5
38.704368,-1.374756,34000,457.7,48.5
38.726527,-1.342102,33975,459.0,49.7
38.738571,-1.323017,33975,460.6,51.6
38.764206,-1.280445,33975,462.0,52.4
38.789749,-1.238231,34000,461.9,52.2
38.815535,-1.195557,34000,462.0,52.4
38.841156,-1.153087,34000,464.8,52.3
38.867615,-1.109321,34000,473.3,52.2
38.894395,-1.064697,34000,478.6,52.6
38.921209,-1.02002,34000,480.6,52.4
38.947837,-0.975586,34000,482.2,52.6
38.974325,-0.931274,34000,482.2,52.6
39.001092,-0.886658,34000,481.5,51.9
39.014328,-0.866069,34000,479.9,50.1
39.028,-0.846252,34000,479.4,48.0
39.041702,-0.827796,34000,477.4,45.9
39.055115,-0.810958,34000,477.4,43.9
39.070502,-0.792908,34000,475.9,41.8
39.086376,-0.775574,34000,474.4,39.7
39.102669,-0.759094,34000,473.3,37.8
39.118423,-0.744324,34000,471.5,35.7
39.134583,-0.730233,34025,470.1,33.7
39.151611,-0.71644,34025,466.8,31.5
39.169286,-0.703247,34025,465.3,29.5
39.19745,-0.683777,34050,463.9,28.2
39.234741,-0.657866,34025,464.0,28.4
39.272632,-0.63147,34025,464.0,28.4
39.309501,-0.605713,34025,462.7,28.4
39.346344,-0.580066,34025,461.8,28.5
39.383514,-0.554093,34000,461.8,28.5
39.421143,-0.527821,34000,461.8,28.5
39.45845,-0.501789,34000,461.8,28.5
39.484444,-0.483032,33975,463.6,29.9
39.501576,-0.469543,33975,465.9,32.0
39.537552,-0.439513,33975,467.4,32.8
39.57294,-0.410156,33950,467.4,32.8
39.608917,-0.380282,33975,467.4,32.8
39.64444,-0.350786,33975,468.2,32.7
39.680476,-0.32074,34000,468.8,32.8
39.716309,-0.290839,34000,468.8,32.8
39.752472,-0.260627,34000,468.8,32.8
39.788681,-0.230295,34000,469.3,32.9
39.824799,-0.200023,34000,470.7,33.0
39.860458,-0.170049,34000,470.7,33.0
39.895826,-0.14032,34000,471.5,32.9
39.931858,-0.110051,34000,472.9,32.9
39.967657,-0.079838,34025,472.6,33.1
40.003595,-0.049501,34025,472.6,33.1
40.031158,-0.026184,33975,472.9,32.9
40.067837,0.004682,33775,472.9,32.9
40.103636,0.035144,33600,471.0,33.2
40.139202,0.065294,33450,469.0,33.1
40.169449,0.090698,33300,466.4,32.1
40.186918,0.104183,33200,463.8,30.2
40.204607,0.116792,33075,461.2,28.1
40.221413,0.127778,32950,458.9,26.1
40.239349,0.138611,32775,456.1,24.2
40.259171,0.149475,32625,454.8,22.2
40.278351,0.158997,32475,453.1,20.3
40.296921,0.167292,32350,452.2,18.4
40.310165,0.172668,32200,451.7,17.0
40.32193,0.177124,32050,452.6,16.0
40.343903,0.185364,31675,454.5,16.0
40.36615,0.193665,31275,456.7,16.0
40.388489,0.202061,30900,458.9,16.1
40.410965,0.210571,30500,462.1,16.1
40.432993,0.218853,30100,465.2,16.1
40.454639,0.22703,29700,465.2,16.1
40.474517,0.234958,29350,465.9,17.6
40.485764,0.240417,29125,467.8,20.9
40.496429,0.246582,28925,471.2,24.4
40.507104,0.253747,28725,472.8,27.9
40.512909,0.25824,28625,475.1,30.3
40.522001,0.266294,28500,475.7,34.3
40.527328,0.271545,28425,475.7,35.8
40.534849,0.279714,28275,477.5,39.4
40.542809,0.289577,28150,479.6,43.5
40.54953,0.299011,28050,479.6,46.7
40.555847,0.309204,27975,479.6,50.7
40.561478,0.319397,27900,478.6,53.8
40.567063,0.330963,27825,478.3,57.6
40.572417,0.343885,27725,477.5,61.3
40.573906,0.347755,27700,476.8,62.8
40.575668,0.352661,27625,477.2,63.5
40.576979,0.356369,27575,477.3,64.8
40.578608,0.361488,27475,477.9,65.5
40.579834,0.36554,27400,478.1,67.0
40.581848,0.372681,27250,479.9,69.0
40.585405,0.386457,26975,483.8,71.6
40.586988,0.393136,26850,485.7,72.0
40.589362,0.403061,26700,486.1,72.7
40.592108,0.414734,26575,486.2,73.0
40.600662,0.451782,26225,488.1,73.1
40.608495,0.485396,25875,489.7,72.9
40.616226,0.518188,25525,489.7,72.9
40.624462,0.553249,25175,486.8,72.8
40.632706,0.588074,24850,484.6,72.8
40.640616,0.621789,24500,482.7,72.8
40.648436,0.654935,24150,480.2,72.9
40.656537,0.689642,23800,476.1,72.9
40.664497,0.723412,23475,472.9,72.9
40.672132,0.756059,23125,471.0,72.8
40.680084,0.790039,22800,467.5,73.0
40.687866,0.823242,22475,464.7,72.8
40.695694,0.856995,22150,464.1,73.1
40.703247,0.889709,21800,465.0,73.1
40.711003,0.923476,21475,463.8,73.2
40.71603,0.945199,21300,460.0,73.1
40.726039,0.988395,21025,452.7,73.1
40.734146,1.023132,20800,448.6,73.0
40.741727,1.055998,20450,445.4,73.0
40.748795,1.086731,20100,441.7,73.3
40.755832,1.117297,19725,439.7,73.2
40.762862,1.148321,19375,436.3,73.3
40.769658,1.178221,19025,432.2,73.3
40.776781,1.209308,18650,429.0,73.3
40.783624,1.239145,18300,426.4,73.1
40.790909,1.271118,17975,422.7,73.4
40.798428,1.304002,17650,417.6,73.3
40.80583,1.336649,17325,415.7,73.2
40.812999,1.368172,17000,413.2,73.4
40.820206,1.400024,16700,408.8,73.5
40.827393,1.431824,16375,404.0,73.3
40.835083,1.466003,16050,398.4,73.5
40.841861,1.496201,15725,395.2,73.5
40.848611,1.526351,15425,392.0,73.6
40.85578,1.558186,15125,389.2,73.4
40.862686,1.588745,14825,387.0,73.5
40.869513,1.619672,14500,384.8,74.6
40.872208,1.635132,14350,384.5,77.2
40.874039,1.648621,14225,383.7,80.1
40.876868,1.674104,13950,380.8,81.8
40.880406,1.706813,13650,379.7,82.0
40.883972,1.740051,13350,379.7,82.0
40.887296,1.770859,13025,379.7,82.0
40.890508,1.801134,12750,376.6,82.1
40.893814,1.832214,12600,367.6,82.0
40.896653,1.858874,12425,358.5,82.0
40.89917,1.882446,12300,349.5,81.9
40.902332,1.91212,12125,340.3,82.1
40.904572,1.933228,12000,333.2,82.1
40.906708,1.953382,11875,326.1,82.1
40.90857,1.970673,11725,322.2,82.0
40.910339,1.987671,11575,319.0,82.1
40.911876,2.002321,11400,316.9,82.2
40.913361,2.016785,11225,315.8,82.4
40.915041,2.033095,11050,313.8,82.3
40.916565,2.048035,10875,312.8,82.3
40.918167,2.059509,10700,314.6,79.2
40.919696,2.066616,10600,313.7,74.3
40.921509,2.072754,10500,312.2,68.8
40.923886,2.079038,10400,311.3,64.5
40.925858,2.083313,10350,309.2,59.7
40.928774,2.088401,10275,306.6,55.0
40.931567,2.092521,10200,304.0,50.3
40.934453,2.096204,10125,301.9,45.4
40.937712,2.099637,10025,300.0,40.5
40.941147,2.102722,9950,297.6,33.9
40.94664,2.106934,9850,296.9,29.7
40.950142,2.109375,9800,296.2,28.2
40.957357,2.114244,9750,293.8,26.9
40.972487,2.124419,9650,297.0,27.3
40.988342,2.135498,9550,298.4,28.2
41.003118,2.146079,9425,299.4,28.5
41.018387,2.157128,9325,299.0,28.8
41.033517,2.168114,9225,298.1,28.9
41.048813,2.179199,9125,297.6,28.7
41.064008,2.190274,9025,296.7,28.8
41.079743,2.201698,8925,294.5,28.8
41.095059,2.212871,8825,294.5,28.8
41.110153,2.223877,8725,294.5,28.8
41.125271,2.234844,8625,293.1,28.8
41.140228,2.245667,8525,290.9,28.8
41.155158,2.256567,8425,288.7,28.8
41.17012,2.267395,8325,286.0,28.6
41.184672,2.277978,8225,283.3,28.9
41.199326,2.288696,8125,281.1,28.9
41.214046,2.299451,8025,280.6,28.8
41.228431,2.309938,7900,277.5,28.9
41.238922,2.317627,7750,274.4,29.0
41.246658,2.323303,7700,269.4,28.9
41.252472,2.327576,7625,265.0,28.9
41.258829,2.332223,7550,260.5,28.9
41.265656,2.337219,7425,256.9,28.9
41.273167,2.342647,7250,254.2,28.7
41.275406,2.344299,7225,253.7,28.5
41.277054,2.345459,7225,252.8,28.6
41.285457,2.351511,7225,247.9,28.4
41.292347,2.356505,7175,245.3,28.8
41.296118,2.359252,7125,243.9,28.7
41.298632,2.361124,7075,241.7,28.7
41.30203,2.363559,6975,240.8,28.8
41.305335,2.365931,6875,239.9,28.9
41.30864,2.368408,6775,239.9,28.9
41.311798,2.370728,6675,239.0,29.0
41.314552,2.373047,6575,240.3,31.9
41.317062,2.37561,6475,241.3,34.9
41.319672,2.378662,6375,242.4,41.0
41.32214,2.382161,6275,242.6,45.8
41.324235,2.385656,6175,243.7,50.5
41.326423,2.390213,6075,244.1,55.8
41.328332,2.394895,6000,243.9,61.3
41.330246,2.399963,5900,244.2,63.2
41.33226,2.405396,5800,243.3,64.2
41.334197,2.410875,5700,242.4,64.6
41.336014,2.416077,5600,242.9,64.9
41.337829,2.420862,5500,242.4,63.0
41.339644,2.42492,5400,242.2,59.2
41.341736,2.42865,5300,242.0,54.1
41.343927,2.431849,5200,240.8,48.4
41.346441,2.434783,5125,239.3,42.3
41.349606,2.437654,5050,237.6,36.1
41.352356,2.439758,5000,235.7,30.0
41.355927,2.441589,4925,234.1,23.9
41.358684,2.442648,4875,233.1,17.7
41.361786,2.443359,4800,231.8,11.7
41.364899,2.443726,4750,230.1,5.5
41.368134,2.443584,4700,230.0,359.0
41.371307,2.442993,4625,228.7,353.0
41.374232,2.441961,4550,229.0,346.9
41.377538,2.440276,4475,229.3,342.8
41.379586,2.438965,4425,229.0,334.1
41.382248,2.436768,4350,229.0,329.9
41.384474,2.434533,4300,229.2,323.0
41.386941,2.431364,4225,229.9,316.6
41.389036,2.427979,4150,230.6,310.2
41.390479,2.42504,4100,228.3,304.1
41.391503,2.422549,4075,228.0,299.7
41.392388,2.419867,4025,227.2,295.5
41.393509,2.415619,4000,225.3,290.5
41.394715,2.409902,3950,222.8,286.2
41.396345,2.401088,3875,223.1,283.5
41.397509,2.393359,3800,224.0,280.8
41.397695,2.389015,3750,224.0,275.4
41.397583,2.385719,3725,222.1,267.9
41.397136,2.381925,3700,220.3,261.6
41.396252,2.377263,3650,218.6,257.0
41.394948,2.371514,3600,216.7,252.8
41.392273,2.360999,3525,215.1,250.7
41.389734,2.352096,3425,214.3,248.9
41.386597,2.341836,3350,209.8,247.6
41.38331,2.331598,3275,205.6,246.8
41.380875,2.32428,3225,201.0,246.2
41.37941,2.319885,3200,196.1,245.9
41.377817,2.315119,3200,191.6,246.0
41.375793,2.309265,3150,186.6,245.6
41.373184,2.301575,3075,182.2,245.7
41.370648,2.294145,2975,178.1,245.4
41.368286,2.287354,2875,175.9,245.5
41.366225,2.281224,2775,173.2,245.8
41.364224,2.275356,2675,168.8,245.9
41.362082,2.268864,2575,165.2,246.1
41.360138,2.263123,2475,161.6,246.3
41.358498,2.258127,2375,160.7,246.1
41.356682,2.252884,2275,159.3,245.5
41.354828,2.247498,2175,157.1,245.6
41.352772,2.241461,2075,153.9,245.4
41.350525,2.234863,1975,152.6,245.6
41.348236,2.228027,1875,153.0,245.3
41.345993,2.221619,1775,153.9,245.4
41.343648,2.214744,1675,154.8,245.6
41.341461,2.208374,1575,154.8,245.6
41.339179,2.201573,1475,154.8,245.6
41.336804,2.194581,1375,154.4,245.9
41.33443,2.187715,1275,153.0,245.3
41.332352,2.181824,1175,155.3,245.2
41.330338,2.175842,1075,154.8,245.6
41.328565,2.170611,1000,150.0,246.0
41.327401,2.167116,950,145.9,245.7
41.326447,2.164246,925,142.4,246.0
41.324608,2.158938,825,138.7,245.3
41.322513,2.152821,725,136.1,245.7
41.320496,2.146851,625,134.7,245.9
41.318556,2.14121,550,134.2,245.3
41.316647,2.135592,450,133.8,245.7
41.314552,2.129413,375,133.8,245.7
41.312759,2.124268,275,134.2,245.3
41.310456,2.11749,175,133.8,245.7
41.308501,2.111809,75,136.1,245.7
41.306488,2.105896,-25,135.1,245.5
41.30473,2.100761,-100,134.7,245.9
41.303194,2.096266,-75,130.7,245.6
41.302682,2.094831,-100,127.5,245.4
41.302356,2.093832,-75,123.1,245.5
41.302002,2.092834,-75,116.8,245.2
41.301518,2.091397,-75,111.0,245.5
41.300995,2.089966,-75,106.5,245.6
41.300854,2.089447,-50.0,99.0,244.7
41.300773,2.089275,-75,99.0,245.9
41.300657,2.088885,-50.0,95.0,244.7
41.300503,2.088394,-50.0,89.0,244.7
41.300343,2.087921,-50.0,85.0,244.7
41.300168,2.087418,-50.0,81.0,244.7
41.30004,2.087028,-50.0,77.0,244.7
41.299912,2.086669,-50.0,73.0,244.7
41.299795,2.086326,-50.0,69.5,244.7
41.299461,2.085342,-50.0,58.5,244.7
41.299335,2.085022,-50.0,54.5,241.9
41.299175,2.084625,-50.0,51.5,239.1
41.298888,2.084047,-50.0,42.5,233.4
41.298763,2.083847,-50.0,39.5,230.6
41.298569,2.083527,-50.0,35.5,227.8
41.298374,2.083252,-50.0,31.5,225.0
41.298061,2.082877,-50.0,23.5,222.2
41.296875,2.082077,-50.0,15.5,185.6
41.296607,2.082128,-50.0,15.5,171.6
41.296143,2.082336,-50.0,15.5,160.3
41.295885,2.082502,-50.0,16.5,154.7
41.295582,2.082689,-50.0,17.5,154.7
41.295261,2.082886,-50.0,17.5,154.7
41.294942,2.08308,-50.0,17.5,157.5
41.294666,2.083252,-50.0,15.5,154.7
41.294266,2.083481,-50.0,11.8,154.7
41.294093,2.083595,-50.0,7.2,157.5
41.293837,2.083735,-50.0,2.8,157.5
41.293705,2.083817,-50.0,5.2,154.7
41.293396,2.084,-50.0,8.8,154.7
41.29301,2.084234,-50.0,11.2,154.7
41.292673,2.084453,-50.0,12.2,154.7
41.29251,2.084515,-50.0,12.8,160.3
41.292428,2.084531,-50.0,12.8,165.9
41.292324,2.084531,-50.0,13.2,171.6
41.292219,2.084531,-50.0,13.2,180.0
41.292091,2.084484,-50.0,13.8,188.4
41.291931,2.084427,-50.0,13.8,194.1
41.291622,2.084305,-50.0,14.8,196.9
41.291241,2.084125,-50.0,15.5,199.7
41.290927,2.083969,-50.0,16.5,202.5
41.290764,2.083862,-50.0,16.5,205.3
41.290671,2.083766,-50.0,16.5,213.8
41.290625,2.083704,-50.0,16.5,216.6
41.290543,2.083595,-50.0,16.5,225.0
41.290497,2.083454,-50.0,16.5,233.4
41.290427,2.083282,-50.0,16.5,239.1
41.290357,2.08308,-50.0,15.5,244.7
41.290169,2.08255,-50.0,13.2,244.7
41.289984,2.082018,-50.0,12.2,244.7
41.289894,2.081757,-50.0,7.8,244.7
41.289868,2.081659,-50.0,4.8,247.5
41.289883,2.081604,-50.0,4.2,255.9
41.289894,2.081558,-50.0,4.8,267.2
41.28995,2.081503,-50.0,5.8,284.1
41.289997,2.081467,-50.0,5.8,298.1
41.290054,2.081436,-50.0,5.2,306.6
41.290159,2.081379,-50.0,5.2,323.4
41.290249,2.081329,-50.0,5.2,329.1
41.290649,2.081085,-50.0,0.0,334.7
41.290638,2.081085,-50.0,0.0,334.7
41.290636,2.081082,-50.0,0.0,334.7
41.290546,2.081131,-50.0,2.2,334.7
41.290455,2.081192,-50.0,2.8,334.7
41.290352,2.081253,-50.0,3.2,331.9
41.290252,2.081316,-50.0,2.2,331.9
41.290054,2.08139,-50.0,3.2,306.6
41.29002,2.081406,-50.0,3.2,300.9
41.289997,2.081421,-50.0,2.8,295.3
41.289974,2.081451,-50.0,2.8,289.7
41.28995,2.081488,-50.0,3.2,281.2
41.289928,2.081512,-50.0,2.8,275.6
41.289917,2.081528,-50.0,2.8,272.8
41.289906,2.081543,-50.0,2.8,267.2
41.289891,2.081566,-50.0,2.2,261.6
41.28988,2.081581,-50.0,1.9,258.8
41.28988,2.081597,-50.0,1.9,255.9
41.289891,2.081675,-50.0,2.2,253.1
41.289891,2.081706,-50.0,1.9,250.3
41.289891,2.081753,-50.0,1.9,244.7
41.289894,2.081772,-50.0,0.0,244.7
41.289894,2.081772,-50.0,0.0,244.7
41.28988,2.081738,-50.0,0.0,244.7
41.28978,2.081421,-50.0,4.8,244.7
41.2897,2.081268,-50.0,5.8,236.2
41.289642,2.081238,-50.0,6.2,227.8
41.289574,2.081223,-50.0,6.8,213.8
41.289531,2.081223,-50.0,6.8,205.3
41.289472,2.081238,-50.0,7.2,194.1
41.289425,2.081268,-50.0,7.2,182.8
41.289356,2.081299,-50.0,7.2,174.4
41.289263,2.081363,-50.0,7.8,163.1
41.289139,2.081451,-50.0,8.2,157.5
41.28891,2.081589,-50.0,9.2,154.7
41.28853,2.081831,-50.0,11.2,154.7
41.288122,2.082065,-50.0,13.2,154.7
41.2878,2.08226,-50.0,11.8,157.5
41.287582,2.082352,-50.0,12.2,160.3
41.287378,2.082455,-50.0,12.2,157.5
41.287308,2.082518,-50.0,12.2,151.9
41.287238,2.082611,-50.0,12.8,143.4
41.287191,2.082705,-50.0,12.8,132.2
41.28718,2.08283,-50.0,12.8,120.9
41.287159,2.082932,-50.0,12.8,109.7
41.28717,2.083023,-50.0,12.8,101.2
41.28718,2.083095,-50.0,12.8,92.8
41.287228,2.083191,-50.0,12.8,81.6
41.287251,2.083267,-50.0,12.8,75.9
41.287308,2.083405,-50.0,12.8,67.5
41.287479,2.083893,-50.0,14.8,64.7
41.287657,2.084422,-50.0,16.5,64.7
41.287846,2.084946,-50.0,15.5,64.7
41.288017,2.085449,-50.0,16.5,64.7
41.288189,2.085953,-50.0,17.5,64.7
41.288361,2.086456,-50.0,16.5,64.7
41.288521,2.086899,-50.0,16.5,64.7
41.288692,2.087387,-50.0,17.5,64.7
41.288844,2.087839,-50.0,18.5,64.7
41.289019,2.088339,-50.0,18.5,64.7
41.289185,2.088837,-50.0,19.5,64.7
41.289333,2.089264,-50.0,19.5,67.5
41.289461,2.08965,-50.0,20.5,64.7
41.289624,2.090133,-50.0,20.5,67.5
41.289787,2.090601,-50.0,21.5,64.7
41.289963,2.09111,-50.0,21.5,64.7
41.290134,2.091629,-50.0,21.5,64.7
41.29026,2.09201,-50.0,22.5,64.7
41.29031,2.092131,-50.0,22.5,67.5
41.290462,2.092599,-50.0,22.5,64.7
41.290638,2.093094,-50.0,23.5,64.7
41.290799,2.093598,-50.0,22.5,64.7
41.290974,2.094097,-50.0,18.5,64.7
41.29109,2.094425,-50.0,14.2,64.7
41.291267,2.09491,-50.0,12.8,64.7
41.291439,2.095413,-50.0,13.8,64.7
41.291611,2.095932,-50.0,14.8,64.7
41.291788,2.096438,-50.0,15.5,64.7
41.291954,2.096924,-50.0,16.5,64.7
41.292114,2.097412,-50.0,12.2,67.5
41.292274,2.09787,-50.0,13.2,64.7
41.29244,2.098373,-50.0,13.8,64.7
41.292615,2.098888,-50.0,13.8,64.7
41.292789,2.099396,-50.0,12.8,64.7
41.292858,2.09964,-50.0,13.2,70.3
41.29287,2.099762,-50.0,13.2,78.8
41.292847,2.099871,-50.0,13.8,87.2
41.292824,2.100037,-50.0,14.2,95.6
41.292778,2.100189,-50.0,14.2,104.1
41.292721,2.100403,-50.0,12.2,109.7
41.292629,2.100754,-50.0,7.2,109.7
41.292615,2.100808,-50.0,3.2,109.7
41.292615,2.100792,-50.0,0.0,109.7
41.292615,2.100792,-50.0,0.0,109.7
41.292606,2.100784,-50.0,0.0,109.7
41.292583,2.100876,-50.0,0.0,109.7
41.292538,2.101028,-50.0,4.8,112.5
41.292446,2.101364,-50.0,6.2,112.5
41.292394,2.101572,-50.0,6.8,109.7
41.292382,2.101697,-50.0,6.8,104.1
41.292382,2.101791,-50.0,6.8,98.4
41.292394,2.101884,-50.0,7.2,92.8
41.292412,2.101974,-50.0,7.2,87.2
41.292428,2.102072,-50.0,7.8,81.6
41.292463,2.102165,-50.0,8.2,75.9
41.292515,2.10231,-50.0,9.2,70.3
41.292583,2.102585,-50.0,10.2,73.1
41.292591,2.102758,-50.0,11.2,81.6
41.29258,2.102867,-50.0,10.2,87.2
41.292561,2.103027,-50.0,9.8,95.6
41.292538,2.103104,-50.0,9.2,104.1
41.292487,2.10318,-50.0,8.8,112.5
41.292435,2.103241,-50.0,8.2,123.8
41.29237,2.103273,-50.0,8.2,135.0
41.292332,2.103287,-50.0,7.8,143.4
41.292277,2.103289,-50.0,7.8,154.7
41.29224,2.103256,-50.0,7.2,165.9
41.292206,2.103226,-50.0,6.8,174.4
41.292184,2.103195,-50.0,6.8,182.8
41.292149,2.103149,-50.0,6.8,196.9
41.292138,2.103086,-50.0,5.8,208.1
41.292137,2.103043,-50.0,5.2,219.4
41.292114,2.102914,-50.0,4.8,233.4
41.29208,2.102829,-50.0,4.2,239.1
41.292068,2.102753,-50.0,4.2,244.7
41.292,2.10257,-50.0,3.8,244.7
41.291963,2.102446,-50.0,8.8,244.7
41.291905,2.102306,-50.0,12.2,244.7
41.291858,2.102181,-50.0,16.5,244.7
41.291823,2.102087,-50.0,21.5,244.7
41.291759,2.101898,-50.0,26.5,244.7
41.291707,2.101713,-50.0,31.5,244.7
41.291588,2.101364,-50.0,37.5,244.7
41.291521,2.101198,-50.0,42.5,244.7
41.291439,2.100937,-50.0,47.5,244.7
41.291335,2.100651,-50.0,52.5,244.7
41.29121,2.100281,-50.0,57.5,244.7
41.29109,2.099902,-50.0,62.5,244.7
41.290939,2.099481,-50.0,67.5,244.7
41.290706,2.098826,-50.0,73.0,244.7
41.29052,2.098248,-50.0,83.0,244.7
41.290363,2.097824,-50.0,83.0,244.7
41.290252,2.097515,-25,83.0,0.0
41.290113,2.097015,-25,92.6,245.1
41.289694,2.095829,-25,97.1,245.0
41.2896,2.09558,-25,102.5,245.2
41.289368,2.09491,-25,106.9,245.1
41.289042,2.093957,-25,115.9,245.0
41.28839,2.092084,-25,124.4,245.3
41.28825,2.091709,-25,128.9,245.2
41.287831,2.090461,-25,132.4,245.0
41.287537,2.089539,-25,140.9,245.2
41.287125,2.088379,-25,144.5,245.0
41.28653,2.086609,-50,148.6,245.3
41.286209,2.085693,-50,156.2,245.4
41.28555,2.083719,-75,159.7,245.2
41.284973,2.082092,-25,168.7,245.1
41.28479,2.081604,-25,168.7,245.1
41.284293,2.080161,50,171.3,244.8
41.28392,2.079102,100,171.3,244.8
41.283409,2.077602,150,171.3,244.8
41.282867,2.076111,250,170.0,244.9
41.282272,2.074341,350,168.3,245.4
41.281733,2.072858,425,167.3,245.3
41.281221,2.071485,525,165.5,245.0
41.280579,2.069824,625,165.5,244.2
41.279824,2.068176,725,164.5,239.7
41.278987,2.066678,800,164.8,235.6
41.27774,2.064758,900,165.7,231.1
41.276193,2.062808,975,169.0,224.3
41.274378,2.060935,1075,170.1,218.6
41.272476,2.059265,1150,170.7,215.5
41.27037,2.057678,1225,173.3,209.4
41.267209,2.055879,1300,176.7,205.1
41.264877,2.05481,1350,181.5,198.6
41.262039,2.053955,1425,185.1,193.4
41.259338,2.053528,1500,188.1,188.6
41.256222,2.053445,1550,192.3,183.3
41.253802,2.053694,1625,196.2,177.4
41.251009,2.054381,1675,200.3,171.4
41.248489,2.055237,1725,204.2,165.8
41.246384,2.056274,1775,207.8,162.4
41.243281,2.057814,1875,211.7,159.2
41.239471,2.059937,1975,215.2,157.6
41.236112,2.061809,2075,219.0,156.6
41.233458,2.063245,2150,221.9,157.5
41.232155,2.063932,2150,223.0,158.1
41.229309,2.065063,2200,227.4,161.8
41.226608,2.065857,2250,230.0,164.9
41.224381,2.066241,2300,231.6,168.5
41.221681,2.066366,2400,232.4,176.6
41.219632,2.066304,2450,233.1,178.8
41.216904,2.065979,2550,232.6,183.9
41.214977,2.065679,2650,232.0,185.2
41.212743,2.065305,2750,231.8,187.2
41.210136,2.064743,2850,232.2,187.9
41.207977,2.064331,2950,231.5,188.4
41.20578,2.063843,3050,231.8,188.9
41.203583,2.063354,3150,232.0,189.2
41.20166,2.062988,3250,232.1,189.4
41.199051,2.062378,3350,233.1,189.4
41.196775,2.061872,3450,233.3,189.6
41.194702,2.061401,3550,233.3,189.6
41.192551,2.060913,3650,234.4,189.8
41.189979,2.060311,3750,234.4,189.8
41.187836,2.059814,3850,235.6,190.0
41.185417,2.05925,3950,236.6,190.0
41.183089,2.058688,4025,236.8,190.2
41.180948,2.058189,4125,237.7,190.2
41.17876,2.057627,4200,237.9,190.4
41.176392,2.056885,4300,239.3,192.1
41.174058,2.055941,4400,239.9,194.7
41.171402,2.054688,4500,240.1,199.7
41.168747,2.05304,4600,240.2,203.0
41.166284,2.05126,4700,241.1,207.9
41.164398,2.049683,4800,240.0,209.4
41.162567,2.048035,4900,240.2,212.8
41.160324,2.046021,5000,239.9,214.0
41.15863,2.044556,5100,239.9,214.0
41.156321,2.042646,5200,241.7,212.0
41.153761,2.04071,5300,242.5,210.5
41.151247,2.0389,5400,245.3,208.8
41.147756,2.036528,5500,248.2,207.6
41.144257,2.03418,5600,251.8,206.7
41.141418,2.032349,5700,253.1,206.3
41.13826,2.030273,5800,254.9,206.1
41.135094,2.028288,5900,257.2,206.1
41.132533,2.026603,6000,258.1,206.0
41.129228,2.024418,6100,260.7,206.7
41.1269,2.022733,6200,260.7,207.1
41.123781,2.020174,6300,262.2,211.8
41.121368,2.017761,6400,263.0,214.8
41.118942,2.015076,6500,264.1,219.8
41.116799,2.012246,6600,263.9,223.0
41.114868,2.009399,6700,263.9,227.0
41.113403,2.00708,6800,263.1,229.5
41.111847,2.004395,6900,262.9,231.9
41.110428,2.00177,7000,262.4,233.5
41.107544,1.996338,7200,262.2,235.1
41.104974,1.991522,7400,261.9,234.8
41.101913,1.98584,7600,262.5,234.6
41.098892,1.980347,7800,262.8,234.1
41.095322,1.973877,8000,264.6,233.6
41.092126,1.968176,8200,265.8,233.3
41.088409,1.96167,8400,267.2,233.2
41.085376,1.956315,8600,267.2,233.2
41.081791,1.949948,8800,268.0,233.3
41.077972,1.943176,9000,270.2,233.4
41.07399,1.935974,9200,272.4,233.5
41.069824,1.928589,9400,274.6,233.6
41.066757,1.923035,9550,276.8,233.7
41.06345,1.917114,9650,280.4,233.7
41.060623,1.911987,9725,284.0,233.7
41.057863,1.907002,9800,287.6,233.8
41.054535,1.901001,9875,291.2,233.8
41.052383,1.897095,9925,294.8,233.8
41.049577,1.89202,10000,299.2,234.0
41.042455,1.879099,10150,308.4,233.8
41.03595,1.867432,10325,314.8,233.8
41.028675,1.854255,10475,324.0,233.7
41.020844,1.840088,10625,332.0,233.8
41.01384,1.827454,10800,339.2,233.9
41.009216,1.819111,10925,342.6,233.7
41.003403,1.808655,11125,345.4,233.6
40.998779,1.800415,11325,346.8,233.6
40.994339,1.792419,11525,346.8,233.6
40.990906,1.786255,11725,345.4,233.6
40.986778,1.778911,11925,345.4,233.6
40.981099,1.768799,12200,345.4,233.6
40.976257,1.76006,12400,346.8,233.6
40.965317,1.740356,12775,350.6,233.8
40.959033,1.729036,13000,352.0,233.8
40.949909,1.712619,13400,353.4,233.8
40.941742,1.697998,13800,352.6,233.6
40.932359,1.681158,14200,352.6,233.6
40.921646,1.661987,14600,355.4,233.6
40.910889,1.642639,14975,358.4,233.7
40.900497,1.624023,15375,359.0,233.6
40.890043,1.605315,15775,359.8,233.7
40.878498,1.584715,16150,363.2,233.5
40.867884,1.565739,16525,365.4,233.6
40.862344,1.555876,16700,365.4,233.6
40.856013,1.544578,16950,364.6,233.5
40.847401,1.52916,17350,361.8,233.5
40.841954,1.519484,17575,361.8,233.5
40.836508,1.509746,17725,364.0,233.6
40.824637,1.488585,18075,366.8,233.5
40.813522,1.46875,18450,367.4,233.4
40.805557,1.454651,18775,366.8,233.5
40.796985,1.439459,19175,363.8,233.4
40.788712,1.424744,19575,361.0,233.4
40.780884,1.410828,19950,356.8,233.6
40.776874,1.403628,20125,356.8,233.6
40.774221,1.398947,20200,356.8,233.6
40.764677,1.381968,20450,359.0,233.6
40.749362,1.354752,20725,364.6,233.5
40.734512,1.328369,21025,370.4,233.6
40.720732,1.303753,21325,373.2,233.5
40.707916,1.281067,21650,375.2,233.3
40.695053,1.258362,21975,377.4,233.4
40.685073,1.240706,22225,378.0,233.3
40.673854,1.220981,22625,376.6,233.3
40.663473,1.202628,23025,373.0,233.3
40.652161,1.1828,23425,371.0,233.4
40.639755,1.160889,23775,371.6,233.3
40.627069,1.138521,24100,370.8,233.2
40.614029,1.115662,24450,370.8,233.2
40.600021,1.091003,24750,372.2,233.2
40.584595,1.063904,25025,374.4,233.2
40.569437,1.037084,25325,375.8,233.2
40.55397,1.010437,25575,378.3,232.0
40.544718,0.995886,25750,380.4,229.9
40.535156,0.981812,25900,382.4,228.0
40.517578,0.956848,26175,384.3,227.4
40.500028,0.931716,26450,386.5,227.5
40.481369,0.905151,26725,387.9,227.5
40.462234,0.877502,26925,389.7,228.5
40.444885,0.850647,27150,391.0,229.9
40.424423,0.819031,27400,392.3,229.6
40.400779,0.782838,27575,397.2,229.5
40.379271,0.749754,27800,400.1,229.7
40.360138,0.720354,28075,402.2,229.5
40.338089,0.686523,28300,405.0,229.5
40.316254,0.653015,28525,407.2,229.6
40.294034,0.619042,28750,409.9,229.4
40.274156,0.588767,29025,409.9,229.4
40.252091,0.555184,29250,411.4,229.5
40.227651,0.517793,29450,413.5,229.4
40.205213,0.483586,29675,414.9,229.4
40.186406,0.454996,29950,414.1,229.3
40.169088,0.428779,30250,412.1,229.4
40.149536,0.398941,30525,410.7,229.4
40.125275,0.362122,30700,414.1,229.3
40.102611,0.327967,30925,414.8,229.2
40.081558,0.296143,31175,415.5,229.3
40.05867,0.261414,31400,416.3,229.4
40.038183,0.230463,31675,416.2,229.2
40.015869,0.196716,31925,416.9,229.3
39.993028,0.162298,32150,418.2,229.1
39.972172,0.131024,32400,418.2,229.1
39.952574,0.101624,32675,416.8,229.1
39.933334,0.072754,32950,414.8,229.2
39.910723,0.038757,33175,415.4,229.1
39.888471,0.00531,33425,415.5,229.3
39.868268,-0.024963,33675,414.7,229.0
39.846853,-0.057007,33900,414.0,229.1
39.821869,-0.094459,34100,415.4,229.1
39.796875,-0.131776,34300,416.8,229.1
39.771579,-0.169434,34350,421.7,228.9
39.746063,-0.207367,34500,423.8,228.8
39.725601,-0.237699,34750,422.5,229.0
39.700424,-0.275255,34975,422.5,229.0
39.67511,-0.312633,35000,421.6,228.8
39.650124,-0.349487,35000,421.0,228.9
39.624473,-0.387512,35000,421.7,228.9
39.599149,-0.42511,35000,424.5,228.9
39.573778,-0.462585,35000,425.9,228.7
39.548128,-0.500366,35000,424.5,228.7
39.522896,-0.537659,35000,423.0,228.7
39.497991,-0.574341,35000,421.6,228.8
39.472946,-0.611206,35000,421.6,228.8
39.447647,-0.648432,34975,420.9,228.7
39.422287,-0.68563,34950,421.5,228.6
39.397112,-0.722412,34950,421.5,228.6
39.377607,-0.75116,34950,420.5,229.3
39.37109,-0.762085,34950,418.2,232.8
39.365936,-0.77173,34950,415.8,236.1
39.360901,-0.782597,34950,413.7,239.6
39.355957,-0.795016,34950,411.4,243.1
39.352203,-0.806122,34950,408.9,246.5
39.348186,-0.819885,34975,407.2,249.7
39.337601,-0.858844,34975,406.4,250.9
39.32515,-0.9047,34975,407.0,250.6
39.313039,-0.949036,34975,408.0,250.7
39.300563,-0.994629,35000,409.6,250.5
39.288227,-1.039185,35000,409.9,250.3
39.275425,-1.085266,35000,411.2,250.2
39.262573,-1.131054,35000,412.5,250.2
39.250031,-1.175716,35000,412.8,250.0
39.237066,-1.22168,35000,414.7,250.1
39.224533,-1.266712,35025,415.3,250.3
39.211899,-1.312209,35025,416.6,250.2
39.199079,-1.35791,35000,417.9,250.1
39.186127,-1.403981,35000,419.7,250.2
39.173355,-1.449419,35025,420.1,250.1
39.160355,-1.495574,35000,421.4,250.0
39.147173,-1.542114,35025,422.7,249.9
39.134033,-1.587883,35025,423.0,249.8
39.120592,-1.634705,35025,423.0,249.8
39.1073,-1.680968,35025,423.0,249.8
39.093824,-1.727966,35025,424.3,249.7
39.080383,-1.774531,35025,424.6,249.6
39.066833,-1.821402,35025,424.6,249.6
39.053558,-1.867497,35025,424.3,249.7
39.040476,-1.913391,35000,423.9,249.9
39.027191,-1.959746,34975,423.6,250.0
39.013987,-2.00647,34975,423.2,250.1
39.00072,-2.053162,34975,423.9,249.9
38.987595,-2.099045,34950,423.9,249.9
38.974092,-2.145874,34975,424.3,249.7
38.960592,-2.193054,34975,425.2,249.8
38.947266,-2.239838,34975,425.5,250.1
38.934057,-2.286499,35000,425.8,249.9
38.920511,-2.333496,34975,426.5,249.7
38.906871,-2.380554,34975,427.4,249.7
38.893324,-2.427551,34975,428.4,249.8
38.88001,-2.47406,35000,429.3,249.8
38.866425,-2.521601,35000,429.9,250.0
38.853056,-2.568665,35000,431.8,250.1
38.839874,-2.616299,35025,432.0,250.8
38.827011,-2.664244,35025,433.2,251.1
38.814465,-2.711487,35025,433.9,251.3
38.801743,-2.759718,35025,434.8,251.4
38.788721,-2.808228,35050,434.8,250.9
38.776012,-2.855164,35025,435.2,250.8
38.762978,-2.902832,35025,435.8,250.6
38.750036,-2.949707,35025,435.8,250.6
38.736603,-2.998133,35025,435.8,250.6
38.723328,-3.046198,35025,435.8,250.6
38.71019,-3.093786,35025,435.8,250.6
38.697052,-3.141254,35025,435.8,250.6
38.683777,-3.189021,35025,436.2,250.4
38.67041,-3.236668,35000,436.2,250.4
38.657025,-3.285217,35000,436.8,250.6
38.644043,-3.3325,35000,436.4,250.7
38.630814,-3.380386,35000,435.8,250.6
38.617781,-3.427795,34975,436.4,250.7
38.60456,-3.475891,34975,436.4,250.7
38.591526,-3.523438,34975,436.4,250.7
38.578171,-3.571751,34975,438.0,250.5
38.564484,-3.620592,34975,438.7,250.3
38.551025,-3.668478,35000,438.7,250.3
38.537613,-3.716125,35000,439.3,250.4
38.524491,-3.763916,35000,439.6,250.7
38.511084,-3.812012,35000,438.7,250.3
38.497467,-3.859724,35000,438.5,250.0
38.483618,-3.908081,35000,438.8,249.9
38.470047,-3.955675,35000,439.4,250.0
38.456431,-4.003418,35000,439.1,250.2
38.442764,-4.052164,35000,439.3,250.4
38.429384,-4.100464,35000,438.7,250.7
38.418817,-4.137878,35000,439.5,249.6
38.414246,-4.151638,35000,441.6,246.5
38.409164,-4.164812,35000,442.7,243.1
38.403351,-4.177668,35000,444.4,240.0
38.397822,-4.188538,35000,446.6,236.9
38.392136,-4.198472,35000,448.4,233.6
38.385625,-4.2086,35000,450.9,230.3
38.378769,-4.218049,35000,452.8,227.0
38.371078,-4.227516,35000,454.7,224.2
38.363978,-4.235289,35000,456.5,220.9
38.354482,-4.244663,35000,459.2,217.6
38.345947,-4.252001,35025,461.0,213.6
38.33638,-4.259247,35025,462.9,210.2
38.322601,-4.268422,35025,464.3,207.4
38.285072,-4.292848,35025,463.3,207.2
38.247831,-4.317149,35025,462.5,207.3
38.210175,-4.341645,35050,460.7,207.1
38.172695,-4.365991,35050,459.8,207.2
38.13671,-4.389396,35025,457.5,207.2
38.099808,-4.413173,35000,456.6,207.0
38.063391,-4.436685,35000,456.6,207.0
38.026009,-4.460688,34975,455.7,207.0
37.988535,-4.48481,34975,454.4,207.0
37.952131,-4.508156,34975,454.8,206.8
37.914825,-4.532036,34950,454.4,207.0
37.887039,-4.55021,34950,453.2,208.0
37.873364,-4.560043,34950,452.6,210.2
37.857537,-4.572402,34950,451.4,212.4
37.84399,-4.583986,34950,450.5,214.8
37.828812,-4.597895,34950,449.6,216.6
37.815686,-4.610974,34950,448.7,218.9
37.789215,-4.638977,34975,448.5,220.1
37.757729,-4.672055,34975,450.2,219.8
37.726492,-4.704776,34975,450.8,219.9
37.694837,-4.737973,34975,451.6,219.8
37.663367,-4.770992,34975,453.6,219.9
37.631246,-4.804787,35000,453.6,219.9
37.599014,-4.838601,35025,455.2,219.7
37.567291,-4.871794,35025,455.2,219.7
37.535431,-4.905045,35050,455.9,219.7
37.503616,-4.938238,35050,456.6,219.8
37.471107,-4.972149,35050,455.8,219.8
37.439218,-5.005288,35050,455.3,219.6
37.407303,-5.038517,35050,453.8,219.7
37.375581,-5.071504,35000,453.8,219.7
37.343786,-5.104523,35000,452.5,219.5
37.312271,-5.137277,34975,450.9,219.7
37.280801,-5.169903,34950,450.3,219.6
37.24942,-5.202435,34950,449.5,219.7
37.218374,-5.234567,34950,449.5,219.7
37.186066,-5.267886,34950,449.7,219.5
37.154755,-5.300144,34950,448.3,219.5
37.123306,-5.332577,34950,448.3,219.5
37.091904,-5.364834,34975,448.3,219.5
37.060684,-5.396975,34950,449.0,219.4
37.029512,-5.428978,34950,448.3,219.5
36.997577,-5.461817,34950,449.7,219.5
36.965927,-5.494274,34975,449.7,219.5
36.934359,-5.526601,34975,450.4,219.4
36.90275,-5.558903,34975,451.2,219.3
36.871033,-5.591281,35000,451.2,219.3
36.83876,-5.624199,35000,451.2,219.3
36.807458,-5.656089,35025,450.6,219.2
36.775681,-5.688343,35025,450.6,219.2
36.744141,-5.720329,35025,450.6,219.2
36.713003,-5.752044,35025,449.8,219.3
36.68129,-5.784187,35025,449.8,219.3
36.649599,-5.816384,35000,449.2,219.2
36.61734,-5.849075,35000,449.2,219.2
36.585916,-5.880841,35000,450.0,219.1
36.554123,-5.912933,35000,449.2,219.2
36.522583,-5.944805,35000,449.2,219.2
36.491318,-5.976334,35000,448.5,219.1
36.459274,-6.008606,35000,448.5,219.1
36.427322,-6.040821,35000,448.5,219.1
36.396215,-6.072167,35000,448.5,219.1
36.364187,-6.104308,35000,447.9,219.0
36.331924,-6.136665,35000,447.9,219.0
36.301249,-6.167538,35000,447.1,219.1
36.269165,-6.199551,35000,447.3,218.9
36.237717,-6.231022,35000,447.9,219.0
36.205536,-6.26318,35000,447.9,219.0
36.174271,-6.294365,35000,447.9,219.0
36.142227,-6.326351,34975,448.7,218.9
36.110001,-6.358395,35000,449.5,218.9
36.078278,-6.389923,35000,450.1,219.0
36.04628,-6.42168,35000,450.9,218.9
36.014648,-6.453152,35000,450.9,218.9
35.982559,-6.484909,35000,450.3,218.8
35.950245,-6.516938,35025,450.9,218.9
35.91845,-6.548319,35000,451.7,218.8
35.886566,-6.579781,35025,451.7,218.8
35.869151,-6.597641,35025,451.1,220.5
35.855511,-6.612776,35000,450.1,222.7
35.841825,-6.629022,35000,449.7,224.8
35.829941,-6.644268,35000,449.3,226.9
35.818176,-6.660576,35000,448.6,228.9
35.80687,-6.677341,35025,447.3,231.1
35.791397,-6.701946,35000,446.6,232.6
35.766678,-6.741257,35000,446.9,232.2
35.741913,-6.780567,35025,447.0,232.4
35.716965,-6.820221,35025,446.2,232.3
35.692154,-6.859589,35025,445.6,232.4
35.667068,-6.899531,35025,445.6,232.4
35.642349,-6.938782,35025,445.6,232.4
35.617629,-6.97813,35000,445.6,232.4
35.592407,-7.018147,35000,444.8,232.3
35.567413,-7.057629,35000,444.7,232.1
35.542786,-7.096539,35000,444.7,232.1
35.518341,-7.134933,34975,444.7,232.1
35.493759,-7.173615,34975,444.1,232.2
35.469034,-7.212758,34975,443.4,232.3
35.444222,-7.251912,34975,443.3,232.1
35.419556,-7.29063,34975,443.9,232.1
35.394644,-7.329751,34975,444.1,232.2
35.369888,-7.368393,34975,444.5,231.9
35.345123,-7.407188,35000,444.7,232.1
35.3203,-7.445984,35000,445.3,232.0
35.294861,-7.485752,35000,445.3,232.0
35.269501,-7.525349,35000,445.9,231.9
35.245377,-7.562943,35000,446.7,232.0
35.220306,-7.602139,35000,446.7,232.0
35.195251,-7.641103,35000,448.1,232.0
35.170262,-7.679844,35000,448.7,231.9
35.145031,-7.718925,35000,448.7,231.9
35.12027,-7.757244,35000,450.1,231.9
35.095047,-7.796369,35000,450.9,231.9
35.069733,-7.835438,35000,451.3,231.7
35.044199,-7.874737,35000,452.1,231.7
35.018781,-7.91399,35025,452.1,231.7
34.992828,-7.954046,35025,452.9,231.8
34.967667,-7.992783,35025,453.5,231.7
34.942063,-8.032207,35025,453.5,231.7
34.916061,-8.072261,35025,453.5,231.7
34.891647,-8.109798,35025,453.5,231.7
34.865671,-8.149681,35000,454.2,231.6
34.840805,-8.187729,35000,454.2,231.6
34.814789,-8.227501,35000,454.2,231.6
34.789325,-8.266582,35000,454.2,231.6
34.763535,-8.306065,35025,454.2,231.6
34.737978,-8.345089,35000,453.4,231.5
34.713212,-8.382626,35000,454.0,231.4
34.687225,-8.422142,35000,454.0,231.4
34.66626,-8.453979,35000,454.0,231.4
34.640488,-8.493048,35000,453.2,231.4
34.616849,-8.528996,35000,453.4,231.5
34.591324,-8.567654,35000,453.2,231.4
34.565323,-8.607003,35000,453.2,231.4
34.539871,-8.645512,34975,453.2,231.4
34.517321,-8.679543,35000,453.8,231.3
34.500183,-8.705376,35000,453.8,231.3
34.477937,-8.738766,35000,454.2,230.8
34.466439,-8.754845,35000,455.0,228.9
34.453537,-8.771798,35000,455.7,227.1
34.438934,-8.789623,35000,456.1,225.4
34.43064,-8.799248,35000,456.9,223.8
34.416023,-8.815269,35000,458.2,221.7
34.404431,-8.827286,35000,457.9,220.9
34.390228,-8.841135,35000,459.5,218.8
34.360336,-8.86989,35000,459.6,218.6
34.328156,-8.901056,35000,459.5,218.8
34.295313,-8.932571,35000,459.8,218.5
34.262168,-8.964272,35000,460.4,218.6
34.23111,-8.994047,35000,461.2,218.5
34.198205,-9.025612,35000,461.2,218.5
34.169449,-9.053071,35000,461.2,218.5
34.136849,-9.084263,35000,462.6,218.5
34.104542,-9.115105,35000,463.4,218.4
34.072586,-9.145502,34975,464.2,218.4
34.052078,-9.165008,34975,464.8,218.4
34.023926,-9.191745,34975,465.6,218.4
34.005844,-9.208953,35000,465.6,218.4
33.979409,-9.234123,35000,465.6,218.4
33.941757,-9.269939,35000,0.0,0.0
33.91121,-9.298782,35000,467.7,218.3
33.879089,-9.329242,35025,467.7,218.3
33.85675,-9.350318,35025,468.5,218.2
29.200058,-13.277928,25125,419.1,205.6
29.181793,-13.287911,24725,416.9,205.6
29.163161,-13.298089,24350,414.6,205.6
29.14603,-13.307459,23975,412.8,205.7
29.144211,-13.308458,23925,412.8,205.7
29.100769,-13.332279,22925,412.8,205.7
29.081955,-13.342579,22550,408.8,205.8
29.063353,-13.352805,22150,407.5,205.8
29.045837,-13.362386,21750,405.7,205.6
29.026566,-13.372844,21375,403.5,205.6
29.009679,-13.382048,21000,402.5,205.6
28.992966,-13.391149,20600,401.6,205.7
28.974564,-13.401208,20200,400.7,205.7
28.955338,-13.411719,19825,397.2,205.7
28.936266,-13.422116,19475,394.9,205.7
28.916565,-13.432846,19100,391.4,205.6
28.898392,-13.442723,18725,388.7,205.4
28.879852,-13.452759,18350,386.5,205.4
28.864482,-13.461106,18050,384.7,205.6
28.849319,-13.469344,17650,383.8,205.6
28.837854,-13.475593,17350,384.7,205.6
28.827985,-13.480979,17150,383.8,205.6
28.808759,-13.49148,16775,380.6,205.7
28.795624,-13.498606,16525,379.3,205.6
28.790222,-13.501563,16450,378.0,205.6
28.767426,-13.513923,16225,368.1,205.6
28.745453,-13.525913,16025,358.3,205.6
28.726501,-13.536179,15850,348.9,205.5
28.702515,-13.549153,15625,339.0,205.5
28.680275,-13.561222,15350,330.5,205.6
28.660355,-13.572024,15050,327.4,205.7
28.647828,-13.578778,14800,326.1,205.6
28.632699,-13.587018,14425,328.3,205.6
28.616592,-13.595743,14075,329.2,205.6
28.599792,-13.604824,13725,323.8,205.6
28.587753,-13.611427,13425,319.8,205.8
28.575348,-13.618188,13025,317.6,205.8
28.562358,-13.625255,12625,317.1,205.6
28.549988,-13.63192,12225,316.7,205.4
28.543179,-13.635433,12025,316.9,204.2
28.53708,-13.637911,11850,316.4,200.1
28.531401,-13.639634,11675,315.9,195.8
28.525396,-13.640927,11475,315.2,191.4
28.519592,-13.641692,11325,314.6,187.3
28.51181,-13.64259,11150,314.5,185.7
28.503842,-13.643404,10950,314.3,185.3
28.495509,-13.644212,10750,313.3,185.1
28.485407,-13.645235,10550,313.2,184.9
28.476283,-13.646097,10350,312.2,185.0
28.467112,-13.646958,10175,311.2,185.0
28.459012,-13.647766,9975,310.2,185.0
28.450819,-13.648574,9775,310.2,185.0
28.441928,-13.649436,9575,309.2,185.0
28.432338,-13.650351,9375,309.1,184.8
28.422934,-13.651267,9175,308.1,184.8
28.415405,-13.651728,8975,308.3,182.6
28.409546,-13.651305,8825,308.3,177.6
28.405151,-13.65062,8700,307.9,173.7
28.403243,-13.650243,8675,306.9,170.8
28.400543,-13.649489,8625,306.4,169.3
28.397331,-13.648466,8600,302.2,165.0
28.392609,-13.64671,8525,297.9,162.4
28.38802,-13.644966,8450,293.8,161.8
28.380898,-13.642327,8325,289.4,161.9
28.372833,-13.639315,8125,287.1,161.9
28.365116,-13.636511,7925,284.9,162.0
28.358832,-13.634195,7775,285.9,162.1
28.354968,-13.632741,7700,286.2,161.9
28.343994,-13.628698,7550,285.2,161.8
28.33118,-13.623855,7400,281.4,161.6
28.318771,-13.619244,7250,278.0,161.8
28.308609,-13.615441,7150,273.9,161.7
28.29982,-13.612536,7075,270.6,163.9
28.295381,-13.611414,7025,269.1,167.8
28.290207,-13.61074,6950,269.6,172.1
28.286164,-13.610714,6900,270.1,174.9
28.282859,-13.610876,6850,271.2,181.9
28.278992,-13.611427,6800,271.7,186.3
28.274572,-13.612545,6725,272.0,191.0
28.272354,-13.613328,6675,272.8,196.2
28.269498,-13.614538,6625,273.0,199.7
28.265541,-13.616638,6550,273.3,205.4
28.262189,-13.619115,6500,273.5,210.8
28.258186,-13.622293,6450,273.5,215.0
28.251436,-13.627463,6350,271.8,213.0
28.247013,-13.630263,6275,271.4,209.6
28.242188,-13.633188,6175,270.6,208.0
28.237005,-13.636403,6075,270.3,208.8
28.228729,-13.641745,5975,268.8,209.9
28.22168,-13.647027,5900,266.1,212.3
28.218018,-13.650777,5850,262.9,221.1
28.215684,-13.653852,5800,261.1,227.3
28.213589,-13.657406,5750,258.7,234.3
28.211426,-13.662767,5700,255.8,243.5
28.210739,-13.665302,5675,253.1,248.2
28.210281,-13.667943,5625,250.9,253.1
28.210423,-13.67814,5525,241.0,270.2
28.210648,-13.679193,5525,236.9,275.1
28.213028,-13.686377,5450,229.6,287.5
28.213961,-13.68848,5425,224.9,293.0
28.215866,-13.692662,5400,220.5,297.3
28.218887,-13.699898,5325,217.4,295.0
28.219315,-13.700974,5325,217.5,294.4
28.220581,-13.705022,5300,214.4,289.6
28.221922,-13.710507,5300,210.9,285.7
28.22262,-13.7146,5250,209.3,281.6
28.223086,-13.718962,5175,209.0,278.0
28.223411,-13.724186,5100,208.6,274.4
28.223365,-13.728763,5050,209.0,270.3
28.223099,-13.734336,4975,209.3,266.7
28.22248,-13.740558,4900,210.4,263.5
28.221549,-13.747343,4825,212.4,261.3
28.220479,-13.75359,4725,214.0,259.0
28.219175,-13.760376,4625,214.0,257.6
28.217789,-13.767242,4525,213.5,257.0
28.216553,-13.77395,4425,211.2,258.5
28.215591,-13.781056,4325,209.3,261.5
28.214985,-13.787465,4225,206.1,264.1
28.21466,-13.793281,4125,204.3,266.9
28.214613,-13.798828,4050,202.0,269.1
28.214722,-13.803423,3950,199.1,271.4
28.215079,-13.809761,3850,195.5,274.1
28.21573,-13.815792,3750,193.4,276.8
28.216599,-13.821646,3650,191.5,279.3
28.217697,-13.827562,3550,191.0,281.8
28.218887,-13.832738,3450,189.7,284.0
28.220306,-13.837967,3350,188.2,287.0
28.222,-13.843407,3275,187.3,290.0
28.22397,-13.848697,3225,186.5,292.7
28.226303,-13.854341,3175,187.9,295.2
28.228455,-13.858883,3125,187.4,297.7
28.230208,-13.861623,3100,185.9,301.8
28.231522,-13.863003,3075,182.5,309.9
28.232849,-13.864218,3050,179.7,316.4
28.234444,-13.865338,3050,177.8,323.0
28.235458,-13.865961,3025,176.3,328.9
28.237701,-13.866964,3000,174.6,336.4
28.240173,-13.867757,2975,173.3,342.2
28.242874,-13.868391,2950,171.7,346.5
28.245804,-13.868919,2925,169.9,351.5
28.250244,-13.869394,2875,167.8,354.5
28.25592,-13.869764,2800,167.2,357.3
28.261957,-13.869862,2750,168.0,359.7
28.271347,-13.869764,2700,171.0,1.0
28.286774,-13.869183,2675,171.1,2.0
28.302271,-13.86857,2650,172.1,1.7
28.306961,-13.868391,2575,175.1,2.0
28.311905,-13.868232,2475,176.1,1.6
28.316528,-13.868127,2375,176.0,1.3
28.322009,-13.867977,2275,175.0,1.3
28.326711,-13.86787,2175,173.0,1.3
28.332763,-13.867708,2100,168.1,1.7
28.336394,-13.867547,2025,164.1,2.1
28.338913,-13.86744,2000,160.1,2.2
28.342213,-13.867331,1925,156.1,1.8
28.346695,-13.867176,1825,153.1,1.5
28.351989,-13.867008,1725,150.1,1.9
28.35534,-13.866954,1650,146.0,1.2
28.360741,-13.866739,1550,141.1,1.6
28.365875,-13.866595,1450,140.1,1.6
28.370361,-13.866436,1350,139.1,1.6
28.375946,-13.866225,1275,137.1,2.1
28.381805,-13.866014,1175,138.0,1.2
28.386108,-13.865855,1075,139.1,2.1
28.395126,-13.865538,925,139.1,2.1
28.406525,-13.865221,675,135.1,1.7
28.412181,-13.865069,600,136.0,1.3
28.416091,-13.864962,500,137.0,1.2
28.421957,-13.8648,425,136.1,1.7
28.468918,-13.855556,1675,164.1,44.0
28.470703,-13.853284,1775,165.7,47.9
28.473723,-13.849236,1925,168.9,49.8
28.475555,-13.846629,2025,170.7,51.2
28.477844,-13.843619,2125,171.5,51.4
28.483266,-13.83868,2225,182.3,38.3
28.484756,-13.837703,2275,186.3,31.4
28.489038,-13.834965,2350,193.5,29.7
28.492081,-13.833055,2425,197.4,28.8
28.493912,-13.832051,2475,200.8,27.6
28.496487,-13.830602,2575,203.0,26.3
28.499405,-13.829041,2675,205.8,25.3
28.502446,-13.827425,2750,210.3,24.7
28.506077,-13.825594,2850,215.3,24.4
28.509705,-13.823811,2950,219.8,23.9
28.512634,-13.822333,3025,223.5,23.5
28.516597,-13.820424,3125,228.0,23.5
28.52037,-13.818582,3225,232.0,23.4
28.523673,-13.816977,3300,235.2,23.3
28.526792,-13.815469,3400,238.3,23.2
28.527786,-13.814991,3425,238.7,23.5
28.530716,-13.813512,3550,239.1,23.7
28.533783,-13.81198,3700,239.1,23.7
28.535684,-13.811053,3775,240.4,23.8
28.537825,-13.809922,3850,240.8,24.0
28.539874,-13.808899,3950,240.8,24.0
28.542068,-13.807807,4050,242.2,24.1
28.54397,-13.806799,4125,242.2,24.1
28.546005,-13.8058,4225,243.5,24.2
28.548065,-13.804744,4300,243.5,24.2
28.550674,-13.803406,4400,244.4,24.1
28.55342,-13.802006,4500,245.3,24.1
28.556168,-13.800624,4600,246.2,24.0
28.558774,-13.799313,4675,247.1,23.9
28.56189,-13.797772,4775,249.0,23.7
28.564087,-13.796663,4850,250.3,23.8
28.566879,-13.795289,4950,251.2,23.7
28.570633,-13.793441,5050,252.1,23.6
28.573158,-13.79215,5150,253.4,23.7
28.575765,-13.790858,5225,254.3,23.6
28.578465,-13.789511,5325,254.3,23.6
28.581305,-13.788111,5425,255.7,23.8
28.586752,-13.785418,5625,257.9,23.8
28.58894,-13.784287,5725,258.3,24.0
28.591686,-13.782887,5825,258.3,24.0
28.594528,-13.781504,5925,259.2,23.9
28.596817,-13.780342,6025,259.2,23.9
28.605652,-13.775886,6325,261.5,23.9
28.608719,-13.77432,6425,264.1,24.1
28.614212,-13.771521,6600,264.1,24.1
28.617599,-13.769831,6700,265.0,24.0
28.619934,-13.768616,6775,265.4,24.2
28.621994,-13.767612,6850,266.3,24.2
28.62418,-13.766462,6925,266.3,24.2
28.626647,-13.765223,7025,267.2,24.1
28.676923,-13.739804,8725,275.3,24.2
28.684279,-13.736034,8925,276.6,24.3
28.687444,-13.734418,9025,277.5,24.3
28.708206,-13.723916,9625,283.4,23.9
28.716751,-13.7196,9875,283.4,23.9
28.723848,-13.716,10100,286.0,24.1
28.727479,-13.714115,10225,287.3,24.2
28.741653,-13.70687,10450,295.0,24.2
28.750854,-13.702222,10575,301.7,24.3
28.768864,-13.693004,10825,314.7,24.2
28.781113,-13.686799,10975,325.4,24.1
28.78255,-13.686057,10975,326.7,24.2
28.809174,-13.672538,11275,342.9,24.1
28.825472,-13.664299,11500,349.2,24.0
28.83316,-13.66039,11650,352.7,24.1
28.841995,-13.655847,11850,354.1,24.2
28.85708,-13.648143,12225,355.4,24.3
28.871475,-13.640741,12600,356.7,24.3
28.887634,-13.632449,13000,357.6,24.3
28.904145,-13.62407,13375,359.4,24.1
28.921136,-13.615346,13725,363.4,24.4
28.938221,-13.606514,14125,365.6,24.4
28.945623,-13.602097,14275,367.7,27.5
28.951116,-13.598166,14350,369.1,31.7
28.955246,-13.594842,14400,370.9,34.7
28.960602,-13.589824,14450,374.7,39.0
28.964337,-13.58578,14475,377.2,42.7
28.966736,-13.582957,14500,378.4,44.0
28.969116,-13.579999,14550,379.9,46.8
28.975044,-13.572424,14675,381.6,47.9
28.9888,-13.554541,15025,384.8,48.7
29.001938,-13.537533,15325,384.8,48.7
29.02155,-13.51216,15825,387.6,48.7
29.06131,-13.460629,16725,399.0,48.8
29.072105,-13.446619,17050,398.3,48.9
29.086676,-13.427609,17475,398.3,48.9
29.102692,-13.406754,17875,399.7,48.8
29.118192,-13.386572,18200,402.5,48.8
29.132903,-13.367399,18450,405.4,48.8
29.152771,-13.341417,18825,411.1,49.0
29.185181,-13.299058,19450,411.1,49.0
29.189976,-13.292757,19550,416.7,48.9
29.241989,-13.224687,20700,420.3,49.0
29.260117,-13.200918,21025,423.1,48.9
29.275026,-13.181332,21275,425.3,49.0
29.304913,-13.142072,21725,426.1,49.1
29.322098,-13.119577,22075,0.0,0.0
29.340591,-13.095333,22375,434.5,49.0
29.355096,-13.076208,22600,437.3,49.0
29.380966,-13.04225,22975,438.1,49.1
29.401062,-13.015841,23250,444.5,49.1
29.423172,-12.986685,23575,447.3,49.1
29.4375,-12.967829,23800,448.7,49.1
29.480508,-12.905543,24525,454.4,52.6
29.499594,-12.877,24825,455.8,52.6
29.505798,-12.867684,24925,456.6,52.7
29.595213,-12.733747,26375,0.0,0.0
29.615556,-12.703211,26625,464.4,52.6
29.637726,-12.669824,26875,467.4,52.7
29.655498,-12.643002,27175,468.2,52.8
29.67519,-12.613328,27450,469.0,52.9
29.696732,-12.580772,27700,471.8,52.8
29.707636,-12.56432,27800,473.2,52.8
33.636017,-8.627631,34000,440.6,40.3
33.665955,-8.597362,34000,441.4,40.2
33.695572,-8.56743,34025,440.6,40.3
33.726517,-8.535985,34025,440.6,40.3
33.754669,-8.507398,34000,440.6,40.3
33.784495,-8.477154,34000,440.6,40.3
33.813904,-8.447253,34000,439.8,40.4
33.843063,-8.417489,34000,439.8,40.4
33.873457,-8.386631,34000,440.6,40.3
33.904181,-8.355331,34000,439.8,40.4
33.934719,-8.324146,34000,439.8,40.4
33.963861,-8.294392,33975,439.8,40.4
33.993934,-8.263664,34000,439.8,40.4
34.024704,-8.232179,33975,440.5,40.5
34.055557,-8.200565,34000,440.5,40.5
34.08634,-8.168964,34000,440.5,40.5
34.117064,-8.137436,34000,440.5,40.5
34.148115,-8.105564,34000,441.1,40.6
34.178094,-8.074722,34000,441.9,40.5
34.209145,-8.042736,34000,442.5,40.6
34.239776,-8.01115,34000,442.5,40.6
34.270203,-7.979774,34000,442.5,40.6
34.30101,-7.947992,34000,442.5,40.6
34.331635,-7.916266,34025,443.2,40.7
34.362534,-7.884235,34000,443.2,40.7
34.393352,-7.852306,34000,443.2,40.7
34.424356,-7.820206,34000,443.9,40.6
34.455322,-7.788073,34000,444.6,40.7
34.486131,-7.756119,34000,444.6,40.7
34.516529,-7.724476,34000,444.6,40.7
34.547699,-7.692111,34000,444.6,40.7
34.578415,-7.660105,34000,445.3,40.8
34.609541,-7.627602,34000,445.9,40.9
34.640396,-7.59542,34000,446.0,40.7
34.671066,-7.563414,33975,446.7,40.8
34.702057,-7.531016,33975,447.3,40.9
34.732997,-7.498569,33975,448.1,40.8
34.764047,-7.465954,33975,448.7,40.9
34.795258,-7.433148,34000,450.1,41.0
34.825636,-7.401295,34000,450.9,40.9
34.857239,-7.368071,34000,450.9,40.9
34.887726,-7.335952,34025,451.6,41.0
34.919128,-7.302881,34025,451.6,41.0
34.950024,-7.270317,34025,451.6,41.0
34.981064,-7.237524,34025,452.2,41.0
35.012543,-7.204113,34025,452.2,41.0
35.04364,-7.171211,34000,453.0,41.0
35.074597,-7.138367,34000,452.2,41.0
35.105741,-7.105408,34000,452.2,41.0
35.136326,-7.072849,34000,452.2,41.0
35.167465,-7.039826,34000,452.2,41.0
35.198752,-7.006531,34000,451.5,41.1
35.22995,-6.973286,34000,450.7,41.2
35.261169,-6.939869,34000,450.7,41.2
35.292252,-6.906738,33975,450.7,41.2
35.3237,-6.873207,33975,451.5,41.1
35.355194,-6.839619,33975,452.9,41.2
35.386276,-6.806374,33950,453.5,41.2
35.417816,-6.772499,33975,454.2,41.3
35.448784,-6.739236,33975,455.7,41.2
35.47998,-6.705837,34000,456.3,41.3
35.511383,-6.67202,34025,457.0,41.4
35.542773,-6.638255,34025,457.0,41.4
35.57428,-6.604214,34025,457.0,41.4
35.605728,-6.570282,34025,457.7,41.5
35.637228,-6.536281,34025,457.0,41.4
35.668579,-6.502419,34025,457.0,41.4
35.699341,-6.469116,34025,456.9,41.5
35.730835,-6.434956,34025,456.9,41.5
35.762009,-6.401081,34000,456.9,41.5
35.793045,-6.367378,34000,456.9,41.5
35.819992,-6.338469,34000,454.7,40.5
35.830948,-6.327839,34000,452.0,37.6
35.842896,-6.317489,34000,451.6,35.0
35.854534,-6.308431,34000,449.2,32.0
35.865939,-6.300484,34000,448.2,29.2
35.876678,-6.293907,34000,445.9,26.2
35.888214,-6.287727,34000,444.9,23.2
35.899063,-6.282692,34000,443.2,20.2
35.911423,-6.277885,34000,441.6,17.1
35.930832,-6.271362,34000,443.4,15.2
35.970402,-6.258058,34000,444.0,15.4
36.009646,-6.244851,34000,444.7,15.3
36.04875,-6.231702,34000,444.7,15.3
36.088226,-6.218437,34000,444.7,15.3
36.127625,-6.205215,34000,444.7,15.3
36.167039,-6.191906,34000,444.9,15.4
36.206562,-6.178582,34000,444.7,15.3
36.245526,-6.165551,34000,445.6,15.2
36.284537,-6.152461,34000,445.6,15.2
36.323501,-6.139312,34025,444.7,15.3
36.362232,-6.126339,34025,444.7,15.3
36.40123,-6.113205,34025,444.7,15.3
36.44046,-6.09993,34025,443.7,15.3
36.479497,-6.086718,34025,443.4,15.2
36.518784,-6.073437,34000,442.7,15.3
36.557984,-6.060129,34000,442.7,15.3
36.597088,-6.046863,34000,442.7,15.3
36.636108,-6.033669,34000,442.7,15.3
36.675668,-6.020274,33975,441.5,15.2
36.714615,-6.007004,34000,441.8,15.4
36.753504,-5.993743,34000,440.8,15.4
36.791956,-5.980595,34000,440.8,15.4
36.830612,-5.967407,34000,440.8,15.4
36.86911,-5.954298,34000,440.8,15.4
36.907562,-5.941091,34000,440.8,15.4
36.946518,-5.927767,33975,440.5,15.3
36.985241,-5.914526,33975,440.8,15.4
37.024438,-5.901151,34000,440.8,15.4
37.063477,-5.887737,34000,440.8,15.4
37.10257,-5.874296,34025,440.8,15.4
37.141377,-5.860967,34025,439.8,15.4
37.180388,-5.847533,34025,439.8,15.4
37.219574,-5.834091,34000,439.8,15.4
37.258255,-5.820709,33975,440.8,15.4
37.296675,-5.807409,33975,441.1,15.5
37.335251,-5.794119,33975,442.7,15.3
37.37384,-5.780854,33975,444.0,15.4
37.398926,-5.771738,33975,445.4,17.0
37.415663,-5.764777,34000,446.2,19.0
37.434906,-5.755726,34000,447.6,21.0
37.451834,-5.746924,34000,448.2,22.9
37.468639,-5.737371,34025,449.2,25.0
37.505539,-5.715053,34050,448.2,25.6
37.541977,-5.693197,34050,447.7,25.5
37.578409,-5.671155,34050,447.3,25.7
37.61486,-5.649062,34050,445.5,25.8
37.651357,-5.626851,34050,444.1,25.8
37.687866,-5.604722,34025,443.2,25.8
37.723839,-5.582786,34025,441.0,25.8
37.759544,-5.561052,34000,439.2,25.9
37.795853,-5.538863,33975,439.7,25.8
37.831235,-5.517406,33975,438.3,25.7
37.867266,-5.495433,33975,437.0,25.9
37.903484,-5.473341,33950,436.5,25.8
37.93959,-5.451264,33950,436.5,25.8
37.975662,-5.429116,33950,439.2,25.9
38.011532,-5.407184,34000,444.6,25.9
38.047806,-5.384879,34000,446.8,25.9
38.084244,-5.362438,34000,447.2,26.0
38.120883,-5.339893,34000,445.0,26.0
38.15724,-5.317383,34000,442.8,26.0
38.1931,-5.295293,34000,439.6,26.0
38.228668,-5.273321,34000,437.4,26.0
38.263687,-5.25164,34000,436.5,26.1
38.299713,-5.229317,33975,435.2,26.0
38.335556,-5.20711,33975,435.2,26.0
38.371582,-5.184787,33950,435.2,26.0
38.406509,-5.163165,33950,435.2,26.0
38.439377,-5.142378,33950,436.5,27.0
38.456385,-5.130676,33950,439.1,29.0
38.472382,-5.118674,33950,440.6,31.2
38.489731,-5.104582,33975,441.6,33.1
38.505386,-5.09085,33975,442.8,35.2
38.520906,-5.076233,33975,443.4,37.0
38.535244,-5.061707,34000,445.1,39.0
38.550201,-5.045471,34000,446.6,41.0
38.564713,-5.028633,34000,447.9,42.9
38.581517,-5.00769,34000,448.3,44.6
38.611038,-4.970657,34025,449.0,44.5
38.635071,-4.940982,34025,448.5,43.4
38.65036,-4.923487,34025,447.8,41.4
38.681305,-4.889095,34050,447.9,41.2
38.712296,-4.854345,34050,447.9,41.2
38.743193,-4.819763,34050,447.1,41.3
38.774243,-4.784973,34050,445.7,41.3
38.804735,-4.750671,34050,445.0,41.4
38.835692,-4.715942,34025,445.0,41.4
38.866333,-4.68143,34025,445.0,41.4
38.897141,-4.646851,34000,444.3,41.3
38.927536,-4.612586,34000,443.6,41.3
38.958171,-4.578003,34000,442.1,41.5
38.988523,-4.543701,34000,442.1,41.3
39.018922,-4.50946,33975,442.1,41.3
39.048569,-4.475854,33975,442.1,41.5
39.078918,-4.441402,33975,442.7,41.6
39.109326,-4.40686,33975,442.8,41.4
39.139818,-4.372253,33975,442.1,41.5
39.170059,-4.337808,34000,442.7,41.6
39.200867,-4.3027,33975,443.5,41.5
39.230548,-4.268921,34000,443.5,41.5
39.260761,-4.234314,34000,444.1,41.6
39.291367,-4.199345,34000,444.1,41.6
39.321651,-4.164673,34000,444.1,41.6
39.351654,-4.130262,34000,444.1,41.6
39.38205,-4.095393,34025,444.8,41.7
39.412399,-4.060523,34025,443.4,41.7
39.44264,-4.025757,34025,443.4,41.7
39.473086,-3.990723,34025,443.4,41.7
39.503403,-3.955675,34000,443.4,41.7
39.533743,-3.920715,34000,442.6,41.8
39.564002,-3.885803,34025,442.6,41.8
39.594447,-3.850525,34000,441.9,41.9
39.624334,-3.815918,34025,442.6,41.8
39.65419,-3.781446,34025,441.9,41.9
39.684723,-3.74592,34025,442.6,42.0
39.714459,-3.711365,34000,442.6,42.0
39.744113,-3.676819,34000,441.9,41.9
39.774325,-3.641541,34025,441.8,42.1
39.804351,-3.606506,34025,441.1,42.0
39.834377,-3.571472,34000,441.8,42.1
39.86445,-3.536255,34000,440.4,42.0
39.894379,-3.501176,34025,439.0,42.0
39.924037,-3.466374,34025,437.6,42.0
39.953842,-3.431458,34000,436.8,42.1
39.983551,-3.396484,34000,434.7,42.2
40.012894,-3.361877,33975,434.7,42.2
40.041954,-3.327609,33975,433.9,42.3
40.055969,-3.310181,33975,435.6,44.3
40.068535,-3.293277,33975,437.8,46.4
40.080688,-3.275635,33975,440.0,48.6
40.093301,-3.256011,33975,441.2,50.6
40.118579,-3.215686,33975,440.6,50.7
40.143996,-3.175236,33975,440.6,50.7
40.169724,-3.134216,33975,441.4,50.8
40.19525,-3.093525,33975,441.4,50.8
40.220856,-3.052612,34025,440.7,50.9
40.246365,-3.01169,34025,440.7,50.9
40.271829,-2.970865,34000,440.7,50.9
40.297339,-2.929979,34000,440.7,50.9
40.32312,-2.888672,34000,440.6,50.7
40.348251,-2.84845,34000,440.6,50.7
40.373611,-2.807739,34000,440.7,50.9
40.398697,-2.767212,34000,440.9,51.1
40.423828,-2.72644,34000,441.7,51.2
40.448822,-2.685852,34000,442.3,51.1
40.474365,-2.644348,34000,442.3,51.1
40.499771,-2.60321,34000,442.3,51.1
40.525269,-2.561951,34000,442.3,51.1
40.550723,-2.520426,34000,441.7,51.2
40.576126,-2.479004,34000,441.7,51.2
40.601419,-2.437841,34000,441.7,51.2
40.626755,-2.396362,34000,441.0,51.3
40.652069,-2.354797,34000,440.4,51.4
40.677109,-2.313721,34000,440.4,51.4
40.702011,-2.272888,34000,439.6,51.3
40.726913,-2.232056,34000,438.9,51.2
40.751689,-2.191336,34000,439.0,51.4
40.776535,-2.150391,34000,438.4,51.5
40.801483,-2.109253,34000,439.0,51.4
40.826452,-2.068051,33975,439.0,51.4
40.8517,-2.026245,33975,439.8,51.5
40.876648,-1.984924,33975,439.8,51.5
40.901913,-1.943082,33975,440.6,51.5
40.91695,-1.917551,33975,443.6,53.2
40.924805,-1.902405,33975,446.8,55.7
40.931442,-1.888123,33975,450.9,58.9
40.937439,-1.873535,33975,454.5,61.9
40.943161,-1.857666,33975,458.1,64.9
40.948047,-1.841958,33975,462.6,68.0
40.952225,-1.826233,33975,466.1,71.1
40.955841,-1.809448,34000,469.8,74.2
40.958862,-1.792603,34000,473.0,77.1
40.96788,-1.737122,34025,474.7,77.8
40.977095,-1.68122,34025,474.9,77.7
40.986374,-1.624939,34000,475.8,77.8
40.995437,-1.569734,34000,476.8,77.8
41.004639,-1.513184,34000,477.6,77.9
41.01384,-1.456726,34025,477.6,77.9
41.022856,-1.401007,34050,477.4,78.0
41.028535,-1.365675,34000,477.4,78.0
41.031841,-1.345076,33925,477.4,78.0
41.039017,-1.300476,33650,476.4,78.0
41.046505,-1.25369,33400,475.0,78.2
41.053767,-1.207934,33150,476.2,78.1
41.061262,-1.16093,32900,476.2,78.1
41.068477,-1.115362,32650,476.0,78.2
41.075912,-1.068481,32400,477.0,78.3
41.082909,-1.023976,32125,478.9,78.3
41.090636,-0.974725,31875,477.2,78.2
41.097898,-0.928844,31625,476.2,78.1
41.105255,-0.882141,31375,477.9,78.3
41.112469,-0.836397,31100,480.1,78.2
41.119871,-0.789143,30850,481.9,78.4
41.127045,-0.742371,30600,477.5,78.5
41.133591,-0.699707,30350,468.3,78.6
41.138855,-0.665405,30150,458.9,78.7
41.143799,-0.632713,29950,449.7,78.7
41.149106,-0.597631,29750,440.7,78.6
41.154236,-0.563904,29550,431.5,78.6
41.159301,-0.530902,29350,422.4,78.5
41.16484,-0.494197,29125,412.8,78.8
41.170578,-0.455994,28875,403.6,78.9
41.176339,-0.41798,28600,394.8,78.6
41.182251,-0.379578,28350,389.9,78.5
41.188163,-0.340888,28100,387.7,78.6
41.193982,-0.30306,27825,389.9,78.5
41.199738,-0.265259,27575,393.8,78.6
41.205322,-0.228699,27300,395.8,78.6
41.210861,-0.191528,27025,396.5,78.8
41.216446,-0.154297,26750,397.5,78.8
41.222122,-0.116089,26500,397.5,78.8
41.227707,-0.078369,26225,397.5,78.8
41.233383,-0.040039,25950,395.4,78.9
41.239091,-0.001498,25700,393.4,78.9
41.24437,0.033936,25425,390.3,78.9
41.250031,0.072472,25150,389.1,79.0
41.255571,0.110175,24900,389.1,79.0
41.261017,0.147816,24650,388.1,79.0
41.266278,0.182773,24375,386.9,78.4
41.270048,0.204371,24225,384.9,76.3
41.274005,0.223722,24075,384.1,74.4
41.282089,0.259949,23800,384.5,73.7
41.2901,0.296631,23550,385.2,73.9
41.297333,0.329834,23275,386.4,73.8
41.305435,0.367188,23000,387.1,73.9
41.313435,0.40381,22725,387.4,73.8
41.320724,0.437317,22450,387.1,73.9
41.328658,0.473661,22175,386.1,73.9
41.3367,0.510864,21925,386.1,73.9
41.344439,0.54632,21650,387.1,73.9
41.352399,0.583087,21375,387.1,73.9
41.36036,0.619854,21125,383.0,73.9
41.368332,0.656738,20850,376.6,74.0
41.376001,0.692264,20600,370.3,74.0
41.383575,0.727234,20350,368.4,73.9
41.391038,0.762017,20100,369.1,74.1
41.398178,0.795572,19825,371.0,74.2
41.405655,0.830745,19575,371.0,74.2
41.412689,0.863675,19300,370.1,74.2
41.420334,0.899443,19025,367.9,74.2
41.427907,0.934924,18775,366.9,74.2
41.435303,0.969668,18500,365.9,74.1
41.442711,1.004546,18250,364.7,74.2
41.449539,1.036897,17975,361.3,74.4
41.456635,1.070418,17700,353.3,74.2
41.463799,1.104318,17425,345.7,74.4
41.470642,1.136773,17175,338.5,74.4
41.477005,1.167297,16900,335.3,74.4
41.48377,1.199554,16650,332.1,74.5
41.490427,1.231107,16375,331.2,74.4
41.497055,1.262741,16125,330.0,74.5
41.503601,1.293832,15850,328.0,74.4
41.510211,1.325577,15600,328.0,74.4
41.516373,1.354752,15325,327.1,74.4
41.522874,1.385938,15075,327.8,74.6
41.529484,1.417747,14800,325.8,74.5
41.535828,1.448323,14525,324.6,74.6
41.541458,1.475414,14225,323.6,74.6
41.544342,1.490458,14050,323.8,76.6
41.545715,1.50082,13900,324.1,79.9
41.54631,1.507,13850,324.6,82.7
41.546814,1.516738,13775,323.8,85.9
41.546951,1.52841,13700,321.0,89.3
41.547174,1.56421,13500,311.0,89.3
41.5475,1.595445,13250,303.0,89.2
41.547779,1.6224,12975,300.0,89.2
41.547872,1.632492,12875,299.0,89.2
41.548198,1.667239,12650,290.0,89.2
41.548384,1.690425,12325,290.0,89.6
41.548462,1.708811,12050,291.0,89.6
41.548524,1.724343,11875,291.0,89.8
41.548553,1.737276,11700,291.0,89.8
41.548664,1.752575,11525,290.0,89.4
41.548757,1.767521,11375,288.0,89.6
41.548803,1.781382,11200,288.0,89.6
41.548828,1.795828,11025,288.0,89.6
41.548965,1.811184,10875,286.0,89.2
41.549083,1.826733,10725,285.0,89.6
41.549194,1.840959,10550,283.0,89.6
41.54924,1.85388,10375,284.0,89.6
41.549332,1.86805,10200,283.0,89.6
41.54924,1.883157,10050,282.1,91.2
41.548737,1.893394,9925,282.6,93.8
41.547958,1.901821,9825,282.1,96.9
41.546539,1.91287,9725,280.1,99.9
41.544479,1.928288,9575,277.5,100.4
41.54274,1.941084,9400,278.3,100.1
41.540726,1.95644,9250,279.2,99.9
41.538562,1.972493,9100,279.3,100.1
41.536327,1.989228,8975,275.4,100.2
41.534546,2.002196,8900,271.3,100.2
41.532976,2.013692,8850,267.2,100.1
41.530792,2.030036,8725,263.1,100.1
41.528925,2.044032,8575,260.1,100.2
41.52711,2.057382,8425,259.1,100.2
41.525528,2.06905,8250,259.1,100.2
41.523697,2.082721,8100,258.0,100.1
41.521617,2.098516,7950,255.8,99.9
41.519848,2.111291,7825,254.4,101.8
41.518591,2.116657,7750,254.3,107.2
41.516968,2.121672,7700,255.0,111.6
41.514679,2.128039,7625,255.4,115.8
41.509232,2.142272,7475,257.2,117.1
41.503834,2.156386,7350,255.8,117.0
41.498199,2.171236,7225,251.8,116.7
41.492848,2.185449,7100,248.2,116.6
41.489868,2.193395,7000,246.9,116.5
41.48633,2.202887,6900,244.6,116.5
41.482792,2.21234,6800,242.4,116.5
41.479935,2.219987,6700,241.1,116.3
41.477509,2.226542,6600,241.5,116.6
41.475344,2.232332,6500,241.5,116.6
41.473526,2.237153,6400,242.4,116.5
41.471329,2.243084,6300,243.3,116.3
41.469315,2.24839,6200,243.7,116.6
41.466918,2.254752,6100,244.2,116.8
41.464683,2.260693,6000,244.2,116.8
41.462356,2.266824,5900,245.1,116.7
41.459518,2.274357,5800,244.6,116.5
41.45549,2.285531,5700,242.1,114.7
41.453888,2.291336,5650,239.9,111.0
41.45311,2.295581,5600,239.2,105.0
41.452469,2.300637,5525,238.9,100.4
41.452254,2.305085,5450,237.9,95.1
41.452469,2.309751,5375,238.0,89.5
41.452906,2.314027,5325,237.4,83.7
41.453744,2.318307,5250,237.3,77.8
41.454849,2.322422,5200,237.8,71.9
41.456444,2.327505,5150,239.2,66.9
41.459423,2.336,5050,239.4,65.0
41.462775,2.345453,4950,238.9,65.3
41.464963,2.352671,4875,239.0,68.9
41.465973,2.357566,4825,238.9,73.5
41.466568,2.362123,4750,238.5,78.9
41.466751,2.365494,4725,237.0,84.7
41.466685,2.370492,4675,236.0,90.2
41.466173,2.374835,4625,235.3,96.1
41.465378,2.378915,4575,233.2,102.1
41.464264,2.383011,4525,232.4,108.1
41.462961,2.386716,4500,229.2,114.2
41.461395,2.389963,4475,228.1,120.3
41.45947,2.393231,4425,227.2,126.8
41.457235,2.396233,4400,227.1,133.0
41.454861,2.398852,4375,227.5,138.7
41.45224,2.401199,4350,227.5,144.8
41.449368,2.403132,4300,227.4,151.1
41.446668,2.404537,4275,227.7,157.3
41.443968,2.405686,4250,226.7,161.5
41.440704,2.406318,4200,227.1,167.8
41.4375,2.40663,4175,227.2,174.2
41.434564,2.406517,4150,226.0,180.5
41.431445,2.405942,4100,224.8,187.2
41.428391,2.404882,4100,224.9,193.1
41.42482,2.403322,4075,223.3,198.3
41.419556,2.400638,4025,221.4,201.5
41.4118,2.396297,3950,216.9,202.8
41.403946,2.391898,3875,211.9,203.1
41.397648,2.388313,3825,207.3,203.6
41.394699,2.386156,3800,203.7,209.1
41.392822,2.384408,3775,203.0,214.2
41.391084,2.382181,3750,203.1,219.8
41.389595,2.380073,3725,203.1,227.2
41.387639,2.376496,3700,203.2,232.4
41.385681,2.37262,3675,203.6,236.6
41.382797,2.366028,3625,203.4,239.9
41.379074,2.356879,3550,202.2,242.3
41.37535,2.34683,3475,201.3,244.1
41.371948,2.337341,3400,200.9,245.0
41.369568,2.330261,3350,200.5,245.9
41.365631,2.318542,3350,197.0,246.0
41.363571,2.312378,3250,199.6,245.8
41.361756,2.307066,3150,200.5,245.9
41.359772,2.301208,3050,200.5,245.9
41.35762,2.294861,2950,198.7,245.6
41.355515,2.288757,2850,197.4,245.8
41.353237,2.28191,2750,195.2,245.8
41.350863,2.274981,2650,192.9,245.8
41.348722,2.268739,2550,191.5,245.3
41.346673,2.262809,2450,189.3,245.3
41.344486,2.256504,2350,188.0,245.5
41.342437,2.250574,2250,187.0,245.4
41.340342,2.244394,2150,186.2,245.9
41.338341,2.23834,2050,185.3,245.8
41.335922,2.231323,1950,183.5,245.5
41.333725,2.224792,1875,178.6,245.9
41.331916,2.21955,1800,173.6,245.5
41.330427,2.215243,1700,170.5,245.4
41.328891,2.210686,1625,166.0,245.4
41.327541,2.206691,1550,161.1,245.8
41.325577,2.200867,1450,156.7,245.9
41.324142,2.196641,1400,152.2,246.0
41.32251,2.191833,1300,149.5,245.5
41.320679,2.186584,1200,147.2,245.5
41.318742,2.180911,1100,144.1,245.4
41.316559,2.174561,1000,143.7,245.8
41.314459,2.168427,900,144.1,245.4
41.312225,2.16181,800,143.7,245.8
41.310177,2.15588,700,143.7,245.8
41.307849,2.149076,600,142.8,245.6
41.305568,2.142334,500,143.7,245.8
41.303329,2.135742,400,142.8,245.6
41.301086,2.12915,300,143.7,245.8
41.299072,2.12323,200,142.8,245.6
41.296863,2.116866,100,141.4,245.8
41.294628,2.110311,0,141.9,245.4
41.292618,2.104492,-100,141.9,245.4
41.291137,2.100012,-150,141.4,245.8
41.289322,2.094727,-175,137.4,245.5
41.288902,2.09352,-175,135.1,245.5
41.288762,2.093083,-175,132.0,245.4
41.288483,2.092334,-175,128.0,245.0
41.288177,2.091431,-175,124.4,245.3
41.287971,2.090836,-175,117.2,244.8
41.287582,2.0896,-175,113.6,245.0
41.287399,2.089111,-150,109.6,244.6
41.287216,2.088623,-150,106.5,244.4
41.286959,2.087855,-50.0,97.0,244.7
41.286781,2.087357,-50.0,93.0,244.7
41.286621,2.086872,-50.0,89.0,244.7
41.286481,2.086497,-50.0,85.0,244.7
41.286358,2.086105,-50.0,79.0,244.7
41.286221,2.085739,-50.0,75.0,247.5
41.286106,2.085388,-50.0,69.5,247.5
41.286004,2.085093,-50.0,64.5,247.5
41.285912,2.084793,-50.0,58.5,247.5
41.285841,2.084578,-50.0,53.5,247.5
41.285772,2.084344,-50.0,48.5,247.5
41.285725,2.084156,-50.0,43.5,250.3
41.285671,2.083939,-50.0,39.5,253.1
41.285603,2.083664,-50.0,36.5,253.1
41.285568,2.083481,-50.0,33.5,255.9
41.285545,2.083328,-50.0,30.5,258.8
41.285511,2.08287,-50.0,26.5,261.6
41.285477,2.082397,-50.0,25.5,264.4
41.285465,2.08197,-50.0,24.5,267.2
41.285477,2.081589,-50.0,23.5,270.0
41.2855,2.081055,-50.0,20.5,272.8
41.285522,2.080811,-50.0,17.5,275.6
41.285545,2.080612,-50.0,14.2,278.4
41.285591,2.08046,-50.0,11.2,286.9
41.285643,2.080364,-50.0,10.2,292.5
41.285706,2.080276,-50.0,9.2,300.9
41.28576,2.080224,-50.0,8.8,309.4
41.285831,2.08017,-50.0,7.8,317.8
41.2859,2.080154,-50.0,7.2,326.2
41.285946,2.080139,-50.0,6.8,334.7
41.285993,2.080146,-50.0,6.8,343.1
41.286049,2.08017,-50.0,6.8,351.6
41.286095,2.0802,-50.0,6.8,357.2
41.286129,2.080215,-50.0,6.8,8.4
41.286179,2.080271,-50.0,6.8,16.9
41.286214,2.080317,-50.0,7.2,25.3
41.286232,2.080368,-50.0,7.2,30.9
41.286266,2.080429,-50.0,7.2,39.4
41.286301,2.08049,-50.0,7.2,45.0
41.286324,2.080566,-50.0,7.2,50.6
41.286377,2.080708,-50.0,7.2,56.2
41.286435,2.080848,-50.0,7.8,59.1
41.286507,2.081055,-50.0,8.2,61.9
41.286621,2.081406,-50.0,9.2,64.7
41.28677,2.081787,-50.0,10.8,61.9
41.286865,2.081987,-50.0,11.2,56.2
41.286942,2.082077,-50.0,11.8,50.6
41.287022,2.082138,-50.0,11.8,42.2
41.287125,2.082214,-50.0,12.2,33.8
41.287284,2.082315,-50.0,12.8,28.1
41.287459,2.082393,-50.0,13.2,22.5
41.287703,2.082502,-50.0,14.2,19.7
41.288064,2.082658,-50.0,14.8,16.9
41.28839,2.082814,-50.0,14.8,19.7
41.288786,2.082986,-50.0,15.5,19.7
41.289205,2.083173,-50.0,15.5,19.7
41.289619,2.083374,-50.0,13.8,19.7
41.289997,2.083542,-50.0,14.2,19.7
41.290403,2.083735,-50.0,14.2,19.7
41.290776,2.083891,-50.0,14.8,19.7
41.291199,2.084091,-50.0,13.2,19.7
41.291602,2.084281,-50.0,13.2,19.7
41.291988,2.084442,-50.0,13.2,16.9
41.292242,2.084547,-50.0,12.8,14.1
41.292366,2.084534,-50.0,11.8,5.6
41.292452,2.084531,-50.0,11.2,357.2
41.292557,2.084484,-50.0,11.2,351.6
41.29265,2.084422,-50.0,10.8,343.1
41.292778,2.084344,-50.0,9.2,337.5
41.293098,2.084152,-50.0,9.2,337.5
41.293243,2.084063,-50.0,9.2,334.7
41.293278,2.084016,-50.0,8.2,329.1
41.293293,2.083954,-50.0,6.8,320.6
41.293316,2.083893,-50.0,6.8,312.2
41.293325,2.083829,-50.0,6.8,303.8
41.293316,2.083786,-50.0,6.8,295.3
41.293293,2.08371,-50.0,6.8,284.1
41.293278,2.083657,-50.0,6.8,272.8
41.293255,2.083595,-50.0,6.2,264.4
41.293224,2.083557,-50.0,6.2,255.9
41.293179,2.083481,-50.0,6.2,247.5
41.293138,2.083423,-50.0,6.8,239.1
41.293076,2.083359,-50.0,6.8,233.4
41.29303,2.083298,-50.0,6.8,227.8
41.292984,2.083237,-50.0,7.2,227.8
41.292824,2.083023,-50.0,6.8,227.8
41.292673,2.08283,-50.0,6.8,225.0
41.292572,2.082672,-50.0,4.8,225.0
41.292561,2.082672,-50.0,4.8,225.0
41.292394,2.08244,-50.0,1.9,225.0
41.292394,2.082424,-50.0,0.0,225.0
41.292394,2.082424,-50.0,0.0,225.0
41.292389,2.082428,-50.0,0.0,225.0
41.292394,2.082424,-50.0,0.0,225.0
41.2924,2.082428,-50.0,0.0,0.0
41.292394,2.082424,-50.0,0.0,0.0
41.292394,2.082424,-50.0,0.0,0.0
41.292389,2.082428,-50.0,0.0,0.0
41.2924,2.082428,-50.0,0.0,0.0
41.292394,2.082424,-50.0,0.0,0.0
41.292394,2.082424,-50.0,0.0,0.0
41.292394,2.082424,-50.0,0.0,0.0
41.292394,2.082424,-50.0,0.0,0.0
41.292389,2.082458,-50.0,0.0,0.0
41.2924,2.082428,-50.0,0.0,0.0
41.2924,2.082428,-50.0,0.0,0.0
