lat,lon,alt,gs,track
26.26561,50.636362,-50.0,2.2,202.5
26.265634,50.636382,-50.0,2.2,199.7
26.265669,50.636396,-50.0,2.2,196.9
26.26569,50.636414,-50.0,2.2,191.2
26.265727,50.636435,-50.0,1.9,185.6
26.265747,50.636453,-50.0,1.9,180.0
26.265759,50.636453,-50.0,1.9,174.4
26.265785,50.636475,-50.0,2.2,168.8
26.265808,50.636488,-50.0,1.9,160.3
26.265839,50.636492,-50.0,1.6,151.9
26.265901,50.636488,-50.0,1.4,137.8
26.265925,50.636475,-50.0,1.6,132.2
26.265953,50.636453,-50.0,1.4,126.6
26.265987,50.636414,-50.0,1.4,120.9
26.277993,50.623204,1300,0.0,0.0
26.290649,50.617227,1825,180.8,344.3
26.293167,50.616501,1950,180.8,344.3
26.294769,50.616035,2025,180.8,344.3
26.296475,50.615545,2100,181.7,345.7
26.298383,50.615017,2200,182.6,345.7
26.300851,50.614278,2300,184.8,345.6
26.303513,50.613495,2400,187.3,345.1
26.305527,50.612925,2500,187.5,344.9
26.307312,50.612407,2600,188.5,344.9
26.309692,50.611733,2700,188.0,345.5
26.311418,50.611426,2800,188.3,347.7
26.313309,50.611215,2900,187.1,351.4
26.315002,50.611215,2975,186.5,355.7
26.31584,50.611267,3000,187.1,357.9
26.317612,50.611474,3075,187.5,4.3
26.320216,50.612059,3150,189.5,10.9
26.322125,50.612693,3200,190.9,15.5
26.323975,50.613599,3250,194.2,22.1
26.326721,50.615154,3350,196.8,26.6
26.329559,50.616968,3450,199.7,29.4
26.333862,50.61987,3625,206.5,31.5
26.336014,50.621321,3725,206.5,31.5
26.338165,50.622823,3825,208.9,32.1
26.339996,50.624119,3900,210.8,32.4
26.341736,50.625311,4000,211.7,32.3
26.343492,50.626585,4100,212.2,32.5
26.345123,50.627747,4200,212.2,32.5
26.346725,50.628887,4300,212.2,32.5
26.350708,50.631944,4525,214.7,35.0
26.356062,50.637148,4800,215.4,36.1
26.357529,50.638733,4900,219.3,43.5
26.35932,50.64074,5000,220.6,44.6
26.362289,50.643967,5175,221.3,44.8
26.364441,50.646392,5300,221.3,44.8
26.365931,50.648029,5400,224.9,45.0
26.367371,50.649616,5475,224.9,45.0
26.37445,50.657325,5875,228.4,44.5
26.379318,50.662571,6175,230.5,44.3
26.381665,50.665142,6325,231.3,44.1
26.386879,50.670688,6650,232.0,44.0
26.550836,50.847315,15175,290.0,43.9
26.5601,50.857245,15675,289.2,44.0
26.565994,50.863642,15950,288.5,44.2
26.570807,50.868812,16150,291.4,44.2
26.585424,50.884605,16700,295.6,44.2
26.599669,50.900081,17000,299.1,44.3
26.616382,50.91825,17275,323.2,44.4
26.641194,50.94503,17650,340.2,44.2
26.652832,50.957548,17925,353.6,44.1
26.659815,50.965101,18125,355.7,44.2
26.673248,50.97962,18525,360.0,44.2
26.675858,50.98247,18600,360.0,44.2
26.58728,51.679791,25000,419.4,109.6
26.575928,51.715082,25000,419.4,109.6
26.542191,51.819349,25000,414.7,109.9
26.533658,51.84575,25000,414.4,109.8
26.357071,52.375246,25000,0.0,0.0
26.324249,52.461686,25000,414.0,113.0
26.312256,52.492883,25025,414.0,113.0
26.302643,52.517965,25025,414.0,113.0
26.287676,52.557009,25025,413.1,113.1
26.276457,52.586376,25025,412.7,113.0
26.261719,52.624719,25025,413.1,113.1
26.248293,52.659795,25000,412.7,113.0
26.233257,52.699039,25000,412.7,113.0
26.219012,52.736329,25000,412.7,113.0
26.204813,52.773408,24975,412.7,113.0
26.191315,52.808688,25000,412.7,113.0
26.177115,52.84577,24975,414.0,113.0
26.16408,52.879574,25000,413.5,113.2
26.15058,52.914593,25000,414.4,113.2
26.135605,52.953428,25000,414.4,113.2
26.12114,52.990999,25000,414.4,113.2
26.109288,53.022344,25000,415.4,112.1
26.103655,53.039087,25000,415.0,110.0
26.098572,53.055984,25000,415.5,108.1
26.093124,53.07635,25000,414.3,106.1
26.082846,53.115675,25000,414.6,106.2
26.072279,53.155764,25000,414.6,106.2
26.061676,53.196112,25000,414.6,106.2
26.052448,53.231242,25000,415.5,106.2
26.041672,53.272239,25025,414.6,106.2
26.031127,53.312214,25000,414.8,106.4
26.020373,53.353095,25000,414.6,106.2
26.00972,53.393192,25000,414.8,106.4
25.999751,53.430898,25000,414.8,106.4
25.989137,53.470987,25000,414.8,106.4
25.978616,53.51076,25000,414.6,106.2
25.969631,53.544617,25025,413.9,106.4
25.959111,53.584389,25000,413.9,106.4
25.948264,53.62506,25000,413.9,106.4
25.93808,53.663393,25000,412.6,106.3
25.927362,53.703707,25000,412.9,106.5
25.918213,53.737914,25000,412.9,106.5
25.90781,53.776756,24975,412.6,106.3
25.898267,53.812673,25000,412.9,106.5
25.887932,53.851178,24975,412.0,106.5
25.877289,53.890842,25000,412.9,106.5
25.86731,53.928029,24975,412.9,106.5
25.86461,53.93817,24925,412.0,106.5
25.860978,53.951692,24800,411.0,106.5
25.855346,53.972608,24550,408.1,106.7
25.849182,53.995419,24175,405.0,106.7
25.843149,54.017663,23825,401.8,106.6
25.840622,54.027031,23650,400.9,106.7
25.838913,54.033403,23525,399.9,106.7
25.834583,54.049354,23125,400.9,106.7
25.830414,54.064861,22725,402.5,106.4
25.828995,54.07018,22625,403.4,106.4
25.827026,54.077504,22500,402.5,106.4
25.824966,54.085185,22400,401.5,106.5
25.817368,54.113312,22075,392.3,106.6
25.813248,54.128621,21825,389.2,106.6
25.807536,54.149849,21425,387.0,106.5
25.801987,54.170583,21025,385.0,106.6
25.796082,54.192454,20625,382.8,106.5
25.790079,54.214783,20275,379.0,106.7
25.786914,54.226391,20075,376.8,106.7
25.781433,54.246572,19675,374.9,106.7
25.775528,54.268341,19325,371.7,106.7
25.769922,54.288889,18925,368.6,106.7
25.76683,54.300334,18725,367.6,106.8
25.762753,54.31537,18525,366.4,106.7
25.755491,54.342162,18225,366.4,106.7
25.748428,54.368235,17925,364.5,106.7
25.741516,54.393667,17625,360.3,106.8
25.73497,54.417572,17300,357.2,106.8
25.728424,54.44163,17000,355.0,106.7
25.721834,54.465758,16675,351.8,106.7
25.715332,54.489746,16375,346.7,106.8
25.709198,54.51238,16075,343.3,106.6
25.702701,54.536081,15775,336.6,106.9
25.696014,54.560343,15500,328.1,106.8
25.689294,54.584898,15225,318.6,106.8
25.682171,54.610912,14975,313.2,106.7
25.674118,54.640503,14700,315.4,106.8
25.667496,54.66451,14425,314.5,106.8
25.65978,54.692688,14175,322.7,106.8
25.651587,54.722589,13950,330.3,106.9
25.645069,54.746169,13675,330.3,106.9
25.637947,54.772028,13400,329.3,106.9
25.630917,54.79768,13150,329.3,106.9
25.623917,54.822947,12875,326.1,106.9
25.618441,54.842765,12650,326.1,106.9
25.615509,54.853337,12475,325.8,107.3
25.611694,54.865519,12250,324.8,109.6
25.608032,54.875692,12125,322.9,112.2
25.602055,54.890908,12000,322.5,113.4
25.596039,54.90626,11875,322.1,113.2
25.590463,54.920602,11725,322.1,113.2
25.584595,54.935811,11600,320.8,113.1
25.578639,54.951126,11450,320.8,113.1
25.572867,54.965999,11325,319.9,113.2
25.567001,54.981079,11200,319.9,113.2
25.561157,54.996185,11075,319.5,113.0
25.555389,55.010986,10925,317.6,113.2
25.549358,55.026424,10800,312.5,113.8
25.544815,55.036723,10700,307.7,116.2
25.540373,55.045805,10600,303.0,119.0
25.534378,55.057271,10450,297.9,120.0
25.529755,55.066071,10300,296.6,119.9
25.524994,55.075226,10100,295.2,119.9
25.520828,55.083262,9900,296.1,119.8
25.517004,55.090735,9700,296.9,119.7
25.512675,55.099027,9500,298.3,119.7
25.508531,55.107007,9300,298.3,119.7
25.50369,55.116283,9100,298.8,119.9
25.498942,55.125456,8900,298.8,119.9
25.494007,55.134991,8700,298.3,119.7
25.490562,55.141573,8600,297.4,119.8
25.484665,55.152893,8450,293.8,119.8
25.478738,55.164375,8325,288.9,119.7
25.475386,55.170852,8275,286.6,119.7
25.464569,55.191498,8250,286.9,120.6
25.461234,55.197074,8250,286.8,123.9
25.45697,55.203247,8250,286.8,127.3
25.452713,55.208689,8250,286.5,130.8
25.439262,55.225214,8250,286.8,132.0
25.421851,55.246617,8250,285.4,131.7
25.404348,55.268123,8250,286.1,131.9
25.386984,55.289525,8250,286.8,131.8
25.369666,55.310773,8250,286.8,131.8
25.360123,55.322847,8225,286.7,130.2
25.355933,55.328962,8200,286.4,126.9
25.352097,55.335185,8100,285.4,123.9
25.346669,55.344923,7925,284.5,121.3
25.342163,55.353038,7725,285.4,121.2
25.33786,55.360921,7525,286.8,121.3
25.333216,55.36928,7325,287.3,121.5
25.328064,55.378469,7125,288.6,121.5
25.325488,55.383065,7025,288.6,121.5
25.323393,55.386848,6925,287.8,121.7
25.321298,55.390579,6825,287.8,121.7
25.319064,55.394569,6725,286.4,121.6
25.317352,55.397644,6625,286.4,121.6
25.315386,55.401203,6525,285.9,121.4
25.313291,55.404934,6425,285.9,121.4
25.311569,55.408043,6325,285.9,121.4
25.309479,55.411835,6225,285.9,121.4
25.307693,55.415039,6125,285.9,121.4
25.305908,55.418294,6025,284.5,121.3
25.303934,55.421828,5925,284.5,121.3
25.301793,55.425663,5825,284.5,121.3
25.300024,55.428876,5725,284.5,121.3
25.297623,55.433146,5625,283.7,121.4
25.29467,55.438515,5525,281.4,121.5
25.291901,55.44342,5425,280.1,121.4
25.289503,55.447739,5325,278.4,121.6
25.28714,55.451965,5225,277.0,121.6
25.284851,55.456085,5125,276.1,121.7
25.282425,55.460358,5025,274.8,121.6
25.280472,55.463907,4925,274.8,121.6
25.278488,55.467377,4825,273.9,121.7
25.276096,55.471733,4725,273.9,121.7
25.274281,55.474946,4650,273.4,121.5
25.272279,55.478521,4550,273.4,121.5
25.269812,55.482926,4450,273.4,121.5
25.266998,55.487976,4350,273.4,121.5
25.26329,55.494639,4250,273.4,121.5
25.259171,55.502014,4150,268.9,121.6
25.25566,55.508267,4100,264.5,121.7
25.251801,55.515137,4025,260.0,121.8
25.247772,55.522359,3925,255.0,121.7
25.244161,55.528841,3850,250.1,121.6
25.241501,55.5336,3775,246.5,121.6
25.237885,55.54011,3675,242.9,121.5
25.236786,55.542043,3650,239.3,121.5
25.234385,55.546409,3600,235.6,121.5
25.230894,55.552627,3525,230.7,121.3
25.226715,55.560201,3450,226.2,121.4
25.222961,55.567017,3350,222.6,121.4
25.21907,55.573934,3250,220.1,121.8
25.216736,55.577443,3200,217.8,125.7
25.214368,55.5803,3175,218.7,132.6
25.212087,55.582477,3125,218.2,138.7
25.209961,55.584056,3100,217.6,141.0
25.208176,55.585172,3075,216.1,149.4
25.205476,55.586519,3050,214.4,156.1
25.202316,55.587616,3000,213.5,160.3
25.199707,55.588125,2975,212.5,166.9
25.19696,55.588328,2925,211.5,175.9
25.194031,55.588226,2875,210.0,180.6
25.191604,55.587866,2825,209.8,184.9
25.18959,55.587311,2800,208.5,191.9
25.186762,55.586208,2750,206.2,198.1
25.183643,55.584653,2700,205.1,203.6
25.179174,55.582166,2625,203.5,207.2
25.174118,55.579071,2525,201.9,209.4
25.168979,55.575688,2425,201.0,211.2
25.166519,55.573629,2375,199.4,216.6
25.164871,55.571849,2350,198.8,223.6
25.163086,55.569407,2325,197.6,228.5
25.161942,55.567373,2300,196.1,236.2
25.161066,55.56522,2300,196.0,241.3
25.160248,55.562846,2275,195.0,249.0
25.159744,55.560303,2275,194.6,253.9
25.159343,55.55781,2250,195.2,259.7
25.159103,55.554504,2250,195.1,263.8
25.158878,55.549984,2250,194.2,267.6
25.159017,55.546927,2250,193.1,271.8
25.159483,55.543507,2250,192.5,277.2
25.160181,55.540086,2250,191.7,282.7
25.161159,55.536459,2250,191.2,285.8
25.162354,55.532786,2250,190.7,289.3
25.164231,55.527753,2250,189.6,292.6
25.166791,55.521586,2250,188.8,295.1
25.168991,55.516866,2250,183.8,296.8
25.170181,55.514374,2250,179.4,297.6
25.171692,55.511322,2250,174.9,298.3
25.175125,55.504557,2250,170.2,299.6
25.178709,55.497903,2250,169.1,301.0
25.180571,55.494534,2200,170.1,301.5
25.182999,55.490214,2100,168.8,301.4
25.18639,55.484118,2000,165.2,301.4
25.189556,55.478418,1900,166.5,301.5
25.192657,55.472768,1800,166.9,301.0
25.195281,55.468053,1700,162.4,301.1
25.196457,55.465953,1675,159.3,301.4
25.197935,55.463234,1600,156.2,301.7
25.198837,55.461731,1575,152.6,301.6
25.200806,55.45812,1525,147.7,301.4
25.202544,55.455046,1450,143.2,301.6
25.205475,55.449727,1375,140.5,301.3
25.207947,55.445201,1275,137.7,301.0
25.210922,55.439911,1175,136.9,301.2
25.211901,55.4381,1125,136.0,301.5
25.21463,55.433197,1025,139.1,301.2
25.218046,55.427114,925,138.8,301.7
25.221165,55.421465,825,138.2,301.4
25.223911,55.41649,750,141.3,301.1
25.226624,55.41158,650,141.3,301.1
25.22959,55.406229,550,141.8,301.5
25.232437,55.401154,475,143.2,301.6
25.235229,55.396169,375,142.7,301.2
25.236946,55.393015,300,141.8,301.5
25.238388,55.390472,275,139.6,301.5
25.244801,55.378867,-50.0,85.0,300.9
25.247589,55.37384,-50.0,73.0,300.9
25.247761,55.373535,-50.0,71.0,300.9
25.247979,55.373128,-50.0,71.0,303.8
25.248537,55.37213,-50.0,62.5,300.9
25.248898,55.371469,-50.0,59.5,300.9
25.249073,55.371159,-50.0,54.5,300.9
25.249934,55.369306,-50.0,45.5,289.7
25.250954,55.36293,-50.0,29.5,300.9
25.251586,55.361805,-50.0,21.5,300.9
25.25161,55.361766,-50.0,21.5,300.9
25.253425,55.358475,-50.0,20.5,300.9
25.255764,55.354277,-50.0,19.5,300.9
25.255966,55.353928,-50.0,17.5,300.9
25.256067,55.35372,-50.0,12.8,300.9
25.256137,55.353591,-50.0,9.8,300.9
25.256413,55.353076,-50.0,3.2,300.9
25.256927,55.352135,-50.0,8.8,300.9
25.256998,55.35201,-50.0,5.2,300.9
25.256265,55.349186,-50.0,11.8,210.9
25.256149,55.349108,-50.0,10.8,210.9
25.256126,55.349096,-50.0,10.8,210.9
25.255852,55.348918,-50.0,11.2,210.9
25.255555,55.348719,-50.0,7.8,210.9
25.255311,55.348564,-50.0,5.8,210.9
25.255028,55.348371,-50.0,7.8,210.9
25.254902,55.348155,-50.0,5.8,241.9
25.254925,55.348091,-50.0,5.2,258.8
25.25495,55.34802,-50.0,4.2,275.6
25.255199,55.347621,-50.0,8.2,300.9
25.25528,55.347455,-50.0,6.2,300.9
25.255371,55.347303,-50.0,1.1,300.9
25.255369,55.347281,-50.0,0.0,300.9
25.255371,55.347277,-50.0,0.0,300.9
25.255383,55.34729,-50.0,0.0,300.9
25.25538,55.347281,-50.0,0.0,300.9
25.255383,55.34729,-50.0,0.0,300.9
25.25538,55.347294,-50.0,0.0,300.9
25.255383,55.34729,-50.0,0.0,300.9
25.25538,55.347294,-50.0,0.0,300.9
25.25538,55.347294,-50.0,0.0,300.9
25.255392,55.347281,-50.0,0.0,300.9
25.255394,55.347277,-50.0,0.0,300.9
25.255428,55.347277,-50.0,0.0,300.9
25.255404,55.347281,-50.0,0.0,300.9
25.255405,55.347277,-50.0,0.0,300.9
25.255405,55.347277,-50.0,0.0,300.9
25.255394,55.347277,-50.0,0.0,300.9
25.255392,55.347281,-50.0,0.0,300.9
25.255404,55.347281,-50.0,0.0,300.9
25.255394,55.347277,-50.0,0.0,300.9
25.25538,55.347281,-50.0,0.0,300.9
25.255405,55.347277,-50.0,0.0,300.9
25.255392,55.347294,-50.0,0.0,300.9
25.255404,55.347268,-50.0,0.0,300.9
25.255405,55.347265,-50.0,0.0,300.9
25.255405,55.347265,-50.0,0.0,300.9
25.255394,55.347277,-50.0,0.0,300.9
25.25538,55.347281,-50.0,0.0,300.9
25.255392,55.347281,-50.0,0.0,300.9
25.255394,55.347277,-50.0,0.0,300.9
25.255392,55.347281,-50.0,0.0,300.9
25.255392,55.347281,-50.0,0.0,300.9
25.255369,55.347333,-50.0,1.6,300.9
25.255264,55.347502,-50.0,2.2,300.9
25.255257,55.347519,-50.0,2.2,300.9
25.255188,55.347646,-50.0,1.4,300.9
25.255131,55.347761,-50.0,2.2,303.8
25.255089,55.347813,-50.0,1.9,303.8
25.255066,55.347864,-50.0,2.2,306.6
25.255028,55.347939,-50.0,2.2,312.2
25.255008,55.347981,-50.0,2.2,317.8
25.254993,55.348002,-50.0,2.2,320.6
25.254971,55.348053,-50.0,2.2,329.1
25.254948,55.348078,-50.0,2.2,334.7
25.254915,55.348111,-50.0,2.2,343.1
25.254879,55.348129,-50.0,1.9,345.9
25.254857,55.348136,-50.0,1.9,351.6
25.254833,55.348155,-50.0,1.9,354.4
25.254684,55.348167,-50.0,2.2,2.8
25.254577,55.348175,-50.0,2.2,5.6
25.25457,55.348167,-50.0,2.2,5.6
25.254333,55.348136,-50.0,1.6,2.8
25.254284,55.348129,-50.0,1.6,0.0
25.254263,55.348124,-50.0,1.4,0.0
25.254581,55.348155,-50.0,6.2,8.4
25.254753,55.348206,-50.0,7.2,11.2
25.254833,55.348231,-50.0,7.8,16.9
25.254971,55.348307,-50.0,8.8,22.5
25.255078,55.34837,-50.0,9.8,28.1
25.255257,55.348485,-50.0,10.2,30.9
25.255508,55.348655,-50.0,11.8,30.9
25.25568,55.348765,-50.0,12.2,30.9
25.256055,55.349017,-50.0,14.2,30.9
25.25631,55.349185,-50.0,15.5,30.9
25.256447,55.349274,-50.0,15.5,30.9
25.259354,55.351206,-50.0,21.5,30.9
25.260281,55.35183,-50.0,22.5,30.9
25.260524,55.351984,-50.0,22.5,30.9
25.260876,55.352224,-50.0,20.5,30.9
25.26099,55.352313,-50.0,18.5,33.8
25.261093,55.352402,-50.0,17.5,39.4
25.261176,55.352515,-50.0,16.5,47.8
25.261242,55.352745,-50.0,14.2,70.3
25.261242,55.352885,-50.0,13.8,84.4
25.261223,55.352969,-50.0,13.8,92.8
25.261153,55.35315,-50.0,14.2,115.3
25.260921,55.353508,-50.0,15.5,120.9
25.260738,55.353864,-50.0,16.5,120.9
25.260524,55.354239,-50.0,18.5,120.9
25.26014,55.354938,-50.0,19.5,120.9
25.259949,55.355288,-50.0,20.5,120.9
25.25972,55.355682,-50.0,21.5,120.9
25.259514,55.356064,-50.0,22.5,120.9
25.259171,55.356674,-50.0,23.5,120.9
25.259022,55.356941,-50.0,24.5,120.9
25.254719,55.36471,-50.0,26.5,120.9
25.254433,55.365219,-50.0,26.5,120.9
25.254055,55.365918,-50.0,28.5,120.9
25.253803,55.366364,-50.0,28.5,120.9
25.253472,55.366974,-50.0,28.5,120.9
25.253181,55.367505,-50.0,29.5,120.9
25.252888,55.368042,-50.0,29.5,120.9
25.25267,55.368423,-50.0,29.5,123.8
25.252448,55.368814,-50.0,28.5,120.9
25.252226,55.369202,-50.0,28.5,120.9
25.251854,55.369876,-50.0,27.5,120.9
25.25156,55.37042,-50.0,26.5,120.9
25.251365,55.370796,-50.0,25.5,120.9
25.251133,55.371184,-50.0,24.5,120.9
25.2509,55.371586,-50.0,23.5,120.9
25.250656,55.372035,-50.0,23.5,120.9
25.250324,55.372632,-50.0,23.5,120.9
25.25013,55.373001,-50.0,23.5,120.9
25.249603,55.373942,-50.0,20.5,120.9
25.249271,55.37454,-50.0,20.5,120.9
25.249077,55.374883,-50.0,19.5,120.9
25.248886,55.375227,-50.0,18.5,120.9
25.248665,55.375615,-50.0,16.5,120.9
25.248459,55.375989,-50.0,16.5,120.9
25.24823,55.376396,-50.0,15.5,120.9
25.248013,55.376803,-50.0,13.2,120.9
25.247795,55.377197,-50.0,11.8,120.9
25.247583,55.377584,-50.0,9.2,120.9
25.247406,55.377897,-50.0,4.8,120.9
25.247314,55.378087,-50.0,5.8,120.9
25.247143,55.37838,-50.0,4.8,120.9
25.247063,55.37852,-50.0,2.8,120.9
25.246777,55.37899,-50.0,5.2,123.8
25.246652,55.379398,-50.0,7.2,98.4
25.246674,55.379461,-50.0,7.2,87.2
25.24678,55.379593,-50.0,6.2,56.2
25.246826,55.379619,-50.0,6.2,47.8
25.246902,55.379651,-50.0,5.8,33.8
25.246994,55.37969,-50.0,3.2,28.1
25.247017,55.379715,-50.0,2.8,30.9
25.247117,55.379774,-50.0,1.9,30.9
25.247143,55.379791,-50.0,2.8,30.9
25.247397,55.379955,-50.0,7.8,30.9
25.247618,55.380111,-50.0,8.2,30.9
25.248161,55.380198,-50.0,7.8,340.3
25.2482,55.380137,-50.0,8.2,323.4
25.248304,55.379929,-50.0,8.8,303.8
25.248386,55.379774,-50.0,10.2,300.9
25.248791,55.379028,-50.0,32.5,300.9
25.248905,55.378812,-50.0,38.5,300.9
25.249282,55.378129,-50.0,57.5,300.9
25.251343,55.374349,325,57.5,0.0
25.252448,55.372441,325,123.8,301.1
25.253239,55.370938,325,138.6,300.8
25.256378,55.365245,350,167.2,300.5
25.258406,55.361507,575,167.2,300.5
25.259262,55.359955,675,167.2,300.5
25.259896,55.35876,775,167.2,300.5
25.262146,55.354513,1050,170.0,300.8
25.262833,55.353343,1150,170.0,300.8
25.26384,55.351461,1275,170.5,301.1
25.264458,55.350313,1350,170.5,301.1
25.265533,55.348358,1450,173.2,301.3
25.266586,55.346527,1550,175.4,301.2
25.267903,55.344146,1625,179.9,301.1
25.269516,55.341187,1725,182.1,301.1
25.270417,55.339534,1750,185.7,301.1
25.272046,55.336632,1850,188.0,301.1
25.272977,55.334922,1900,190.7,301.3
25.274141,55.332797,2000,192.9,301.2
25.275009,55.331268,2075,194.3,301.3
25.27597,55.329488,2175,194.3,301.3
25.277115,55.327454,2275,194.3,301.3
25.278051,55.325697,2350,194.3,301.3
25.279075,55.323935,2425,193.5,301.5
25.280007,55.322225,2525,193.5,301.5
25.28096,55.320587,2575,195.7,301.4
25.282613,55.317613,2675,198.4,301.6
25.28389,55.315348,2725,202.0,301.6
25.286087,55.311381,2825,206.5,301.5
25.287595,55.308389,2900,208.2,301.2
25.288107,55.307352,2925,212.2,299.3
25.2892,55.304616,3000,216.0,295.5
25.289876,55.302585,3050,218.4,292.3
25.290802,55.299123,3150,222.6,287.8
25.291645,55.294915,3250,225.6,283.9
25.292038,55.291951,3350,229.5,278.5
25.292221,55.288747,3450,230.3,276.0
25.292267,55.286509,3550,232.1,271.7
25.292203,55.283359,3650,233.0,269.0
25.29197,55.280612,3750,234.5,266.3
25.291738,55.278332,3850,234.1,264.4
25.291351,55.274811,4000,234.7,263.1
25.291077,55.272573,4100,234.9,262.7
25.29076,55.269937,4200,233.9,262.6
25.290482,55.267588,4325,234.1,262.4
25.290207,55.26535,4425,233.9,262.6
25.289932,55.263112,4500,232.9,262.6
25.289703,55.260874,4600,232.9,262.6
25.289503,55.259054,4675,232.8,262.8
25.28927,55.257033,4775,232.7,263.1
25.289017,55.254618,4875,232.7,263.1
25.288788,55.25238,4975,233.6,263.4
25.288513,55.24999,5075,233.6,263.4
25.288239,55.247142,5175,233.5,263.6
25.287967,55.244699,5275,233.5,263.6
25.287827,55.242869,5350,233.5,263.6
25.287455,55.239361,5500,233.3,263.9
25.287222,55.23677,5600,234.3,263.9
25.286957,55.234426,5700,235.3,263.9
25.286757,55.232003,5775,235.3,263.9
25.286499,55.22939,5875,236.3,263.9
25.286198,55.226561,5975,236.3,263.9
25.285995,55.224355,6075,237.3,264.0
25.285686,55.221275,6175,238.4,263.7
25.285446,55.218913,6275,238.4,263.7
25.285217,55.21637,6375,239.4,263.8
25.284943,55.213877,6425,240.4,263.8
25.284662,55.210756,6500,243.5,263.6
25.284289,55.206973,6575,247.5,263.7
25.283963,55.203656,6625,250.5,263.8
25.283615,55.200348,6675,253.6,263.7
25.28334,55.19755,6725,258.5,263.8
25.282939,55.193654,6775,262.6,263.7
25.28266,55.190908,6800,265.7,263.5
25.282288,55.187022,6875,269.7,263.6
25.281776,55.182201,6950,273.8,263.5
25.281189,55.176493,7075,277.7,263.6
25.280502,55.169932,7250,280.8,263.5
25.27977,55.162913,7450,282.9,263.3
25.279169,55.157223,7650,283.9,263.3
25.278517,55.151315,7850,284.9,263.4
25.277865,55.145252,8050,284.9,263.4
25.277252,55.139262,8250,285.9,263.4
25.276701,55.13411,8450,285.9,263.4
25.27597,55.127055,8650,287.9,263.4
25.275305,55.121103,8825,288.9,263.4
25.274689,55.115,9025,291.0,263.3
25.273956,55.108032,9225,292.0,263.3
25.273361,55.102234,9425,292.0,263.3
25.272791,55.09685,9600,293.0,263.3
25.272171,55.091095,9800,293.0,263.3
25.271487,55.084465,10000,295.0,263.4
25.270798,55.078227,10175,297.0,263.4
25.270111,55.071716,10375,298.1,263.3
25.269253,55.063684,10575,301.0,263.3
25.268462,55.056014,10775,304.0,263.4
25.26767,55.048707,10950,306.1,263.2
25.266972,55.042022,11150,308.1,263.3
25.266134,55.034145,11350,310.1,263.3
25.265249,55.026061,11550,313.1,263.4
25.264412,55.01808,11750,315.2,263.3
25.263657,55.010783,11950,317.2,263.3
25.261991,54.995382,12350,320.3,263.2
25.260498,54.981588,12750,322.2,263.2
25.258965,54.966776,13150,323.2,263.2
25.257431,54.95285,13550,325.3,263.1
25.255783,54.937388,13950,328.3,263.2
25.2556,54.935557,13975,329.3,263.2
25.255188,54.932048,14050,331.3,263.2
25.253658,54.917752,14275,338.4,263.2
25.253286,54.914332,14350,340.4,263.2
25.253099,54.912415,14400,340.4,263.2
25.252716,54.908854,14500,341.4,263.3
25.252258,54.904887,14625,340.4,263.2
25.251022,54.893036,15025,338.4,263.2
25.249649,54.880524,15425,338.4,263.2
25.248211,54.867433,15825,338.5,263.0
25.247314,54.85906,16050,339.5,263.1
25.24704,54.856466,16100,340.5,263.1
25.244888,54.83668,16450,348.4,263.2
25.243277,54.821829,16725,352.4,263.3
25.242279,54.812622,16925,353.4,263.3
25.241913,54.809011,16975,355.4,263.4
25.240856,54.799131,17075,359.5,263.3
25.238854,54.780216,17275,368.5,263.3
25.238113,54.773712,17350,371.6,263.2
25.237318,54.766224,17475,373.6,263.2
25.234991,54.745132,17875,375.7,263.1
25.233966,54.735649,18050,376.7,263.1
25.231476,54.713033,18400,380.7,263.2
25.229171,54.691859,18800,381.8,263.1
25.226984,54.671493,19200,382.7,263.2
25.224701,54.650421,19575,384.8,263.1
25.222321,54.628703,19975,386.7,263.2
25.219861,54.606145,20350,389.7,263.2
25.217331,54.583232,20700,393.8,263.1
25.214787,54.559867,21050,397.8,263.2
25.213809,54.546912,21225,398.2,265.5
25.213809,54.537428,21400,397.0,269.4
25.214264,54.528453,21525,395.8,273.6
25.215345,54.519757,21675,395.1,277.1
25.216553,54.512736,21800,394.0,280.8
25.218842,54.502818,21975,393.4,284.4
25.223166,54.485399,22350,392.0,285.4
25.227493,54.46818,22725,391.1,285.4
25.232025,54.450124,23100,390.8,285.3
25.234543,54.439952,23275,391.1,285.4
25.236992,54.430208,23400,393.0,285.3
25.244254,54.401032,23700,400.3,285.4
25.250702,54.375407,24050,404.4,285.3
25.256607,54.351705,24400,405.6,285.4
25.262192,54.329376,24800,404.7,285.5
25.268229,54.305368,25175,405.6,285.4
25.274506,54.280039,25500,408.3,285.2
25.280914,54.253998,25825,410.2,285.1
25.28508,54.237111,25950,409.2,285.2
25.289017,54.221039,26000,408.3,285.2
25.298859,54.181061,26000,409.2,285.2
25.308701,54.141134,26000,410.2,285.1
25.313245,54.120673,26000,410.2,283.4
25.321717,54.080718,26000,410.7,283.1
25.330261,54.04068,26000,409.7,283.1
25.338821,54.000193,26000,409.7,283.1
25.347198,53.960419,26000,409.7,283.1
25.355438,53.921153,26000,408.5,283.0
25.36394,53.880684,26000,408.7,283.1
25.372513,53.840383,26000,409.7,283.1
25.380707,53.801473,26000,409.7,283.1
25.388985,53.761959,26000,409.5,283.0
25.397369,53.72167,26000,407.3,282.9
25.405558,53.682568,26000,408.5,283.0
25.414124,53.641939,26000,408.7,283.1
25.422643,53.601569,26000,408.5,283.0
25.431015,53.561605,26000,408.5,283.0
25.439392,53.521322,26000,409.2,282.9
25.447688,53.481083,26000,409.2,282.9
25.455695,53.442371,26000,409.2,282.9
25.463981,53.402261,26000,409.2,282.9
25.471988,53.363498,26000,409.2,282.9
25.47995,53.325246,26000,409.5,283.0
25.488281,53.285065,26000,409.2,282.9
25.496429,53.24585,26000,409.2,282.9
25.503571,53.211161,26000,410.2,282.8
25.511719,53.171539,26000,410.0,282.7
25.519867,53.131765,26000,410.0,282.7
25.527944,53.092415,26000,410.0,282.7
25.535392,53.055881,26000,410.0,282.7
25.543396,53.016713,26000,410.0,282.7
25.551636,52.976023,26000,410.0,282.7
25.558435,52.943685,26000,409.4,283.6
25.561935,52.929891,26000,409.3,285.7
25.564819,52.919973,26000,408.9,288.0
25.56958,52.905833,26000,409.2,290.6
25.573334,52.895813,26000,409.3,291.8
25.577545,52.885742,26000,408.6,294.4
25.583667,52.87243,26000,408.8,296.8
25.590743,52.857919,26000,408.5,298.2
25.599681,52.839522,25900,407.6,298.3
25.614159,52.809725,25650,404.9,298.1
25.62854,52.780151,25400,404.0,298.2
25.642548,52.751363,25150,408.5,298.2
25.659988,52.715556,24825,409.8,298.2
25.672954,52.68872,24550,408.0,298.1
25.68045,52.673442,24425,405.8,298.4
25.687042,52.661133,24300,404.1,300.8
25.693437,52.650112,24175,402.5,303.1
25.702194,52.63621,24075,399.8,305.1
25.713501,52.6185,24000,398.2,305.3
25.734283,52.585907,24000,399.8,305.1
25.75177,52.558492,24000,402.0,305.1
25.769783,52.530195,24000,403.4,305.1
25.786635,52.50361,24000,402.8,305.0
25.80763,52.470548,24000,402.8,305.0
25.826111,52.441406,24000,402.0,305.1
25.847351,52.407998,24000,402.0,305.1
25.866074,52.378511,24000,402.0,305.1
25.884348,52.349748,24000,402.0,305.1
25.904114,52.318501,24000,400.6,305.0
25.923033,52.288636,24000,400.6,305.0
25.932495,52.273727,24000,401.4,305.0
25.950033,52.245959,24000,401.4,305.0
25.960052,52.230196,24000,401.4,305.0
25.985458,52.190034,24000,401.4,305.0
25.992023,52.179618,24000,401.4,305.0
26.056312,52.077836,24000,401.4,305.0
26.057243,52.076305,24000,401.4,305.0
26.079076,52.041867,24000,402.0,305.1
26.115619,51.983555,24000,0.0,0.0
26.186425,50.814356,2475,200.0,226.2
26.186005,50.813685,2475,191.2,232.6
26.184677,50.811146,2450,189.4,237.1
26.183585,50.80844,2450,188.5,238.7
26.183353,50.807436,2425,185.5,247.2
26.182846,50.80529,2425,183.9,254.2
26.182515,50.802947,2400,183.4,259.0
26.182468,50.799831,2400,182.5,265.9
26.182561,50.797876,2400,183.1,271.9
26.183027,50.794126,2375,183.1,271.9
26.183446,50.792277,2375,184.0,280.3
26.183899,50.790417,2375,184.4,285.1
26.184796,50.787788,2375,184.7,288.6
26.185494,50.78615,2350,184.0,291.7
26.18703,50.782612,2350,184.3,295.0
26.19223,50.77145,2325,184.3,296.4
26.193455,50.768826,2325,184.3,296.4
26.2099,50.73932,2075,177.6,302.4
26.268333,50.633965,-50.0,9.8,45.0
26.260208,50.649046,-50.0,11.8,87.2
26.261188,50.650063,-50.0,13.8,8.4
26.261364,50.650017,-50.0,12.8,348.8
26.270416,50.634483,300,139.0,302.7
26.272035,50.631602,300,162.3,302.4
26.274216,50.627798,500,169.5,302.5
26.275433,50.625687,600,167.3,302.5
26.276643,50.623574,700,167.3,302.5
26.289093,50.610386,1375,177.6,335.0
26.294174,50.608572,1500,185.1,343.0
26.297607,50.607588,1575,189.2,345.3
26.30099,50.606725,1650,194.1,346.9
26.304016,50.605981,1725,197.7,347.4
26.306856,50.605299,1775,202.6,347.8
26.310104,50.60453,1825,207.5,348.0
26.312897,50.603857,1875,211.6,348.0
26.315277,50.603286,1900,214.8,347.9
26.316788,50.602924,1925,217.7,348.1
26.320077,50.602129,1975,221.8,348.0
26.32422,50.601179,2050,225.9,348.0
26.353548,50.59521,2525,225.9,348.0
26.361099,50.595824,2700,261.8,355.4
26.365419,50.597006,2825,269.3,11.4
26.36891,50.598485,2925,270.1,17.2
26.377899,50.604945,3250,270.6,37.0
26.37971,50.606725,3350,270.4,40.0
26.382317,50.609524,3450,268.9,42.9
26.386597,50.614532,3625,266.6,45.2
26.396851,50.627902,4100,259.8,50.0
26.41214,50.647646,4600,259.8,50.0
26.421936,50.659876,4925,259.8,50.0
26.652649,51.476285,21875,0.0,0.0
26.49232,51.971036,26900,454.7,110.5
26.467089,52.046251,27425,461.0,110.4
26.453705,52.086389,27725,462.9,110.3
26.424726,52.173544,28300,0.0,0.0
26.410172,52.217085,28575,470.5,110.4
26.406097,52.229159,28625,471.8,110.5
26.391541,52.272586,28850,473.1,110.5
26.383853,52.295397,28975,476.0,110.4
26.369751,52.337416,29150,479.1,110.4
26.355643,52.378957,29375,480.1,110.7
26.348939,52.397021,29500,481.2,112.3
26.334274,52.435101,29850,479.8,113.2
26.321287,52.468907,30150,478.1,113.0
26.307175,52.50589,30475,476.8,113.0
26.293775,52.541005,30775,476.8,113.0
26.278793,52.5801,31075,476.2,113.1
26.262864,52.621501,31350,477.2,113.1
26.255814,52.639903,31500,477.6,113.2
26.243684,52.671256,31875,474.4,113.2
26.235443,52.692606,32050,473.1,113.2
26.221161,52.72997,32300,473.2,112.9
26.206955,52.76707,32550,474.0,113.1
26.193036,52.803409,32800,473.6,113.0
26.178791,52.840594,33050,473.6,113.0
26.164918,52.876669,33300,474.0,113.1
26.157349,52.895905,33450,471.9,113.7
26.146912,52.922749,33775,469.6,113.1
26.141739,52.93643,33925,467.5,112.8
26.138616,52.944753,33975,466.2,112.7
26.133636,52.957936,34025,467.1,112.7
26.12027,52.993072,34075,471.9,112.8
26.116643,53.003065,34150,472.4,112.0
26.109428,53.024351,34325,470.8,110.1
26.102817,53.046006,34525,468.7,108.3
26.091339,53.087129,34675,470.0,107.2
26.079941,53.127706,34900,470.0,107.2
26.075638,53.143149,34975,469.4,107.3
26.063341,53.186769,35000,466.9,107.2
26.050781,53.231765,35000,467.8,107.2
26.03952,53.27198,35050,471.0,107.2
26.026937,53.317126,35275,471.0,107.2
26.014664,53.360855,35500,471.3,107.3
26.004501,53.396975,35775,468.1,107.3
25.999192,53.415844,35900,466.9,107.2
25.996632,53.425035,35950,467.2,107.3
25.984634,53.467557,36125,468.1,107.3
25.97319,53.508341,36350,467.2,107.3
25.961609,53.549436,36575,466.2,107.3
25.950531,53.588614,36825,465.2,107.4
25.942886,53.615665,36975,464.3,107.4
25.932948,53.650835,37000,466.5,107.5
25.92009,53.696249,37000,468.4,107.4
25.907112,53.741948,37000,468.7,107.5
25.894496,53.78621,37000,469.7,107.5
25.881363,53.832386,37000,468.7,107.5
25.868454,53.877782,37000,468.4,107.4
25.855811,53.922377,37000,469.7,107.5
25.842916,53.967538,37000,469.7,107.5
25.829788,54.013384,37000,469.7,107.5
25.817173,54.057606,37025,470.0,107.6
25.80423,54.102681,37000,470.0,107.6
25.79115,54.14845,37025,470.0,107.6
25.778137,54.193726,37025,470.0,107.6
25.76536,54.23831,37000,470.0,107.6
25.752372,54.283447,37000,469.0,107.6
25.739456,54.328156,37025,469.3,107.7
25.726396,54.373359,37000,469.0,107.6
25.713501,54.418081,37000,469.3,107.7
25.700317,54.463603,37000,469.3,107.7
25.687106,54.509185,37000,469.3,107.7
25.674025,54.554374,37000,468.4,107.8
25.661407,54.597829,37000,468.4,107.8
25.648468,54.642369,37000,467.4,107.8
25.635361,54.687347,37000,467.4,107.8
25.622352,54.732021,37000,467.4,107.8
25.609772,54.775035,37000,466.5,107.8
25.596795,54.819445,37000,466.5,107.8
25.583725,54.864044,37000,466.8,108.0
25.570399,54.909357,36975,466.8,108.0
25.557175,54.954427,37000,467.4,107.8
25.544037,54.999186,37000,467.7,107.9
25.53083,55.044095,37000,467.7,107.9
25.517842,55.088403,37000,467.7,107.9
25.504395,55.134226,37000,467.7,107.9
25.491167,55.179144,37000,468.0,108.1
25.478027,55.223592,37000,468.0,108.1
25.464726,55.268486,37000,468.3,108.2
25.451477,55.312856,37000,468.3,108.2
25.437973,55.358276,37000,468.3,108.2
25.424784,55.402654,37000,468.3,108.2
25.411514,55.447337,37000,468.0,108.1
25.398422,55.491384,37000,468.3,108.2
25.384964,55.536601,37000,468.3,108.2
25.371575,55.581389,37000,468.7,108.3
25.358231,55.625966,37000,468.3,108.2
25.34491,55.67042,37000,467.7,108.3
25.33168,55.714727,37000,468.3,108.2
25.318222,55.759481,37000,468.7,108.3
25.304819,55.804069,37000,468.7,108.3
25.291412,55.84874,37000,468.7,108.3
25.278098,55.892996,37000,469.0,108.4
25.264644,55.937771,37000,469.9,108.4
25.251251,55.982157,37000,469.9,108.4
25.23797,56.026128,37000,470.2,108.5
25.22447,56.070643,37000,470.2,108.5
25.210644,56.11635,37000,470.2,108.5
25.19719,56.160658,37000,470.2,108.5
25.183594,56.205292,37000,470.2,108.5
25.170135,56.249542,37025,469.3,108.5
25.156643,56.293893,37025,469.3,108.5
25.142957,56.338668,37025,468.3,108.6
25.12941,56.383183,37025,468.3,108.6
25.115845,56.427561,37025,467.4,108.6
25.102363,56.471592,37000,466.4,108.6
25.090679,56.510355,37000,466.2,107.7
25.084999,56.531758,37000,466.3,105.7
25.079925,56.553627,37000,466.2,103.7
25.074875,56.578979,37000,466.0,101.9
25.066099,56.625245,36975,466.0,101.9
25.057251,56.671295,36975,465.0,101.9
25.048691,56.716258,36975,465.8,101.8
25.039856,56.762644,36975,465.8,101.8
25.031045,56.808644,37000,466.0,101.9
25.022461,56.853434,37000,465.0,101.9
25.013588,56.899437,37000,465.0,101.9
25.004929,56.944173,37025,465.2,102.0
24.996048,56.990407,37025,464.8,101.8
24.987305,57.03598,37000,464.0,101.9
24.978561,57.080943,37000,464.2,102.1
24.969829,57.125849,37000,464.2,102.1
24.961077,57.170779,37000,463.3,102.1
24.952148,57.216543,37000,463.3,102.1
24.943451,57.261251,37000,463.3,102.1
24.935028,57.304586,37000,464.2,102.1
24.926163,57.349877,37000,464.2,102.1
24.917644,57.393252,37000,464.5,102.2
24.908844,57.438354,37000,464.5,102.2
24.899689,57.484996,37000,464.5,102.2
24.891016,57.528974,37025,464.5,102.2
24.882156,57.574107,37000,464.5,102.2
24.873187,57.619663,37025,464.5,102.2
24.864258,57.664948,37025,464.7,102.3
24.855377,57.709656,37025,463.7,102.3
24.846634,57.753652,37025,463.7,102.3
24.83812,57.796478,37000,463.7,102.3
24.829008,57.842344,37000,463.7,102.3
24.820084,57.886403,37000,464.1,102.6
24.810974,57.931264,37000,464.1,102.6
24.801775,57.97646,37000,464.1,102.6
24.792847,58.020274,37000,464.1,102.6
24.783713,58.065024,37000,464.1,102.6
24.774811,58.108622,37000,464.1,102.6
24.76593,58.151906,37000,465.3,102.7
24.756775,58.196564,37000,465.3,102.7
24.747495,58.241635,37000,465.3,102.7
24.738418,58.28615,37000,466.3,102.6
24.72948,58.329577,37000,466.5,102.8
24.719971,58.375397,37000,466.3,102.6
24.71058,58.421717,37000,466.3,102.6
24.701889,58.463898,37000,466.5,102.8
24.692704,58.508105,37025,466.7,102.9
24.683716,58.551229,37000,467.7,102.8
24.679902,58.569566,37025,466.7,102.9
24.670731,58.61346,37000,466.7,102.9
24.661607,58.657405,37000,467.5,102.7
24.652994,58.698759,37025,467.7,102.8
24.686698,66.568961,17100,399.5,75.7
24.68811,66.57491,17000,398.5,75.6
24.698822,66.620687,16125,398.5,75.6
24.703317,66.639957,15775,390.2,75.6
24.706017,66.651306,15575,386.1,75.6
24.706467,66.65329,15525,384.2,75.5
24.709974,66.668097,15175,384.2,75.5
24.718735,66.705678,14325,381.0,75.6
24.72258,66.722005,13925,380.1,75.5
24.725464,66.734314,13650,379.8,75.7
24.728165,66.746063,13375,378.6,75.8
24.732147,66.763204,12975,377.6,75.7
24.736221,66.780599,12625,375.7,75.7
24.741165,66.80186,12275,369.6,75.6
24.744563,66.81636,12050,365.5,75.6
24.74675,66.825765,11850,363.3,75.7
24.748985,66.835275,11650,361.1,75.7
24.749817,66.838938,11575,361.1,75.7
24.750687,66.842651,11525,360.2,75.7
24.752106,66.848602,11450,358.0,75.8
24.756042,66.865743,11325,348.5,75.9
24.759933,66.882579,11175,339.3,75.8
24.76337,66.897462,11025,332.3,75.7
24.767001,66.913164,10875,324.0,75.7
24.770865,66.929799,10750,315.8,75.7
24.774263,66.944672,10625,308.5,75.7
24.777878,66.960347,10500,300.3,75.7
24.781246,66.974833,10375,293.0,75.8
24.784691,66.989861,10250,285.7,75.8
24.787354,67.001343,10075,281.6,75.8
24.790009,67.012736,9900,279.6,75.7
24.792068,67.02179,9700,278.4,75.9
24.794327,67.031319,9500,278.7,75.7
24.796608,67.041217,9300,278.7,75.7
24.79866,67.049917,9100,278.7,75.7
24.800903,67.05953,8900,278.7,75.7
24.803101,67.06899,8700,278.4,75.9
24.805174,67.078011,8500,279.2,76.1
24.807222,67.087235,8325,279.2,76.1
24.809692,67.098033,8125,278.2,76.1
24.811661,67.106679,7925,278.2,76.1
24.813879,67.116463,7725,278.4,75.9
24.816147,67.126312,7525,278.4,75.9
24.818253,67.135366,7325,278.7,75.7
24.82045,67.144725,7125,278.7,75.7
24.821746,67.150407,7025,279.6,75.7
24.822556,67.153931,6925,279.4,75.9
24.823608,67.158508,6825,279.6,75.7
24.824615,67.162781,6725,280.6,75.8
24.825703,67.167715,6625,281.3,76.0
24.826675,67.171936,6525,281.6,75.8
24.827705,67.176318,6425,282.6,75.9
24.828636,67.18036,6325,282.6,75.9
24.82966,67.184972,6225,283.5,75.9
24.830731,67.189481,6125,283.5,75.9
24.832031,67.195129,6025,283.5,75.9
24.833012,67.199379,5925,283.5,75.9
24.834229,67.204793,5825,283.5,75.9
24.835386,67.209899,5725,283.5,75.9
24.836563,67.215017,5625,283.5,75.9
24.837845,67.220459,5525,283.5,75.9
24.839081,67.225952,5425,283.5,75.9
24.840228,67.230887,5325,283.5,75.9
24.841531,67.236484,5225,283.5,75.9
24.842651,67.241465,5125,283.5,75.9
24.843905,67.246796,5025,282.6,75.9
24.845069,67.251978,4925,283.5,75.9
24.846176,67.256673,4825,283.5,75.9
24.847458,67.262268,4725,283.5,75.9
24.848831,67.268422,4625,283.5,75.9
24.8508,67.276967,4525,283.5,75.9
24.852471,67.284316,4425,284.5,76.0
24.854473,67.293022,4325,284.5,76.0
24.856335,67.301158,4225,284.5,76.0
24.85829,67.309553,4125,283.5,75.9
24.860046,67.317149,4025,282.6,75.9
24.862106,67.326202,3925,282.6,75.9
24.864155,67.33505,3825,282.6,75.9
24.865785,67.342149,3725,281.6,75.8
24.867693,67.350596,3625,281.6,75.8
24.870026,67.359568,3525,279.4,73.6
24.871883,67.36464,3500,277.4,68.4
24.873885,67.368993,3450,276.0,62.6
24.876389,67.37325,3425,273.6,58.0
24.878403,67.376099,3400,272.0,52.9
24.880966,67.3791,3375,270.4,47.4
24.883759,67.381744,3375,267.7,41.7
24.886826,67.384074,3350,265.0,35.8
24.889666,67.385784,3350,262.1,30.0
24.893949,67.387805,3350,259.1,24.4
24.897114,67.388841,3350,255.5,18.7
24.900604,67.389577,3350,251.8,13.3
24.903958,67.389981,3350,247.5,6.3
24.907516,67.390035,3350,244.0,0.9
24.911778,67.389618,3375,241.7,355.7
24.915037,67.388945,3375,240.0,350.9
24.919373,67.387746,3375,237.7,346.4
24.93133,67.384177,3375,233.4,344.6
24.934341,67.383118,3375,229.6,342.5
24.937363,67.381643,3375,225.3,336.7
24.93924,67.380269,3375,221.5,331.7
24.941254,67.378591,3375,216.6,323.5
24.94281,67.376912,3375,213.8,317.6
24.944318,67.374797,3375,212.4,312.0
24.94519,67.373454,3375,211.0,306.3
24.946518,67.370555,3375,209.9,301.0
24.947296,67.368266,3375,208.7,293.7
24.948136,67.365314,3375,207.8,287.6
24.948624,67.362773,3375,206.7,282.3
24.949113,67.358525,3375,205.9,277.8
24.949356,67.353973,3375,205.3,273.1
24.949356,67.348582,3350,204.0,269.7
24.94902,67.343134,3325,200.4,266.3
24.948648,67.339144,3250,197.0,264.2
24.947662,67.332102,3150,197.0,264.2
24.946972,67.328105,3100,193.4,259.3
24.946106,67.323914,3025,191.4,257.6
24.944687,67.317454,2925,188.5,256.2
24.943667,67.313129,2825,187.0,255.4
24.941991,67.306392,2725,182.7,254.4
24.940842,67.30189,2675,178.6,254.4
24.940201,67.299398,2625,175.4,254.5
24.938919,67.294312,2525,172.3,254.5
24.937894,67.290223,2475,167.9,254.8
24.936404,67.284212,2375,162.8,254.7
24.935303,67.279867,2300,159.9,254.4
24.934449,67.27649,2250,155.8,254.4
24.933197,67.271372,2150,153.6,254.5
24.93187,67.266337,2075,149.5,254.5
24.930954,67.262675,2025,148.5,254.4
24.930865,67.262343,2000,142.4,254.1
24.929841,67.258249,1925,138.1,254.4
24.929189,67.255761,1875,133.7,254.8
24.927841,67.250315,1800,130.8,254.5
24.926582,67.245397,1700,128.6,254.7
24.925278,67.240143,1625,126.7,254.4
24.923859,67.23465,1525,126.7,254.4
24.922578,67.229591,1425,128.6,254.7
24.920809,67.222492,1325,131.7,254.6
24.919922,67.218882,1250,130.8,254.5
24.918594,67.213694,1150,131.0,254.1
24.917318,67.208396,1050,130.3,255.3
24.915894,67.202911,975,128.8,254.2
24.914658,67.197978,875,127.6,254.6
24.913315,67.192642,800,128.6,254.7
24.911957,67.187398,725,128.8,254.2
24.910708,67.182381,625,127.6,254.6
24.909404,67.177251,550,127.6,254.6
24.908432,67.17336,450,128.6,254.7
24.907242,67.16863,425,123.8,254.1
24.906784,67.16685,425,119.6,254.0
24.906693,67.166545,425,112.1,254.5
24.906355,67.165215,-50.0,102.5,253.1
24.906239,67.164762,-50.0,97.0,255.9
24.906166,67.164497,-50.0,97.0,255.9
24.905857,67.163289,-50.0,85.0,255.9
24.905754,67.162882,-50.0,81.0,255.9
24.905633,67.162365,-50.0,73.0,255.9
24.905471,67.161717,-50.0,68.5,255.9
24.905366,67.161302,-50.0,65.5,255.9
24.905284,67.160978,-50.0,63.5,255.9
24.904907,67.1595,-50.0,48.5,255.9
24.904854,67.159307,-50.0,46.5,255.9
24.904807,67.159087,-50.0,43.5,255.9
24.904714,67.158737,-50.0,38.5,253.1
24.904621,67.158368,-50.0,31.5,253.1
24.904564,67.158178,-50.0,28.5,253.1
24.904516,67.158025,-50.0,23.5,253.1
24.904458,67.157895,-50.0,17.5,244.7
24.904423,67.157856,-50.0,16.5,239.1
24.904353,67.157766,-50.0,16.5,230.6
24.904278,67.157694,-50.0,16.5,219.4
24.904118,67.157644,-50.0,16.5,202.5
24.903958,67.157623,-50.0,17.5,188.4
24.903877,67.157618,-50.0,17.5,182.8
24.903786,67.157644,-50.0,17.5,174.4
24.90366,67.157669,-50.0,17.5,168.8
24.903351,67.157771,-50.0,18.5,163.1
24.903073,67.157856,-50.0,18.5,163.1
24.90287,67.157936,-50.0,14.8,160.3
24.902756,67.158038,-50.0,12.8,146.2
24.90271,67.158076,-50.0,12.2,140.6
24.902619,67.158426,-50.0,12.8,95.6
24.902744,67.158839,-50.0,13.8,73.1
24.902852,67.159268,-50.0,14.8,73.1
24.902968,67.159709,-50.0,15.5,73.1
24.903076,67.160161,-50.0,16.5,73.1
24.903202,67.160619,-50.0,17.5,73.1
24.903271,67.160901,-50.0,17.5,75.9
24.903376,67.161315,-50.0,18.5,73.1
24.903465,67.161674,-50.0,19.5,73.1
24.903534,67.161954,-50.0,19.5,75.9
24.903643,67.162365,-50.0,20.5,73.1
24.90376,67.162831,-50.0,21.5,73.1
24.903853,67.163207,-50.0,22.5,75.9
24.903934,67.163544,-50.0,22.5,73.1
24.904051,67.163984,-50.0,22.5,73.1
24.90414,67.164332,-50.0,21.5,73.1
24.904278,67.164904,-50.0,20.5,73.1
24.904423,67.165448,-50.0,19.5,75.9
24.904516,67.165837,-50.0,19.5,75.9
24.904633,67.166316,-50.0,16.5,75.9
24.904633,67.166634,-50.0,12.8,95.6
24.904574,67.166783,-50.0,10.8,109.7
24.90453,67.166862,-50.0,10.8,118.1
24.904449,67.166939,-50.0,11.2,129.4
24.904272,67.167029,-50.0,12.2,151.9
24.90412,67.167081,-50.0,12.2,157.5
24.903923,67.167244,-50.0,12.8,140.6
24.903877,67.16732,-50.0,12.2,132.2
24.903841,67.16743,-50.0,11.2,118.1
24.90382,67.167638,-50.0,11.8,95.6
24.903843,67.167727,-50.0,12.2,87.2
24.903876,67.167858,-50.0,12.8,78.8
24.903969,67.168236,-50.0,13.8,75.9
24.904027,67.168441,-50.0,14.2,73.1
24.904132,67.168881,-50.0,14.8,75.9
24.904214,67.169218,-50.0,15.5,73.1
24.904278,67.169444,-50.0,15.5,73.1
24.904381,67.169851,-50.0,13.8,75.9
24.904427,67.170092,-50.0,11.8,78.8
24.904415,67.170334,-50.0,10.8,92.8
24.9044,67.170384,-50.0,10.8,98.4
24.904365,67.170462,-50.0,10.2,106.9
24.904278,67.170601,-50.0,10.8,123.8
24.904209,67.170664,-50.0,10.8,132.2
24.904083,67.170728,-50.0,11.2,149.1
24.903981,67.17076,-50.0,11.2,157.5
24.903876,67.170786,-50.0,11.8,163.1
24.903477,67.170893,-50.0,13.2,165.9
24.903225,67.17097,-50.0,13.8,163.1
24.90287,67.171071,-50.0,11.8,165.9
24.902724,67.171084,-50.0,10.2,171.6
24.902596,67.171097,-50.0,8.8,177.2
24.90255,67.171084,-50.0,8.8,180.0
24.902126,67.170753,-50.0,1.9,323.4
24.902115,67.170779,-50.0,2.2,331.9
24.902061,67.170864,-50.0,1.9,354.4
24.901898,67.17089,-50.0,1.6,22.5
24.902165,67.171032,-50.0,2.2,22.5
24.9022,67.171032,-50.0,2.2,22.5
24.902235,67.171045,-50.0,1.4,19.7
24.902526,67.171097,-50.0,5.8,8.4
24.902618,67.171097,-50.0,6.8,2.8
24.902712,67.171097,-50.0,7.8,0.0
24.902875,67.171071,-50.0,8.8,354.4
24.90303,67.171046,-50.0,9.8,348.8
24.903259,67.170967,-50.0,10.2,345.9
24.903625,67.170855,-50.0,11.2,345.9
24.903946,67.17076,-50.0,11.8,345.9
24.904232,67.170677,-50.0,11.8,343.1
24.904609,67.170553,-50.0,12.2,343.1
24.904976,67.170448,-50.0,12.2,345.9
24.905148,67.170397,-50.0,11.8,348.8
24.905273,67.170385,-50.0,11.2,354.4
24.905388,67.17041,-50.0,9.8,2.8
24.905445,67.170423,-50.0,9.2,8.4
24.905525,67.170474,-50.0,8.2,16.9
24.905587,67.170514,-50.0,7.2,25.3
24.905715,67.170682,-50.0,7.8,47.8
24.905754,67.170779,-50.0,7.8,56.2
24.905785,67.170851,-50.0,7.8,64.7
24.905796,67.170954,-50.0,8.2,70.3
24.905834,67.171097,-50.0,8.8,75.9
24.905948,67.171563,-50.0,10.8,75.9
24.906041,67.171939,-50.0,11.8,73.1
24.906169,67.172392,-50.0,12.8,73.1
24.906269,67.172852,-50.0,12.2,73.1
24.906395,67.173322,-50.0,13.2,73.1
24.906483,67.17361,-50.0,11.8,73.1
24.90659,67.173894,-50.0,7.8,64.7
24.906658,67.174009,-50.0,6.8,61.9
24.906727,67.17411,-50.0,7.2,56.2
24.906786,67.17418,-50.0,8.2,50.6
24.906879,67.174271,-50.0,9.2,45.0
24.906979,67.174352,-50.0,9.2,39.4
24.907077,67.174413,-50.0,10.2,33.8
24.907345,67.174594,-50.0,10.8,30.9
24.907642,67.174772,-50.0,11.2,28.1
24.907938,67.174945,-50.0,11.8,25.3
24.908019,67.174958,-50.0,11.2,16.9
24.908112,67.174962,-50.0,10.8,8.4
24.90818,67.174962,-50.0,10.2,2.8
24.90826,67.17495,-50.0,9.8,354.4
24.908352,67.174911,-50.0,9.8,345.9
24.908409,67.174873,-50.0,9.8,340.3
24.908461,67.174828,-50.0,9.8,331.9
24.908535,67.174759,-50.0,9.8,323.4
24.908601,67.174673,-50.0,9.8,315.0
24.908683,67.174517,-50.0,9.2,303.8
24.908694,67.174465,-50.0,8.2,292.5
24.908684,67.174428,-50.0,7.8,286.9
24.908661,67.174352,-50.0,6.8,270.0
24.908624,67.174284,-50.0,4.8,255.9
24.908558,67.173996,-50.0,9.8,255.9
24.908543,67.173908,-50.0,12.2,255.9
24.908508,67.173792,-50.0,16.5,255.9
24.908489,67.173691,-50.0,21.5,255.9
24.908455,67.173551,-50.0,26.5,253.1
24.908409,67.17336,-50.0,31.5,253.1
24.908352,67.173144,-50.0,36.5,253.1
24.908295,67.172928,-50.0,41.5,253.1
24.908226,67.172661,-50.0,47.5,253.1
24.908147,67.172341,-50.0,52.5,253.1
24.908066,67.172056,-50.0,57.5,253.1
24.907974,67.171669,-50.0,62.5,253.1
24.907915,67.17146,-50.0,67.5,253.1
24.907821,67.171084,-50.0,73.0,253.1
24.90774,67.17076,-50.0,73.0,253.1
24.907654,67.170397,-50.0,77.0,253.1
24.907589,67.170138,-50.0,83.0,253.1
24.907471,67.169711,-50.0,87.0,253.1
24.907425,67.169495,-50.0,87.0,253.1
24.90731,67.16905,-50.0,91.0,253.1
24.907242,67.168732,450,91.5,254.1
24.907077,67.16813,450,96.6,254.4
24.906797,67.167042,450,105.1,254.0
24.906509,67.165883,450,114.0,254.7
24.906372,67.165273,450,121.6,254.2
24.905866,67.163362,425,125.7,254.3
24.905685,67.162679,425,133.9,254.4
24.905308,67.161186,425,137.1,254.3
24.905136,67.16039,425,148.5,254.4
24.904563,67.158128,375,151.6,254.3
24.902939,67.151794,650,162.4,253.9
24.901816,67.147712,875,161.7,253.5
24.900558,67.142893,1150,161.1,254.1
24.900055,67.139231,1325,161.4,262.5
24.90014,67.137037,1425,162.2,267.5
24.90042,67.134549,1500,163.1,272.1
24.900792,67.132839,1550,163.1,272.1
24.901062,67.131958,1575,169.9,282.2
24.901351,67.131077,1600,173.0,287.5
24.902847,67.12794,1700,178.9,298.0
24.904541,67.125244,1800,180.1,300.0
24.908386,67.120158,2000,183.1,305.0
24.908985,67.119365,2025,191.6,310.3
24.911133,67.11675,2125,194.8,311.5
24.91333,67.114105,2225,198.9,312.4
24.915968,67.111022,2325,201.7,312.8
24.917225,67.109519,2375,207.3,312.9
24.919506,67.106824,2475,210.8,313.1
24.92157,67.10439,2575,213.7,313.1
24.923835,67.101746,2675,217.9,313.1
24.92601,67.099253,2750,220.7,313.2
24.927466,67.097496,2825,225.0,313.2
24.929855,67.094727,2925,229.2,313.2
24.931732,67.092539,3025,230.6,313.2
24.934113,67.089742,3125,233.5,313.3
24.935567,67.088065,3225,234.9,313.3
24.936722,67.08669,3300,234.9,313.3
24.93869,67.084401,3425,235.6,313.1
24.94043,67.082418,3525,236.3,313.3
24.941849,67.080739,3625,236.3,313.3
24.943268,67.079061,3725,236.3,313.3
24.944737,67.077337,3825,236.3,313.3
24.946413,67.07542,3925,237.7,313.3
24.947949,67.073658,4000,239.1,313.3
24.949812,67.071481,4100,239.8,313.5
24.951255,67.069771,4175,241.9,313.3
24.953582,67.067076,4325,241.9,313.3
24.955261,67.065125,4425,243.3,313.3
24.95755,67.062429,4575,244.1,313.2
24.959867,67.05977,4725,244.1,313.2
24.960892,67.058512,4800,243.4,313.0
24.962101,67.057127,4900,243.4,313.0
24.96405,67.05485,5025,243.4,313.0
24.965332,67.053274,5125,243.4,313.0
24.96991,67.047882,5450,241.3,312.8
24.971054,67.046509,5550,240.7,312.3
24.97225,67.044948,5625,240.8,312.0
24.974205,67.042254,5775,240.6,310.1
24.976044,67.039337,5875,241.9,305.1
24.977277,67.037071,5975,242.5,301.9
24.979791,67.030697,6175,244.6,297.0
24.98053,67.028097,6275,246.7,287.0
24.981048,67.025411,6350,248.2,282.8
24.98142,67.021369,6475,249.6,276.4
24.981374,67.01655,6600,253.0,269.3
24.981171,67.012431,6700,254.1,268.2
24.980955,67.009865,6750,257.7,265.8
24.98053,67.005208,6850,262.1,264.8
24.980301,67.002818,6875,265.4,264.2
24.980026,66.999919,6925,268.5,264.0
24.979605,66.995095,6975,273.4,264.1
24.979202,66.990662,7050,276.4,264.2
24.978907,66.987685,7075,281.4,264.3
24.978534,66.983487,7125,285.4,264.4
24.978208,66.979808,7200,290.3,264.7
24.977696,66.973226,7350,292.3,264.7
24.977097,66.96579,7550,295.1,265.0
24.976547,66.959127,7725,298.2,264.8
24.975998,66.95226,7925,300.1,265.0
24.975586,66.947225,8075,301.2,264.9
24.974991,66.940002,8275,303.2,264.9
24.974533,66.934408,8450,305.3,264.7
24.97403,66.928202,8625,306.3,264.8
24.973526,66.922302,8825,307.3,264.8
24.972565,66.911163,9150,308.3,264.8
24.972203,66.906583,9300,309.4,264.6
24.971691,66.900623,9500,309.3,264.8
24.971008,66.892497,9750,309.3,264.8
24.970505,66.88619,9950,310.3,264.8
24.970015,66.880102,10125,310.3,264.8
24.969452,66.873372,10325,313.3,264.9
24.96904,66.868591,10475,313.3,264.9
24.968307,66.859639,10725,314.3,264.7
24.967758,66.852722,10925,314.3,264.7
24.967362,66.848024,11075,317.3,264.8
24.966797,66.841329,11275,318.4,264.6
24.966244,66.834757,11475,318.3,264.8
24.965698,66.828359,11675,319.4,264.6
24.965174,66.822631,11850,320.4,264.6
24.963135,66.798299,12600,320.4,264.6
24.962474,66.790864,12800,323.3,264.9
24.961869,66.783453,13025,323.3,264.9
24.961304,66.776784,13225,323.3,264.9
24.960006,66.761273,13650,325.4,264.7
24.959541,66.75578,13800,328.4,264.8
24.9574,66.730128,14325,328.4,264.8
24.95723,66.728363,14350,337.4,264.7
24.95577,66.710539,14500,349.5,264.8
24.954793,66.698568,14600,357.4,264.9
24.953522,66.683146,14725,366.5,264.8
24.952789,66.6745,14800,372.6,264.8
24.949905,66.641388,15225,385.8,264.5
24.9478,66.616923,15775,385.8,264.5
24.944598,66.580569,16775,385.8,264.5
24.942169,66.552684,17375,385.8,264.5
24.941986,66.550751,17425,381.7,264.6
24.93957,66.522476,17850,384.7,264.6
24.938872,66.514184,18000,384.7,264.6
24.938779,66.5132,18000,389.8,264.5
24.015427,58.932648,38000,459.1,294.7
24.030312,58.897705,38000,458.6,294.9
24.044724,58.86378,38000,458.6,294.9
24.060379,58.827057,38000,458.6,294.9
24.068756,58.807322,38000,458.2,294.8
24.082869,58.774057,37975,458.6,294.9
24.091782,58.753153,37975,458.6,294.9
24.112523,58.704356,38000,0.0,0.0
24.12998,58.663157,38000,458.0,294.8
24.147583,58.621623,38000,458.2,294.8
24.164612,58.581441,38000,458.2,294.8
24.181653,58.541168,38000,459.1,294.7
24.198924,58.500332,38000,458.2,294.8
24.214188,58.464254,38000,458.2,294.8
24.231045,58.424412,38000,458.2,294.8
24.246314,58.388188,38000,458.2,294.8
24.262711,58.349355,38000,458.2,294.8
24.280563,58.307088,38000,458.2,294.8
24.295761,58.271077,38000,458.7,294.6
24.311325,58.233999,38000,458.7,294.6
24.329041,58.191833,38000,459.1,294.7
24.34639,58.150736,38000,458.7,294.6
24.363693,58.109639,38000,459.1,294.7
24.380105,58.070517,38000,458.7,294.6
24.397888,58.028075,38000,458.7,294.6
24.414688,57.987823,38000,459.2,294.4
24.43103,57.94871,38000,458.7,294.6
24.447876,57.90858,38000,459.6,294.6
24.465042,57.867533,38000,459.6,294.6
24.482613,57.825502,38000,459.6,294.6
24.499695,57.784576,38000,459.2,294.4
24.511093,57.756449,38000,459.6,293.3
24.5224,57.726339,38000,459.4,292.0
24.536499,57.688344,38000,459.2,292.3
24.552704,57.645315,38025,459.6,292.4
24.569183,57.601827,38000,460.0,292.5
24.585022,57.560069,38025,460.0,292.5
24.601639,57.516174,38025,460.0,292.5
24.617615,57.473835,38000,458.7,292.4
24.633682,57.431386,38000,459.1,292.5
24.649521,57.389476,38000,458.7,292.4
24.665497,57.347107,38000,458.7,292.4
24.681015,57.305857,38000,458.3,292.3
24.697266,57.262711,38000,458.7,292.4
24.713196,57.220256,38000,458.3,292.3
24.729014,57.178241,38000,458.3,292.3
24.744795,57.13611,38000,458.3,292.3
24.760529,57.094116,38000,457.4,292.4
24.776321,57.052002,38000,457.4,292.4
24.792279,57.009404,38000,457.4,292.4
24.80792,56.967532,38000,457.0,292.2
24.823283,56.926333,38000,456.1,292.3
24.838552,56.885393,38000,455.7,292.2
24.854553,56.842448,38000,455.7,292.2
24.870161,56.800612,38000,454.8,292.2
24.885104,56.760398,38000,454.8,292.2
24.900792,56.718318,38000,453.9,292.3
24.916015,56.677275,38000,453.5,292.1
24.931889,56.634573,38000,453.5,292.1
24.943155,56.603065,38000,453.5,290.8
24.949206,56.583891,38000,452.8,288.7
24.955212,56.562799,38000,453.1,286.7
24.960434,56.541799,38000,453.1,284.8
24.96492,56.5212,38000,452.6,283.0
24.968857,56.500041,38000,452.3,281.0
24.972244,56.477814,38000,451.5,278.9
24.97616,56.446303,38000,451.9,277.5
24.981327,56.403498,38000,451.0,277.6
24.986867,56.35779,38000,451.9,277.5
24.992294,56.312408,38000,450.9,277.5
24.997574,56.268345,38000,451.9,277.5
25.002974,56.22326,38000,451.9,277.5
25.008281,56.178641,38000,451.7,277.4
25.01358,56.134135,38000,451.7,277.4
25.018753,56.090393,38000,451.7,277.4
25.024016,56.045613,38000,451.7,277.4
25.02923,56.001357,38000,452.7,277.4
25.03449,55.956634,38000,452.7,277.4
25.039856,55.910543,38000,453.6,277.2
25.045057,55.865789,38000,453.7,277.3
25.050339,55.820567,38000,453.7,277.3
25.055603,55.775401,38000,454.7,277.3
25.060839,55.730119,38000,454.6,277.2
25.066146,55.684152,38000,454.6,277.2
25.071304,55.638784,38000,455.6,277.2
25.07648,55.593567,38000,455.6,277.2
25.081787,55.547497,38000,456.6,277.2
25.086914,55.501963,38000,456.4,277.0
25.092122,55.456704,38025,456.6,277.2
25.097305,55.410716,38025,456.4,277.0
25.102386,55.365499,38025,456.4,277.0
25.10753,55.320204,38000,456.4,277.0
25.112605,55.275222,38000,456.4,277.0
25.117725,55.229515,38000,457.4,277.0
25.122939,55.183082,38000,457.4,277.0
25.128021,55.137177,38000,457.3,276.9
25.133011,55.092112,38000,457.3,276.9
25.137929,55.047826,38000,457.3,276.9
25.142957,55.002326,38000,457.3,276.9
25.14798,54.957123,38000,457.4,277.0
25.150909,54.935201,38000,457.5,278.9
25.157776,54.889933,38000,457.2,279.4
25.164413,54.845785,38000,458.2,279.4
25.171354,54.799701,38000,457.2,279.4
25.178101,54.754791,38000,457.0,279.3
25.184875,54.70932,38000,457.0,279.3
25.191696,54.663442,38000,456.0,279.3
25.198494,54.61796,38025,455.9,279.2
25.205063,54.573415,38000,454.9,279.2
25.209778,54.544169,38000,455.0,280.8
25.213949,54.52297,38000,455.3,282.8
25.218933,54.501241,38000,455.7,284.6
25.229777,54.458399,38000,455.6,285.5
25.240996,54.413418,38000,455.4,285.4
25.251984,54.369659,37975,455.4,285.4
25.263062,54.325423,37975,455.4,285.4
25.273819,54.282532,38000,455.4,285.4
25.284851,54.237976,38000,456.1,285.3
25.2957,54.194031,38000,454.8,285.2
25.306595,54.149984,38000,454.8,285.2
25.313105,54.121814,38000,453.8,283.6
25.322602,54.076884,38000,453.8,283.1
25.332005,54.032472,38000,453.8,283.1
25.341385,53.988139,38000,453.8,283.1
25.350632,53.944448,38000,453.8,283.1
25.359833,53.900757,38000,453.6,283.0
25.369247,53.856017,38000,453.6,283.0
25.378738,53.811035,38000,453.6,283.0
25.387894,53.767548,37975,453.8,283.1
25.397415,53.722178,38000,453.8,283.1
25.406861,53.677385,38000,453.6,283.0
25.416183,53.632558,38000,454.4,282.8
25.425063,53.589961,38000,454.6,283.0
25.434036,53.546956,38000,454.4,282.8
25.443451,53.501449,38025,453.6,283.0
25.452759,53.457082,38025,453.6,283.0
25.461933,53.412781,38025,453.2,282.8
25.470978,53.368937,38000,452.4,282.9
25.480316,53.323873,38000,452.4,282.9
25.489538,53.27939,38000,452.4,282.9
25.497803,53.239237,38000,451.2,282.8
25.506821,53.195394,38000,451.0,282.7
25.51584,53.150974,38000,451.0,282.7
25.524825,53.106874,37975,452.0,282.6
25.533554,53.064372,38000,449.0,282.7
25.542282,53.021989,38000,446.1,282.8
25.551034,52.980324,38000,445.5,283.6
25.555527,52.961985,38000,446.2,285.5
25.561203,52.941233,38000,446.6,287.5
25.566467,52.923889,38000,447.5,289.0
25.569214,52.915497,37975,448.2,289.7
25.570358,52.912089,37975,448.6,290.2
25.572418,52.906087,37925,448.4,290.5
25.573984,52.901657,37875,449.4,290.9
25.575623,52.897085,37825,450.0,291.4
25.578003,52.890676,37725,451.8,292.0
25.585144,52.872365,37350,454.0,293.9
25.589439,52.862117,37150,454.2,294.6
25.591348,52.857764,37075,454.4,295.5
25.594141,52.851493,37000,453.9,296.3
25.603912,52.830861,36825,446.9,298.2
25.607874,52.822784,36725,445.2,298.3
25.612701,52.812907,36550,442.9,298.3
25.616501,52.805125,36375,442.9,298.3
25.624307,52.789048,36000,443.4,298.1
25.631616,52.774019,35625,444.7,298.2
25.639801,52.75706,35225,445.6,298.1
25.648499,52.739156,34825,445.6,298.1
25.655637,52.724373,34500,445.6,298.1
25.658707,52.718048,34325,446.1,298.2
25.6622,52.710899,34150,446.1,298.2
25.666995,52.701001,33825,446.9,298.2
25.673699,52.687217,33425,450.5,298.2
25.680176,52.673848,33000,452.8,298.2
25.686221,52.661461,32650,455.0,298.2
25.691715,52.650164,32350,456.4,298.2
25.693018,52.647469,32300,456.4,298.2
25.703293,52.626546,31925,453.2,298.3
25.711173,52.610364,31550,451.4,298.1
25.720577,52.590879,31175,448.7,298.0
25.727001,52.577561,30875,448.7,298.0
25.72877,52.573933,30775,446.5,298.1
25.733871,52.563324,30500,446.5,298.1
25.741153,52.548281,30100,446.9,298.2
25.747971,52.534281,29700,447.8,298.1
25.753396,52.523044,29425,448.7,298.0
25.762195,52.50475,29025,450.1,298.1
25.769073,52.490438,28725,450.1,298.1
25.773102,52.481893,28550,448.2,297.6
25.781067,52.464803,28175,446.3,297.2
25.787286,52.451322,27875,445.4,297.0
25.795898,52.432607,27475,443.2,297.0
25.803486,52.416186,27125,441.0,297.0
25.811783,52.398224,26725,439.2,297.1
25.818512,52.383626,26425,438.7,297.0
25.827088,52.365141,26050,438.3,297.1
25.834071,52.35017,25725,437.4,297.2
25.841492,52.334151,25350,437.4,297.2
25.849666,52.316525,24975,436.9,297.1
25.856552,52.301762,24650,435.6,297.0
25.859756,52.295336,24525,434.1,298.6
25.866425,52.28309,24325,433.4,300.4
25.877106,52.265746,24100,427.8,305.1
25.886124,52.252739,24025,427.0,307.0
25.893379,52.242842,24000,425.3,308.9
25.917618,52.209622,24000,426.0,308.8
25.932064,52.189759,24000,426.7,308.9
25.957581,52.154743,24000,426.7,308.9
25.97905,52.125411,24000,425.9,309.0
25.982573,52.120567,24000,424.5,309.0
26.009445,52.083953,24000,425.1,309.1
26.032333,52.052653,24000,424.5,309.0
26.045837,52.034155,24000,422.3,309.0
26.057941,52.017676,24000,421.7,308.9
26.076515,51.992322,24000,420.8,309.2
26.078238,51.989998,24000,420.8,309.2
26.321136,51.652377,17375,0.0,0.0
26.327944,51.637644,17050,0.0,0.0
26.386551,51.498828,14500,363.6,291.6
26.386833,51.497885,14475,363.6,291.6
26.206833,50.759583,2475,0.0,0.0
26.206629,50.756413,2400,180.1,263.6
26.206908,50.752927,2300,180.1,263.6
26.208863,50.745269,2125,180.1,263.6
26.210027,50.742205,2075,167.3,292.1
26.212555,50.736314,1975,163.4,294.2
26.214217,50.732803,1925,151.6,297.1
26.215567,50.730004,1850,147.2,298.0
26.216904,50.727349,1800,141.0,299.3
26.217224,50.726727,1800,140.2,299.5
26.268194,50.63217,-50.0,2.2,174.4
26.263184,50.643371,-50.0,18.5,123.8
26.262657,50.644278,-50.0,20.5,123.8
26.26156,50.64618,-50.0,21.5,123.8
26.261246,50.646722,-50.0,19.5,123.8
26.260676,50.647712,-50.0,16.5,123.8
26.260471,50.648061,-50.0,16.5,123.8
26.260338,50.649534,-50.0,10.8,56.2
26.260757,50.649901,-50.0,12.2,33.8
26.261002,50.650063,-50.0,11.2,30.9
26.271895,50.631866,375,0.0,0.0
26.27417,50.627798,600,164.0,302.0
26.274968,50.62632,675,164.0,302.0
26.284058,50.605826,1700,164.0,302.0
26.28465,50.604084,1750,170.9,290.6
26.286026,50.59997,1850,171.8,290.4
26.286373,50.59896,1875,178.1,290.4
26.287308,50.59629,1950,182.6,290.5
26.288086,50.594062,1975,185.2,290.9
26.288864,50.591886,2025,187.7,291.2
26.289551,50.59002,2050,191.6,291.8
26.290695,50.586703,2100,195.7,291.6
26.291121,50.585386,2125,199.7,290.5
26.291931,50.582143,2175,203.3,288.4
26.292192,50.581055,2200,207.0,286.0
26.292664,50.57836,2225,211.7,283.4
26.292892,50.576702,2275,216.1,281.2
26.293216,50.573871,2325,220.5,278.6
26.293588,50.569699,2400,225.2,275.9
26.293728,50.565948,2475,228.6,274.3
26.293854,50.559859,2600,228.6,274.3
26.293868,50.558078,2625,242.1,271.2
26.293991,50.549961,2750,250.0,270.9
26.29422,50.539441,2900,260.1,271.3
26.294357,50.533482,3025,264.1,271.5
26.294473,50.529292,3125,266.1,271.7
26.294586,50.525398,3225,268.1,271.7
26.294678,50.521925,3325,269.2,271.9
26.294752,50.518359,3425,269.2,271.9
26.294892,50.514925,3525,270.2,271.9
26.294985,50.512284,3625,270.2,271.9
26.295078,50.508904,3725,270.2,271.9
26.295181,50.505394,3825,271.2,271.9
26.295311,50.501826,3925,271.2,272.1
26.295404,50.498182,4025,272.2,272.1
26.295502,50.494719,4125,273.2,272.1
26.295639,50.49135,4225,273.2,272.1
26.295776,50.48746,4325,274.2,272.1
26.295868,50.483836,4425,275.2,272.1
26.296005,50.479742,4525,276.2,272.1
26.296143,50.476322,4625,277.2,272.1
26.296234,50.472746,4725,278.2,272.1
26.296382,50.469237,4825,278.2,272.1
26.296521,50.465487,4925,279.2,272.3
26.2966,50.462382,5000,280.2,272.0
26.296707,50.459149,5100,280.2,272.0
26.296847,50.455346,5200,281.2,272.0
26.29694,50.452494,5300,281.2,272.0
26.297033,50.449694,5375,281.2,272.0
26.297104,50.446576,5450,282.2,272.0
26.297195,50.44357,5550,282.2,272.0
26.297333,50.439891,5650,282.2,272.0
26.297379,50.437714,5725,283.2,272.0
26.297516,50.434087,5825,283.2,272.0
26.297592,50.431841,5900,283.2,272.0
26.297778,50.425873,6075,283.2,272.0
26.297928,50.420095,6250,284.2,272.0
26.298057,50.417211,6350,284.2,272.0
26.298244,50.410027,6550,285.2,272.0
26.298386,50.40631,6650,285.2,272.0
26.298476,50.402685,6750,286.2,272.0
26.298616,50.398882,6850,286.2,272.0
26.298663,50.396083,6925,286.2,272.0
26.299082,50.383195,7300,288.2,272.0
26.299301,50.375787,7500,289.2,272.0
26.299501,50.369462,7675,290.2,272.0
26.299733,50.36212,7875,291.2,272.0
26.299942,50.355317,8075,292.2,272.0
26.300125,50.348683,8275,292.2,272.0
26.300338,50.341679,8475,293.2,272.0
26.300537,50.334484,8675,294.2,272.0
26.300804,50.326837,8875,295.2,271.9
26.300995,50.319456,9075,295.2,271.9
26.301037,50.311731,9275,297.0,270.0
26.300851,50.305393,9475,298.1,268.6
26.300478,50.299055,9625,299.6,266.4
26.300034,50.292819,9825,301.0,265.2
26.299454,50.286061,10000,301.3,264.7
26.298889,50.279967,10200,302.5,264.3
26.298248,50.272816,10400,302.6,264.1
26.297699,50.26696,10575,302.6,264.1
26.297104,50.26043,10775,303.6,264.1
26.296475,50.254106,10950,303.6,264.1
26.295916,50.247873,11125,304.6,264.2
26.295364,50.241567,11300,304.6,264.2
26.294752,50.235091,11500,305.5,264.4
26.29424,50.228806,11675,305.5,264.4
26.293625,50.22203,11900,305.4,264.5
26.292389,50.207105,12300,307.3,264.8
26.291611,50.197621,12575,308.2,265.0
26.290609,50.184755,12950,309.1,265.2
26.290329,50.175442,13175,312.2,267.8
26.291382,50.164662,13450,313.0,277.9
26.292844,50.157553,13625,313.4,283.3
26.295125,50.150158,13825,312.5,286.9
26.298011,50.141232,14075,312.5,289.8
26.506302,49.506934,22650,0.0,0.0
26.522905,49.455801,23250,435.9,289.9
26.533286,49.423846,23650,437.2,289.9
26.542596,49.395324,23950,439.4,290.0
26.548737,49.376497,24225,439.4,290.0
26.555072,49.35703,24525,437.2,289.9
26.562653,49.333692,24925,435.9,289.9
26.566664,49.321324,25075,435.9,289.9
26.56955,49.312451,25150,436.8,289.8
26.579727,49.281248,25425,440.3,289.9
26.588745,49.253419,25750,441.3,289.9
26.597443,49.226731,26100,440.3,289.9
26.60088,49.216109,26175,441.3,289.9
26.612411,49.180453,26425,446.3,289.8
26.623411,49.146441,26700,449.1,289.6
26.631139,49.122408,26950,449.5,289.8
26.635529,49.108783,27100,449.1,289.6
26.63733,49.103182,27125,449.5,289.8
26.645896,49.076667,27275,452.6,289.8
26.655811,49.045874,27600,452.6,289.8
26.663544,49.021877,27825,452.6,289.8
26.667572,49.009284,27900,453.6,289.7
26.681305,48.966945,28100,458.0,289.8
26.694217,48.926873,28350,461.2,289.8
26.705669,48.89122,28650,460.8,289.6
26.717834,48.853195,28900,461.8,289.6
26.729828,48.815624,29175,462.7,289.6
26.736905,48.791656,29350,462.3,287.9
26.741561,48.774015,29475,461.8,286.0
26.746821,48.751144,29625,462.8,284.0
26.750964,48.73007,29725,463.3,282.1
26.754547,48.708508,29850,463.9,279.9
26.757761,48.684381,30000,464.6,278.0
26.759857,48.663578,30175,463.5,275.9
26.761368,48.641916,30400,461.3,274.2
26.762323,48.61878,30700,457.4,272.3
26.762556,48.596174,30950,456.0,270.6
26.762329,48.583564,31050,455.1,268.9
26.761276,48.541381,31300,457.2,268.2
26.760414,48.508178,31550,457.2,268.4
26.759537,48.473701,31900,455.2,268.4
26.758645,48.440147,32225,452.2,268.4
26.758347,48.428356,32325,452.2,268.2
26.757111,48.383219,32575,453.2,268.2
26.756104,48.348654,32850,452.2,268.1
26.755234,48.318804,33075,451.2,268.2
26.755061,48.311005,33100,452.2,268.2
26.753769,48.264909,33225,455.2,268.4
26.752579,48.222311,33475,453.2,268.2
26.751572,48.184014,33725,452.2,268.4
26.750685,48.149432,34025,450.2,268.2
26.749557,48.111152,34325,447.3,268.1
26.748505,48.076379,34600,446.3,268.1
26.747473,48.042315,34875,443.3,267.9
26.746309,48.005659,35200,440.3,268.0
26.745163,47.967552,35475,438.3,268.0
26.743973,47.927597,35750,436.3,268.0
26.743195,47.898162,35950,436.1,268.5
26.743283,47.87921,36000,437.0,270.4
26.74379,47.86199,36000,437.3,272.0
26.745331,47.831779,36000,435.8,273.4
26.747566,47.787517,36000,436.7,273.1
26.7498,47.742409,36000,437.7,273.1
26.752029,47.697817,36000,438.7,273.1
26.754181,47.653924,36000,439.7,273.1
26.756457,47.608725,36000,439.7,273.3
26.758667,47.564375,36000,440.7,273.1
26.76088,47.518563,36000,441.7,273.1
26.76297,47.474256,36000,442.6,273.0
26.765121,47.42974,36000,443.7,273.1
26.767071,47.393963,36000,444.3,274.4
26.769213,47.371145,36000,444.7,276.3
26.771726,47.351127,36000,445.8,278.4
26.776242,47.321496,36025,445.5,279.8
26.782806,47.279135,36025,444.4,279.7
26.789696,47.233869,36025,444.4,279.7
26.796341,47.190581,36025,444.4,279.7
26.803149,47.146454,36025,443.2,279.6
26.809891,47.102172,36025,442.2,279.6
26.816696,47.057771,36025,441.2,279.6
26.823446,47.013509,36000,441.2,279.6
26.830261,46.968677,35975,441.2,279.6
26.836946,46.92435,35975,440.1,279.5
26.843399,46.881823,35975,440.1,279.5
26.850074,46.837516,35975,441.1,279.5
26.856674,46.793777,35975,441.1,279.5
26.8629,46.752371,35975,442.1,279.5
26.869579,46.708374,35975,442.1,279.5
26.876329,46.663108,35975,441.9,279.4
26.882858,46.619032,36000,441.9,279.4
26.889496,46.574621,36025,442.1,279.5
26.895881,46.531695,36025,441.9,279.4
26.902352,46.488225,36000,441.9,279.4
26.908776,46.445072,36025,441.1,279.5
26.915405,46.400394,36000,440.8,279.3
26.921997,46.355671,36000,440.9,279.4
26.927956,46.31556,36000,440.9,279.4
26.931564,46.291412,36000,440.9,279.4
26.938019,46.24757,35975,441.9,279.4
26.944621,46.202844,35950,443.9,279.3
26.950882,46.160042,35975,444.7,279.2
26.956833,46.119621,36025,445.0,279.4
26.96347,46.074691,36025,444.9,279.3
26.969467,46.033907,36050,443.7,279.2
26.975876,45.989702,36050,443.7,279.2
26.981827,45.948711,36025,443.7,279.2
26.987962,45.906319,36025,442.6,279.1
26.994278,45.862634,36025,441.7,279.2
27.000412,45.820243,36000,441.6,279.1
27.006683,45.776764,36000,440.6,279.1
27.0131,45.732123,36000,439.6,279.2
27.018546,45.693935,36000,439.5,279.0
27.024307,45.653894,35975,439.6,279.2
27.029998,45.61402,35975,438.6,279.2
27.035843,45.573362,36000,438.5,279.0
27.040558,45.539988,36000,438.5,279.0
27.045364,45.506097,35975,438.5,279.0
27.050858,45.4678,35975,438.5,279.0
27.056717,45.425876,35975,438.2,278.8
27.064911,45.350371,35975,438.2,278.8
27.081116,45.202003,36000,0.0,0.0
27.083862,45.177388,36000,0.0,0.0
27.089864,45.123174,36000,439.3,277.1
27.094528,45.080843,36025,439.3,277.1
27.09843,45.045583,36000,439.3,277.1
27.102201,45.011039,36000,439.2,276.9
27.104919,44.986578,36000,439.3,277.1
27.109451,44.945483,36000,439.3,277.1
27.113388,44.909156,36000,438.2,277.0
27.118011,44.866609,36025,438.2,277.0
27.119798,44.850258,36000,438.2,277.0
