lat,lon,alt,gs,track,vs
58.389496,-134.508982,3550,106.8,33.5,320
58.39238,-134.505349,3575,107.6,33.2,448
58.394056,-134.503418,3600,109.4,30.8,320
58.396271,-134.501097,3600,109.4,30.8,320
58.397781,-134.49959,3625,113.6,26.1,128
58.400299,-134.497464,3650,114.2,23.2,448
58.403181,-134.495361,3675,113.9,20.0,384
58.405609,-134.493832,3700,113.9,20.0,256
58.412704,-134.49011,3800,108.9,15.4,384
58.416962,-134.488073,3850,107.9,13.4,64
58.421036,-134.486832,3875,108.5,12.2,0
58.423384,-134.486298,3900,110.0,7.8,704
58.425385,-134.485946,3950,111.2,3.6,448
58.429733,-134.485858,3975,111.2,3.1,448
58.435272,-134.486389,3975,113.0,359.0,64
58.436093,-134.486572,3975,119.5,354.7,-64
58.437676,-134.48703,3975,123.6,350.7,0
58.439538,-134.487762,3950,125.0,349.9,-64
58.456009,-134.50154,3725,125.0,349.9,-64
58.456558,-134.502071,3725,128.4,334.6,-256
58.462814,-134.507538,3700,124.0,335.7,-128
58.468414,-134.512349,3625,122.2,335.3,-448
58.473083,-134.516336,3550,123.6,336.1,-576
58.479767,-134.521829,3500,123.6,336.1,-384
58.48637,-134.52713,3450,121.5,337.2,-320
58.490513,-134.530243,3400,123.7,339.7,-128
58.496751,-134.534454,3425,119.9,340.5,0
58.50737,-134.525639,3650,119.5,341.0,64
58.50737,-134.525373,3650,83.0,89.3,320
58.507411,-134.516968,3725,87.0,89.3,256
58.515511,-134.517792,4000,143.0,263.2,-1024
58.515325,-134.521545,3950,145.5,265.3,-1152
58.479852,-134.537018,2875,111.6,149.3,-1024
58.477386,-134.534144,2775,109.6,148.1,-1024
58.475569,-134.531982,2675,108.8,147.8,-1216
58.473614,-134.529602,2600,107.4,147.9,-1536
58.471664,-134.527322,2450,106.0,148.1,-1792
58.46965,-134.525107,2275,103.4,151.7,-1920
58.468121,-134.523834,2175,102.0,154.4,-1984
58.467499,-134.523512,2125,100.3,159.6,-1792
58.466766,-134.523247,2075,98.2,171.2,-1600
58.464157,-134.524753,1900,92.1,212.1,-1600
58.463652,-134.525574,1875,91.4,221.0,-1792
58.462628,-134.528137,1775,92.3,230.3,-1664
58.462326,-134.529271,1725,93.7,239.9,-1472
58.461604,-134.531982,1650,93.9,243.4,-1280
58.461045,-134.534363,1575,93.6,246.7,-1152
58.460486,-134.536926,1525,90.4,245.1,-896
58.459835,-134.538849,1475,88.6,241.7,-960
58.459462,-134.539581,1450,85.0,233.1,-832
58.459076,-134.540346,1450,82.0,224.0,-832
58.458435,-134.540966,1400,79.3,213.7,-832
58.457926,-134.541321,1400,76.9,206.2,-896
58.457228,-134.541504,1350,76.5,191.3,-1152
58.456833,-134.541498,1325,77.0,178.5,-1280
58.455598,-134.540863,1250,79.6,165.4,-1472
58.454453,-134.539815,1175,82.3,155.6,-1408
58.452576,-134.538131,1100,80.5,153.4,-640
58.451455,-134.538116,1075,75.7,164.7,-384
58.450664,-134.53894,1050,65.3,191.5,-320
58.450292,-134.539948,1025,55.9,222.8,-384
58.45015,-134.540523,1025,51.1,246.9,-448
58.450105,-134.541046,1025,49.2,257.1,-512
58.450152,-134.542786,1000,48.7,260.5,-512
58.450195,-134.543004,1000,39.8,281.6,-320
58.450516,-134.54451,950,38.8,281.9,-384
58.450653,-134.544865,950,27.8,307.7,-256
58.454453,-134.543536,1275,53.1,86.8,768
58.454388,-134.542603,1275,54.0,91.1,704
58.454248,-134.54187,1300,58.0,105.0,576
58.453766,-134.540435,1350,59.4,122.6,640
58.453085,-134.539764,1400,57.4,144.9,960
58.45285,-134.539637,1400,55.8,165.5,1152
58.452479,-134.539673,1425,55.3,173.8,1024
58.451111,-134.540612,1525,56.9,203.9,896
58.45047,-134.541498,1575,58.8,211.8,1024
58.449407,-134.54306,1650,61.4,217.1,896
58.448135,-134.544776,1750,61.4,217.1,1216
58.447173,-134.546173,1850,59.4,216.1,1216
58.446521,-134.546906,1900,59.7,211.3,1088
58.445755,-134.5477,1950,60.8,205.3,1088
58.444845,-134.548279,2000,61.4,199.0,832
58.443588,-134.548553,2050,61.8,189.3,704
58.443169,-134.548553,2075,62.0,180.0,832
58.442331,-134.54837,2125,62.1,176.3,832
58.441635,-134.548143,2175,62.1,176.3,832
58.440888,-134.547638,2200,63.9,162.7,1088
58.439896,-134.546991,2300,63.6,160.7,1088
58.438202,-134.545839,2375,63.9,159.9,1024
58.436325,-134.544333,2450,68.2,157.6,768
58.435348,-134.543335,2525,71.1,154.2,768
58.433905,-134.541779,2600,75.2,151.4,960
58.433021,-134.54068,2650,77.4,147.1,1024
58.431747,-134.538663,2725,77.2,143.4,960
58.430832,-134.536891,2800,79.2,136.0,1088
58.429436,-134.533997,2875,81.4,132.5,960
58.428223,-134.531575,2950,81.3,133.5,1216
58.425568,-134.526347,3125,81.3,133.5,1152
58.424502,-134.5242,3150,86.3,133.1,320
58.423152,-134.52063,3175,89.2,127.3,384
58.422733,-134.519257,3200,89.7,120.8,448
58.421708,-134.51358,3275,88.2,113.4,576
58.421585,-134.512615,3300,87.1,102.6,704
58.421522,-134.504791,3400,87.1,93.3,768
58.421708,-134.488953,3600,88.1,91.9,448
58.421196,-134.485291,3650,87.7,101.2,384
58.42101,-134.48465,3650,85.0,116.6,512
58.420624,-134.48382,3675,84.9,124.4,576
58.420029,-134.482845,3700,84.2,136.4,640
58.419753,-134.482544,3700,84.4,148.6,576
58.419205,-134.482048,3700,84.3,157.7,512
58.41845,-134.481812,3725,84.5,169.1,320
58.417891,-134.481812,3725,86.0,179.3,192
58.417193,-134.481995,3725,88.5,190.4,0
58.416634,-134.482269,3725,90.0,194.8,0
58.416046,-134.482845,3725,91.7,205.2,-320
58.415543,-134.483465,3700,93.2,209.6,-384
58.414444,-134.485237,3700,98.4,222.9,-384
58.413437,-134.487187,3650,99.0,224.2,-448
58.411839,-134.490509,3600,98.4,227.9,-768
58.409558,-134.495087,3525,98.3,224.6,-704
58.407898,-134.497907,3475,97.1,221.2,-384
58.406346,-134.500214,3475,94.2,217.2,-64
58.404831,-134.50216,3450,93.2,213.2,0
58.402679,-134.504552,3450,92.6,207.7,-256
58.39941,-134.507263,3425,92.1,205.7,0
58.39769,-134.508628,3425,94.7,201.7,-256
58.395174,-134.510468,3400,96.2,200.7,-192
58.392008,-134.512482,3375,97.4,199.2,-64
58.386887,-134.515778,3350,92.7,198.2,-192
58.384979,-134.516876,3350,88.3,195.8,-320
58.383396,-134.517609,3300,85.5,190.8,-512
58.38158,-134.518158,3200,84.0,188.9,-1152
58.379196,-134.519968,3000,84.3,190.2,-1280
58.379067,-134.520264,2975,92.2,216.6,-2176
58.378601,-134.52112,2925,93.4,222.4,-2304
58.378182,-134.522186,2850,96.2,232.2,-2112
58.377111,-134.525665,2725,98.8,238.2,-2048
58.37645,-134.527854,2625,101.2,240.4,-1856
58.375259,-134.531841,2500,102.6,240.2,-1664
58.374551,-134.534088,2400,103.9,240.0,-1728
58.373611,-134.537245,2300,106.2,240.1,-1728
58.372833,-134.539815,2200,106.2,240.1,-1728
58.37233,-134.541409,2125,103.9,240.0,-1920
58.37178,-134.54327,2025,103.1,239.7,-1920
58.37092,-134.546173,1925,101.7,239.9,-1920
58.370035,-134.54892,1825,100.8,239.6,-1920
58.369675,-134.550092,1775,100.8,239.6,-1856
58.369198,-134.551666,1700,100.3,240.1,-1920
58.368685,-134.553497,1600,99.9,240.6,-2048
58.367708,-134.556976,1450,101.1,241.7,-2048
58.367111,-134.559218,1325,104.2,243.2,-2944
58.366451,-134.561737,1175,111.4,241.6,-3008
58.365287,-134.565033,950,112.6,232.2,-2688
58.362946,-134.568255,775,110.6,229.4,-2560
58.358276,-134.56666,550,86.5,138.8,-1408
58.357932,-134.565674,500,85.6,127.4,-1472
58.356582,-134.571716,500,62.4,311.1,1344
58.358537,-134.57254,600,62.4,311.1,1344
58.359009,-134.572508,625,71.0,358.4,768
58.360818,-134.572357,700,73.0,0.0,768
58.363449,-134.571002,850,73.0,0.0,768
58.363815,-134.57047,900,73.6,31.1,1856
58.365985,-134.563751,1350,61.4,52.9,1984
58.366311,-134.562561,1425,59.5,65.2,1600
58.367196,-134.559265,1625,61.3,63.8,1664
58.367706,-134.557534,1725,64.1,59.0,1728
58.368266,-134.555786,1825,64.7,58.3,1792
58.368896,-134.553902,1900,69.6,57.9,1216
58.369616,-134.551666,2000,73.6,58.9,1216
58.370361,-134.549286,2100,74.9,58.6,1344
58.371106,-134.546997,2200,77.4,57.1,1472
58.37178,-134.544953,2300,78.8,56.9,1600
58.37241,-134.543152,2400,78.8,56.9,1664
58.373015,-134.541412,2450,78.2,57.5,1728
58.373428,-134.54008,2550,78.2,57.5,1728
58.374344,-134.537245,2650,82.5,59.4,1408
58.374847,-134.53565,2700,83.7,60.7,1472
58.375397,-134.533524,2800,83.7,62.2,1600
58.3759,-134.531841,2875,84.5,62.5,1600
58.378275,-134.523376,3150,84.1,63.1,1536
58.378461,-134.52301,3150,92.7,55.1,1280
58.379333,-134.521209,3225,94.4,49.7,1152
58.380707,-134.519348,3275,94.4,49.7,1152
58.380844,-134.51926,3300,103.0,29.0,768
58.381851,-134.518374,3300,106.0,25.1,576
58.384699,-134.516052,3350,110.7,22.9,448
58.385101,-134.515627,3375,116.4,24.4,320
58.387436,-134.513323,3375,115.9,28.3,192
58.389771,-134.510665,3425,113.2,32.0,768
58.391496,-134.508453,3475,110.7,34.7,960
58.395676,-134.502426,3550,109.9,35.0,896
58.398102,-134.498704,3600,113.2,38.2,320
58.400155,-134.496002,3625,115.1,34.4,256
58.401627,-134.494363,3625,116.5,29.9,0
58.403687,-134.492591,3650,117.6,26.8,-64
58.41243,-134.487895,3725,116.2,13.4,0
58.41568,-134.486832,3750,116.2,13.4,0
58.418793,-134.486035,3775,118.4,8.8,384
58.421476,-134.485565,3825,117.6,5.9,512
58.424874,-134.485107,3850,120.2,3.3,192
58.428226,-134.485016,3875,120.2,3.3,192
58.429779,-134.485149,3875,119.0,358.6,640
58.432526,-134.485326,3950,119.0,358.6,640
58.435814,-134.48584,4000,119.2,356.6,832
58.437927,-134.486478,4050,124.2,352.1,512
58.438522,-134.486744,4050,126.1,347.2,320
58.451688,-134.495819,4025,126.1,347.2,320
58.456467,-134.499147,4000,128.8,340.0,-256
58.459717,-134.501805,3975,128.9,338.6,-128
58.461557,-134.503601,3975,127.9,333.0,128
58.463326,-134.505432,4000,128.9,331.2,256
58.469193,-134.511551,4050,130.6,332.6,256
58.473847,-134.515869,4050,135.5,334.2,64
58.47934,-134.520355,4100,134.3,336.3,192
58.48488,-134.525299,4100,131.9,334.4,-128
58.494095,-134.534056,4075,131.9,334.4,-192
58.497803,-134.537511,4025,132.4,332.1,-448
58.498352,-134.538043,4025,132.0,331.5,-448
58.478968,-134.539581,3200,130.1,146.9,-960
58.476471,-134.536536,3100,125.9,147.3,-1152
58.474499,-134.534088,3000,124.0,146.2,-1472
58.472855,-134.531929,2900,122.3,145.7,-1408
58.471519,-134.530151,2800,121.5,145.4,-1792
58.469657,-134.527863,2700,121.0,147.5,-1984
58.467237,-134.525848,2525,120.2,148.9,-1856
58.466675,-134.525639,2500,114.8,167.4,-1920
58.464844,-134.525905,2375,114.8,167.4,-1920
58.464569,-134.526082,2350,114.8,167.4,-1920
58.46435,-134.526306,2350,108.2,197.8,-2176
58.463699,-134.526968,2275,107.4,207.8,-2176
58.463093,-134.527863,2250,106.7,218.9,-2240
58.462646,-134.528917,2175,106.8,223.1,-2304
58.462349,-134.529785,2125,106.8,231.8,-2304
58.462051,-134.531132,2075,107.5,239.9,-2304
58.461697,-134.533813,1950,109.7,257.4,-2112
58.461511,-134.537659,1850,110.0,262.2,-1920
58.461227,-134.541409,1750,108.9,259.4,-1216
58.458389,-134.547434,1550,107.3,258.2,-1216
58.458019,-134.547455,1525,91.1,188.8,-1152
58.4576,-134.547363,1500,91.0,180.6,-1280
58.457016,-134.546991,1475,91.2,164.7,-1344
58.454993,-134.543518,1350,92.1,147.9,-1344
58.453829,-134.54068,1250,96.8,128.3,-1344
58.452621,-134.538397,1225,96.4,130.8,-768
58.451921,-134.537659,1200,91.4,143.0,-384
58.45071,-134.537201,1150,86.9,157.0,-512
58.449417,-134.538131,1125,81.1,182.8,-640
58.449234,-134.538397,1100,77.2,216.6,-832
58.448895,-134.539398,1075,75.3,230.4,-640
58.448776,-134.540169,1050,72.2,248.1,-896
58.44873,-134.541144,1025,71.1,256.2,-960
58.448895,-134.542328,1000,68.6,277.5,-832
58.449221,-134.543335,1000,64.4,295.8,-576
58.449417,-134.543713,1000,58.9,310.2,-192
58.450198,-134.5448,975,51.2,321.3,-192
58.45047,-134.544953,975,51.2,321.3,-192
58.450524,-134.544983,975,29.2,337.8,-384
58.450607,-134.545131,975,26.9,338.2,-320
58.453033,-134.548232,1100,43.7,10.5,832
58.454041,-134.546725,1175,48.9,40.9,832
58.454342,-134.545349,1200,48.9,40.9,832
58.454315,-134.54265,1225,66.2,94.3,0
58.453178,-134.539215,1275,75.4,128.5,640
58.452573,-134.538391,1300,75.7,137.7,768
58.451797,-134.537954,1350,73.8,151.7,960
58.451362,-134.537933,1375,70.4,168.5,1024
58.448755,-134.540588,1500,70.4,168.5,1024
58.448476,-134.541046,1525,73.5,225.0,640
58.447685,-134.542786,1575,77.9,228.1,704
58.446381,-134.545715,1650,80.2,229.6,832
58.44545,-134.547729,1725,81.3,225.5,1088
58.443216,-134.550568,1850,81.3,224.5,1088
58.442517,-134.551025,1875,82.3,204.4,960
58.441772,-134.551333,1900,84.2,195.9,768
58.441121,-134.551483,1925,85.6,186.7,896
58.439667,-134.551333,2000,85.0,178.6,1152
58.438568,-134.550712,2050,85.0,171.2,1152
58.437515,-134.549649,2125,85.0,171.2,1152
58.436371,-134.548054,2200,85.2,148.9,1344
58.433719,-134.54306,2400,86.3,134.1,1216
58.432741,-134.54068,2525,85.1,130.2,1600
58.431996,-134.538849,2600,85.1,130.2,1600
58.430145,-134.53379,2800,84.6,125.4,1408
58.429138,-134.530955,2900,84.3,123.9,1408
58.427574,-134.527039,3050,84.3,123.9,1408
58.425153,-134.521362,3175,91.7,129.2,768
58.423645,-134.518108,3225,91.7,129.2,768
58.421336,-134.513855,3325,101.2,137.8,896
58.420405,-134.512573,3350,103.0,143.7,768
58.417984,-134.510284,3400,104.0,146.8,768
58.412613,-134.508096,3500,107.2,162.1,704
58.410629,-134.507812,3525,110.3,175.8,128
58.405106,-134.507919,3575,113.0,179.5,384
58.395584,-134.510931,3650,118.1,190.7,64
58.3928,-134.512299,3675,117.9,194.7,384
58.38996,-134.513855,3700,117.3,197.4,320
58.387865,-134.51532,3700,115.9,201.2,384
58.384606,-134.517609,3650,112.9,198.6,-1152
58.383545,-134.518196,3575,112.0,197.1,-2112
58.38208,-134.518994,3450,112.0,197.1,-2176
58.380295,-134.519968,3275,111.4,196.2,-2944
58.378461,-134.521271,3100,112.9,197.0,-2880
58.37767,-134.522003,3000,117.2,206.4,-3200
58.376907,-134.522981,2925,118.4,213.3,-3072
58.37558,-134.525284,2750,121.7,226.3,-3008
58.374481,-134.528651,2575,123.6,233.2,-2880
58.374023,-134.530689,2500,126.6,245.3,-2496
58.373428,-134.534144,2400,127.2,249.3,-2368
58.373108,-134.536377,2300,127.2,249.3,-2368
58.37241,-134.540497,2150,128.7,252.8,-2560
58.371231,-134.546194,1925,127.8,249.9,-2368
58.370728,-134.548409,1850,125.8,246.1,-2112
58.369858,-134.551864,1750,122.1,244.3,-1472
58.369104,-134.554596,1700,119.0,241.9,-1344
58.368453,-134.556976,1600,118.1,241.7,-1472
58.367706,-134.559661,1500,119.0,241.9,-2304
58.36701,-134.562469,1350,119.4,242.6,-2624
58.365784,-134.568432,1050,124.2,247.8,-2944
58.360259,-134.572632,525,103.0,180.0,-2496
58.356954,-134.571533,300,101.5,174.4,-1920
58.356354,-134.570913,275,93.1,159.2,-1472
58.355301,-134.568698,200,79.9,124.3,-704
58.356396,-134.551483,625,77.2,343.4,1472
58.357361,-134.553105,700,77.2,343.4,1472
58.357466,-134.553406,725,82.4,303.1,1344
58.35759,-134.554079,750,82.3,295.9,1280
58.357839,-134.558624,850,84.2,279.6,960
58.357932,-134.560638,900,90.4,275.1,1088
58.358231,-134.562673,950,93.9,284.2,1152
58.359235,-134.565582,1100,94.4,295.8,1664
58.360611,-134.567369,1225,94.4,295.8,1664
58.361389,-134.567723,1275,88.2,336.6,1728
58.363332,-134.566956,1450,83.1,357.9,1856
58.363907,-134.566217,1500,75.6,27.6,1664
58.364822,-134.564445,1600,72.9,42.2,1344
58.365601,-134.562407,1675,74.2,52.7,1216
58.366916,-134.558807,1800,76.0,54.6,1280
58.367661,-134.556471,1900,80.5,57.7,1344
58.368453,-134.553955,2000,82.0,60.0,1408
58.369104,-134.551666,2100,81.5,60.6,1472
58.369756,-134.549377,2175,82.8,61.9,1472
58.370361,-134.547257,2250,83.7,62.2,1664
58.370819,-134.545751,2350,83.2,61.3,1792
58.371479,-134.543518,2450,83.7,60.7,1664
58.372009,-134.541675,2550,82.9,60.3,1856
58.372689,-134.539307,2675,81.5,60.6,1856
58.373341,-134.537018,2750,81.5,60.6,1856
58.374664,-134.532195,2950,81.5,60.6,1856
58.37764,-134.52174,3250,93.5,61.2,1216
58.378555,-134.518982,3350,93.5,61.2,1216
58.379105,-134.517842,3400,94.6,54.5,1280
58.381165,-134.515095,3500,95.4,38.2,1344
58.381348,-134.514862,3525,100.7,27.8,704
58.384964,-134.511817,3600,102.9,25.3,768
58.386794,-134.510376,3625,109.4,22.6,384
58.390146,-134.507629,3675,110.1,24.7,384
58.395584,-134.502337,3750,110.0,25.9,256
58.399782,-134.498016,3825,114.9,27.5,640
58.401458,-134.496552,3850,115.6,23.5,640
58.403778,-134.494895,3900,114.2,20.5,512
58.406532,-134.493073,3950,111.0,17.3,768
58.408905,-134.491705,4025,109.2,15.9,640
58.411331,-134.490553,4075,107.2,14.0,768
58.41806,-134.48825,4150,106.7,13.0,704
58.420265,-134.487488,4175,111.6,9.8,128
58.424606,-134.486212,4200,112.3,8.7,128
58.427155,-134.485657,4200,109.9,7.3,128
58.431578,-134.485291,4250,108.5,5.3,128
58.435593,-134.485326,4300,113.0,0.5,320
58.437149,-134.485592,4300,118.2,356.6,128
58.438514,-134.485931,4300,120.7,353.8,0
58.439346,-134.486212,4300,122.6,350.6,64
58.451176,-134.492981,4300,123.4,348.8,-64
58.453812,-134.494718,4300,126.8,341.1,256
58.460207,-134.499115,4300,122.8,339.5,128
58.463605,-134.501678,4275,121.1,337.7,-192
58.467911,-134.505349,4250,122.2,335.3,-64
58.472214,-134.509425,4250,122.1,333.2,0
58.478622,-134.515716,4200,119.4,332.6,-192
58.482506,-134.519806,4175,118.7,330.2,-128
58.489535,-134.527496,4175,116.4,331.2,-192
58.496658,-134.534676,4150,115.4,332.1,-128
58.498846,-134.53656,4125,115.3,338.1,-64
58.500137,-134.537334,4150,114.6,343.8,-64
58.50108,-134.537659,4125,114.0,349.4,0
58.50293,-134.538308,4125,113.6,350.4,0
58.482697,-134.543093,3350,116.8,147.9,-1152
58.479945,-134.539673,3250,117.9,147.1,-1152
58.477571,-134.536652,3150,117.3,145.8,-1088
58.475418,-134.533701,3050,117.2,143.3,-1152
58.473038,-134.530157,2950,117.0,142.6,-1088
58.471344,-134.527588,2900,116.2,142.3,-960
58.46933,-134.524398,2800,113.5,139.3,-1024
58.467682,-134.521652,2750,112.6,138.2,-1024
58.465759,-134.518108,2675,111.0,135.4,-768
58.463837,-134.514121,2600,107.6,132.0,-640
58.462581,-134.511475,2550,102.7,132.2,-384
58.4603,-134.506714,2550,98.4,132.9,-256
58.46521,-134.506235,2475,92.7,290.2,-320
58.465514,-134.508362,2475,93.6,283.6,-320
58.465654,-134.510468,2450,94.8,277.3,-320
58.465654,-134.514587,2425,96.0,271.2,-704
58.465281,-134.517609,2325,100.6,259.7,-1280
58.465049,-134.518982,2275,103.4,253.1,-1728
58.46463,-134.521088,2225,108.3,248.9,-1472
58.463699,-134.525208,2125,111.5,246.2,-1216
58.462907,-134.528687,2050,112.8,245.9,-1088
58.461823,-134.533258,1950,111.5,246.2,-1280
58.461138,-134.535919,1850,107.3,243.4,-1472
58.460541,-134.537777,1775,105.0,239.0,-1536
58.459946,-134.539106,1750,102.3,230.6,-1600
58.459396,-134.54008,1700,101.8,224.2,-1664
58.458618,-134.541055,1625,101.0,218.6,-1728
58.458159,-134.541412,1600,99.3,206.3,-1920
58.457274,-134.541687,1500,99.0,191.6,-2048
58.456741,-134.541764,1475,99.0,181.7,-2048
58.455872,-134.541409,1400,98.5,174.2,-2112
58.454865,-134.540523,1325,100.1,158.3,-2304
58.453125,-134.537777,1175,101.8,144.6,-2048
58.451157,-134.535385,1100,97.1,147.6,-704
58.450524,-134.535187,1100,92.4,160.4,-384
58.448848,-134.536194,1050,92.4,160.4,-384
58.448709,-134.536469,1025,77.5,219.2,-704
58.448336,-134.537567,1000,77.1,224.5,-768
58.448181,-134.538663,1000,74.5,247.9,-896
58.448364,-134.540966,950,73.8,261.4,-768
58.450012,-134.544245,950,68.2,292.4,-320
58.450378,-134.544599,950,45.3,329.5,0
58.45047,-134.544688,950,38.5,332.1,0
58.45372,-134.547611,1150,37.9,347.8,832
58.453903,-134.547346,1150,46.5,25.5,960
58.454407,-134.54646,1200,49.0,39.2,896
58.454854,-134.543701,1250,54.2,60.1,512
58.454714,-134.542603,1275,64.0,90.9,448
58.454667,-134.542145,1275,68.3,107.9,448
58.453969,-134.540314,1325,68.9,114.0,512
58.452438,-134.53884,1400,72.1,136.1,768
58.452014,-134.538757,1400,73.8,167.5,832
58.451316,-134.53894,1450,74.1,177.7,832
58.451019,-134.539106,1450,75.1,190.0,832
58.450195,-134.539815,1475,75.3,199.4,832
58.44964,-134.540588,1500,78.2,215.1,576
58.448709,-134.542053,1550,80.8,221.0,512
58.446762,-134.545574,1625,84.2,223.6,768
58.445869,-134.546997,1675,85.0,222.1,640
58.445404,-134.547546,1675,85.7,214.1,896
58.443054,-134.549649,1825,84.5,207.5,1216
58.442459,-134.550004,1850,82.6,196.9,1408
58.441269,-134.550447,1925,81.9,188.4,1344
58.440674,-134.550535,1975,81.6,187.0,1344
58.440097,-134.550476,2000,81.0,181.4,1472
58.439575,-134.550358,2050,80.8,172.2,1536
58.4387,-134.549835,2100,79.8,164.7,1600
58.436047,-134.546722,2350,79.2,155.4,1600
58.434603,-134.543884,2500,79.2,155.4,1600
58.434371,-134.543335,2525,77.2,132.4,1600
58.430181,-134.53363,2950,76.5,131.8,1536
58.429092,-134.531132,3000,80.2,130.4,1152
58.4252,-134.521271,3175,86.1,128.9,640
58.424286,-134.518551,3200,86.1,128.9,640
58.424149,-134.518108,3200,94.9,122.5,576
58.423477,-134.515869,3225,96.2,117.9,384
58.422729,-134.51226,3250,96.6,117.1,384
58.422546,-134.511017,3275,97.5,105.5,384
58.42236,-134.508728,3300,96.2,99.0,448
58.42305,-134.501628,3350,96.2,99.0,448
58.423233,-134.500831,3350,95.5,67.2,320
58.42399,-134.497925,3400,94.8,62.3,256
58.425293,-134.49392,3425,94.7,58.8,384
58.427078,-134.489845,3450,97.7,48.3,384
58.431885,-134.483465,3650,99.2,40.9,640
58.435364,-134.479656,3725,101.2,29.6,576
58.437117,-134.477509,3775,104.8,32.9,512
58.438065,-134.476112,3775,104.9,34.9,448
58.44005,-134.469727,3825,104.9,34.9,448
58.440097,-134.469177,3825,105.8,76.9,192
58.440236,-134.466064,3850,105.3,85.6,128
58.438933,-134.455353,3875,105.0,88.9,0
58.438431,-134.453076,3875,104.8,110.7,64
58.437071,-134.448212,3900,105.3,112.9,256
58.435441,-134.444641,3950,107.6,123.2,384
58.433762,-134.442887,3950,106.7,141.1,448
58.432741,-134.442444,3975,106.7,141.1,448
58.432276,-134.442261,4000,107.7,169.8,512
58.42506,-134.450409,3950,119.0,232.2,-640
58.41966,-134.463684,3825,122.4,231.6,-576
58.415424,-134.473755,3775,124.3,230.6,-64
58.412258,-134.480804,3775,121.8,228.3,0
58.408356,-134.488693,3800,119.6,226.7,-128
58.405694,-134.493713,3775,116.7,224.0,-256
58.403778,-134.496844,3750,117.2,219.8,-192
58.401458,-134.500122,3750,118.0,216.4,-256
58.399841,-134.50216,3725,118.2,212.2,0
58.39685,-134.505524,3675,116.0,209.4,-1024
58.393707,-134.508716,3550,114.9,207.5,-1088
58.390732,-134.511374,3425,114.9,207.5,-1088
58.388377,-134.513397,3300,112.3,204.7,-1408
58.387207,-134.514387,3250,107.5,203.0,-1088
58.38501,-134.516159,3175,103.1,202.8,-960
58.383489,-134.517334,3100,98.6,202.7,-960
58.381674,-134.518799,3050,92.9,202.1,-704
58.379439,-134.520538,2975,91.8,203.8,-1408
58.378461,-134.521545,2900,96.0,211.4,-1728
58.377914,-134.522361,2850,98.0,216.3,-1984
58.376134,-134.526672,2675,102.1,229.0,-1472
58.374923,-134.531799,2550,110.7,247.1,-1536
58.373978,-134.536271,2425,113.5,247.7,-1600
58.373201,-134.539673,2325,113.2,245.5,-1408
58.372192,-134.543713,2225,113.6,243.9,-1408
58.371231,-134.547257,2125,111.8,242.3,-1472
58.370361,-134.550181,2025,110.6,240.2,-1536
58.36971,-134.552216,1975,110.6,240.2,-1536
58.368918,-134.554962,1900,111.5,240.4,-1600
58.367708,-134.559357,1700,113.2,242.1,-1920
58.366699,-134.563736,1525,116.5,246.7,-2688
58.365147,-134.568604,1225,117.4,246.9,-2752
58.363724,-134.57047,1075,117.4,246.9,-2752
58.359283,-134.572153,625,104.7,208.5,-3264
58.35863,-134.572083,575,100.0,180.6,-2176
58.357727,-134.57171,500,98.3,175.3,-2048
58.357315,-134.571445,475,92.3,162.4,-1984
58.355185,-134.566864,225,91.4,160.2,-1856
58.355072,-134.566129,200,91.4,160.2,-1856
58.358231,-134.564002,650,68.4,285.3,1216
58.358597,-134.565331,700,68.4,285.3,1216
58.358871,-134.56604,750,67.7,301.1,1472
58.359934,-134.567413,850,66.6,318.6,1600
58.362213,-134.567546,1050,65.6,352.1,1408
58.363099,-134.566589,1125,60.4,19.3,1408
58.364775,-134.562561,1400,54.5,47.2,1344
58.365189,-134.561344,1450,56.6,58.0,1472
58.366287,-134.5578,1650,56.9,59.4,1472
58.366777,-134.556244,1725,61.4,59.7,1280
58.367386,-134.554345,1825,66.0,58.0,1408
58.368034,-134.552216,1900,69.1,58.6,1216
58.368576,-134.550535,1975,70.8,59.5,1408
58.368965,-134.549194,2050,71.7,59.9,1664
58.369523,-134.547363,2150,74.4,59.3,1472
58.370501,-134.544525,2250,78.8,56.9,1280
58.371506,-134.541764,2325,83.2,54.8,1024
58.372782,-134.538116,2425,87.7,57.6,960
58.373474,-134.535916,2450,89.7,59.2,768
58.374598,-134.532349,2575,86.1,59.3,1600
58.378281,-134.520411,3000,81.9,61.6,1280
58.378922,-134.519171,3050,85.6,44.5,1344
58.380417,-134.517151,3150,86.2,37.9,1216
58.383591,-134.513766,3325,93.1,28.2,768
58.386246,-134.510931,3425,95.0,30.3,960
58.388843,-134.508179,3525,96.2,27.9,832
58.394196,-134.502136,3600,95.8,28.7,640
58.396362,-134.500122,3625,108.3,25.1,320
58.39888,-134.497996,3650,110.9,21.7,192
58.403041,-134.495178,3675,113.5,19.5,256
58.406951,-134.492889,3725,113.2,17.5,512
58.411606,-134.490642,3725,113.2,17.5,512
58.4133,-134.489845,3750,111.1,13.5,256
58.416308,-134.488586,3775,109.7,12.6,256
58.421677,-134.486655,3850,109.2,11.6,512
58.425153,-134.485657,3900,107.7,10.2,384
58.428459,-134.485199,3925,108.8,6.9,384
58.43451,-134.485565,3975,112.0,1.0,576
58.43692,-134.486212,4000,112.0,1.0,576
58.437332,-134.486301,4000,117.5,350.7,384
58.451843,-134.495781,3975,118.9,349.8,448
58.455971,-134.49884,3975,118.9,349.8,448
58.456809,-134.499481,3975,120.7,338.1,-192
58.46435,-134.505524,3950,118.9,337.8,-256
58.471519,-134.511566,3950,120.9,336.6,-384
58.477944,-134.517151,3900,116.0,336.1,-64
58.484135,-134.522186,3875,115.7,337.6,0
58.490982,-134.527411,3900,113.7,338.9,64
58.494237,-134.529694,3875,112.9,341.4,-64
58.498427,-134.532166,3875,113.6,343.6,-128
58.501406,-134.53363,3850,115.2,346.5,-192
58.502426,-134.534056,3850,115.7,347.5,-192
58.48027,-134.536714,2875,121.7,151.5,-1216
58.478223,-134.534546,2775,122.2,151.1,-1344
58.475709,-134.531982,2675,123.1,151.4,-1280
58.473953,-134.530157,2600,123.5,152.0,-1536
58.472311,-134.528503,2500,122.6,151.8,-1536
58.470821,-134.526947,2425,120.8,152.4,-1536
58.470062,-134.526259,2375,120.3,152.8,-1664
58.469055,-134.525462,2275,119.9,154.3,-1984
58.467423,-134.52475,2175,118.0,163.2,-1920
58.466629,-134.524664,2125,115.4,175.5,-1856
58.465118,-134.525196,2050,114.0,180.0,-1728
58.464443,-134.525757,2000,107.4,204.2,-1664
58.46347,-134.527056,1950,107.4,204.2,-1664
58.462674,-134.528778,1875,107.4,204.2,-1664
58.461976,-134.530792,1775,104.0,234.8,-2048
58.461464,-134.532806,1700,104.7,241.5,-2112
58.460815,-134.53565,1600,105.6,245.4,-1536
58.460207,-134.537659,1550,104.7,241.5,-1280
58.459555,-134.539124,1500,102.9,237.7,-1280
58.45923,-134.539764,1500,99.8,223.0,-1088
58.457786,-134.541229,1400,98.2,215.5,-1216
58.457428,-134.541409,1400,95.2,197.1,-1344
58.455831,-134.541504,1300,93.3,184.3,-1280
58.454819,-134.541055,1250,91.2,170.5,-1408
58.454109,-134.540405,1200,90.6,158.0,-1536
58.453583,-134.539726,1175,90.4,150.9,-1536
58.452293,-134.538574,1100,87.2,152.0,-960
58.451455,-134.538208,1075,84.5,159.2,-640
58.451111,-134.538308,1075,77.0,178.5,-384
58.450292,-134.53894,1050,73.4,186.2,-192
58.45015,-134.539106,1050,65.7,213.2,-256
58.449692,-134.540523,1050,61.0,229.0,-320
58.44964,-134.541504,1025,56.6,252.5,-512
58.449829,-134.542827,1000,47.1,287.3,-448
58.450058,-134.543536,975,40.8,306.0,-320
58.450292,-134.544067,975,40.8,306.0,-320
58.450562,-134.544422,975,35.4,317.3,-192
58.450607,-134.54451,975,35.4,317.3,-192
58.453217,-134.546814,1100,40.8,17.1,1024
58.453537,-134.546371,1150,40.8,17.1,1024
58.45369,-134.546082,1175,43.9,41.3,1216
58.453969,-134.545074,1225,45.5,50.4,1152
58.454041,-134.544688,1225,45.5,50.4,1152
58.454041,-134.54451,1225,52.4,76.8,832
58.453995,-134.542827,1275,55.1,86.9,768
58.453829,-134.542145,1300,60.4,114.4,768
58.453457,-134.541321,1325,61.9,121.1,768
58.453224,-134.540955,1350,61.9,121.1,768
58.451874,-134.540314,1400,65.0,149.5,768
58.451642,-134.540405,1400,71.1,183.2,704
58.449829,-134.541764,1475,71.6,187.2,768
58.449128,-134.542511,1525,71.6,187.2,768
58.448802,-134.542877,1525,80.1,209.1,960
58.44722,-134.54451,1625,83.7,207.8,1152
58.445389,-134.546282,1725,84.1,206.9,1088
58.443924,-134.547523,1800,84.2,203.8,1152
58.439667,-134.549118,2050,83.1,182.8,1472
58.436462,-134.547877,2275,82.9,160.2,1600
58.435488,-134.547089,2350,83.6,153.7,1344
58.434231,-134.545441,2450,83.4,149.7,1280
58.433624,-134.544422,2475,84.3,138.4,1280
58.432881,-134.542694,2525,85.0,131.2,1152
58.413895,-134.508273,3325,101.8,144.6,320
58.411423,-134.505172,3350,97.9,145.8,320
58.407929,-134.501495,3425,97.6,147.1,448
58.405741,-134.499573,3475,95.3,154.5,448
58.402176,-134.496932,3550,95.3,154.5,448
58.401458,-134.496552,3575,96.8,161.9,384
58.398432,-134.494812,3600,96.8,163.8,256
58.396225,-134.493832,3650,97.3,167.5,576
58.393265,-134.492706,3675,96.9,168.7,256
58.388563,-134.491608,3700,97.3,170.5,64
58.387493,-134.491699,3700,97.3,170.5,64
58.387306,-134.491791,3700,103.2,183.9,-128
58.38577,-134.492157,3650,105.2,188.8,-512
58.384781,-134.49268,3625,105.9,190.9,-704
58.383629,-134.493622,3550,108.6,201.6,-1152
58.381439,-134.496844,3425,112.4,215.9,-1600
58.380478,-134.499325,3350,117.2,230.2,-1728
58.38002,-134.500831,3275,120.2,238.9,-2048
58.379379,-134.503134,3175,121.4,239.9,-2176
58.37646,-134.514679,2775,123.0,243.4,-2304
58.375305,-134.520411,2600,123.7,247.2,-1984
58.374298,-134.525727,2425,123.4,250.1,-1792
58.373713,-134.529602,2350,124.2,255.1,-1408
58.373199,-134.533347,2250,124.9,255.6,-1472
58.372238,-134.539194,2100,124.3,253.2,-1728
58.371735,-134.54203,2025,123.3,251.6,-1664
58.371013,-134.545898,1925,120.8,250.7,-1536
58.370316,-134.549383,1825,118.1,248.6,-1472
58.36971,-134.552307,1750,117.0,247.4,-1664
58.369151,-134.554779,1650,116.1,247.2,-2304
58.368713,-134.556826,1550,116.6,247.8,-3264
58.368439,-134.558155,1450,119.4,248.4,-3712
58.367981,-134.560635,1350,122.8,249.5,-3264
58.36701,-134.565125,1150,122.2,245.3,-2368
58.365799,-134.568237,950,122.2,245.3,-2368
58.363704,-134.570709,775,107.8,208.2,-2368
58.360931,-134.572065,575,105.5,201.7,-2304
58.358734,-134.572862,425,98.3,192.3,-1792
58.356812,-134.572685,300,95.0,188.5,-1728
58.356628,-134.57254,300,80.7,162.7,-896
58.35593,-134.571625,275,79.1,159.3,-832
58.355278,-134.568146,175,69.3,135.0,-576
58.355118,-134.566394,150,69.3,135.0,-576
58.358231,-134.565508,725,72.4,281.1,1216
58.358537,-134.568604,825,73.4,281.0,1216
58.3591,-134.57428,975,75.3,280.7,1152
58.360474,-134.587392,1200,92.6,280.6,960
58.360657,-134.588987,1225,92.6,280.6,960
58.362946,-134.610163,1825,92.6,280.6,960
58.364263,-134.613647,1950,84.6,299.0,1344
58.367569,-134.61601,2075,86.0,340.3,768
58.370453,-134.615656,2150,89.1,356.8,448
58.376953,-134.612998,2300,89.1,356.8,448
58.378042,-134.612457,2325,101.7,15.4,512
58.382629,-134.610074,2275,107.7,15.1,-320
58.386143,-134.608612,2300,113.6,12.2,128
58.388051,-134.608154,2300,115.0,7.5,128
58.389448,-134.607971,2300,116.1,2.5,128
58.391006,-134.608036,2300,116.0,359.0,64
58.395081,-134.609277,2325,116.1,357.5,128
58.395584,-134.609542,2325,119.1,344.9,-128
58.400015,-134.612183,2300,121.5,342.8,-192
58.404465,-134.615036,2325,123.0,340.5,0
58.411194,-134.619554,2275,126.2,340.6,-128
58.416122,-134.622894,2275,127.1,340.7,64
58.417286,-134.623352,2275,126.3,349.0,128
58.418636,-134.623535,2300,125.4,355.4,256
58.4198,-134.623352,2300,125.1,1.8,320
58.423477,-134.619965,2350,119.3,39.6,384
58.424561,-134.617516,2350,118.3,48.8,256
58.425797,-134.612466,2350,118.3,48.8,256
58.429715,-134.590027,2400,123.5,68.6,192
58.432229,-134.578766,2500,122.6,68.5,448
58.433029,-134.575963,2550,118.1,61.7,640
58.43465,-134.570709,2600,118.7,60.2,640
58.436279,-134.565774,2700,114.8,56.7,832
58.437653,-134.562053,2750,113.5,55.0,896
58.447685,-134.537109,3075,111.0,54.2,640
58.449142,-134.534056,3125,113.6,50.0,448
58.451362,-134.529785,3125,115.3,44.0,320
58.454481,-134.524384,3175,116.2,41.5,256
58.456297,-134.521545,3200,116.2,37.7,384
58.457786,-134.519623,3225,114.8,33.3,704
58.459323,-134.517975,3300,113.2,27.9,896
58.461044,-134.516602,3350,112.8,24.1,832
58.462209,-134.515869,3375,110.7,18.4,960
58.463745,-134.515184,3400,109.6,14.8,832
58.465302,-134.514918,3425,110.8,6.7,384
58.466585,-134.514862,3450,111.2,3.1,576
58.469006,-134.515503,3475,114.8,350.0,320
58.471024,-134.516424,3525,115.5,348.0,384
58.47258,-134.517399,3550,118.0,341.7,320
58.476966,-134.520447,3600,119.6,339.4,320
58.487274,-134.527765,3600,122.2,338.9,64
58.493729,-134.532372,3650,119.9,340.5,128
58.49838,-134.53537,3700,118.9,341.9,384
58.500732,-134.536714,3750,118.0,343.2,448
58.480597,-134.537659,3050,121.8,144.4,-1216
58.478828,-134.53537,2950,122.9,145.3,-1344
58.476873,-134.532806,2850,123.1,145.9,-1472
58.474778,-134.530243,2750,122.3,147.4,-1536
58.473404,-134.528562,2650,121.5,147.1,-1728
58.472031,-134.526947,2550,121.0,147.5,-1728
58.47084,-134.525639,2475,119.4,148.7,-1984
58.469559,-134.524487,2375,118.1,154.9,-2304
58.466812,-134.523512,2150,114.0,166.8,-2240
58.462463,-134.529005,1800,107.9,187.4,-1984
58.462349,-134.529419,1800,100.0,239.3,-1920
58.46165,-134.531891,1700,101.5,242.4,-1792
58.460815,-134.535385,1600,101.1,245.5,-1408
58.459928,-134.538574,1500,99.4,241.1,-1024
58.459534,-134.539549,1500,95.8,233.5,-832
58.456762,-134.542419,1375,86.4,196.1,-960
58.455551,-134.542118,1300,84.5,169.1,-1408
58.454481,-134.541321,1225,86.0,160.3,-1536
58.45372,-134.540346,1175,86.8,152.6,-1536
58.452393,-134.538751,1100,87.1,145.8,-1152
58.452164,-134.538574,1100,81.8,153.1,-448
58.451129,-134.5383,1075,80.2,157.3,-320
58.450943,-134.538391,1075,71.1,182.4,-192
58.450198,-134.539032,1075,66.8,196.5,-192
58.449829,-134.539992,1050,57.8,232.7,-384
58.449686,-134.54187,1025,54.4,249.6,-448
58.449919,-134.54306,1000,47.0,293.8,-320
58.450292,-134.543976,1000,45.3,300.5,-384
58.450757,-134.5448,975,34.8,320.8,-192
58.453038,-134.546265,1125,38.3,40.8,896
58.453354,-134.545219,1175,41.7,59.7,960
58.453364,-134.543793,1225,47.0,88.8,896
58.453224,-134.543152,1250,48.8,100.6,768
58.453178,-134.542877,1250,51.1,113.1,768
58.452301,-134.541321,1300,52.4,118.5,704
58.451967,-134.541046,1300,62.2,154.3,448
58.451248,-134.540789,1325,64.5,167.5,576
58.448547,-134.542916,1450,68.3,185.0,640
58.448336,-134.543335,1450,73.4,217.8,704
58.447449,-134.544865,1500,76.4,223.9,576
58.446121,-134.547611,1550,78.6,227.6,832
58.445078,-134.55011,1650,80.4,231.6,960
58.442963,-134.55532,1750,84.2,232.7,896
58.442093,-134.5578,1800,88.5,235.6,832
58.440981,-134.561279,1900,91.9,239.2,704
58.439771,-134.565399,1950,93.1,241.8,768
58.438374,-134.570892,2050,93.9,243.4,512
58.43721,-134.575562,2100,94.8,245.1,512
58.436234,-134.579862,2125,97.9,248.4,576
58.435272,-134.585178,2175,97.9,248.4,576
58.4328,-134.595189,2250,107.0,240.3,192
58.431484,-134.598816,2250,109.6,236.2,192
58.430008,-134.60272,2275,109.6,236.2,192
58.427948,-134.608036,2275,115.2,233.8,64
58.423803,-134.618958,2300,118.0,233.6,0
58.421219,-134.625313,2300,121.0,231.7,-64
58.419388,-134.6293,2300,122.6,228.6,0
58.415564,-134.637177,2300,123.1,227.0,-64
58.412888,-134.642413,2300,123.8,224.0,0
58.410163,-134.647156,2300,124.0,221.4,-64
58.407696,-134.651093,2300,123.7,219.1,128
58.402313,-134.658892,2300,123.7,219.1,128
58.398605,-134.663765,2350,122.3,214.3,128
58.392929,-134.670853,2350,122.3,212.6,-128
58.391144,-134.672714,2325,123.5,208.0,-448
58.389029,-134.674622,2275,123.1,204.5,-512
58.387027,-134.676086,2250,123.0,199.5,-640
58.384606,-134.677368,2200,122.3,195.2,-320
58.382812,-134.677853,2175,120.2,188.1,-576
58.381302,-134.677941,2150,119.5,185.3,-640
58.380277,-134.677734,2125,116.4,175.6,-448
58.379288,-134.67741,2100,114.1,168.9,-384
58.378189,-134.676789,2100,111.9,161.2,-320
58.377182,-134.675903,2100,110.0,154.1,-320
58.376273,-134.674805,2075,108.2,146.3,-448
58.37558,-134.673688,2075,107.1,139.2,-192
58.374691,-134.671783,2075,106.2,131.9,0
58.374023,-134.66979,2075,104.9,124.9,64
58.373573,-134.668121,2075,105.1,117.8,0
58.372559,-134.663854,2075,104.3,114.3,-64
58.369629,-134.651804,2050,102.0,114.3,0
58.364589,-134.628387,1900,102.6,113.6,0
58.357819,-134.585355,675,95.1,104.6,-1472
58.357498,-134.583051,625,93.1,104.9,-1664
58.356903,-134.578976,475,91.9,104.5,-1728
58.356308,-134.574811,325,88.1,105.1,-1472
58.35593,-134.572083,250,84.9,105.0,-1280
58.355558,-134.569427,175,83.2,106.0,-1088
58.355185,-134.567047,150,67.2,104.7,-448
58.357864,-134.562762,700,68.0,294.3,1152
58.358816,-134.565033,850,68.3,301.8,1664
58.360399,-134.565857,1000,68.3,301.8,1664
58.360492,-134.565857,1000,60.1,3.8,1344
58.361481,-134.565065,1100,59.9,14.5,1344
58.362447,-134.563477,1225,60.0,36.9,1408
58.363099,-134.562286,1300,61.5,44.3,1664
58.363984,-134.560638,1400,65.1,43.8,1472
58.364635,-134.559357,1500,65.1,43.8,1472
58.36552,-134.557343,1600,66.6,48.7,1536
58.366425,-134.55532,1750,67.5,50.4,1664
58.367065,-134.553725,1850,68.4,52.1,1728
58.367801,-134.551758,1950,68.0,54.0,1600
58.36836,-134.550201,2050,68.2,55.2,1536
58.368988,-134.548497,2150,69.9,56.1,1792
58.36971,-134.546356,2250,70.7,56.5,1920
58.370224,-134.544776,2350,71.6,57.0,1728
58.370728,-134.543447,2450,72.1,56.3,1664
58.371572,-134.540863,2550,73.8,57.2,1536
58.372549,-134.537933,2700,76.3,58.4,1600
58.373434,-134.535095,2775,80.8,58.7,1152
58.374365,-134.532257,2875,85.2,58.9,1088
58.375259,-134.529448,2950,87.1,58.1,1280
58.38023,-134.516785,3375,95.1,39.9,1152
58.381348,-134.515594,3450,97.8,30.8,1024
58.382629,-134.514387,3475,100.7,25.3,704
58.385101,-134.51226,3500,102.5,24.8,640
58.385468,-134.511906,3500,107.8,25.9,64
58.388031,-134.509336,3525,108.8,29.2,448
58.395264,-134.501362,3575,107.4,29.0,384
58.397781,-134.498704,3600,106.9,27.3,192
58.399063,-134.49773,3600,108.5,19.9,-384
58.40062,-134.496932,3575,109.9,13.1,0
58.40211,-134.496552,3600,111.0,10.9,-64
58.402901,-134.49646,3575,111.3,4.1,-448
58.407532,-134.497996,3500,112.3,355.9,-384
58.409912,-134.499768,3400,118.6,342.3,-576
58.41156,-134.50154,3350,121.6,328.8,-896
58.41362,-134.504552,3300,122.2,323.3,-704
58.418869,-134.513672,3125,122.9,320.6,-832
58.420029,-134.515804,3075,128.0,315.3,-896
58.423965,-134.524044,3000,128.7,315.6,-768
58.42534,-134.527222,2975,128.7,315.6,-768
58.43129,-134.541232,2025,123.7,309.1,-448
58.432555,-134.54425,1825,123.7,309.1,-448
58.434371,-134.548279,1550,133.1,308.6,-3520
58.437515,-134.551333,1350,127.6,322.3,-1920
58.437744,-134.551333,1350,116.6,354.1,-1280
58.439072,-134.550978,1300,116.2,357.0,-1408
58.439817,-134.550476,1250,112.8,14.9,-1728
58.440236,-134.550018,1200,110.9,25.6,-2240
58.441726,-134.548004,1100,110.1,34.3,-1728
58.44289,-134.546173,1050,106.4,40.4,-1216
58.444286,-134.543793,975,103.4,41.9,-1152
58.445729,-134.542145,950,98.1,39.2,-448
58.446288,-134.54187,950,85.6,22.7,128
58.447266,-134.54187,975,73.0,358.4,0
58.447638,-134.542053,975,71.6,352.8,0
58.447824,-134.542145,975,68.4,344.7,0
58.448336,-134.542603,975,61.7,335.1,-64
58.449051,-134.543447,975,61.3,333.9,-64
58.449234,-134.543624,975,51.3,326.9,64
58.449826,-134.54425,975,36.7,334.1,-192
58.450571,-134.544891,950,34.0,335.7,-128
58.450607,-134.544953,950,23.3,334.5,-128
58.453923,-134.544067,1150,53.9,68.2,576
58.453949,-134.542738,1200,57.2,85.0,768
58.453629,-134.540966,1225,62.2,101.1,576
58.453445,-134.540435,1250,64.1,124.2,768
58.452896,-134.539549,1275,64.5,139.4,832
58.452014,-134.539124,1325,64.8,153.4,896
58.451688,-134.539124,1325,66.0,179.1,640
58.451019,-134.539372,1350,66.5,186.9,640
58.449686,-134.540588,1400,69.0,196.9,512
58.449267,-134.541046,1425,72.6,209.7,704
58.446986,-134.543701,1525,74.9,211.4,960
58.446288,-134.544617,1575,74.9,211.4,1024
58.443741,-134.547346,1750,74.9,211.4,1088
58.440516,-134.549194,1925,74.1,201.4,1024
58.437973,-134.548852,2075,73.5,168.2,1152
58.435226,-134.545662,2275,74.3,151.0,1152
58.434138,-134.543427,2400,75.0,137.2,1280
58.433853,-134.542738,2425,70.4,128.7,1472
58.432881,-134.540222,2550,70.0,126.9,1344
58.432114,-134.538308,2625,69.4,126.2,1344
58.428877,-134.529785,2950,68.8,125.5,1344
58.427765,-134.527411,3000,77.5,129.2,832
58.427015,-134.525757,3050,82.1,132.0,576
58.424408,-134.519989,3150,85.0,132.1,640
58.42399,-134.518982,3150,90.4,128.3,640
58.423462,-134.517399,3200,90.7,124.2,704
58.422501,-134.513501,3250,91.2,111.2,704
58.422221,-134.511566,3275,91.7,108.4,704
58.423105,-134.500671,3425,93.0,101.8,512
58.424362,-134.496643,3500,94.8,63.7,704
58.4252,-134.494263,3550,94.9,55.3,704
58.425934,-134.492503,3575,95.6,52.7,768
58.427155,-134.489685,3625,96.5,50.0,640
58.42868,-134.486035,3675,94.4,53.6,768
58.429436,-134.483368,3725,94.1,55.0,768
58.429642,-134.480896,3750,90.3,68.6,832
58.429504,-134.478947,3800,86.7,97.3,576
58.42868,-134.476377,3800,86.8,116.0,256
58.428272,-134.475769,3825,87.9,138.7,0
58.426457,-134.474762,3800,89.6,144.5,0
58.425751,-134.47496,3775,99.3,184.6,-512
58.424744,-134.475403,3775,101.0,188.0,-576
58.424502,-134.475586,3750,106.6,198.6,-576
58.423571,-134.47641,3750,110.5,205.2,-512
58.421848,-134.478333,3700,115.4,211.9,-384
58.4198,-134.480896,3675,119.3,214.8,-576
58.417519,-134.484192,3650,122.0,217.3,-448
58.414307,-134.489136,3550,125.9,218.9,-640
58.4095,-134.496224,3450,122.8,217.1,-576
58.407166,-134.499325,3450,120.4,213.8,-64
58.404112,-134.503052,3425,119.6,212.4,-384
58.400341,-134.506714,3375,116.4,208.8,-192
58.398148,-134.508539,3350,114.8,202.5,-192
58.393112,-134.512083,3350,113.3,200.7,192
58.389587,-134.514404,3325,113.5,199.6,0
58.386655,-134.516052,3300,113.6,196.4,-320
58.382837,-134.518066,3250,110.9,195.2,-704
58.379579,-134.520447,3075,111.0,209.1,-1792
58.377763,-134.523743,2875,114.3,230.3,-2368
58.376175,-134.52998,2625,118.6,245.6,-2368
58.375809,-134.531486,2550,120.0,246.4,-2368
58.375259,-134.53379,2450,120.3,244.9,-2368
58.374504,-134.53656,2350,120.3,242.8,-2048
58.373853,-134.53894,2250,119.9,242.1,-2048
58.372742,-134.542738,2125,119.5,241.5,-2048
58.372177,-134.544617,2050,117.3,240.4,-1792
58.37114,-134.548054,1925,116.1,239.5,-1984
58.370268,-134.550659,1825,115.2,239.2,-1984
58.369308,-134.553725,1725,114.4,238.9,-1920
58.36836,-134.557159,1575,114.6,240.8,-2368
58.368034,-134.558533,1475,117.7,245.4,-3008
58.367149,-134.562927,1250,121.8,249.3,-2944
58.363724,-134.570736,775,109.6,211.9,-2816
58.359887,-134.572723,475,108.2,206.3,-2816
58.354889,-134.565243,150,65.3,101.5,-832
58.358505,-134.570824,850,87.7,281.2,1024
58.385677,-134.608337,2100,107.4,14.6,640
58.385925,-134.608302,2100,112.0,10.8,192
58.388031,-134.607682,2125,114.1,8.1,320
58.389494,-134.607605,2150,117.1,2.5,448
58.390798,-134.607697,2175,118.2,356.6,512
58.393112,-134.608302,2200,118.3,355.6,576
58.395127,-134.609253,2250,119.9,347.5,640
58.39671,-134.610168,2275,119.6,342.5,512
58.399796,-134.612289,2325,120.9,339.2,384
58.402994,-134.614838,2350,123.6,336.1,384
58.407669,-134.618757,2425,126.3,336.7,512
58.412613,-134.622566,2500,128.9,338.6,448
58.41449,-134.62363,2550,127.8,342.7,704
58.415405,-134.623807,2575,122.9,353.0,1024
58.416262,-134.62381,2600,120.0,359.5,832
58.417705,-134.623352,2600,117.1,7.8,320
58.418403,-134.622803,2600,114.6,21.0,-128
58.419159,-134.621946,2600,113.4,30.2,-448
58.420033,-134.620605,2575,112.2,39.9,-768
58.421708,-134.616852,2525,112.5,46.1,-640
58.42236,-134.615021,2525,113.2,54.3,-192
58.423477,-134.611725,2500,114.3,57.1,-512
58.427124,-134.600239,2450,114.7,59.6,-448
58.428223,-134.596695,2450,112.2,58.9,320
58.433167,-134.580393,2450,109.9,58.8,-320
58.43399,-134.577824,2425,109.9,58.8,-320
58.436466,-134.570709,2350,110.9,56.0,-448
58.439392,-134.562496,2275,118.2,56.0,-576
58.440516,-134.559265,2225,118.2,56.0,-576
58.442093,-134.554788,2150,118.2,56.0,-576
58.449509,-134.536891,1975,103.7,50.5,-704
58.452293,-134.529968,2000,99.8,52.3,128
58.455226,-134.523193,2000,95.9,50.5,64
58.457108,-134.518994,2025,92.1,48.5,128
58.458717,-134.515778,2050,91.2,46.3,320
58.459671,-134.514121,2050,90.8,40.5,128
58.460626,-134.512756,2050,89.3,34.0,192
58.462097,-134.51164,2075,88.7,29.7,192
58.462967,-134.511286,2075,86.6,14.0,192
58.463512,-134.5112,2075,84.2,4.1,320
58.464443,-134.511292,2100,81.1,357.9,384
58.465347,-134.511463,2100,78.9,351.2,320
58.467749,-134.512665,2150,78.6,345.3,192
58.470337,-134.514209,2200,75.3,343.0,384
58.473707,-134.516327,2250,79.4,343.2,256
58.47813,-134.518982,2300,82.2,341.6,384
58.480318,-134.520447,2350,82.9,340.2,384
58.481323,-134.521297,2400,82.6,338.7,576
58.482056,-134.522183,2425,81.1,329.6,640
58.482366,-134.522644,2425,80.9,320.0,576
58.482738,-134.52356,2450,80.1,311.5,640
58.483018,-134.524475,2450,79.6,305.3,576
58.483344,-134.526672,2475,78.6,291.7,448
58.483297,-134.528046,2475,77.3,275.2,128
58.483157,-134.529144,2500,78.6,262.7,-64
58.48288,-134.5306,2475,80.8,254.9,-256
58.482552,-134.531708,2475,83.8,246.8,-320
58.478119,-134.536802,2400,87.7,235.2,-256
58.47757,-134.536714,2400,87.7,235.2,-256
58.477385,-134.536652,2400,92.8,172.6,-640
58.476059,-134.535562,2375,92.7,156.5,-448
58.475523,-134.534912,2350,93.2,146.8,-512
58.474406,-134.533173,2325,93.6,139.3,-576
58.472946,-134.530955,2300,94.4,143.6,-640
58.469471,-134.526764,2200,94.4,143.6,-512
58.468094,-134.52555,2175,91.2,152.6,-704
58.467361,-134.525196,2150,91.8,159.6,-640
58.466125,-134.525019,2100,90.3,175.6,-704
58.46435,-134.526947,2000,89.5,185.8,-768
58.464118,-134.527496,1975,88.4,226.4,-1472
58.463186,-134.530243,1900,90.7,235.8,-1344
58.46228,-134.53317,1825,93.2,240.4,-1088
58.461136,-134.536979,1725,93.3,239.0,-1024
58.460083,-134.54008,1625,90.1,236.3,-1280
58.458664,-134.542561,1500,89.9,235.4,-1344
58.458252,-134.542827,1500,83.6,206.3,-1216
58.457926,-134.542877,1475,83.7,191.7,-1408
58.456157,-134.542419,1350,84.8,162.9,-1536
58.455412,-134.54187,1300,85.4,161.6,-1536
58.453995,-134.540612,1225,82.8,155.0,-1216
58.452484,-134.539637,1125,80.6,156.6,-1152
58.4522,-134.539581,1125,75.3,169.3,-768
58.451362,-134.539764,1100,71.1,183.2,-640
58.450664,-134.540497,1075,62.4,215.2,-640
58.450245,-134.541412,1050,56.6,234.3,-576
58.450105,-134.542603,1025,55.1,240.6,-640
58.450105,-134.542877,1000,50.1,266.6,-512
58.450287,-134.543802,1000,46.5,278.6,-448
58.450333,-134.543979,1000,41.2,299.0,-384
58.450745,-134.544688,975,31.2,320.2,-192
58.452852,-134.547089,1075,38.5,351.0,960
58.453583,-134.54646,1150,41.8,11.0,1088
58.453736,-134.546173,1150,46.4,37.1,960
58.454016,-134.544891,1200,46.4,37.1,960
58.454041,-134.544688,1200,54.6,76.2,640
58.454062,-134.544159,1225,54.6,76.2,640
58.453876,-134.542877,1250,59.3,95.8,448
58.45369,-134.542419,1250,63.8,122.2,512
58.450804,-134.541962,1300,64.4,126.2,512
58.450562,-134.542295,1300,78.9,210.5,192
58.45015,-134.543004,1325,80.5,214.9,256
58.448848,-134.545715,1375,82.0,226.0,512
58.448227,-134.547168,1400,83.4,232.3,896
58.447359,-134.549652,1450,83.8,236.7,960
58.446102,-134.553314,1600,83.5,238.2,1152
58.444885,-134.55718,1725,81.1,239.6,1216
58.443774,-134.560913,1825,83.4,239.7,960
58.44261,-134.56485,1925,86.0,240.8,832
58.440935,-134.570435,2025,90.1,240.0,512
58.439585,-134.574829,2075,94.7,238.8,576
58.438751,-134.577381,2075,98.3,238.7,-256
58.437744,-134.580482,2050,101.0,238.4,-256
58.436186,-134.585083,2025,104.3,237.5,-320
58.433212,-134.592974,2025,109.6,234.3,-128
58.429296,-134.603302,2075,110.4,234.6,128
58.424548,-134.61557,2100,113.0,233.6,192
58.421585,-134.623009,2125,114.6,231.7,192
58.417705,-134.632416,2125,117.0,232.6,-64
58.415657,-134.636993,2100,116.8,228.1,-384
58.413748,-134.640839,2050,116.7,224.6,0
58.410141,-134.647286,2075,114.0,222.5,256
58.407463,-134.651733,2100,111.3,221.0,320
58.406346,-134.653473,2100,106.5,219.7,320
58.404996,-134.655579,2125,104.4,219.9,192
58.403739,-134.65741,2125,100.4,218.1,256
58.399829,-134.662628,2100,94.1,215.0,-192
58.398743,-134.663942,2100,93.8,211.5,-192
58.394289,-134.668945,2050,97.2,210.3,-128
58.388306,-134.675283,2050,99.0,209.7,-64
58.385491,-134.678009,2050,100.7,207.8,-192
58.383908,-134.679291,2000,99.7,205.5,-192
58.382812,-134.679979,2000,98.1,200.3,-320
58.380929,-134.680389,1950,94.2,192.3,-320
58.380478,-134.680333,1950,89.1,178.1,-192
58.379608,-134.680067,1950,86.5,169.3,-256
58.378834,-134.679565,1950,85.2,164.3,-192
58.378368,-134.679291,1950,84.3,157.7,-256
58.377298,-134.678101,1925,83.2,154.4,-128
58.376816,-134.677498,1925,83.2,147.3,-256
58.375948,-134.676178,1925,84.0,141.8,-256
58.374847,-134.67422,1900,84.2,137.4,-320
58.374023,-134.672625,1900,83.5,133.1,-192
58.373108,-134.670502,1875,81.8,128.6,-192
58.372284,-134.668284,1850,81.8,125.1,-192
58.37178,-134.666866,1875,81.6,121.0,128
58.371246,-134.664825,1875,82.3,115.9,64
58.370682,-134.662259,1875,83.0,111.9,-128
58.370041,-134.658715,1850,85.7,109.1,0
58.367889,-134.646223,1800,87.6,108.6,0
58.367432,-134.643742,1775,87.6,108.6,0
58.358537,-134.59021,950,79.3,103.9,-1280
58.358093,-134.587038,825,75.4,104.6,-1408
58.357956,-134.586241,800,70.9,106.4,-1344
58.357635,-134.584026,700,69.0,106.9,-1344
58.357187,-134.581146,600,67.7,106.3,-1152
58.356766,-134.578178,500,64.3,105.3,-896
58.356489,-134.576019,450,61.9,104.0,-1024
58.356023,-134.572723,350,60.9,104.3,-960
58.355759,-134.570913,300,56.8,104.3,-832
58.35553,-134.569318,250,53.2,106.4,-640
58.358322,-134.567458,800,91.2,279.5,768
58.358551,-134.569584,850,93.6,280.5,768
58.359375,-134.576935,950,98.5,282.9,640
58.359879,-134.581456,1000,103.2,281.8,640
58.364731,-134.612289,1725,102.8,283.5,1280
58.365097,-134.612821,1750,99.2,319.1,1280
58.367801,-134.614563,1825,99.2,319.1,1280
58.385422,-134.60715,2125,105.8,15.4,512
58.385925,-134.607062,2125,113.3,8.6,320
58.387679,-134.606873,2150,113.7,6.6,448
58.389075,-134.606964,2175,116.1,357.5,448
58.390658,-134.607422,2200,116.8,353.1,384
58.392287,-134.608063,2225,121.1,347.1,384
58.39522,-134.609528,2250,122.5,344.4,384
58.398422,-134.61158,2300,123.7,341.1,320
58.404717,-134.615845,2325,123.7,339.7,192
58.411653,-134.620789,2375,126.5,340.1,192
58.413849,-134.621858,2375,126.5,340.1,192
58.414719,-134.622123,2375,121.9,352.9,384
58.41575,-134.62207,2400,117.1,2.0,512
58.416588,-134.621796,2400,115.6,6.0,256
58.417472,-134.621246,2400,113.3,13.8,-128
58.419159,-134.619288,2375,109.3,32.7,-384
58.421768,-134.612821,2325,108.8,57.8,-256
58.423384,-134.607697,2325,110.8,59.0,64
58.427853,-134.59314,2350,109.9,58.8,0
58.429669,-134.587738,2350,109.9,58.8,0
58.431244,-134.583228,2325,112.3,55.9,-192
58.435684,-134.571356,2325,115.4,54.5,448
58.441726,-134.555695,2350,114.6,54.2,64
58.445869,-134.5448,2400,113.8,53.9,192
58.450653,-134.532106,2450,115.0,53.1,384
58.452988,-134.526613,2450,117.2,50.2,-128
58.455551,-134.52112,2425,119.7,48.0,-64
58.457153,-134.518108,2425,120.2,43.7,128
58.459076,-134.515007,2450,120.1,39.3,256
58.460632,-134.51288,2450,118.7,34.4,384
58.462189,-134.511108,2475,115.9,28.3,576
58.463287,-134.510311,2500,114.4,22.1,512
58.464386,-134.509779,2525,112.6,12.3,576
58.465897,-134.509691,2550,111.8,10.3,576
58.4664,-134.509779,2550,109.7,353.7,448
58.467423,-134.510284,2575,108.7,345.1,384
58.469843,-134.512207,2650,107.5,337.0,704
58.473907,-134.515804,2725,107.8,335.3,704
58.4765,-134.517975,2800,107.0,336.3,896
58.479172,-134.520057,2850,105.9,337.8,576
58.481644,-134.52174,2900,105.3,340.0,384
58.485066,-134.524292,2975,102.3,338.2,768
58.488651,-134.52713,3050,99.5,337.6,384
58.49263,-134.530423,3100,98.9,335.5,448
58.494553,-134.532018,3150,98.9,335.5,448
58.51202,-134.550568,3400,104.7,297.3,-256
58.507187,-134.560015,3300,96.3,279.6,-64
58.506729,-134.56037,3400,96.3,279.6,-64
58.506294,-134.560364,3300,96.3,279.6,-64
58.503128,-134.559723,3300,96.3,279.6,-64
58.502663,-134.559448,3300,99.0,166.0,-64
58.501373,-134.558509,3300,99.0,159.9,-64
58.480457,-134.539581,2800,102.0,151.9,-640
58.477059,-134.536011,2725,101.6,151.2,-704
58.473428,-134.532074,2650,99.5,149.8,-576
58.472264,-134.530609,2600,99.9,145.2,-576
58.470932,-134.528297,2550,100.8,143.5,-576
58.470169,-134.526489,2550,102.8,130.7,-448
58.469193,-134.52369,2525,103.8,122.0,-512
58.468185,-134.520234,2500,102.1,119.3,-384
58.46733,-134.516968,2475,101.5,116.3,-256
58.46449,-134.505707,2500,98.8,115.8,128
58.464203,-134.504552,2525,98.0,114.7,128
58.461743,-134.515137,2150,101.7,285.4,-704
58.462097,-134.518639,2125,103.4,279.5,-704
58.462326,-134.522892,2075,103.9,277.7,-576
58.462349,-134.524841,2025,102.0,271.7,-1152
58.462302,-134.526947,1950,102.0,270.0,-1472
58.462162,-134.529327,1875,102.0,270.0,-1472
58.461823,-134.531929,1800,103.6,257.2,-1472
58.461278,-134.535004,1750,100.2,251.4,-1088
58.460541,-134.538486,1650,96.4,247.4,-1216
58.459991,-134.540346,1575,95.8,245.3,-1472
58.459488,-134.541409,1525,93.7,236.3,-1344
58.458997,-134.542145,1500,90.0,220.9,-1344
58.458624,-134.542511,1500,89.0,212.6,-1216
58.458252,-134.542786,1450,87.2,205.1,-1280
58.45639,-134.542603,1350,85.9,192.1,-1344
58.455276,-134.541852,1250,86.3,161.8,-1536
58.453629,-134.540346,1175,85.0,153.4,-1088
58.452667,-134.539903,1150,81.3,159.1,-832
58.451502,-134.539948,1100,75.1,177.7,-704
58.451083,-134.540222,1075,69.0,199.5,-576
58.450757,-134.540497,1075,65.3,207.4,-576
58.450378,-134.541232,1050,62.2,223.7,-448
58.45015,-134.542384,1025,59.8,231.8,-576
58.45015,-134.54265,1025,59.8,231.8,-576
58.450152,-134.542877,1025,52.2,265.6,-576
58.450478,-134.544067,1000,46.8,290.0,-448
58.450617,-134.544434,975,41.2,309.1,-384
58.444472,-134.559174,1825,89.4,243.4,960
58.443169,-134.564392,1925,89.4,243.4,960
58.44223,-134.567458,2000,91.4,239.8,768
58.440469,-134.572998,2050,94.3,238.0,448
58.438933,-134.577393,2075,98.5,237.4,-320
58.437303,-134.58197,2075,103.5,235.2,-256
58.433441,-134.592,2050,106.8,234.5,128
58.430041,-134.601013,2100,110.0,233.1,0
58.424835,-134.614593,2125,112.4,234.1,-192
58.421476,-134.623077,2075,114.8,232.4,64
58.419334,-134.628113,2075,114.2,229.6,0
58.413748,-134.640381,2075,113.4,228.6,-64
58.41142,-134.645142,2100,112.5,226.1,192
58.408813,-134.649855,2100,112.5,223.2,64
58.404739,-134.656766,2150,113.4,221.4,-64
58.401319,-134.66217,2125,117.3,219.1,-128
58.397415,-134.668018,2100,119.0,217.8,-128
58.395453,-134.670593,2100,119.0,213.7,-128
58.39266,-134.673889,2075,119.0,211.9,0
58.388144,-134.678375,2050,116.9,203.7,-320
58.384781,-134.680776,2050,116.2,201.7,64
58.382418,-134.681763,2025,114.0,193.2,-128
58.380975,-134.681854,2050,112.5,185.6,-256
58.380277,-134.681763,2050,109.1,177.4,512
58.379206,-134.681488,2050,106.7,169.7,192
58.378052,-134.680776,2050,103.7,160.9,192
58.376832,-134.679565,2075,102.0,155.7,0
58.37632,-134.678925,2075,100.7,147.6,-64
58.375763,-134.67803,2050,99.5,140.7,0
58.374985,-134.676612,2050,99.7,133.8,-256
58.374161,-134.674663,2050,100.3,128.9,-384
58.373434,-134.672516,2050,100.7,122.4,-128
58.37265,-134.669879,2025,101.1,118.3,-448
58.370408,-134.661438,1950,102.9,116.6,-256
58.36943,-134.657135,1950,101.6,113.8,-192
58.367941,-134.650177,1925,102.3,111.8,-320
58.366311,-134.641754,1875,102.5,110.6,-448
58.365829,-134.639312,1850,103.1,109.8,-256
58.360794,-134.60715,1250,91.7,103.9,-1024
58.360073,-134.60202,1100,91.7,103.9,-1024
58.359468,-134.5979,1000,80.8,105.1,-704
58.35877,-134.592773,900,79.6,104.6,-640
58.358444,-134.59021,825,76.2,103.7,-896
58.358025,-134.58728,750,72.3,104.4,-1152
58.357635,-134.584469,650,70.6,105.6,-960
58.35714,-134.580872,550,68.2,104.4,-832
58.356857,-134.57871,500,67.2,104.7,-768
58.356209,-134.574097,375,63.8,103.6,-704
58.355988,-134.572508,350,55.8,104.5,-576
58.355438,-134.568521,250,54.1,106.1,-960
58.355372,-134.567963,225,54.1,106.1,-960
58.357498,-134.560281,625,70.9,278.9,960
58.357746,-134.563293,700,71.6,277.2,960
58.357978,-134.566498,800,71.7,278.0,1216
58.358231,-134.568875,875,73.2,280.2,1088
58.359192,-134.576406,1025,73.2,280.2,1088
58.361749,-134.607697,1650,93.4,283.0,960
58.363239,-134.612732,1800,104.8,307.6,960
58.386063,-134.607505,2200,109.6,14.8,896
58.387527,-134.606973,2250,109.0,11.1,1024
58.389029,-134.606781,2300,111.2,3.6,896
58.390457,-134.606796,2325,113.0,358.5,256
58.394056,-134.607605,2350,114.0,358.5,320
58.395546,-134.608154,2375,116.5,348.1,384
58.397222,-134.609161,2400,119.9,343.5,256
58.400803,-134.611492,2425,122.7,341.0,384
58.403693,-134.613647,2475,120.7,338.1,448
58.409,-134.617767,2500,116.1,339.9,128
58.41275,-134.620086,2500,112.6,341.9,-576
58.414912,-134.621155,2450,112.8,347.2,-128
58.416355,-134.621613,2475,112.3,351.3,0
58.417612,-134.621796,2450,112.2,356.9,-128
58.418884,-134.62168,2450,110.4,4.7,-448
58.419846,-134.621326,2450,107.5,9.6,-256
58.424011,-134.616985,2425,103.2,21.6,-256
58.4252,-134.614838,2400,103.2,21.6,-256
58.426163,-134.612732,2375,99.7,46.2,-192
58.430099,-134.598113,2300,104.7,65.2,-128
58.432183,-134.589844,2300,109.6,64.6,-256
58.434402,-134.581279,2250,110.0,64.1,-192
58.436188,-134.574723,2225,114.9,62.5,-320
58.440765,-134.5578,2150,114.9,62.5,-320
58.444891,-134.543701,2150,114.5,61.9,64
58.44829,-134.533539,2200,115.8,58.8,128
58.449783,-134.529803,2200,113.5,55.0,192
58.45071,-134.527771,2225,113.1,51.1,320
58.451843,-134.52555,2250,113.1,45.7,512
58.453583,-134.522361,2300,114.0,42.5,512
58.455366,-134.51944,2325,114.6,38.3,448
58.456879,-134.517399,2375,113.7,34.2,512
58.458019,-134.516144,2400,112.8,28.6,512
58.459369,-134.515045,2400,112.3,24.7,576
58.460533,-134.514404,2425,112.0,20.4,512
58.462814,-134.51358,2500,109.0,7.9,768
58.464386,-134.513501,2525,108.0,1.1,704
58.467423,-134.513855,2600,108.0,0.0,640
58.468735,-134.514298,2625,108.0,352.0,512
58.47226,-134.516159,2700,107.9,349.3,640
58.473953,-134.517222,2725,107.2,342.1,384
58.479899,-134.520813,2775,109.8,343.0,320
58.483978,-134.522981,2775,109.1,340.7,128
58.485904,-134.525574,2800,105.8,329.3,192
58.486359,-134.526968,2800,100.4,305.3,384
58.486542,-134.527765,2800,98.4,297.9,192
58.486725,-134.530334,2825,96.7,280.7,64
58.486416,-134.532623,2825,95.0,270.6,-64
58.483623,-134.53656,2750,91.6,248.2,-192
58.482552,-134.53656,2725,94.4,185.5,-448
58.481947,-134.536377,2700,95.6,173.4,-512
58.481528,-134.536194,2700,95.8,166.1,-448
58.480644,-134.535461,2700,97.9,154.0,-448
58.479492,-134.534056,2700,99.0,150.3,-512
58.478622,-134.532815,2675,100.0,143.1,-128
58.476826,-134.529968,2650,101.4,139.4,-448
58.475337,-134.527679,2600,104.2,142.8,-768
58.473894,-134.525848,2550,105.1,145.9,-512
58.470868,-134.522186,2475,105.7,147.4,-512
58.469797,-134.521362,2450,104.3,155.6,-896
58.4684,-134.520905,2375,103.7,162.6,-1152
58.467423,-134.520905,2325,103.4,175.0,-1152
58.46328,-134.525574,2075,102.7,228.6,-1600
58.461557,-134.531982,1850,104.1,238.8,-1600
58.461324,-134.533447,1800,106.3,250.2,-1408
58.46077,-134.536271,1725,104.1,250.4,-1408
58.460358,-134.537865,1675,99.3,242.4,-1216
58.459974,-134.538849,1650,96.8,236.8,-1088
58.459649,-134.539398,1650,93.4,226.7,-960
58.458939,-134.540346,1600,92.7,223.7,-896
58.458578,-134.54068,1575,89.1,204.6,-1024
58.458019,-134.540863,1550,88.3,193.1,-1152
58.457088,-134.540771,1500,87.1,177.4,-1408
58.455971,-134.539856,1425,86.8,165.3,-1408
58.455273,-134.539032,1375,87.8,149.9,-1728
58.453903,-134.537245,1300,88.7,150.3,-960
58.452573,-134.53656,1225,87.7,151.4,-832
58.451269,-134.536926,1175,84.5,173.9,-896
58.450571,-134.537842,1150,78.9,202.3,-896
58.450338,-134.538391,1125,74.3,223.4,-832
58.450105,-134.539032,1100,73.2,231.1,-896
58.449966,-134.539581,1100,69.4,241.6,-768
58.449733,-134.540863,1075,67.2,247.2,-640
58.449692,-134.541409,1050,61.2,258.7,-704
58.450287,-134.544245,975,59.7,261.3,-640
58.452988,-134.54708,1100,37.4,15.5,1024
58.453354,-134.546725,1150,38.5,24.6,1152
58.453923,-134.543335,1325,41.0,45.0,1280
58.453812,-134.54265,1350,53.6,104.0,896
58.453354,-134.541498,1400,58.2,118.8,896
58.453224,-134.541321,1400,63.6,135.0,704
58.452852,-134.540863,1425,67.6,141.6,640
58.451316,-134.539856,1475,74.3,160.4,576
58.45015,-134.539815,1525,78.1,177.1,768
58.448685,-134.540258,1575,79.2,184.3,832
58.446148,-134.541595,1675,82.0,195.6,896
58.44397,-134.542916,1800,82.2,198.4,896
58.443029,-134.543335,1850,81.0,192.8,1216
58.441633,-134.54361,1900,81.1,189.2,1088
58.440283,-134.54361,1975,80.0,180.0,1088
58.439575,-134.543536,2000,80.0,180.0,1088
58.438514,-134.542969,2100,79.9,171.4,1280
58.436188,-134.540878,2250,79.9,171.4,1280
58.434371,-134.538483,2325,79.9,171.4,1280
58.433533,-134.537245,2375,86.1,141.1,1024
58.423291,-134.519348,2850,94.1,135.4,768
58.416355,-134.509094,3075,95.0,143.1,576
58.414398,-134.507476,3125,95.8,151.3,640
58.413574,-134.506944,3150,95.8,151.3,640
58.412724,-134.506439,3175,99.0,161.8,960
58.409326,-134.505798,3250,99.5,167.2,1024
58.406021,-134.506147,3275,100.4,185.1,448
58.400155,-134.507721,3325,100.7,186.8,320
58.397873,-134.508539,3350,105.3,192.1,192
58.39536,-134.509735,3400,107.0,195.7,768
58.393478,-134.510843,3450,99.3,197.0,0
58.388718,-134.513678,3450,100.2,198.6,-448
58.386841,-134.514954,3350,100.0,199.9,-768
58.384735,-134.516336,3350,99.3,197.0,-64
58.381999,-134.517975,3325,101.2,198.4,-512
58.381022,-134.518982,3300,102.2,210.6,-1152
58.380295,-134.520057,3225,106.0,218.5,-1792
58.3797,-134.52112,3175,109.0,222.0,-2112
58.37916,-134.522278,3075,109.0,222.0,-2112
58.378042,-134.525391,2900,120.9,235.8,-2880
58.377205,-134.528046,2750,120.9,235.8,-2880
58.376273,-134.531616,2600,126.6,242.2,-2304
58.375668,-134.533722,2500,124.4,242.2,-2496
58.374551,-134.537842,2350,124.8,241.8,-2304
58.373853,-134.540314,2250,124.8,241.8,-2304
58.373108,-134.542827,2150,122.2,241.1,-2240
58.371804,-134.547089,1975,121.8,240.5,-2368
58.371153,-134.549011,1875,119.9,238.3,-2176
58.369949,-134.552396,1800,117.0,236.9,-1920
58.369198,-134.554504,1750,114.3,235.3,-1472
58.368499,-134.556427,1650,113.5,235.1,-2496
58.367475,-134.55954,1475,115.4,236.3,-2432
58.365646,-134.56542,1175,118.0,238.9,-2688
58.364682,-134.567871,1025,118.4,236.7,-2816
58.363937,-134.569244,950,114.7,227.8,-2816
58.359701,-134.572815,550,108.2,218.2,-2432
58.359512,-134.572862,550,87.3,184.6,-1600
58.358397,-134.572723,500,84.1,177.9,-1472
58.357224,-134.571888,400,81.1,170.8,-1344
58.356768,-134.571442,400,76.0,153.4,-1280
58.355837,-134.569336,325,70.2,139.0,-960
58.355651,-134.568695,300,64.1,121.0,-512
58.355255,-134.566926,250,61.7,117.0,-512
58.354614,-134.56161,100,50.9,109.5,-768
58.357606,-134.562012,700,86.5,280.7,1152
58.358185,-134.569052,850,97.0,278.3,1280
58.358871,-134.576761,1025,103.2,278.9,1088
58.359189,-134.579681,1100,107.1,281.3,1152
58.359235,-134.580048,1100,108.3,281.7,1472
58.361842,-134.608337,1800,116.9,284.9,1408
58.362587,-134.610901,1850,117.2,291.5,1536
58.362946,-134.611757,1875,117.2,291.5,1536
58.369756,-134.61557,2075,114.6,315.0,1280
58.393616,-134.60777,2350,131.1,2.6,192
58.394289,-134.607971,2350,135.0,353.2,-64
58.39685,-134.60907,2375,136.1,346.0,256
58.400108,-134.610992,2375,136.0,342.9,64
58.402634,-134.612643,2400,133.5,339.4,192
58.410461,-134.618402,2425,132.5,340.6,-256
58.412631,-134.619598,2425,130.8,344.5,-384
58.414398,-134.620174,2400,128.1,349.7,-192
58.41575,-134.620239,2375,126.2,356.8,-384
58.416914,-134.620056,2350,123.8,6.5,-320
58.420684,-134.616394,2350,120.6,15.9,128
58.421243,-134.615387,2325,118.3,41.2,-832
58.422134,-134.613441,2300,118.3,41.2,-832
58.423965,-134.607682,2225,119.1,60.8,-896
58.425945,-134.599823,2200,119.1,60.8,-896
58.427078,-134.595189,2125,116.8,65.2,-768
58.42836,-134.58943,2100,116.8,65.2,-768
58.431244,-134.577115,1975,116.8,65.2,-768
58.438431,-134.55089,1400,119.6,66.9,-704
58.438797,-134.549649,1375,111.1,59.7,-1088
58.43985,-134.54646,1300,107.9,57.5,-960
58.440903,-134.543536,1225,104.6,54.3,-1280
58.444798,-134.539398,1125,105.0,53.1,-1280
58.445497,-134.539581,1125,84.6,353.2,-192
58.44603,-134.539815,1100,83.5,349.0,-320
58.446716,-134.540435,1075,79.3,337.0,-448
58.447449,-134.541232,1050,74.8,330.4,-448
58.447998,-134.541852,1025,73.6,328.9,-512
58.448364,-134.542384,1025,68.5,326.3,-320
58.449966,-134.54425,1000,47.5,329.7,-256
58.450198,-134.544525,975,42.1,331.6,-320
58.450338,-134.544617,975,38.5,332.1,-256
58.450478,-134.5448,975,34.9,332.7,-320
58.453131,-134.547729,1100,40.3,7.1,960
58.454202,-134.546265,1200,42.7,20.6,896
58.454388,-134.545258,1250,48.8,61.9,1088
58.454388,-134.544159,1300,50.2,77.3,1088
58.454295,-134.54361,1300,52.5,107.7,960
58.453812,-134.542473,1350,53.8,125.2,704
58.453038,-134.54187,1400,56.6,148.0,704
58.45234,-134.541687,1425,61.8,170.7,576
58.451889,-134.541675,1425,66.0,178.3,704
58.451019,-134.541764,1475,69.3,185.0,896
58.446991,-134.544333,1600,75.0,193.1,320
58.446055,-134.545715,1625,81.0,212.9,512
58.445404,-134.546906,1650,81.0,212.9,512
58.445068,-134.547611,1650,83.5,226.9,320
58.444336,-134.549561,1675,85.4,231.6,448
58.443681,-134.551392,1700,90.1,236.3,256
58.442797,-134.554321,1700,93.2,240.4,384
58.441956,-134.557357,1750,95.3,243.2,256
58.440445,-134.563471,1800,100.2,243.9,320
58.438568,-134.570381,1875,103.8,242.4,448
58.437024,-134.576111,1925,107.3,243.4,384
58.435115,-134.583344,1975,110.5,243.7,576
58.432602,-134.592224,2025,114.5,241.9,128
58.431159,-134.597076,2050,117.8,239.9,256
58.426271,-134.612274,2075,125.4,237.7,448
58.425201,-134.615301,2100,125.4,237.7,448
58.421906,-134.624604,2125,124.5,235.8,192
58.419571,-134.631426,2150,127.9,236.8,0
58.416262,-134.640564,2100,127.6,234.6,-192
58.413422,-134.647705,2075,127.0,232.7,-256
58.411652,-134.651716,2050,126.9,229.1,-384
58.409046,-134.656952,2025,125.9,226.3,-320
58.406951,-134.660797,2000,124.6,222.4,-320
58.404007,-134.665449,1975,124.2,220.1,-128
58.401352,-134.669347,1950,123.0,216.4,-192
58.399224,-134.672058,1925,123.5,215.1,-384
58.397501,-134.674072,1900,122.8,210.3,-64
58.395538,-134.675903,1900,121.2,205.9,-128
58.394243,-134.677002,1900,120.9,203.4,-64
58.386566,-134.681396,1975,120.2,202.5,128
58.384374,-134.682129,1925,120.2,202.5,128
58.383861,-134.68222,1900,111.8,186.7,-576
58.38121,-134.682371,1875,112.2,183.1,-512
58.380386,-134.682194,1875,110.2,176.4,-192
58.379242,-134.681751,1875,107.7,169.8,-64
58.378555,-134.681305,1875,104.4,161.6,64
58.37767,-134.680573,1875,103.1,157.2,128
58.376273,-134.678925,1875,100.7,150.9,128
58.375305,-134.677232,1875,98.6,143.2,64
58.374802,-134.676258,1875,98.3,133.8,-128
58.373886,-134.674131,1850,98.1,129.2,-128
58.372787,-134.671119,1850,97.9,124.2,-64
58.371826,-134.667664,1850,98.5,119.2,-128
58.370956,-134.664208,1850,98.9,114.5,0
58.369849,-134.658966,1825,97.9,111.6,-64
58.369104,-134.654938,1825,97.4,109.2,128
58.367477,-134.646223,1825,97.7,109.7,-64
58.358414,-134.590493,950,93.1,104.9,-1792
58.357839,-134.586365,825,90.0,104.8,-1408
58.357635,-134.584823,775,85.9,104.8,-1344
58.35728,-134.582336,675,83.7,104.5,-1600
58.35672,-134.578621,575,79.8,105.3,-1600
58.356023,-134.573273,425,75.4,104.6,-1600
58.355896,-134.572242,400,69.1,104.2,-1600
58.355438,-134.568521,300,65.7,103.2,-1600
58.355046,-134.560638,75,65.7,103.2,-896
58.357681,-134.561167,850,83.4,275.5,1472
58.359328,-134.565857,1100,75.3,309.6,1728
58.360748,-134.566572,1200,68.2,337.6,1536
58.361206,-134.566394,1225,64.1,2.7,1152
58.361703,-134.565948,1275,61.9,22.8,1088
58.362866,-134.564117,1350,61.9,34.5,1024
58.363998,-134.56099,1450,65.3,50.0,1024
58.364365,-134.559749,1500,68.0,61.9,832
58.365372,-134.555851,1650,68.9,62.3,1088
58.366032,-134.553314,1750,72.9,63.1,1344
58.366928,-134.550269,1800,76.5,61.1,960
58.367568,-134.548462,1875,81.3,55.5,1088
58.368965,-134.544891,1975,85.6,52.6,1024
58.369949,-134.542473,2075,84.4,53.7,1472
58.370956,-134.539815,2175,83.8,54.2,1344
58.371643,-134.538043,2250,84.6,54.6,1536
58.37241,-134.535919,2375,84.9,55.6,1792
58.375156,-134.527405,2750,81.6,59.0,1728
58.379579,-134.515961,3325,76.4,47.1,1664
58.38089,-134.514209,3450,81.6,36.0,1728
58.381674,-134.513489,3500,84.2,29.9,1600
58.383957,-134.511729,3575,89.2,23.1,960
58.384369,-134.511374,3575,100.1,21.7,64
58.385834,-134.510222,3600,104.9,22.4,384
58.388809,-134.507653,3650,106.9,24.9,576
58.393524,-134.502603,3725,106.4,26.8,832
58.396989,-134.498932,3750,110.9,28.0,384
58.399658,-134.496489,3750,112.3,24.7,-128
58.402808,-134.493713,3800,113.7,23.9,640
58.409512,-134.488495,3750,109.7,24.2,192
58.414352,-134.485503,3825,109.7,24.2,192
58.415817,-134.484617,3825,104.0,17.9,448
58.417786,-134.483554,3875,105.4,16.5,320
58.421476,-134.481812,3900,106.0,15.9,256
58.423462,-134.481073,3950,107.9,10.7,768
58.427248,-134.47998,4025,107.7,10.2,832
58.428505,-134.479706,4050,112.8,6.6,384
58.431656,-134.479656,4075,117.0,358.5,448
58.434174,-134.480187,4100,117.2,357.1,384
58.436554,-134.481339,4125,119.2,348.9,128
58.438019,-134.482402,4125,119.2,348.9,128
58.438607,-134.48291,4150,124.6,337.3,448
58.438889,-134.483111,4150,124.5,336.3,448
58.465933,-134.506714,3900,111.1,336.7,64
58.467911,-134.508539,3875,111.4,333.9,-320
58.469611,-134.510284,3850,112.3,333.0,-256
58.472534,-134.513589,3850,114.2,330.1,384
58.475988,-134.517242,3800,114.9,332.5,-640
58.478502,-134.51944,3750,116.4,335.6,-256
58.483576,-134.523834,3725,116.3,334.5,-256
58.486954,-134.527145,3700,116.8,331.9,-192
58.491577,-134.532018,3675,116.5,330.1,-64
58.49582,-134.53656,3700,115.4,332.1,192
58.497682,-134.538116,3700,115.6,336.5,384
58.501373,-134.540346,3750,115.2,337.0,320
58.480042,-134.53822,3025,114.8,146.7,-960
58.477897,-134.53537,2925,114.9,144.9,-1280
58.476361,-134.533173,2825,115.4,144.5,-1536
58.475057,-134.531433,2725,114.9,144.9,-1920
58.473894,-134.529968,2650,115.1,145.6,-1856
58.472626,-134.528297,2550,115.7,145.2,-1792
58.470681,-134.52594,2450,115.1,147.4,-1664
58.469657,-134.524933,2400,114.7,149.6,-1664
58.467911,-134.524044,2275,113.9,160.0,-1536
58.467087,-134.523955,2250,110.2,176.4,-1408
58.466352,-134.524109,2200,108.6,185.8,-1344
58.465374,-134.524658,2175,106.7,195.2,-1408
58.464723,-134.525299,2125,104.8,203.6,-1472
58.464304,-134.525848,2100,104.6,213.7,-1664
58.463333,-134.527765,2000,104.7,222.7,-1792
58.46283,-134.52936,1950,104.6,231.6,-1856
58.462488,-134.530609,1900,105.8,239.3,-1728
58.462069,-134.532349,1825,108.3,246.0,-1728
58.461411,-134.53565,1725,108.9,249.6,-1536
58.460719,-134.538757,1650,107.9,249.4,-1536
58.46044,-134.539673,1625,106.1,241.3,-1152
58.459991,-134.540789,1600,105.1,235.9,-1088
58.458984,-134.542295,1550,102.6,223.0,-896
58.458485,-134.542694,1525,100.2,204.8,-1088
58.458066,-134.542877,1500,98.8,195.9,-1344
58.456343,-134.542603,1400,98.2,188.8,-1472
58.455692,-134.542053,1350,98.4,159.2,-1984
58.4549,-134.541138,1250,99.7,154.5,-2176
58.453969,-134.539673,1200,99.2,139.1,-1216
58.451595,-134.536469,1150,92.0,137.6,-512
58.450897,-134.536377,1150,73.1,176.9,64
58.449921,-134.537334,1150,73.1,176.9,64
58.449646,-134.538043,1125,63.7,222.5,-384
58.449463,-134.539106,1100,61.6,237.6,-512
58.449454,-134.539307,1100,57.1,258.9,-640
58.449547,-134.540497,1075,55.0,267.9,-640
58.44964,-134.541138,1050,49.2,282.9,-448
58.449826,-134.54187,1050,44.4,292.5,-320
58.45015,-134.543093,1025,35.4,298.7,-384
58.450333,-134.543624,1000,32.8,301.3,-384
58.450699,-134.544688,975,30.2,304.2,-384
58.450745,-134.544776,975,20.6,309.1,-192
58.450836,-134.544953,975,19.2,308.7,-192
58.452896,-134.547611,1100,40.5,351.5,640
58.453085,-134.547546,1125,51.0,11.3,768
58.454854,-134.544708,1325,56.8,61.6,1216
58.455139,-134.54203,1425,61.2,78.7,1280
58.455048,-134.541144,1450,62.4,96.4,1088
58.454773,-134.54008,1500,63.6,102.7,1216
58.454621,-134.539581,1525,63.0,122.7,1344
58.453903,-134.538397,1600,62.4,131.1,1408
58.453491,-134.537954,1650,63.0,147.3,1280
58.453171,-134.537777,1650,64.1,157.0,1088
58.452526,-134.537567,1700,65.5,164.1,960
58.451548,-134.537567,1725,68.4,174.1,960
58.450333,-134.538043,1800,73.8,188.6,1088
58.449547,-134.538483,1825,78.1,198.7,896
58.448685,-134.539283,1875,79.1,200.7,896
58.44815,-134.539764,1925,83.7,207.8,1216
58.447174,-134.540878,1975,86.5,209.8,1088
58.443695,-134.54451,2150,87.3,209.5,960
58.442378,-134.545441,2250,86.7,198.9,1408
58.440841,-134.54599,2325,88.3,193.1,1216
58.438339,-134.545839,2475,86.0,179.3,1152
58.435364,-134.543802,2675,80.8,167.9,1664
58.433579,-134.541687,2750,80.1,152.5,1152
58.432415,-134.540039,2775,86.5,146.3,320
58.428177,-134.532106,2950,92.6,135.4,576
58.427853,-134.531433,2950,92.6,135.4,576
58.422733,-134.52063,3150,93.0,130.2,960
58.421476,-134.518433,3200,91.9,135.0,832
58.416634,-134.51239,3375,91.9,135.0,832
58.416215,-134.512024,3375,99.3,152.4,640
58.41449,-134.510577,3450,100.2,155.2,704
58.410873,-134.508096,3600,101.4,158.0,1152
58.41037,-134.50783,3600,107.2,162.1,320
58.40593,-134.506767,3600,109.7,167.4,0
58.40481,-134.506805,3600,112.1,182.1,0
58.400162,-134.508007,3550,111.6,189.8,-320
58.397324,-134.509071,3550,109.0,191.1,-128
58.391602,-134.511374,3525,108.7,192.8,-128
58.389221,-134.512526,3525,110.4,196.3,-192
58.386703,-134.514032,3425,108.5,196.6,-832
58.383629,-134.515961,3350,103.7,199.1,-384
58.381805,-134.51731,3250,102.7,202.3,-1664
58.38051,-134.518616,3150,103.8,208.8,-2048
58.379951,-134.51944,3100,105.7,212.6,-1984
58.379113,-134.520813,3000,108.6,220.1,-2624
58.378372,-134.522361,2900,114.0,228.2,-2880
58.377182,-134.525373,2725,116.7,231.3,-2752
58.377065,-134.525848,2700,122.0,236.7,-3008
58.376646,-134.52713,2600,123.0,238.6,-3136
58.373527,-134.537933,2150,123.5,240.9,-2368
58.372559,-134.541144,2000,122.3,240.1,-2048
58.371199,-134.545624,1900,121.4,239.9,-1728
58.370773,-134.54708,1850,117.3,240.4,-1536
58.369756,-134.550293,1775,114.2,240.1,-1472
58.368484,-134.554611,1600,113.4,239.8,-1664
58.368127,-134.555878,1500,115.5,241.0,-3200
58.367294,-134.558775,1350,116.4,241.2,-3200
58.366699,-134.560813,1250,120.8,241.3,-2944
58.366241,-134.562319,1150,121.4,239.9,-3072
58.364319,-134.568166,850,121.9,239.4,-3072
58.360428,-134.572153,450,99.3,189.3,-2304
58.356396,-134.571259,250,97.3,184.1,-2240
58.355392,-134.568521,200,97.3,184.1,-2240
58.355392,-134.568255,200,64.0,104.5,-640
58.35498,-134.565243,150,61.6,103.1,-448
58.356995,-134.553636,650,74.4,311.2,704
58.357544,-134.558952,750,75.4,308.5,640
58.357559,-134.560455,800,83.0,269.3,1152
58.357746,-134.563202,900,83.0,269.3,1152
58.358025,-134.564758,975,81.0,282.8,1728
58.359887,-134.567688,1125,79.6,295.3,1600
58.360611,-134.567812,1150,74.5,345.2,1088
58.361842,-134.567322,1200,74.5,345.2,1088
58.362122,-134.567103,1225,69.5,22.9,768
58.364548,-134.561876,1400,67.7,31.1,960
58.364822,-134.561167,1450,67.7,55.8,1344
58.36615,-134.55718,1650,67.7,55.8,1472
58.366745,-134.555142,1750,65.9,59.9,1280
58.367615,-134.552032,1825,70.2,62.0,1088
58.368393,-134.549118,1925,74.7,63.8,1088
58.369171,-134.546105,2025,78.7,62.8,1152
58.370041,-134.543093,2100,81.1,59.6,1152
58.370636,-134.541409,2200,82.2,58.4,1472
58.371231,-134.539549,2250,82.4,56.9,1600
58.371758,-134.538116,2350,82.1,55.9,1856
58.372922,-134.534637,2525,78.2,57.5,1920
58.373853,-134.531708,2650,78.4,60.2,1600
58.374573,-134.52936,2750,80.8,58.7,1600
58.375214,-134.527233,2875,80.8,58.7,1600
58.378927,-134.516235,3300,80.8,58.7,1600
58.379105,-134.515981,3325,89.1,44.1,1408
58.379883,-134.51483,3375,90.2,36.0,1088
58.381714,-134.513323,3500,91.9,30.8,1472
58.381897,-134.513235,3500,97.1,16.8,2048
58.385491,-134.5112,3700,103.7,17.4,1088
58.387253,-134.509779,3750,103.7,17.4,1088
58.388077,-134.508982,3775,101.1,25.8,576
58.389771,-134.50721,3825,100.8,30.4,704
58.392197,-134.504109,3925,97.6,32.9,896
58.394708,-134.500763,3950,102.1,34.6,-448
58.396337,-134.498657,3925,106.2,33.1,-640
58.397734,-134.497101,3850,109.3,29.6,-704
58.400299,-134.494629,3825,110.0,25.9,-320
58.402451,-134.493034,3800,109.9,21.9,-320
58.404112,-134.491974,3775,109.4,19.8,-256
58.405518,-134.491174,3775,108.8,17.1,-64
58.414581,-134.486035,3750,106.3,16.4,192
58.418701,-134.484174,3750,105.3,12.1,256
58.425852,-134.481079,3850,106.7,13.0,256
58.4279,-134.480255,3900,104.6,12.7,640
58.433859,-134.479889,4025,103.8,10.6,704
58.434677,-134.480187,4025,107.4,350.9,256
58.436512,-134.481354,4050,107.4,350.9,256
58.437443,-134.482086,4050,112.0,339.6,128
58.439212,-134.483459,4050,116.9,336.3,128
58.456204,-134.497925,3900,117.8,336.5,128
58.45788,-134.499298,3900,124.9,335.9,-256
58.462861,-134.503418,3825,124.6,337.3,-640
58.465933,-134.505981,3800,123.5,335.1,-320
58.467935,-134.508087,3750,124.0,330.5,-576
58.470428,-134.511108,3700,126.5,326.9,-576
58.476687,-134.51889,3650,127.9,328.4,-256
58.480637,-134.523158,3625,127.1,330.8,-256
58.48488,-134.527496,3600,125.7,333.0,-64
58.491806,-134.534144,3650,125.7,332.0,256
58.49568,-134.537933,3700,125.7,334.0,512
58.498627,-134.540169,3750,124.8,338.4,448
58.507324,-134.531929,3950,123.3,341.6,576
58.507504,-134.528961,3975,123.3,341.6,576
58.507551,-134.528046,3950,108.4,85.2,-256
58.507645,-134.523867,3950,110.0,89.0,64
58.507599,-134.515007,4000,109.0,91.1,384
58.507553,-134.513058,4025,108.0,91.6,320
58.514347,-134.521088,3900,133.1,262.7,-320
58.512451,-134.539815,3700,133.1,262.7,-576
58.512222,-134.540789,3675,126.3,249.1,-576
58.511215,-134.543536,3625,123.1,241.4,-960
58.510437,-134.545042,3575,121.9,229.0,-1280
58.508972,-134.546991,3500,122.6,215.4,-1344
58.507462,-134.548232,3450,121.6,211.2,-1408
58.506363,-134.548852,3425,120.9,200.8,-1088
58.505356,-134.549295,3400,120.6,195.9,-896
58.503799,-134.549826,3350,119.4,191.6,-896
58.498901,-134.550004,3325,117.7,186.3,-320
58.497894,-134.549915,3325,114.1,177.5,0
58.495331,-134.549383,3350,110.7,173.8,64
58.492859,-134.548409,3300,110.6,170.1,-256
58.49144,-134.547611,3275,111.4,163.8,-576
58.489975,-134.54646,3250,111.9,161.2,-704
58.488556,-134.545308,3225,112.8,155.9,-512
58.486496,-134.543093,3175,111.8,152.3,-512
58.483063,-134.539283,3050,111.4,151.6,-640
58.480865,-134.536625,2950,107.9,147.5,-640
58.478828,-134.534088,2850,108.2,146.3,-640
58.476974,-134.531752,2750,107.6,146.8,-640
58.475244,-134.529602,2650,107.9,147.5,-640
58.473428,-134.527588,2550,107.7,148.7,-640
58.471845,-134.526031,2450,108.2,153.7,-640
58.470542,-134.525024,2375,109.0,157.9,-1472
58.469101,-134.524398,2300,108.8,162.9,-1344
58.467819,-134.524221,2250,107.6,174.1,-1152
58.466492,-134.524576,2200,105.7,190.4,-1536
58.465607,-134.525116,2125,106.3,191.9,-1472
58.463654,-134.527499,2000,108.2,218.2,-1728
58.462488,-134.530334,1900,110.4,236.4,-2112
58.461823,-134.532638,1800,110.9,242.1,-2112
58.461324,-134.535004,1700,111.8,248.5,-1536
58.46044,-134.539032,1625,110.1,249.3,-1152
58.458578,-134.542694,1550,105.7,240.5,-960
58.458299,-134.542877,1525,99.3,205.0,-1152
58.456157,-134.542694,1375,100.0,179.4,-1600
58.454481,-134.540863,1250,102.9,147.7,-1792
58.452621,-134.538131,1150,100.7,139.0,-1344
58.451019,-134.537777,1150,74.3,185.4,-64
58.450059,-134.539032,1125,65.1,223.8,-448
58.449779,-134.540222,1100,62.7,236.1,-576
58.449779,-134.540497,1100,55.9,259.7,-832
58.449873,-134.541687,1050,54.0,270.0,-896
58.450058,-134.542473,1050,49.2,294.0,-576
58.450292,-134.543335,1025,47.0,296.6,-576
58.450385,-134.543518,1000,40.8,301.0,-512
58.450836,-134.544688,975,30.6,308.4,-320
58.450882,-134.544865,975,20.8,305.2,-320
58.453125,-134.546903,1100,31.1,356.3,640
58.453629,-134.546194,1150,38.9,25.9,768
58.45369,-134.546082,1150,46.0,42.4,768
58.454155,-134.544983,1200,50.3,49.0,768
58.454481,-134.543976,1250,51.6,54.5,960
58.45459,-134.543447,1250,55.2,67.6,896
58.454667,-134.542877,1300,56.0,71.2,896
58.454727,-134.542118,1300,57.7,81.0,960
58.454727,-134.541055,1325,59.4,83.2,960
58.454544,-134.54008,1375,61.3,95.6,960
58.454481,-134.539764,1375,61.5,112.0,1088
58.453271,-134.537933,1475,61.4,120.3,1152
58.449829,-134.54008,1575,74.8,209.6,192
58.449035,-134.541138,1600,81.0,215.5,512
58.447083,-134.543713,1675,85.4,212.6,1024
58.445938,-134.544953,1750,82.9,209.7,1472
58.44136,-134.5477,2050,82.3,184.9,1088
58.440628,-134.547611,2075,82.0,178.6,1088
58.439804,-134.547434,2125,80.6,172.9,1216
58.436559,-134.5448,2425,78.2,163.6,1664
58.43541,-134.54327,2525,73.8,147.2,1536
58.434494,-134.542118,2600,73.2,145.0,1472
58.429902,-134.534637,2875,74.2,142.7,1472
58.42923,-134.533347,2900,83.4,135.0,768
58.427582,-134.530157,2975,83.4,135.0,768
58.425153,-134.525665,3075,87.0,135.5,768
58.42067,-134.517665,3275,85.9,140.2,960
58.41575,-134.511475,3500,88.0,143.8,960
58.414772,-134.510651,3525,91.7,154.8,512
58.410769,-134.508087,3625,92.7,156.5,448
58.409363,-134.507476,3650,101.2,168.0,704
58.406253,-134.506622,3725,102.0,168.7,704
58.402017,-134.506714,3675,111.0,179.0,-448
58.396198,-134.508911,3650,113.5,194.3,-320
58.391682,-134.511383,3600,112.6,196.5,-320
58.388535,-134.513323,3500,110.7,198.4,-704
58.385788,-134.515095,3475,106.0,197.6,-384
58.383256,-134.516968,3400,103.8,200.9,-640
58.381953,-134.518066,3350,103.4,204.6,-1088
58.380603,-134.519531,3250,103.4,209.5,-1728
58.379837,-134.5205,3150,103.4,209.5,-1728
58.379067,-134.521545,3050,106.3,215.0,-3072
58.378694,-134.522278,3000,111.3,221.0,-3520
58.378143,-134.523335,2900,116.0,225.0,-3584
58.377548,-134.524576,2800,118.3,228.8,-3520
58.377045,-134.525816,2700,120.0,230.1,-3456
58.376587,-134.527056,2625,124.3,235.2,-3584
58.375854,-134.529271,2475,126.8,237.6,-3264
58.374365,-134.534363,2250,128.6,239.6,-3008
58.373108,-134.538757,2075,128.6,239.6,-3008
58.372317,-134.541687,1975,125.7,243.0,-1728
58.371432,-134.544983,1900,121.7,242.6,-1408
58.370819,-134.547257,1850,117.2,241.5,-1408
58.369989,-134.549927,1775,113.3,240.9,-1280
58.368965,-134.553406,1675,110.6,240.2,-1728
58.368266,-134.555786,1550,111.1,239.7,-2304
58.367294,-134.559129,1350,116.8,240.8,-2880
58.366311,-134.562286,1175,119.1,240.9,-3008
58.365613,-134.564575,1075,121.8,240.5,-2816
58.364914,-134.56666,950,122.5,239.0,-2944
58.363984,-134.568878,850,122.6,234.6,-2432
58.361796,-134.571899,625,113.2,215.7,-2560
58.359794,-134.57254,450,107.4,204.2,-2432
58.355511,-134.569519,200,72.7,124.3,-640
58.354935,-134.564977,150,71.1,117.7,-704
58.357559,-134.560181,675,66.9,328.5,1280
58.357635,-134.560901,700,77.3,275.2,1152
58.357746,-134.562836,750,80.8,277.8,1280
58.358231,-134.565774,850,81.2,292.5,1664
58.359282,-134.567871,1000,81.4,296.2,1728
58.360725,-134.568512,1100,75.8,329.0,1472
58.361206,-134.568521,1125,73.1,356.9,1280
58.361893,-134.568344,1150,73.1,356.9,1280
58.362671,-134.567901,1200,70.6,12.3,1152
58.363006,-134.567505,1250,68.9,24.0,960
58.363984,-134.565857,1300,65.1,43.8,1088
58.364868,-134.563382,1450,61.6,57.6,1408
58.365427,-134.561462,1525,62.7,61.4,1280
58.366333,-134.558066,1700,62.6,63.4,1344
58.36687,-134.556152,1775,66.7,62.3,1408
58.367477,-134.553991,1875,68.4,63.1,1280
58.36808,-134.551758,1950,72.0,62.7,1408
58.36853,-134.550092,2025,73.8,61.7,1408
58.369104,-134.548004,2100,74.7,62.1,1472
58.369675,-134.546017,2200,74.7,62.1,1472
58.370316,-134.543802,2300,76.1,61.8,1280
58.371094,-134.541055,2400,78.3,61.8,1344
58.371711,-134.538849,2475,79.2,62.1,1408
58.372559,-134.535916,2575,81.9,61.6,1280
58.373108,-134.533878,2650,83.2,61.3,1280
58.373899,-134.531342,2750,84.1,61.6,1408
58.374179,-134.530243,2800,85.1,60.4,1472
58.378601,-134.517576,3325,85.2,58.9,1536
58.378967,-134.516956,3375,89.1,45.9,1664
58.380929,-134.515045,3475,93.1,28.2,1280
58.381348,-134.514771,3475,97.4,19.2,640
58.382034,-134.514387,3500,101.2,16.6,768
58.385239,-134.512703,3550,105.5,14.8,704
58.386841,-134.511383,3600,107.3,21.3,448
58.388168,-134.510134,3625,105.1,27.8,896
58.390457,-134.507653,3700,104.4,30.5,512
58.394755,-134.502594,3725,104.3,29.3,448
58.395767,-134.501451,3775,98.3,31.3,384
58.397552,-134.499679,3800,100.2,27.3,320
58.400062,-134.497284,3825,98.8,25.8,128
58.402948,-134.494904,3850,99.0,23.2,64
58.405014,-134.493211,3850,100.3,23.5,64
58.41277,-134.488129,4025,101.8,17.7,448
58.414856,-134.487098,4050,101.8,17.7,448
58.41817,-134.485931,4100,98.7,13.5,256
58.41952,-134.485474,4100,97.2,8.9,320
58.420853,-134.485149,4100,97.2,8.9,320
58.428086,-134.483734,4100,100.0,8.1,256
58.433121,-134.484086,4125,98.1,2.9,-64
58.434998,-134.484794,4100,99.9,352.5,-384
58.437561,-134.486389,4100,100.4,345.0,64
58.438019,-134.486744,4100,101.0,338.5,128
58.451874,-134.497742,3950,101.0,338.5,128
58.455643,-134.500388,3850,102.2,340.0,-960
58.458066,-134.502136,3750,101.6,339.2,-960
58.459602,-134.503326,3700,96.9,338.2,-896
58.461883,-134.505249,3675,93.1,335.9,-256
58.465887,-134.50882,3650,97.5,334.5,-64
58.469101,-134.511551,3650,101.6,336.2,0
58.475569,-134.517242,3675,102.5,335.2,0
58.481202,-134.522369,3725,99.7,334.5,320
58.484694,-134.525482,3750,99.0,336.8,320
58.489288,-134.528917,3775,97.9,338.4,192
58.49554,-134.533539,3800,102.9,338.9,0
58.499032,-134.535919,3800,102.5,341.2,64
58.500149,-134.53656,3800,102.5,341.2,0
58.481575,-134.539124,3150,98.0,152.6,-1216
58.480042,-134.5376,3050,97.1,152.4,-1280
58.477661,-134.535119,2950,96.7,150.3,-1088
58.476151,-134.533435,2850,95.0,149.7,-1280
58.473847,-134.531067,2750,96.2,152.1,-1216
58.472122,-134.52936,2650,98.8,154.2,-1408
58.47052,-134.528031,2550,101.1,155.5,-1472
58.469238,-134.527039,2500,103.5,156.7,-1408
58.467911,-134.526436,2400,103.1,160.2,-1280
58.466864,-134.526489,2350,99.0,178.3,-1408
58.4664,-134.526702,2325,96.7,187.1,-1600
58.465576,-134.527322,2250,93.6,203.3,-1792
58.464723,-134.528595,2175,93.6,203.3,-1792
58.464432,-134.529094,2150,93.5,221.5,-2176
58.463791,-134.530423,2075,94.1,226.3,-2048
58.463242,-134.531752,2000,94.5,230.6,-1984
58.462535,-134.533447,1900,93.2,231.5,-1920
58.461697,-134.535461,1800,92.5,231.1,-1728
58.460673,-134.537842,1700,90.1,229.9,-1600
58.459717,-134.539903,1600,89.3,228.6,-1600
58.459076,-134.541055,1550,87.2,220.8,-1600
58.458344,-134.541941,1500,86.0,215.5,-1536
58.457786,-134.542236,1450,83.7,204.7,-1536
58.457135,-134.542419,1400,82.0,189.1,-1728
58.45653,-134.542328,1350,82.0,189.1,-1728
58.45639,-134.542236,1325,82.2,170.2,-1856
58.45546,-134.541675,1275,81.7,165.1,-1792
58.454636,-134.540966,1200,82.5,157.2,-1728
58.453125,-134.539992,1125,76.7,164.9,-896
58.452438,-134.539815,1100,76.7,164.9,-896
58.451548,-134.540131,1075,71.0,181.6,-576
58.451385,-134.540258,1075,65.8,196.8,-640
58.451036,-134.540588,1050,62.2,207.8,-512
58.450195,-134.542916,1000,60.5,214.2,-576
58.450198,-134.543335,1000,45.3,263.7,-512
58.450287,-134.543979,975,39.8,281.6,-512
58.450524,-134.544434,975,35.4,298.7,-320
58.450617,-134.544617,975,35.4,298.7,-320
58.453224,-134.546448,1125,36.7,29.4,768
58.453766,-134.544953,1175,41.0,47.0,704
58.453903,-134.544156,1200,47.5,67.8,704
58.453923,-134.543427,1225,50.8,79.8,640
58.453766,-134.542207,1250,55.9,100.3,640
58.452107,-134.540405,1300,57.8,113.5,640
58.451843,-134.540435,1300,66.0,180.0,320
58.451223,-134.540863,1325,66.9,189.5,256
58.451083,-134.540955,1325,70.7,205.1,128
58.450562,-134.541675,1325,72.9,213.2,256
58.450059,-134.542419,1350,75.3,219.6,320
58.449267,-134.543884,1375,77.1,224.5,640
58.44801,-134.546265,1475,74.3,223.4,1152
58.44666,-134.548462,1550,72.3,220.5,1216
58.446102,-134.549103,1600,71.6,213.0,960
58.445264,-134.550018,1650,70.7,205.1,1024
58.444612,-134.550385,1675,71.2,204.0,832
58.443262,-134.550842,1725,75.0,189.2,768
58.442139,-134.550801,1750,75.0,189.2,768
58.441177,-134.550712,1750,81.3,175.1,192
58.439758,-134.550269,1775,81.4,174.4,192
58.438933,-134.549835,1775,83.0,167.5,256
58.437909,-134.549194,1825,84.1,162.0,576
58.43573,-134.547257,1875,84.3,157.7,448
58.43486,-134.546282,1900,85.6,149.8,768
58.433393,-134.544434,1975,85.6,149.8,768
58.432388,-134.542827,2025,85.2,144.1,832
58.426783,-134.529877,2400,82.2,126.6,960
58.425247,-134.52555,2525,80.2,123.3,1152
58.424057,-134.522449,2625,79.1,124.7,1088
58.423291,-134.52063,2700,79.1,124.7,1088
58.422409,-134.518905,2775,75.0,133.9,1280
58.421755,-134.517883,2825,75.9,139.8,1280
58.409186,-134.50827,3375,80.6,172.9,448
58.405741,-134.50827,3450,79.1,177.8,512
58.404996,-134.508453,3450,80.4,185.7,256
58.40481,-134.508545,3450,80.9,188.5,192
58.396756,-134.511749,3450,88.8,191.7,-192
58.396337,-134.511841,3450,93.9,191.7,128
58.390045,-134.514652,3475,94.2,192.3,640
58.388672,-134.515361,3450,90.0,194.8,-256
58.386154,-134.516513,3400,85.1,192.9,-640
58.382721,-134.517842,3325,86.1,192.8,-576
58.381255,-134.518616,3250,86.7,196.8,-1088
58.379672,-134.520538,3100,89.4,206.6,-1792
58.379392,-134.521179,3050,96.2,225.0,-2368
58.37851,-134.523955,2950,107.4,241.1,-2624
58.378042,-134.525757,2850,107.4,241.1,-2624
58.377914,-134.526259,2800,112.3,243.0,-2560
58.377411,-134.528031,2700,114.1,242.3,-2816
58.37677,-134.530157,2600,114.1,242.3,-2816
58.375994,-134.532623,2450,118.3,239.5,-2816
58.374252,-134.538043,2225,121.1,239.2,-2752
58.373337,-134.540966,2075,123.0,238.6,-2496
58.37241,-134.543793,1975,120.4,237.9,-1856
58.371185,-134.547434,1875,117.3,237.5,-1472
58.370773,-134.548586,1850,109.8,236.9,-1344
58.369849,-134.5513,1775,105.4,236.6,-1088
58.368988,-134.553813,1700,102.1,235.4,-1472
58.368592,-134.554962,1650,101.8,236.6,-1920
58.36821,-134.556117,1550,102.9,237.7,-2688
58.367798,-134.557446,1475,106.3,238.9,-3008
58.367569,-134.558243,1425,111.0,240.9,-2944
58.366544,-134.56192,1250,111.9,241.1,-2816
58.365566,-134.565216,1100,114.5,241.9,-2432
58.364775,-134.567871,950,115.0,241.4,-2752
58.359787,-134.572508,575,116.3,238.4,-2432
58.35965,-134.572508,575,83.7,187.6,-1408
58.358047,-134.572862,450,83.7,187.6,-1408
58.35742,-134.572723,400,83.7,187.6,-1408
58.356628,-134.572174,350,71.6,172.8,-1536
58.356079,-134.571267,300,65.4,150.7,-1344
58.355232,-134.566864,175,60.6,127.6,-1152
58.358118,-134.569153,750,84.0,282.4,768
58.358871,-134.576052,825,84.9,282.2,768
58.358917,-134.576406,850,93.9,281.7,576
58.359741,-134.583583,1000,93.4,283.0,1152
58.360519,-134.589873,1150,93.4,283.0,1152
58.363907,-134.609011,1550,94.0,286.7,1024
58.364548,-134.610606,1600,94.9,311.6,1344
58.36528,-134.611757,1650,94.8,315.0,1344
58.37916,-134.609436,2175,94.1,325.0,1280
58.389908,-134.606884,2300,111.6,353.8,320
58.393845,-134.608922,2350,114.0,346.8,640
58.39563,-134.609985,2350,112.3,342.4,320
58.400253,-134.612998,2425,110.1,340.9,512
58.403961,-134.615567,2475,109.6,338.6,320
58.407532,-134.618225,2475,114.2,339.5,-64
58.411234,-134.620789,2500,116.1,341.4,384
58.412384,-134.621237,2525,113.0,349.3,832
58.413143,-134.621338,2550,111.4,355.4,704
58.414215,-134.621237,2550,108.5,5.3,576
58.415176,-134.620794,2575,107.7,15.1,512
58.416122,-134.619965,2600,106.1,23.9,256
58.416824,-134.6192,2600,106.0,31.9,-256
58.417798,-134.617767,2575,105.8,36.5,-512
58.418496,-134.616394,2550,107.5,45.0,-384
58.419662,-134.613972,2525,106.8,46.1,-384
58.420761,-134.611314,2550,107.3,50.7,-64
58.421941,-134.608429,2525,106.4,53.0,0
58.425014,-134.600372,2500,107.6,54.8,-192
58.428497,-134.590936,2575,109.3,55.4,256
58.432022,-134.581634,2600,108.8,54.0,256
58.436047,-134.571625,2650,110.6,52.7,256
58.439026,-134.564758,2650,110.9,50.9,192
58.440674,-134.560724,2650,112.3,50.8,-64
58.443008,-134.554877,2625,112.2,53.3,-128
58.448044,-134.541498,2650,112.2,53.3,-128
58.44841,-134.540612,2650,92.7,55.1,-192
58.450928,-134.533967,2575,95.4,54.8,-448
58.45166,-134.532106,2600,95.8,53.5,64
58.454681,-134.524753,2600,99.0,52.0,128
58.456329,-134.521209,2625,102.0,48.2,64
58.457611,-134.518817,2625,103.2,44.2,384
58.458485,-134.517517,2650,103.2,38.3,512
58.4603,-134.515503,2675,102.6,33.1,256
58.460719,-134.515228,2675,101.0,21.5,192
58.463512,-134.514221,2725,98.3,4.7,576
58.465805,-134.514387,2775,97.3,355.9,640
58.468168,-134.515137,2825,95.2,350.9,512
58.469421,-134.515893,2850,92.7,343.7,640
58.472534,-134.517753,2950,88.5,341.6,768
58.475418,-134.519614,3050,90.4,342.0,768
58.47821,-134.521386,3100,94.9,341.6,512
58.484299,-134.525284,3100,99.6,340.7,64
58.486882,-134.527313,3150,102.7,337.7,320
58.490021,-134.52998,3175,105.6,335.4,64
58.492887,-134.532623,3175,106.9,332.7,256
58.479538,-134.536891,2900,94.8,153.7,-1024
58.477203,-134.534587,2800,94.4,151.5,-960
58.475189,-134.532461,2725,93.5,151.2,-1280
58.473754,-134.530975,2625,95.3,153.2,-1344
58.472031,-134.52936,2525,96.6,154.2,-1344
58.470821,-134.52832,2475,97.1,155.0,-1152
58.469193,-134.527322,2375,97.1,155.0,-1152
58.468002,-134.527145,2325,94.4,170.2,-1088
58.467143,-134.527405,2275,91.1,183.1,-1344
58.465793,-134.528778,2150,89.0,195.0,-1600
58.465142,-134.529785,2075,88.0,216.2,-2112
58.46434,-134.531486,1975,89.1,226.8,-2112
58.463516,-134.533435,1875,89.0,231.8,-1664
58.462738,-134.535473,1775,89.2,232.7,-1664
58.461639,-134.53822,1700,87.8,232.9,-1280
58.460632,-134.540523,1575,86.1,231.1,-1472
58.460021,-134.541504,1525,84.9,226.9,-1600
58.459579,-134.54203,1500,83.5,211.8,-1472
58.458531,-134.542694,1425,82.9,199.8,-1280
58.456512,-134.542118,1300,81.0,178.6,-1280
58.456157,-134.541779,1275,79.1,159.3,-1472
58.454435,-134.540588,1200,78.8,159.9,-1024
58.452526,-134.539856,1150,74.8,171.5,-512
58.451614,-134.54008,1125,71.1,182.4,-576
58.451248,-134.540258,1100,65.8,196.8,-448
58.450928,-134.540612,1100,61.4,210.3,-448
58.450478,-134.541504,1075,59.9,213.4,-448
58.450431,-134.541779,1050,53.0,234.2,-576
58.450338,-134.543335,1025,51.5,240.9,-704
58.450431,-134.543701,1000,40.5,285.8,-640
58.45047,-134.543979,1000,37.2,300.7,-576
58.450804,-134.544708,975,36.6,305.0,-512
58.453812,-134.546548,1150,38.5,351.0,768
58.454178,-134.546017,1175,49.7,30.2,1024
58.454574,-134.5448,1250,52.3,43.5,960
58.45459,-134.543536,1300,54.4,69.6,1088
58.454388,-134.542511,1325,58.2,109.1,768
58.453949,-134.541764,1350,61.6,131.7,448
58.453079,-134.541144,1350,66.1,162.4,448
58.452438,-134.541232,1375,69.1,176.7,384
58.452154,-134.541412,1375,72.0,193.6,256
58.451502,-134.54187,1400,72.8,195.9,256
58.450804,-134.542786,1400,76.5,208.9,320
58.449829,-134.544156,1450,79.6,215.3,448
58.447824,-134.547089,1550,82.0,217.6,960
58.446533,-134.548852,1625,82.9,213.7,1152
58.445729,-134.549744,1650,81.8,206.9,1280
58.444427,-134.550712,1750,81.0,200.2,1472
58.440562,-134.551117,1925,82.1,177.2,960
58.439621,-134.55089,1950,81.6,173.0,704
58.438889,-134.550624,1975,82.2,166.6,640
58.437629,-134.549835,2000,82.9,162.4,320
58.43614,-134.54837,2050,82.6,158.7,448
58.434402,-134.545751,2175,80.8,148.7,960
58.431976,-134.539992,2400,75.2,125.8,960
58.430367,-134.535553,2500,75.2,125.8,960
58.426736,-134.524933,2775,76.6,123.3,512
58.426084,-134.522919,2800,77.7,121.8,704
58.424011,-134.518551,2925,77.9,123.5,832
58.423737,-134.518108,2950,78.1,140.2,1088
58.419525,-134.513944,3150,78.8,146.9,768
58.417786,-134.512437,3250,83.8,156.8,1088
58.415955,-134.511108,3350,83.8,156.8,1088
58.412659,-134.509159,3550,84.2,159.8,1152
58.41037,-134.508096,3600,91.4,166.7,448
58.40918,-134.50783,3575,91.8,172.5,-128
58.405792,-134.508007,3575,91.4,185.0,-384
58.399429,-134.509779,3550,89.1,189.0,0
58.39685,-134.510742,3500,89.8,191.6,-256
58.391235,-134.512969,3550,94.2,192.3,256
58.389122,-134.514038,3500,92.4,195.7,-384
58.384606,-134.516418,3450,88.6,196.4,-448
58.382791,-134.517609,3400,87.3,200.1,-576
58.381439,-134.518551,3350,88.6,200.5,-1280
58.380753,-134.519082,3275,90.0,204.3,-1792
58.379998,-134.519989,3225,93.7,210.1,-1664
58.379206,-134.521637,3125,97.6,225.0,-2176
58.378648,-134.523376,3025,100.4,231.9,-2496
58.37796,-134.525727,2875,105.2,241.0,-2624
58.374161,-134.538131,2275,110.1,241.8,-2496
58.373978,-134.538663,2225,117.3,237.5,-2624
58.372833,-134.541941,2050,118.7,237.4,-2496
58.371689,-134.545396,1950,117.3,237.5,-1728
58.371013,-134.547272,1875,114.8,236.7,-1664
58.370636,-134.548497,1850,111.2,236.7,-1344
58.369616,-134.551392,1750,103.7,236.0,-1216
58.368685,-134.553864,1650,104.3,235.6,-2240
58.368073,-134.555674,1575,107.6,236.8,-2560
58.367615,-134.557003,1475,107.6,236.8,-2752
58.366311,-134.561188,1275,111.8,238.2,-2688
58.365372,-134.564445,1100,115.6,239.9,-2496
58.364777,-134.566394,1000,117.2,241.5,-2688
58.363937,-134.568604,900,116.6,239.0,-2752
58.358505,-134.572065,525,112.8,229.7,-2112
58.357327,-134.571991,450,81.2,183.5,-1408
58.357178,-134.571888,425,76.0,170.9,-1472
58.356857,-134.57171,400,76.0,170.9,-1472
58.354859,-134.563751,150,70.7,153.1,-1280
58.357452,-134.562053,725,82.5,276.3,960
58.357727,-134.564179,800,83.5,281.0,1344
58.358118,-134.565857,875,83.8,287.4,1408
58.358491,-134.566956,900,82.7,296.6,1600
58.35863,-134.567322,925,82.2,306.6,1664
58.363678,-134.56728,1250,78.0,337.4,1088
58.365692,-134.561344,1550,63.8,57.8,1408
58.366451,-134.558899,1675,64.1,59.0,1536
58.367294,-134.556117,1800,66.7,60.4,1408
58.367889,-134.553902,1900,71.1,62.3,1472
58.368546,-134.551392,2000,73.4,62.4,1408
58.369263,-134.548852,2100,73.8,63.4,1408
58.369849,-134.546631,2200,75.6,62.4,1472
58.370408,-134.544525,2300,75.6,62.4,1408
58.371277,-134.541321,2400,73.8,61.7,1152
58.371872,-134.539372,2500,76.1,61.8,1920
58.372787,-134.536182,2675,76.5,61.1,1728
58.373611,-134.533524,2775,76.7,59.4,1216
58.37439,-134.530955,2875,77.5,59.8,1344
58.375168,-134.528385,2975,78.4,60.2,1280
58.37764,-134.5205,3250,81.0,61.2,1280
58.379288,-134.517576,3400,89.5,50.4,1536
58.379608,-134.517222,3400,97.0,37.5,1216
58.380789,-134.515778,3450,99.6,31.5,1280
58.382172,-134.514564,3550,105.1,25.4,1280
58.386749,-134.510665,3650,109.2,24.9,576
58.389816,-134.507653,3700,110.0,27.0,448
58.393616,-134.503843,3775,107.4,27.8,128
58.397082,-134.50058,3775,110.5,26.3,64
58.400894,-134.497198,3750,111.5,23.8,64
58.404007,-134.494806,3775,108.1,22.3,448
58.407211,-134.492591,3825,106.4,21.5,128
58.410489,-134.490509,3900,106.3,18.1,448
58.416367,-134.487009,3950,106.9,17.4,128
58.419434,-134.485503,4000,105.5,14.8,576
58.421103,-134.484924,4025,105.9,10.9,256
58.424377,-134.483908,4050,105.7,10.4,128
58.427444,-134.483288,4050,111.6,6.2,0
58.430923,-134.483377,4050,116.0,1.5,0
58.434138,-134.4841,4050,123.0,352.5,64
58.436605,-134.485291,4025,124.3,348.9,64
58.437836,-134.486123,4025,124.9,340.8,-128
58.456297,-134.501495,3675,126.5,337.7,-192
58.457748,-134.502603,3650,108.1,337.7,-640
58.461411,-134.505615,3600,104.8,336.4,-64
58.468121,-134.511475,3575,102.5,335.2,0
58.474686,-134.517222,3600,98.5,336.0,192
58.476687,-134.518799,3600,100.1,338.3,192
58.480316,-134.521563,3650,99.9,337.0,384
58.485764,-134.52617,3650,104.3,335.6,-256
58.48744,-134.527679,3650,108.7,335.6,-128
58.491302,-134.53122,3700,113.1,333.2,320
58.494889,-134.534454,3700,113.2,335.5,384
58.496796,-134.536093,3750,111.5,336.2,384
58.49959,-134.538208,3775,107.5,337.0,320
58.481689,-134.538663,3075,91.7,153.4,-896
58.479713,-134.536652,2975,93.0,153.2,-1152
58.477478,-134.534676,2875,93.9,154.8,-1280
58.475337,-134.532532,2775,95.8,151.3,-896
58.474359,-134.53125,2725,97.7,145.0,-1024
58.473495,-134.529891,2675,99.2,138.3,-896
58.47226,-134.527233,2650,100.5,133.4,-640
58.470657,-134.522892,2650,100.7,124.5,0
58.469937,-134.520447,2675,99.8,118.1,448
58.468552,-134.515095,2725,99.3,116.3,768
58.466119,-134.506256,2800,97.1,117.6,192
58.465256,-134.502691,2800,94.0,113.8,320
58.460999,-134.512573,2375,95.7,296.0,-896
58.461914,-134.51669,2300,95.5,292.8,-832
58.462418,-134.519348,2200,95.5,289.6,-1024
58.462674,-134.522003,2150,96.5,283.2,-1408
58.462721,-134.524475,2075,96.2,273.6,-1216
58.462509,-134.527056,2000,94.7,259.0,-1408
58.461976,-134.530975,1900,93.9,255.8,-1344
58.461557,-134.53363,1825,92.1,252.9,-1344
58.46109,-134.535916,1750,89.3,248.3,-1216
58.460486,-134.538391,1675,87.7,244.3,-1216
58.459991,-134.539992,1625,85.6,239.8,-1344
58.458939,-134.541852,1550,83.5,226.9,-1280
58.458527,-134.542207,1500,81.0,204.0,-1472
58.457474,-134.542473,1425,81.7,187.7,-1472
58.456924,-134.542384,1400,82.0,179.3,-1728
58.456558,-134.542207,1375,82.9,171.7,-1792
58.45578,-134.541675,1325,82.6,158.7,-1408
58.4549,-134.540863,1250,82.3,154.1,-1216
58.453949,-134.539992,1200,79.3,157.0,-960
58.452805,-134.53949,1150,78.6,158.3,-1024
58.452118,-134.539549,1125,73.2,176.1,-832
58.450804,-134.540497,1075,71.3,184.8,-768
58.450516,-134.540878,1075,65.8,216.4,-448
58.450058,-134.543093,1025,50.1,266.6,-320
58.450292,-134.543976,1025,45.1,282.8,-256
58.450653,-134.544599,1000,39.2,307.8,-576
58.450745,-134.544776,1000,26.3,319.6,-192
58.453597,-134.546082,1175,40.8,31.0,1152
58.454109,-134.545166,1250,40.8,31.0,1152
58.454435,-134.54361,1300,49.0,78.2,576
58.454178,-134.541852,1350,49.4,83.0,512
58.453766,-134.540789,1350,59.5,117.0,384
58.452526,-134.539764,1375,65.4,141.2,384
58.450478,-134.541046,1475,70.4,185.7,832
58.449142,-134.543447,1550,77.2,222.4,896
58.447861,-134.545928,1650,79.2,225.0,704
58.445962,-134.549011,1725,80.7,222.0,640
58.44545,-134.549561,1750,80.5,212.3,832
58.444427,-134.550624,1775,80.5,208.2,768
58.442459,-134.551864,1850,81.7,201.5,768
58.441353,-134.552124,1900,81.7,201.5,768
58.440981,-134.552216,1925,77.2,184.5,1088
58.4387,-134.551758,2050,77.2,175.5,1088
58.437698,-134.551155,2100,77.4,165.8,960
58.436931,-134.550659,2150,79.5,158.6,832
58.434219,-134.547966,2250,79.9,157.9,832
58.433212,-134.546371,2275,79.9,157.9,832
58.431484,-134.542328,2375,85.9,129.8,640
58.43042,-134.539017,2425,85.8,121.7,704
58.429779,-134.536802,2475,85.8,121.7,704
58.427811,-134.52998,2600,85.8,121.7,704
58.426643,-134.526306,2675,88.3,120.6,960
58.424469,-134.519525,2850,86.1,120.7,960
58.422867,-134.51545,2950,87.2,126.6,704
58.422318,-134.514387,2950,85.6,135.5,832
58.417007,-134.509003,3250,85.3,140.7,896
58.415843,-134.50827,3300,85.3,140.7,896
58.415451,-134.508096,3350,90.5,164.0,1600
58.413895,-134.507387,3400,91.2,167.3,960
58.41277,-134.506989,3450,93.2,170.7,896
58.411746,-134.506805,3500,94.4,174.5,576
58.410117,-134.506622,3500,96.0,178.2,128
58.408722,-134.506767,3500,96.0,180.0,-128
58.40593,-134.507476,3525,98.2,183.5,128
58.400388,-134.51001,3575,95.3,195.2,0
58.395919,-134.512207,3500,93.9,194.2,-576
58.390705,-134.514587,3475,91.4,193.3,-320
58.385211,-134.516876,3425,93.0,191.8,0
58.382629,-134.518108,3425,92.9,194.3,-256
58.381119,-134.518994,3400,91.1,197.2,-448
58.380324,-134.519714,3350,92.2,204.3,-1344
58.379718,-134.520538,3275,95.2,216.0,-1856
58.377763,-134.526123,2950,115.0,241.4,-3200
58.377158,-134.528137,2825,115.0,241.4,-3200
58.37645,-134.530512,2700,115.0,241.4,-3200
58.376041,-134.531891,2625,122.8,239.7,-3136
58.375397,-134.533878,2500,126.1,239.0,-3200
58.374023,-134.538308,2250,129.1,239.3,-3264
58.373474,-134.54008,2150,129.1,239.3,-3264
58.372782,-134.542053,2075,128.8,238.6,-3008
58.372363,-134.543427,2000,128.2,237.4,-2624
58.371689,-134.545396,1925,127.3,237.2,-2560
58.370967,-134.547455,1850,123.4,236.6,-1728
58.369949,-134.550269,1800,121.2,236.4,-1344
58.369675,-134.551155,1775,115.1,235.6,-1152
58.368576,-134.554256,1700,110.4,236.4,-1984
58.367661,-134.556976,1525,111.0,237.9,-2560
58.366218,-134.561646,1250,114.4,238.9,-3072
58.365753,-134.56311,1175,118.7,240.2,-3072
58.363285,-134.569977,850,120.9,240.3,-2880
58.358643,-134.572419,550,120.9,240.3,-2880
58.358304,-134.572449,525,82.2,184.2,-1792
58.356628,-134.571888,400,81.1,182.8,-1728
58.355139,-134.566315,200,58.0,105.0,-576
58.355026,-134.565331,200,50.7,104.9,-576
58.357407,-134.561256,825,83.2,279.7,1856
58.357606,-134.563202,925,83.2,279.7,1856
58.358459,-134.566129,1100,83.4,292.6,2496
58.359328,-134.566772,1225,74.9,325.9,2368
58.360213,-134.566772,1300,74.9,325.9,2368
58.360725,-134.566406,1350,72.4,11.1,1536
58.362717,-134.563205,1500,74.8,29.6,1088
58.363658,-134.561005,1625,81.2,52.0,1664
58.364542,-134.558533,1725,82.4,56.9,1280
58.36538,-134.556061,1850,83.2,57.3,1344
58.366287,-134.553105,1950,87.3,60.5,1216
58.367065,-134.550535,2050,89.6,60.6,1664
58.367661,-134.548586,2150,89.2,59.7,1856
58.36853,-134.546017,2275,88.0,58.5,2112
58.368942,-134.544688,2375,88.2,57.0,2304
58.369537,-134.543004,2475,87.1,55.8,2432
58.371525,-134.537476,2750,87.9,56.1,1728
58.372084,-134.535828,2850,87.9,56.1,1728
58.374039,-134.53006,3100,89.0,57.4,1792
58.374756,-134.528031,3200,92.1,55.6,1856
58.377457,-134.520411,3500,105.9,50.8,1920
58.378555,-134.518285,3600,105.9,50.8,1920
58.379858,-134.516327,3675,105.9,50.8,1920
58.380742,-134.515228,3725,110.7,34.7,1152
58.382401,-134.513589,3750,110.7,34.7,1152
58.382977,-134.513123,3750,119.4,25.3,512
58.387802,-134.508716,3775,122.5,27.2,-192
58.392101,-134.504059,3750,122.7,29.3,-192
58.396105,-134.499939,3650,124.4,27.8,-1408
58.397552,-134.498439,3550,124.4,27.8,-1408
58.400201,-134.495728,3450,125.3,28.6,-1920
58.401535,-134.49454,3350,128.4,26.4,-1408
58.4063,-134.494263,3200,127.5,24.6,-1408
58.406754,-134.494629,3175,126.8,341.1,-1344
58.410324,-134.498084,3100,128.0,331.0,192
58.412491,-134.50058,3125,126.4,329.6,128
58.416029,-134.505615,3200,124.0,324.5,1088
58.421289,-134.515961,3200,118.2,317.4,64
58.424332,-134.522804,3200,121.5,309.3,-128
58.42776,-134.531525,3150,126.8,305.7,-256
58.429622,-134.536652,2850,122.3,304.3,-2624
58.430181,-134.538116,2725,122.3,304.3,-2624
58.433945,-134.549472,1975,122.3,304.3,-2624
58.436554,-134.553813,1775,122.3,304.3,-2624
58.436783,-134.553902,1750,120.8,342.2,-1536
58.437909,-134.554047,1700,118.1,357.6,-2368
58.439305,-134.553497,1575,118.1,1.9,-2496
58.441315,-134.550092,1300,117.5,22.0,-3008
58.442093,-134.546903,1100,117.7,69.1,-2816
58.442413,-134.544953,1000,117.0,71.6,-2624
58.443283,-134.540789,925,109.4,67.4,-768
58.444382,-134.538663,950,84.2,37.3,448
58.445404,-134.537933,950,81.0,32.9,320
58.445572,-134.537954,950,67.4,6.0,-192
58.446304,-134.538131,950,64.2,355.5,-192
58.447359,-134.539307,950,58.8,324.7,192
58.448044,-134.540435,975,58.9,319.8,384
58.448593,-134.541409,1000,55.9,317.2,320
58.449267,-134.542603,1000,46.0,317.6,128
58.449783,-134.543447,975,32.5,315.0,-128
58.450333,-134.544333,975,29.1,319.2,-128
58.45253,-134.549029,1225,40.4,318.0,1344
58.45752,-134.546282,1725,69.0,70.5,1280
58.457181,-134.543427,1800,69.0,70.5,1280
58.457135,-134.54306,1800,76.7,112.2,768
58.456833,-134.542207,1825,77.9,119.2,640
58.455826,-134.54008,1875,79.2,127.3,704
58.454667,-134.539032,1950,80.5,147.7,1344
58.454388,-134.538849,1975,81.0,162.0,1280
58.453364,-134.538666,2025,81.6,168.7,1152
58.45285,-134.538751,2050,82.1,182.8,1216
58.44936,-134.542145,2225,86.0,213.1,832
58.448547,-134.543359,2275,87.8,217.1,960
58.446567,-134.546356,2375,91.1,218.8,1088
58.44559,-134.547638,2425,91.5,213.9,1024
58.444656,-134.548586,2475,92.1,212.1,1024
58.444016,-134.549118,2500,93.1,204.1,1088
58.443008,-134.549649,2550,93.6,198.1,1216
58.442093,-134.550004,2600,93.9,191.7,1280
58.44126,-134.55011,2650,94.1,182.4,1280
58.440236,-134.549927,2700,94.1,177.6,1344
58.439398,-134.549561,2750,94.2,167.7,1344
58.438751,-134.549118,2775,94.9,161.6,1088
58.437241,-134.547877,2850,95.9,156.6,832
58.434464,-134.54425,2950,96.2,142.2,1024
58.432788,-134.541412,3050,97.7,138.3,1280
58.431335,-134.538663,3150,99.0,135.0,768
58.428314,-134.533081,3250,101.9,136.6,512
58.426163,-134.528385,3300,104.8,131.9,448
58.424103,-134.522095,3350,106.5,124.3,448
58.423599,-134.520057,3375,108.7,116.8,256
58.422867,-134.515893,3400,109.4,112.6,384
58.422593,-134.513763,3400,108.0,105.6,256
58.423012,-134.50351,3400,104.1,92.2,192
58.423508,-134.501097,3400,100.7,69.0,-192
58.424469,-134.49773,3400,99.0,60.3,-128
58.426038,-134.492706,3400,96.6,62.9,448
58.42641,-134.489044,3450,95.8,65.3,640
58.426437,-134.488693,3450,90.0,90.0,256
58.425659,-134.485149,3500,89.1,92.6,192
58.425246,-134.484375,3475,87.1,131.7,-128
58.42399,-134.482819,3475,87.7,136.9,-192
58.422081,-134.481995,3475,87.7,136.9,-192
58.42186,-134.481959,3450,94.5,173.9,-128
58.42099,-134.481871,3450,94.5,173.9,-128
58.420219,-134.482086,3450,95.0,181.2,-192
58.419567,-134.482361,3450,93.9,191.7,-128
58.418729,-134.482819,3450,93.3,199.4,-64
58.417984,-134.483643,3450,94.4,208.5,-64
58.416634,-134.485382,3450,96.6,216.2,64
58.415451,-134.48763,3450,99.8,222.2,-64
58.414993,-134.488516,3450,105.4,225.4,64
58.412796,-134.493123,3450,108.3,227.6,-256
58.409558,-134.499298,3500,111.7,225.7,640
58.407532,-134.502071,3575,110.8,219.9,896
58.406158,-134.503489,3600,108.0,210.6,320
58.403549,-134.505349,3600,106.0,201.0,0
58.401412,-134.506714,3575,108.2,199.4,-256
58.39657,-134.509735,3575,109.8,196.9,-128
58.391775,-134.512665,3525,110.1,197.4,-512
58.383815,-134.517334,3525,113.2,197.5,-128
58.381897,-134.518374,3425,112.0,197.1,-1152
58.380249,-134.519525,3325,109.9,201.9,-2048
58.379379,-134.5205,3225,112.0,210.0,-1984
58.378741,-134.521362,3200,112.4,212.3,-1984
58.376925,-134.525391,2950,118.8,233.9,-2880
58.37645,-134.526968,2850,119.8,236.6,-3328
58.375761,-134.529327,2725,119.8,236.6,-3328
58.375156,-134.531616,2625,122.1,243.2,-2688
58.373248,-134.538208,2325,122.1,242.2,-2432
58.37241,-134.541046,2225,122.7,240.7,-2496
58.371964,-134.542473,2150,122.7,240.7,-2752
58.370967,-134.545898,1975,121.8,240.5,-2432
58.370224,-134.548409,1900,121.8,240.5,-2368
58.369523,-134.550751,1775,120.9,240.3,-2304
58.368779,-134.553314,1675,121.2,242.0,-2176
58.367752,-134.55718,1550,121.2,243.0,-1920
58.366516,-134.561699,1375,119.4,242.6,-1984
58.363378,-134.569977,900,118.5,242.4,-2368
58.360291,-134.571976,600,102.7,215.1,-2240
58.358165,-134.571716,450,87.4,185.2,-2496
58.355744,-134.568787,250,80.4,169.2,-1664
58.355185,-134.566406,200,64.4,126.2,-1088
58.354568,-134.561256,100,52.2,106.7,-512
58.357839,-134.563385,650,73.0,279.5,1024
58.359741,-134.566483,875,77.5,289.6,1344
58.360245,-134.566572,900,69.6,352.6,1536
58.361051,-134.566589,975,69.1,356.7,1408
58.361526,-134.566306,1000,69.6,7.4,1344
58.361842,-134.566132,1025,68.4,15.3,1280
58.362991,-134.564711,1100,66.0,32.0,1088
58.364775,-134.559814,1350,66.0,32.0,1088
58.36496,-134.559306,1350,66.3,56.1,1472
58.365753,-134.556885,1475,66.3,56.1,1344
58.366172,-134.55542,1525,71.2,60.5,1216
58.36687,-134.553131,1600,73.9,60.0,1344
58.367386,-134.551421,1700,77.2,58.8,1472
58.368073,-134.549206,1775,78.9,59.5,1792
58.368685,-134.547363,1875,80.3,59.3,1536
58.369291,-134.545258,1950,80.6,60.3,1728
58.369904,-134.543359,2050,82.0,60.0,1984
58.370361,-134.541764,2150,83.7,60.7,1856
58.371094,-134.539194,2250,85.0,61.9,1280
58.372192,-134.535473,2350,84.2,60.1,1792
58.372833,-134.533347,2450,83.4,59.7,1920
58.373527,-134.531067,2575,81.6,59.0,1856
58.374551,-134.528046,2725,78.9,59.5,1792
58.378322,-134.516327,3300,77.4,63.1,1472
58.379113,-134.515228,3400,80.8,41.0,2048
58.379837,-134.514564,3450,80.8,41.0,2048
58.380277,-134.514313,3500,86.9,23.0,1600
58.381767,-134.513214,3550,91.4,19.8,640
58.384277,-134.511551,3650,95.9,20.1,960
58.38712,-134.509369,3725,104.5,21.9,704
58.389634,-134.507355,3775,105.6,24.6,384
58.392059,-134.504818,3825,104.4,30.5,576
58.395676,-134.500565,3825,109.3,32.7,256
58.397049,-134.499147,3875,112.7,27.5,640
58.39975,-134.496755,3900,116.4,24.4,320
58.402771,-134.494363,3950,118.3,22.9,384
58.405106,-134.492591,3975,118.3,20.3,320
58.406719,-134.491516,4000,116.4,19.1,256
58.409866,-134.489667,4050,114.2,17.3,640
58.414772,-134.486938,4125,118.0,16.8,320
58.418884,-134.484706,4175,117.2,15.3,384
58.421941,-134.483276,4200,116.0,15.0,576
58.4263,-134.481959,4150,119.9,10.1,-128
58.428272,-134.481628,4125,121.7,6.1,-384
58.430511,-134.481605,4100,123.0,0.9,-256
58.43605,-134.483731,4125,123.0,0.9,-256
58.437378,-134.484617,4100,127.5,340.3,192
58.45653,-134.498657,3850,128.5,339.0,128
58.457977,-134.499679,3800,133.5,339.4,-448
58.461185,-134.502136,3775,131.7,339.1,-384
58.463512,-134.50415,3750,130.3,336.0,-256
58.470428,-134.510311,3800,128.0,336.0,256
58.47702,-134.515893,3750,125.3,335.5,-320
58.484299,-134.522715,3700,130.1,334.0,192
58.488138,-134.526489,3700,127.1,331.8,-256
58.494376,-134.533173,3650,124.8,332.8,0
58.497162,-134.53565,3650,123.1,335.5,192
58.499497,-134.537384,3700,123.2,336.6,192
58.476151,-134.537865,3000,118.2,156.0,-512
58.47394,-134.535828,2975,118.1,151.7,-192
58.472626,-134.534233,2975,117.9,147.1,-64
58.471193,-134.532166,2975,117.6,142.2,-64
58.469611,-134.529602,2950,115.5,138.9,-320
58.466721,-134.524133,2900,115.4,138.2,-448
58.465421,-134.521545,2850,115.3,133.2,-512
58.462442,-134.515137,2800,116.3,130.8,-640
58.460254,-134.510284,2750,112.7,131.0,-192
58.459305,-134.508362,2750,110.4,132.8,-256
58.463885,-134.505981,2600,92.4,283.1,-640
58.464203,-134.509336,2550,94.2,279.2,-832
58.464397,-134.513123,2475,95.4,275.4,-1088
58.464432,-134.515538,2450,96.0,271.2,-832
58.46435,-134.517609,2400,96.2,266.4,-832
58.464164,-134.520538,2350,96.9,262.3,-1024
58.463745,-134.5242,2250,96.7,259.3,-1344
58.463186,-134.527588,2125,97.1,253.2,-1536
58.462488,-134.530701,2000,98.1,249.7,-1856
58.46179,-134.533356,1900,100.7,242.2,-1664
58.460626,-134.536835,1800,100.2,238.1,-1472
58.460254,-134.53775,1750,98.6,233.2,-1536
58.459625,-134.539106,1700,97.7,228.3,-1472
58.458939,-134.54008,1650,95.4,218.2,-1408
58.457977,-134.540789,1600,90.4,198.0,-1216
58.457507,-134.540955,1600,88.8,191.7,-1216
58.456146,-134.540789,1500,87.1,176.7,-1280
58.455368,-134.540346,1475,84.5,163.5,-1152
58.454315,-134.539549,1425,84.4,161.4,-1216
58.453445,-134.53884,1350,83.8,156.8,-1344
58.451294,-134.537157,1250,83.2,159.6,-832
58.450524,-134.536835,1225,78.6,168.3,-640
58.448914,-134.537777,1175,75.0,180.0,-384
58.448273,-134.540435,1100,59.5,243.0,-896
58.448429,-134.541412,1075,56.0,271.0,-704
58.448523,-134.541779,1050,50.1,298.6,-512
58.449221,-134.543243,1025,44.7,310.5,-576
58.449463,-134.543624,1000,39.6,315.0,-576
58.449783,-134.544156,1000,34.8,320.8,-448
58.450105,-134.544525,975,31.6,325.3,-384
58.450287,-134.544688,975,26.8,333.4,-192
58.450478,-134.544891,950,23.3,334.5,-192
58.456483,-134.548279,1650,57.0,307.9,1152
58.456576,-134.547913,1650,75.5,58.0,1344
58.456902,-134.545074,1750,75.5,58.0,1344
58.456879,-134.544776,1775,76.0,91.5,1536
58.456762,-134.543701,1825,75.8,98.3,1728
58.456512,-134.542384,1875,76.7,112.2,1600
58.455366,-134.540131,2000,77.7,121.8,1600
58.454854,-134.539581,2050,80.7,146.1,1472
58.453812,-134.539106,2125,81.9,162.2,1536
58.451502,-134.539764,2250,82.0,178.6,1088
58.451157,-134.539992,2275,83.5,198.9,1856
58.448227,-134.542916,2500,85.0,205.1,1472
58.446195,-134.545258,2600,87.8,210.1,1280
58.445114,-134.54646,2700,92.7,209.1,1664
58.444147,-134.547272,2775,92.7,203.5,1536
58.443076,-134.547821,2850,93.4,195.5,1856
58.442471,-134.548004,2900,94.2,189.2,1600
58.441121,-134.548187,2950,97.1,182.4,1088
58.440422,-134.548096,2975,98.0,179.4,1024
58.439987,-134.547877,3000,99.1,171.3,1472
58.439352,-134.547546,3050,99.5,164.9,1792
58.437744,-134.546371,3100,100.0,160.1,1088
58.436047,-134.544342,3150,100.0,160.1,1088
58.435455,-134.543536,3200,103.2,146.5,832
58.433859,-134.541321,3250,105.2,143.9,832
58.432462,-134.539124,3300,108.1,141.0,832
58.431159,-134.537018,3300,109.2,139.5,-64
58.428459,-134.531891,3300,110.4,137.2,-128
58.426025,-134.527588,3350,110.5,138.7,192
58.423508,-134.523512,3375,111.3,139.0,256
58.418776,-134.515869,3500,111.3,139.0,256
58.41426,-134.510742,3600,107.3,146.0,704
58.412155,-134.509071,3600,107.3,153.4,320
58.407789,-134.506989,3500,100.6,169.7,-448
58.406719,-134.506897,3500,99.6,173.7,-576
58.399038,-134.50946,3375,102.6,195.3,-640
58.396591,-134.510754,3300,103.3,194.6,-256
58.387632,-134.515411,3200,105.8,195.4,-192
58.386063,-134.516159,3200,110.6,194.7,-128
58.38186,-134.518433,3150,113.9,196.8,-960
58.379951,-134.519897,3050,112.3,199.2,-576
58.379253,-134.52063,3000,109.2,208.4,-1280
58.378461,-134.52182,2950,110.6,217.3,-1344
58.377457,-134.52369,2900,111.2,221.7,-1216
58.375901,-134.527496,2725,114.3,235.3,-2304
58.373248,-134.536743,2300,116.8,241.9,-2368
58.371991,-134.541321,2100,117.6,242.1,-2432
58.370641,-134.545807,1900,117.2,241.5,-2496
58.370041,-134.547877,1800,116.8,240.8,-2112
58.369104,-134.550934,1700,116.5,240.1,-2176
58.368592,-134.552765,1600,116.5,240.1,-2176
58.367801,-134.55542,1500,116.4,241.2,-2368
58.367294,-134.557357,1400,118.1,241.7,-2368
58.366079,-134.56192,1200,119.4,242.6,-2496
58.365372,-134.564445,1075,118.1,242.8,-2560
58.363192,-134.569153,800,115.4,234.5,-2432
58.362991,-134.569495,775,106.0,215.8,-2240
58.359741,-134.57171,500,105.4,215.4,-2368
58.3591,-134.571799,450,89.8,187.7,-1600
58.35791,-134.571888,400,87.5,185.9,-1280
58.357746,-134.571808,400,81.2,175.8,-960
58.355232,-134.566406,200,79.6,172.8,-960
58.358002,-134.563205,750,78.2,286.4,1664
58.35863,-134.565033,850,76.7,309.7,1664
58.358909,-134.565491,850,76.4,317.1,1536
58.360166,-134.566406,950,74.9,328.6,1472
58.360703,-134.566483,975,73.8,351.4,1216
58.361618,-134.565951,1025,69.9,13.2,960
58.363312,-134.56285,1150,70.0,31.0,576
58.36377,-134.561699,1200,69.4,53.8,1024
58.364548,-134.559218,1325,68.0,57.0,1344
58.365417,-134.55656,1475,66.0,58.0,1536
58.366032,-134.554871,1575,65.7,56.8,1984
58.366653,-134.553105,1700,66.3,56.1,1856
58.367196,-134.551483,1750,71.3,55.9,1536
58.367801,-134.549927,1850,74.1,55.5,1536
58.368393,-134.548143,1950,74.3,56.5,2048
58.368872,-134.546722,2050,73.8,57.2,1920
58.369523,-134.544891,2150,73.5,56.1,1856
58.370087,-134.543181,2250,73.6,58.9,1856
58.370636,-134.541409,2350,72.6,60.3,1664
58.371385,-134.53894,2450,73.1,59.6,1728
58.371944,-134.537292,2550,73.6,58.9,1664
58.372604,-134.535473,2625,76.3,55.7,1472
58.373337,-134.533347,2725,76.8,55.1,1472
58.374272,-134.530426,2800,78.6,58.5,1280
58.376129,-134.52431,3050,80.3,59.3,1408
58.377319,-134.5205,3175,80.3,59.3,1408
58.378136,-134.518799,3275,85.6,46.4,1664
58.379067,-134.517334,3350,85.6,46.4,1664
58.379562,-134.51669,3375,88.2,35.3,1344
58.380936,-134.515273,3450,90.6,30.5,1152
58.381714,-134.514564,3475,94.8,27.6,960
58.384369,-134.511994,3600,100.6,26.6,1280
58.387213,-134.509369,3700,110.6,24.0,704
58.392197,-134.505172,3800,115.2,23.0,192
58.395546,-134.501678,3800,115.8,27.2,-320
58.397324,-134.49959,3825,117.1,31.4,640
58.400894,-134.495515,3900,116.0,29.4,448
58.402669,-134.493805,3925,115.8,27.2,320
58.404282,-134.492503,3950,115.9,25.0,384
58.405462,-134.491699,3950,116.4,19.1,128
58.407074,-134.490731,3950,115.7,18.1,256
58.409363,-134.48949,3975,113.1,15.4,512
58.413803,-134.487541,4025,113.6,12.2,128
58.41845,-134.485748,4075,117.5,11.8,128
58.423187,-134.484174,4075,119.7,9.6,0
58.426758,-134.483377,4050,121.3,8.5,-64
58.430923,-134.482491,4075,122.7,6.1,64
58.432709,-134.482402,4100,121.6,5.7,384
58.435953,-134.483459,4175,122.2,356.7,832
58.437378,-134.48444,4175,121.8,342.3,192
58.457693,-134.497833,4000,126.1,338.1,-320
58.459946,-134.499502,3950,120.9,339.2,-576
58.463242,-134.50216,3850,121.3,336.2,-832
58.467702,-134.50589,3775,121.3,336.2,-576
58.471527,-134.509248,3700,121.3,336.2,-768
58.475244,-134.512573,3650,121.2,334.1,-256
58.481049,-134.519082,3600,120.8,331.3,-256
58.486416,-134.524933,3575,119.9,332.1,0
58.4897,-134.527942,3600,117.6,334.3,384
58.493213,-134.531067,3650,114.1,335.7,320
58.496145,-134.533264,3675,113.7,338.9,192
58.499125,-134.535278,3700,113.5,342.0,192
58.499863,-134.53565,3700,113.2,342.5,256
58.508652,-134.530334,3950,111.1,346.5,448
58.508743,-134.527765,3950,91.1,81.2,64
58.508761,-134.526123,3950,95.1,87.6,0
58.508715,-134.521271,4000,100.0,91.2,512
58.508668,-134.513672,4100,100.0,90.6,768
58.508652,-134.512703,4100,100.0,90.6,768
58.514394,-134.512207,4000,113.6,263.9,-1280
58.514161,-134.517242,3900,114.4,265.0,-768
58.513962,-134.52112,3875,114.3,266.0,-768
58.479666,-134.536652,2850,109.4,149.2,-1024
58.477798,-134.534499,2750,109.6,148.1,-1536
58.476314,-134.532715,2675,109.0,146.6,-1472
58.474869,-134.530866,2600,109.0,146.6,-1600
58.473102,-134.528687,2475,111.0,147.9,-1536
58.470383,-134.525993,2350,111.1,149.7,-1408
58.469471,-134.525299,2300,111.4,155.1,-1280
58.468552,-134.524841,2275,111.1,159.4,-1152
58.467609,-134.524567,2250,108.9,169.4,-832
58.466949,-134.524576,2250,108.0,180.0,-704
58.464537,-134.526123,2150,106.5,192.5,-704
58.463745,-134.527405,2100,105.6,217.3,-1344
58.463047,-134.529053,2025,105.9,230.8,-1536
58.462116,-134.53244,1925,109.1,242.7,-1664
58.461411,-134.535119,1825,110.0,243.0,-1728
58.460626,-134.537659,1750,109.1,242.7,-1600
58.460114,-134.538757,1725,105.4,231.9,-1216
58.459534,-134.539815,1700,102.1,221.0,-1088
58.458531,-134.540863,1650,99.3,212.2,-1088
58.457977,-134.541144,1625,97.7,202.9,-1280
58.457461,-134.541321,1600,96.7,190.7,-1280
58.456855,-134.541321,1575,96.0,180.6,-1216
58.455322,-134.540523,1500,94.9,161.6,-1408
58.452992,-134.537659,1350,97.4,146.3,-1088
58.450424,-134.535207,1250,94.3,148.0,-1088
58.450287,-134.535207,1250,84.0,167.6,-384
58.44809,-134.536625,1225,84.0,167.6,-384
58.447917,-134.537018,1200,72.8,224.4,-640
58.447586,-134.53822,1175,71.2,240.6,-704
58.447495,-134.539726,1150,69.6,249.0,-768
58.447638,-134.540771,1100,66.0,270.9,-832
58.447952,-134.541852,1075,61.5,292.0,-832
58.448181,-134.542384,1050,56.6,305.7,-832
58.448476,-134.542877,1050,52.3,316.5,-768
58.448802,-134.543335,1025,47.2,323.6,-640
58.449174,-134.543701,1000,42.7,327.4,-448
58.449692,-134.544333,1000,36.4,328.5,-320
58.450333,-134.544865,975,26.0,332.5,-192
58.455738,-134.54892,1550,40.8,306.0,1280
58.455872,-134.548586,1550,54.5,47.2,1408
58.456284,-134.546903,1625,55.8,57.5,1088
58.456436,-134.545258,1675,64.2,85.5,768
58.456297,-134.543518,1700,65.0,88.2,768
58.456192,-134.542916,1725,69.6,105.8,576
58.455963,-134.542118,1725,71.6,116.6,384
58.455185,-134.540258,1750,74.6,122.4,320
58.453829,-134.538574,1800,77.1,135.5,512
58.453308,-134.53822,1850,79.2,155.4,1088
58.452666,-134.538025,1875,77.9,164.4,1280
58.452255,-134.538043,1900,76.0,180.0,1344
58.451431,-134.538397,1950,76.1,189.8,1280
58.451065,-134.538751,2000,77.5,203.6,1280
58.450059,-134.539948,2050,77.4,208.6,1216
58.448914,-134.541852,2125,79.5,219.9,1152
58.447128,-134.545042,2225,83.5,223.1,832
58.446009,-134.546906,2275,86.6,220.3,704
58.445023,-134.548232,2300,88.2,215.3,640
58.444147,-134.549194,2325,89.1,208.9,768
58.443283,-134.549915,2375,88.4,201.9,896
58.442471,-134.550385,2400,88.3,195.8,960
58.44126,-134.550659,2450,86.3,190.0,1152
58.440329,-134.550568,2525,84.2,175.9,1344
58.438751,-134.549826,2600,84.5,173.9,1344
58.438248,-134.549472,2625,85.4,159.4,1344
58.437164,-134.54837,2700,84.9,158.6,1408
58.436698,-134.547821,2725,85.7,145.9,1216
58.434174,-134.543093,2900,85.7,145.9,1216
58.433533,-134.541687,2950,85.7,145.9,1216
58.432695,-134.539764,3000,84.3,131.6,1088
58.426969,-134.526123,3325,95.2,126.0,704
58.424881,-134.519171,3425,96.0,123.5,832
58.423198,-134.510193,3450,96.1,108.8,128
58.422226,-134.505438,3475,97.1,108.6,256
58.421036,-134.501983,3500,96.0,121.4,320
58.420079,-134.500397,3500,94.3,131.1,320
58.417286,-134.498474,3550,91.7,161.6,256
58.416229,-134.498261,3550,93.7,173.2,384
58.414902,-134.498173,3600,94.1,177.0,384
58.411743,-134.498793,3600,99.3,189.3,0
58.408255,-134.500122,3550,101.0,191.4,-384
58.400155,-134.504791,3600,102.4,192.4,0
58.399475,-134.505349,3600,108.6,201.6,192
58.390915,-134.511729,3600,111.8,201.5,-320
58.385422,-134.515627,3550,109.8,200.2,-640
58.382372,-134.517792,3475,108.3,201.1,-640
58.380524,-134.51926,3375,105.3,202.9,-1600
58.379532,-134.520264,3250,105.5,207.1,-2368
58.378006,-134.522981,3075,111.7,225.7,-2624
58.376506,-134.526947,2950,112.5,227.5,-2368
58.375156,-134.531525,2775,115.1,240.3,-2176
58.373886,-134.535916,2600,116.4,241.2,-1984
58.372922,-134.53949,2450,115.4,242.1,-2624
58.37227,-134.541779,2350,115.4,242.1,-2432
58.371665,-134.543976,2250,115.9,241.7,-2112
58.371013,-134.546265,2150,115.5,241.0,-2624
58.370499,-134.547877,2050,115.6,239.9,-2944
58.369803,-134.55011,1900,115.6,239.9,-3072
58.369263,-134.552041,1800,119.1,240.9,-2944
58.368453,-134.554962,1675,120.8,242.4,-3008
58.367429,-134.55899,1500,121.2,245.1,-2496
58.366684,-134.56192,1350,121.7,244.7,-2688
58.365875,-134.564534,1250,121.2,242.0,-2688
58.364263,-134.567871,1050,119.5,235.9,-2432
58.363053,-134.569427,950,119.5,235.9,-2432
58.359934,-134.571259,675,102.9,207.8,-2304
58.358211,-134.571625,550,102.9,207.8,-2304
58.357513,-134.571533,500,87.0,181.3,-1664
58.356908,-134.57135,450,82.5,173.7,-1344
58.35553,-134.568787,325,77.6,165.1,-1280
58.355511,-134.568512,325,58.7,113.1,-1152
58.355372,-134.56778,275,57.9,111.2,-1216
58.354534,-134.561371,125,56.6,107.5,-1088
58.358688,-134.567369,875,70.9,291.5,1536
58.358956,-134.567688,900,70.1,317.9,1472
58.360657,-134.568609,975,70.3,335.6,1088
58.361935,-134.568512,1050,71.1,357.6,768
58.362762,-134.568166,1100,69.2,10.8,1280
58.363586,-134.56728,1175,62.6,26.6,1408
58.365509,-134.561787,1500,57.3,45.7,1280
58.365646,-134.561167,1525,57.7,62.1,1664
58.366562,-134.558066,1700,57.7,62.1,1664
58.366637,-134.557892,1700,63.1,60.6,1344
58.367149,-134.556061,1800,64.9,61.5,1536
58.367708,-134.554138,1900,67.1,63.4,1408
58.368266,-134.551941,1975,71.6,63.4,1408
58.368896,-134.549649,2075,75.1,63.1,1408
58.369477,-134.547363,2175,77.8,62.5,1536
58.370082,-134.545166,2275,79.2,62.1,1856
58.370687,-134.54306,2375,79.2,62.1,1664
58.371246,-134.540955,2475,78.3,63.4,1664
58.371918,-134.538486,2575,79.6,63.1,1408
58.372604,-134.535916,2675,81.0,62.8,1216
58.373341,-134.533447,2775,83.7,60.7,1728
58.37497,-134.528137,2975,85.2,58.9,1216
58.375017,-134.527954,3000,85.2,58.9,1152
58.379299,-134.517151,3350,85.2,58.9,1152
58.379654,-134.516779,3375,96.8,33.2,1152
58.38037,-134.516144,3400,99.0,29.7,1152
58.381348,-134.51545,3450,102.2,23.0,832
58.382858,-134.514387,3500,107.8,18.9,768
58.385165,-134.51239,3575,111.2,22.2,768
58.386515,-134.511108,3600,109.6,27.7,192
58.392517,-134.504818,3675,105.2,29.0,128
58.395965,-134.501404,3700,105.2,29.0,128
58.398102,-134.499502,3675,107.8,24.7,-320
58.400993,-134.497101,3675,109.9,21.9,256
58.40506,-134.494009,3725,111.6,22.7,320
58.412613,-134.489047,3825,111.3,19.4,576
58.413895,-134.488427,3850,111.3,19.4,576
58.415657,-134.487488,3850,108.7,14.9,512
58.417694,-134.486655,3875,107.7,12.9,256
58.419241,-134.486115,3900,110.0,11.0,256
58.423965,-134.484617,3950,109.3,8.9,256
58.426271,-134.4841,3975,110.7,6.2,128
58.427582,-134.483908,3975,112.4,4.6,192
58.437881,-134.486389,4000,122.5,344.4,256
58.439585,-134.487396,4025,122.5,344.4,256
58.459928,-134.502411,3650,112.0,336.9,-1152
58.462768,-134.504791,3550,110.1,335.3,-576
58.467178,-134.508539,3550,106.6,336.8,128
58.472264,-134.512573,3625,103.9,336.1,256
58.479263,-134.518728,3650,104.3,335.6,192
58.484528,-134.523424,3675,107.8,334.1,256
58.490839,-134.529602,3725,110.0,333.0,64
58.493866,-134.532372,3725,111.4,335.0,-128
58.496155,-134.534144,3750,110.9,338.3,192
58.498008,-134.535461,3725,111.7,340.1,0
58.480644,-134.536102,2950,103.3,152.9,-1024
58.478394,-134.53379,2850,104.7,151.5,-1152
58.476013,-134.531398,2775,102.0,153.2,-1088
58.474228,-134.529803,2700,102.5,155.2,-1216
58.472637,-134.528412,2600,103.5,156.7,-1152
58.470886,-134.527145,2525,104.8,159.3,-1216
58.4684,-134.525848,2400,105.8,164.6,-1280
58.466125,-134.525816,2300,106.1,168.6,-1408
58.465095,-134.526489,2250,103.8,200.9,-1664
58.464203,-134.527499,2175,103.8,200.9,-1664
58.462861,-134.530243,2050,104.2,229.3,-1792
58.462209,-134.532257,1950,105.2,233.9,-1856
58.461594,-134.534321,1875,105.7,240.5,-2048
58.460907,-134.536714,1775,105.5,242.9,-1728
58.46022,-134.539194,1700,103.4,241.7,-1728
58.459076,-134.541941,1575,102.1,237.4,-1728
58.457886,-134.54327,1500,97.7,222.5,-1536
58.457414,-134.543427,1450,93.3,197.5,-1600
58.455826,-134.542916,1350,90.2,176.2,-1792
58.455273,-134.542419,1300,89.6,156.3,-1792
58.451083,-134.539764,1100,76.5,173.2,-512
58.450664,-134.540222,1100,67.1,208.5,-384
58.450198,-134.541687,1075,64.8,218.1,-576
58.450245,-134.543243,1050,57.6,252.8,-704
58.450287,-134.543359,1025,47.1,287.3,-512
58.450617,-134.544342,1000,40.8,301.0,-448
58.450745,-134.544599,1000,40.8,301.0,-448
58.453583,-134.546548,1150,40.0,0.0,768
58.454016,-134.545624,1200,48.8,35.0,896
58.454132,-134.543979,1225,51.6,71.9,896
58.453903,-134.542916,1250,54.6,98.4,704
58.453271,-134.541595,1300,60.2,131.6,512
58.452164,-134.540789,1325,64.0,165.5,704
58.451362,-134.541046,1375,64.1,176.4,704
58.451036,-134.541229,1375,68.7,196.1,512
58.450378,-134.541852,1400,71.6,206.6,320
58.449686,-134.542694,1400,75.2,213.1,384
58.446808,-134.54646,1500,80.2,213.3,640
58.445801,-134.547523,1525,83.2,207.2,448
58.442145,-134.549744,1625,84.2,200.2,704
58.441353,-134.549927,1650,86.3,190.0,512
58.43898,-134.549738,1725,87.0,180.7,640
58.43856,-134.549652,1750,85.2,170.5,896
58.437024,-134.548737,1850,83.0,164.6,1408
58.43479,-134.546631,1950,81.3,159.1,1472
58.433347,-134.544434,2025,82.6,141.9,896
58.431198,-134.54008,2200,82.8,136.5,1024
58.429642,-134.536271,2350,81.2,128.0,1280
58.426529,-134.528562,2600,82.8,127.2,1088
58.425934,-134.527145,2675,87.0,127.5,1344
58.424083,-134.523102,2800,87.0,127.5,1344
58.421895,-134.519257,2950,84.9,135.0,1152
58.419434,-134.515893,3100,85.3,140.7,1088
58.416824,-134.513146,3250,85.2,148.9,1344
58.415543,-134.511994,3300,90.4,155.1,1024
58.41275,-134.510134,3400,95.8,161.8,768
58.410736,-134.509159,3450,95.8,161.8,768
58.409093,-134.508728,3475,101.4,170.4,512
58.405229,-134.508545,3475,103.1,177.2,0
58.400527,-134.50946,3525,99.9,187.5,128
58.398239,-134.510222,3525,99.9,187.5,128
58.396317,-134.51102,3500,102.0,191.3,64
58.389401,-134.514038,3450,101.4,192.5,-192
58.386329,-134.515503,3425,98.5,195.3,-256
58.38295,-134.517399,3350,95.5,197.7,-768
58.381208,-134.518616,3300,94.0,200.6,-832
58.379951,-134.519989,3225,94.2,202.5,-832
58.379439,-134.520905,3175,98.4,222.1,-1664
58.378922,-134.522361,3125,102.2,233.4,-2304
58.37796,-134.525462,2950,105.0,239.0,-2816
58.3759,-134.532018,2550,112.9,240.3,-2496
58.374272,-134.537018,2300,121.6,238.8,-2944
58.37348,-134.539673,2175,121.6,238.8,-2944
58.372503,-134.542603,2025,124.3,238.5,-2688
58.371964,-134.544422,1925,122.6,238.0,-2176
58.370773,-134.547877,1850,118.7,237.4,-1344
58.370222,-134.549469,1800,114.8,236.7,-1152
58.370129,-134.549835,1800,110.4,236.4,-1024
58.368851,-134.553459,1725,106.0,236.2,-1792
58.36836,-134.554779,1650,106.0,236.2,-2112
58.367848,-134.556427,1550,108.8,237.8,-2752
58.367335,-134.558075,1450,112.0,240.0,-3008
58.366311,-134.561462,1250,113.7,240.5,-2880
58.365646,-134.563736,1125,116.0,240.6,-2880
58.364594,-134.567369,950,120.0,241.1,-2816
58.363751,-134.569427,850,120.7,238.6,-2560
58.358643,-134.572508,500,85.7,187.4,-1600
58.358304,-134.57254,500,81.5,186.3,-1600
58.355744,-134.569885,275,79.3,185.1,-1600
