lat,lon,alt,gs,track
45.77449,-111.14761,4900,138.6,136.2
45.774307,-111.147342,5000,138.6,136.2
45.773186,-111.145798,5100,137.9,136.5
45.772751,-111.145198,5200,135.1,136.5
45.771277,-111.143188,5400,135.1,136.5
45.769648,-111.140648,5500,135.8,133.2
45.768036,-111.136356,5700,141.0,126.1
45.767926,-111.13591,5700,150.6,110.6
45.767212,-111.131331,5800,153.6,105.5
45.76712,-111.130259,5800,162.5,97.8
45.766846,-111.126106,5900,165.8,95.5
45.766715,-111.123207,6100,162.2,92.8
45.766617,-111.120345,6300,162.2,92.8
45.766617,-111.117531,6400,162.0,91.1
45.766617,-111.11579,6500,162.0,90.7
45.766622,-111.112495,6600,162.0,89.7
45.766617,-111.111971,6700,162.0,89.7
45.766669,-111.108582,6800,163.1,88.2
45.766708,-111.107617,6900,163.1,88.2
45.766808,-111.103844,7000,166.2,87.2
45.766948,-111.100479,7200,166.2,86.9
45.767181,-111.096497,7400,166.7,84.8
45.767487,-111.092477,7600,165.2,83.1
45.767879,-111.088326,7800,164.6,82.0
45.768997,-111.078543,8000,168.3,80.4
45.770233,-111.069098,8200,173.0,79.3
45.770672,-111.06443,8300,175.3,83.1
45.771091,-111.058662,8600,172.7,85.0
45.771277,-111.054199,8800,169.4,85.9
45.771371,-111.052483,8900,166.4,86.2
45.771603,-111.047539,9100,163.4,86.1
45.771976,-111.04026,9300,161.4,86.1
45.772293,-111.034732,9500,165.4,85.8
45.772581,-111.029068,9500,169.4,85.9
45.77286,-111.024124,9700,172.6,85.3
45.773419,-111.015404,9900,174.0,83.7
45.774216,-111.007199,10100,171.7,82.0
45.774719,-111.00251,10300,171.7,82.0
45.775234,-110.995148,10400,172.1,83.7
45.775452,-110.989916,10500,175.2,87.4
45.775543,-110.985294,10700,176.1,88.4
45.775607,-110.981689,10800,176.1,88.4
45.775635,-110.974977,11000,176.1,88.4
45.7757,-110.967751,11200,169.0,89.7
45.775726,-110.9589,11300,175.0,89.7
45.775746,-110.95491,11400,184.0,89.7
45.7757,-110.944267,11600,188.0,90.3
45.775726,-110.9382,11800,187.0,89.4
45.775793,-110.930466,12000,186.0,89.4
45.775886,-110.915359,12400,185.0,89.7
45.775864,-110.898676,12700,188.0,90.3
45.776001,-110.880053,13100,185.0,89.7
45.775635,-110.862233,13500,190.0,90.9
45.775328,-110.858025,13600,192.2,96.3
45.774722,-110.849991,14000,192.2,96.3
45.774673,-110.849371,14000,180.8,95.4
45.774261,-110.841399,14400,177.3,93.6
45.774033,-110.831217,14600,182.0,91.3
45.773884,-110.821426,14700,191.0,91.2
45.773666,-110.810651,14800,200.1,92.0
45.773465,-110.802063,14800,209.1,91.9
45.773326,-110.794098,14700,219.1,91.6
45.773071,-110.782314,14700,229.1,91.2
45.772888,-110.761548,14800,236.0,90.5
45.772888,-110.739709,14800,245.0,90.2
45.772934,-110.716396,14900,254.0,89.3
45.773117,-110.704338,14900,263.1,88.7
45.773392,-110.689065,14900,270.1,88.5
45.773605,-110.669197,14900,279.1,88.8
45.77449,-110.634066,15000,281.2,87.8
45.775589,-110.607337,14900,281.5,86.7
45.787033,-110.19957,15000,286.1,88.2
45.787537,-110.166142,15000,284.0,89.0
45.787804,-110.132103,14900,285.1,88.4
45.788361,-110.119852,14900,285.9,85.4
45.790878,-110.082472,15100,281.2,84.7
45.792618,-110.050317,15000,284.8,85.8
45.794037,-110.0191,15000,285.6,86.2
45.794554,-110.001915,15000,285.1,88.2
45.794724,-109.978772,14900,285.0,89.8
45.79454,-109.941257,15000,283.0,90.6
45.794586,-109.91694,15000,283.0,89.2
45.794973,-109.879829,15000,287.0,89.2
45.795112,-109.852158,15000,284.0,90.4
45.794815,-109.814915,14900,283.0,90.2
45.79474,-109.778618,14900,284.0,90.0
45.79454,-109.75248,14900,284.1,91.4
45.793762,-109.715034,15000,285.1,91.6
45.793167,-109.67792,14900,285.0,90.8
45.793121,-109.64811,14800,285.0,89.6
45.79335,-109.611802,14800,284.0,89.6
45.79335,-109.574287,14700,292.0,90.2
45.793488,-109.553587,14700,288.1,88.4
45.794449,-109.522437,14600,289.3,87.2
45.795438,-109.487686,14300,297.2,88.1
45.796136,-109.448891,14200,300.1,88.7
45.796875,-109.410095,14000,301.1,88.3
45.797974,-109.370437,13900,299.3,87.3
45.799164,-109.332119,13600,300.3,87.3
45.800079,-109.301036,13500,302.1,88.5
45.800745,-109.261299,13300,301.1,88.3
45.801727,-109.228218,13000,299.3,87.3
45.80278,-109.188962,12800,301.2,88.1
45.803787,-109.149371,12500,303.2,87.7
45.804795,-109.109894,12300,302.2,88.1
45.805252,-109.08084,12100,304.0,89.2
45.805307,-109.067665,11900,306.0,89.6
45.805261,-109.03141,11900,296.0,90.4
45.805214,-109.016785,11700,290.0,90.8
45.804981,-108.997627,11600,280.0,90.8
45.804702,-108.974693,11400,272.1,91.5
45.804469,-108.954094,11200,267.0,90.4
45.804562,-108.936584,11000,262.0,89.3
45.804703,-108.920266,10800,260.0,89.1
45.804886,-108.907471,10600,261.1,88.7
45.805074,-108.894493,10400,263.0,88.9
45.805206,-108.879469,10300,262.0,90.9
45.804888,-108.87307,10200,261.0,95.1
45.804245,-108.867076,10200,258.8,99.8
45.803329,-108.861449,10200,257.3,104.6
45.801909,-108.855286,10100,253.3,109.4
45.799116,-108.845123,10100,248.5,112.2
45.79474,-108.830154,9900,243.8,112.7
45.7901,-108.813886,9700,242.7,112.0
45.785336,-108.796852,9500,240.7,111.4
45.781053,-108.781403,9300,242.0,111.6
45.776165,-108.763618,9200,237.1,111.3
45.774261,-108.75661,9200,232.7,111.2
45.772581,-108.750504,9100,228.2,111.1
45.770859,-108.744118,9100,223.2,111.3
45.76774,-108.732445,9000,218.4,110.9
45.763364,-108.715828,8800,216.8,110.5
45.758848,-108.69873,8700,214.0,110.8
45.756055,-108.688499,8500,212.3,111.8
45.75126,-108.672089,8400,214.7,112.7
45.746475,-108.655522,8300,213.4,112.6
45.741624,-108.638649,8200,212.8,111.5
45.737108,-108.621895,8100,213.4,111.2
45.734756,-108.613251,7900,217.5,111.0
45.731103,-108.599442,7700,215.8,110.6
45.727798,-108.586739,7500,212.7,110.7
45.723841,-108.571564,7300,210.1,110.3
45.720489,-108.558655,7100,208.6,110.8
45.71872,-108.552132,7000,209.3,111.3
45.717323,-108.547256,6900,210.4,112.1
45.715415,-108.540596,6800,210.8,112.3
45.713425,-108.533802,6700,210.6,112.9
45.711737,-108.52803,6600,210.2,112.7
45.710129,-108.52248,6500,208.5,112.3
45.707501,-108.513474,6400,207.5,113.0
45.705231,-108.506068,6300,208.1,114.1
45.702667,-108.497761,6200,207.3,113.6
45.699634,-108.487999,6200,203.2,114.4
45.697399,-108.481064,6100,198.6,115.0
45.693283,-108.468553,6000,194.2,115.0
45.688705,-108.454821,5900,196.4,115.0
45.685342,-108.444191,6000,198.3,114.1
45.682983,-108.436532,5900,202.9,113.5
45.68074,-108.429097,6000,204.7,113.3
45.6763,-108.41456,5900,209.6,113.6
45.676078,-108.413979,6000,209.6,113.6
45.67218,-108.400894,6000,208.5,112.3
45.671127,-108.39674,6000,208.4,108.2
45.670441,-108.392788,6000,207.9,102.5
45.670026,-108.388573,6000,207.2,96.1
45.669983,-108.387898,6100,206.9,95.3
45.669937,-108.384347,6100,206.0,89.7
45.670166,-108.381226,6100,206.3,83.6
45.670678,-108.377792,6100,205.7,76.5
45.671448,-108.374567,6100,205.4,69.2
45.672261,-108.372299,6000,206.2,63.2
45.673471,-108.369553,6000,206.4,55.5
45.674961,-108.367012,6000,207.1,49.3
45.676776,-108.36454,5900,207.4,42.5
45.678778,-108.362411,5900,207.6,36.0
45.681525,-108.35994,5900,207.5,30.4
45.684271,-108.358017,5900,206.2,25.0
45.687561,-108.356212,5900,205.9,19.6
45.690742,-108.354858,5900,204.5,14.4
45.694885,-108.353666,5900,202.4,10.5
45.699142,-108.352795,5900,201.3,6.6
45.701385,-108.352594,6000,200.4,3.7
45.704132,-108.352594,6000,200.1,358.6
45.707175,-108.353004,6000,199.7,352.5
45.708479,-108.353348,5900,200.7,350.5
45.711365,-108.354309,5900,201.3,345.6
45.714204,-108.355614,5900,201.1,340.8
45.716354,-108.356881,5900,201.2,336.9
45.718323,-108.358288,6000,200.8,332.4
45.721024,-108.360633,6000,200.6,327.4
45.724865,-108.36454,6000,200.2,323.5
45.733109,-108.373562,6000,196.6,322.0
45.734734,-108.375389,5900,195.1,321.7
45.740433,-108.381735,5900,190.2,323.5
45.743134,-108.384347,5900,185.3,326.2
45.744603,-108.385757,5900,181.1,326.5
45.746651,-108.38768,5900,176.1,326.6
45.74842,-108.389328,5900,171.7,326.4
45.749305,-108.390221,5800,169.2,325.8
45.754286,-108.395302,5800,164.4,323.4
45.755403,-108.396469,5700,164.2,322.9
45.757917,-108.399284,5600,165.2,321.9
45.760105,-108.401756,5500,166.6,321.8
45.763046,-108.405181,5400,168.1,319.6
45.765086,-108.407799,5300,169.9,317.4
45.767944,-108.411813,5200,169.7,316.0
45.771836,-108.417412,5200,165.5,313.5
45.773605,-108.420296,5100,162.4,310.8
45.775421,-108.42366,5100,160.4,305.9
45.776538,-108.426201,5000,158.6,300.3
45.777934,-108.430252,5000,154.3,295.7
45.778726,-108.432587,4900,149.9,294.9
45.779388,-108.434791,4900,145.1,293.6
45.780075,-108.437001,4900,140.2,293.1
45.781265,-108.441222,4800,136.9,291.9
45.782403,-108.445564,4700,136.4,290.2
45.784219,-108.452431,4600,136.4,290.2
45.78636,-108.460739,4500,137.1,291.0
45.788132,-108.467013,4400,137.6,292.6
45.789759,-108.472343,4300,138.4,293.4
45.791202,-108.477425,4200,140.4,292.2
45.792526,-108.482219,4100,139.9,290.5
45.793902,-108.487656,4000,138.0,290.8
45.795485,-108.493286,3900,140.4,292.2
45.797254,-108.499329,3800,141.7,292.4
45.79879,-108.50489,3700,141.5,291.1
45.799988,-108.509149,3600,139.1,292.0
45.800949,-108.5127,3500,136.5,291.5
45.801865,-108.515982,3500,132.8,292.1
45.802322,-108.51759,3400,129.2,291.8
45.802747,-108.519035,3400,124.2,292.2
45.80365,-108.522279,3400,118.9,292.2
45.803724,-108.522606,3400,111.4,291.0
45.804795,-108.526314,3400,108.3,291.1
45.805121,-108.527412,3400,93.8,291.9
45.807518,-108.540601,-50.0,18.5,0.0
45.807099,-108.540733,-50.0,15.5,176.1
45.807006,-108.540682,-50.0,14.8,162.0
45.806591,-108.539663,-50.0,19.5,162.0
45.806431,-108.539077,-50.0,20.5,162.0
45.806145,-108.538692,-50.0,16.5,162.0
45.805342,-108.539789,-50.0,21.5,0.0
45.805447,-108.540579,-50.0,17.5,0.0
45.805698,-108.540802,-50.0,18.5,0.0
45.805916,-108.541388,-50.0,17.5,0.0
45.805916,-108.541706,-50.0,14.2,0.0
45.805912,-108.542158,-50.0,8.2,0.0
45.805912,-108.542398,-50.0,3.8,0.0
45.805916,-108.542493,-50.0,0.5,0.0
45.805877,-108.542707,-50.0,8.8,0.0
45.805447,-108.543514,-50.0,2.8,0.0
45.805447,-108.54351,-50.0,2.8,0.0
45.805904,-108.544922,-50.0,10.8,0.0
45.805904,-108.544955,-50.0,10.8,0.0
45.805916,-108.546513,-50.0,12.2,0.0
45.806843,-108.547308,-50.0,11.8,0.0
45.807274,-108.547308,-50.0,12.8,0.0
45.807705,-108.547308,-50.0,13.2,0.0
45.807902,-108.547325,-50.0,12.8,0.0
45.808628,-108.547534,-50.0,9.2,339.2
45.80872,-108.547618,-50.0,9.8,328.0
45.808777,-108.547702,-50.0,10.2,319.5
45.809269,-108.549109,-50.0,11.8,311.1
45.809706,-108.549179,-50.0,9.8,311.1
45.809846,-108.549093,-50.0,6.2,311.1
45.809869,-108.549076,-50.0,0.6,311.1
45.809893,-108.549076,-50.0,0.1,24.2
45.809893,-108.549076,-50.0,0.1,24.2
45.809893,-108.549059,-50.0,0.0,24.2
45.809962,-108.549025,-50.0,0.0,24.2
45.810009,-108.549007,-50.0,6.2,24.2
45.8103,-108.548836,-50.0,10.8,24.2
45.810707,-108.548595,-50.0,12.8,24.2
45.810837,-108.54802,-50.0,8.8,0.0
45.810802,-108.54792,-50.0,3.8,0.0
45.810791,-108.547869,-50.0,6.8,0.0
45.81078,-108.547836,-50.0,10.2,0.0
45.810745,-108.547685,-50.0,18.5,0.0
45.81073,-108.547634,-50.0,21.5,0.0
45.810684,-108.547462,-50.0,27.5,0.0
45.810619,-108.54725,-50.0,34.5,0.0
45.810451,-108.546621,-50.0,50.5,0.0
45.810207,-108.545746,-50.0,66.5,0.0
45.80983,-108.544386,-50.0,83.0,0.0
45.809404,-108.542862,-50.0,99.0,0.0
45.809334,-108.542604,-50.0,102.5,0.0
45.809235,-108.542309,3400,102.5,0.0
45.808287,-108.538879,3400,102.3,111.8
45.807816,-108.537151,3400,124.8,111.6
45.807728,-108.536751,3400,132.4,111.7
45.807123,-108.53476,3400,135.9,112.0
45.806717,-108.533266,3500,140.4,112.2
45.806145,-108.531258,3500,144.3,112.8
45.805481,-108.529045,3600,146.5,112.9
45.804842,-108.526794,3700,147.1,112.4
45.804337,-108.525093,3800,146.3,111.7
45.803741,-108.522949,3900,143.7,111.2
45.803421,-108.521743,4000,142.1,110.6
45.803073,-108.520271,4100,140.5,110.0
45.802643,-108.518394,4200,137.9,108.2
45.802414,-108.517188,4300,134.9,105.5
45.802188,-108.515945,4400,133.2,102.6
45.802048,-108.514843,4500,130.9,99.7
45.801955,-108.513199,4600,129.6,95.3
45.80191,-108.511762,4700,128.0,90.9
45.801955,-108.510452,4800,128.1,87.8
45.802139,-108.508345,4900,130.3,82.1
45.802467,-108.506195,5000,131.9,76.0
45.803073,-108.503517,5000,136.3,71.2
45.803192,-108.503053,5100,136.6,70.8
45.804283,-108.499054,5200,140.9,68.3
45.805307,-108.49514,5300,143.6,70.1
45.806052,-108.491844,5400,144.5,72.7
45.806611,-108.488892,5500,146.0,74.9
45.80722,-108.485234,5600,146.0,76.5
45.807588,-108.482849,5700,145.3,77.7
45.807868,-108.480995,5800,144.0,78.4
45.808228,-108.478334,5900,142.2,79.9
45.808566,-108.475639,6000,143.0,80.3
45.808845,-108.472961,6100,144.0,80.4
45.809264,-108.469597,6200,145.0,80.5
45.809647,-108.466276,6300,147.3,79.8
45.810195,-108.462044,6400,151.3,80.1
45.810791,-108.457165,6500,156.2,80.4
45.811452,-108.451195,6600,160.1,80.7
45.811935,-108.447519,6700,161.8,79.3
45.812393,-108.444839,6800,162.7,76.1
45.813268,-108.440826,6900,163.8,71.1
45.814059,-108.438217,7000,164.3,65.9
45.815094,-108.435394,7100,165.3,59.9
45.81633,-108.432915,7100,167.0,54.5
45.817597,-108.430733,7200,168.7,48.8
45.819122,-108.428628,7300,170.6,42.4
45.820669,-108.426956,7300,172.4,36.3
45.822418,-108.425479,7400,174.4,30.7
45.824295,-108.424206,7400,175.7,22.8
45.82663,-108.423067,7500,176.8,17.1
45.830213,-108.421806,7700,175.8,13.5
45.833611,-108.420708,7900,171.6,11.8
45.836929,-108.419785,8100,169.1,10.9
45.841339,-108.418579,8300,170.0,10.9
45.846971,-108.417,8500,173.6,11.6
45.852651,-108.415215,8700,177.1,12.4
45.857678,-108.413773,8900,177.9,10.4
45.861403,-108.413017,9000,177.1,6.5
45.864661,-108.412743,9100,176.1,1.6
45.867325,-108.412818,9200,176.2,357.1
45.869888,-108.413287,9300,175.8,351.8
45.872406,-108.414024,9400,174.9,346.4
45.874741,-108.415096,9400,173.6,340.8
45.876858,-108.416382,9500,171.8,335.2
45.878813,-108.417961,9600,170.8,329.4
45.880829,-108.419919,9700,170.7,324.5
45.882956,-108.422424,9800,170.2,319.3
45.885284,-108.425583,9800,171.1,315.5
45.887053,-108.428398,9900,168.8,310.7
45.888449,-108.431007,10100,165.0,306.9
45.890442,-108.435126,10300,160.0,303.8
45.892313,-108.439247,10500,155.3,303.2
45.893967,-108.442829,10700,150.0,303.6
45.895706,-108.446581,10900,146.7,303.0
45.898458,-108.452637,11100,149.2,303.8
45.902415,-108.46067,11200,159.0,305.8
45.906326,-108.468219,11400,163.6,306.8
45.909165,-108.473923,11500,164.2,304.1
45.911179,-108.4782,11700,164.2,304.1
45.91333,-108.48242,11800,163.2,307.8
45.915527,-108.486172,12000,161.8,310.0
45.920896,-108.495277,12400,157.4,310.9
45.925971,-108.503792,12700,156.3,309.3
45.932209,-108.514984,13000,162.1,309.0
45.938644,-108.526433,13300,163.7,308.5
45.945104,-108.537781,13700,164.0,309.8
45.95311,-108.55142,13900,173.4,309.4
45.957504,-108.559191,13900,182.9,308.6
45.961304,-108.566024,13900,192.3,308.2
45.967346,-108.577479,14000,198.8,306.4
45.975549,-108.593193,14000,207.4,307.8
45.983695,-108.608025,14000,217.1,308.5
45.99659,-108.631371,14000,224.9,308.5
46.002363,-108.641258,13900,226.9,310.7
46.015778,-108.663561,14000,229.0,310.9
46.029602,-108.68627,14000,230.9,311.8
46.038574,-108.700338,13900,232.7,313.4
46.052856,-108.721708,14000,230.7,312.5
46.058644,-108.731277,14000,230.6,310.2
46.064346,-108.74147,14000,232.2,308.0
46.077209,-108.76572,14000,231.2,307.3
46.090118,-108.789703,13900,233.7,308.0
46.103027,-108.813417,13900,232.5,308.9
46.111528,-108.828026,13900,232.7,310.5
46.125595,-108.8514,13900,233.9,311.2
46.139786,-108.874646,14000,231.7,311.3
46.153976,-108.897489,13900,233.7,311.9
46.167903,-108.920448,14000,231.0,311.1
46.17659,-108.935004,14000,228.7,309.7
46.186198,-108.95224,14000,230.7,308.3
46.199615,-108.976336,13800,236.5,308.1
46.21236,-109.000305,13900,233.4,307.2
46.225342,-109.025373,13900,233.6,306.8
46.237591,-109.048645,13900,233.0,307.9
46.244247,-109.060609,13900,232.9,309.8
46.250626,-109.071236,13900,230.9,311.8
46.264389,-109.093501,14000,229.5,311.5
46.273809,-109.109207,13900,231.4,310.1
46.280512,-109.121223,13900,230.7,308.3
46.289031,-109.137291,13900,230.0,306.9
46.301376,-109.161295,14000,230.0,306.9
46.314285,-109.185813,13900,230.6,307.1
46.325455,-109.206781,13900,231.5,308.2
46.334187,-109.222229,13900,231.5,309.7
46.345406,-109.241661,13900,231.1,308.9
46.35872,-109.2659,13900,231.5,308.2
46.368393,-109.284154,13900,231.4,306.9
46.381158,-109.308609,14000,229.4,307.9
46.393936,-109.332119,14000,229.1,308.6
46.406433,-109.354293,14000,230.1,309.7
46.418381,-109.375194,14000,230.5,308.7
46.42408,-109.386063,14000,228.8,306.5
46.428828,-109.395813,14000,228.3,304.1
46.434414,-109.408379,14000,227.8,302.1
46.444748,-109.432269,13900,230.5,303.1
46.449142,-109.441379,14000,230.1,305.6
46.453766,-109.450222,14000,230.7,308.3
46.463509,-109.467636,14000,230.9,309.5
46.477056,-109.491119,14000,231.5,309.7
46.49025,-109.514599,13900,231.8,309.0
46.503917,-109.538498,14000,231.5,309.7
46.513599,-109.554977,14000,231.0,311.1
46.525955,-109.575828,14000,231.4,310.1
46.535431,-109.592642,14000,231.9,308.7
46.54856,-109.616364,14000,232.2,308.0
46.561269,-109.639778,14000,231.9,308.7
46.574816,-109.664017,14000,233.0,309.4
46.588165,-109.687433,14000,232.3,309.6
46.601715,-109.710879,14000,232.8,310.1
46.615409,-109.734261,14000,231.9,310.6
46.628586,-109.756165,14100,231.6,311.7
46.64209,-109.778673,14100,231.9,310.6
46.650604,-109.793545,14000,232.4,309.2
46.659668,-109.810158,14000,231.6,307.8
46.671982,-109.833672,14000,231.8,307.5
46.684539,-109.857101,14000,231.3,308.5
46.69725,-109.880431,14000,231.6,307.8
46.709747,-109.904346,14000,232.8,307.0
46.722479,-109.928581,14100,232.2,308.0
46.727554,-109.93764,14100,232.8,310.1
46.732864,-109.946282,14100,232.8,312.7
46.747604,-109.968723,14100,234.1,313.4
46.758045,-109.985023,14100,235.8,312.1
46.771685,-110.00679,14000,238.4,313.1
46.780158,-110.020248,13900,237.3,311.4
46.788304,-110.03405,13900,237.9,309.7
46.795147,-110.046547,13900,237.2,308.0
46.801208,-110.05849,13900,236.2,306.0
46.809631,-110.075773,14000,233.6,304.7
46.818192,-110.094262,14000,233.0,303.6
46.830048,-110.120254,14000,234.9,303.9
46.841904,-110.145509,14000,233.6,304.7
46.853989,-110.170496,14000,233.7,305.6
46.865814,-110.194107,14000,234.4,306.7
46.876474,-110.214421,14000,234.4,307.9
46.88736,-110.234344,14000,235.4,309.0
46.898586,-110.254071,14000,235.6,310.2
46.912645,-110.277945,14000,236.0,311.0
46.922188,-110.294283,14000,238.7,309.6
46.92959,-110.307875,14000,238.0,307.8
46.942154,-110.331985,14000,236.4,306.9
46.955338,-110.357735,14000,231.4,306.9
46.965761,-110.378301,13900,232.0,305.9
46.978134,-110.403259,14000,230.8,306.7
46.988434,-110.423721,14100,228.7,305.6
47.000443,-110.448374,14000,233.4,305.9
47.012924,-110.473228,14000,235.0,306.9
47.026233,-110.498728,14000,233.8,307.7
47.03936,-110.523095,14000,234.1,308.6
47.052907,-110.547462,14000,235.4,309.0
47.063919,-110.567848,14000,235.2,307.8
47.076782,-110.592567,14000,233.2,307.5
47.085205,-110.608154,14000,233.2,309.1
47.098435,-110.632183,13900,234.1,308.6
47.108258,-110.650494,13700,236.8,307.5
47.116684,-110.667326,13500,237.0,305.9
47.126633,-110.686913,13200,240.0,306.9
47.134689,-110.702293,13000,243.5,308.3
47.144348,-110.719528,12700,247.2,309.4
47.156858,-110.742117,12400,247.5,308.8
47.167426,-110.761061,12200,247.8,309.9
47.174103,-110.772331,12100,245.7,311.9
47.182136,-110.785288,11900,245.7,311.9
47.189957,-110.798387,11700,246.7,311.0
47.19873,-110.813393,11500,244.2,310.0
47.207228,-110.828599,11300,244.4,309.4
47.215027,-110.842987,11100,243.6,308.0
47.222125,-110.856417,10900,242.4,307.6
47.22908,-110.869904,10700,242.2,306.8
47.234665,-110.881027,10500,242.6,306.1
47.240982,-110.893867,10300,242.3,305.6
47.247542,-110.907405,10100,242.5,305.3
47.254246,-110.921349,9900,241.9,305.1
47.261398,-110.936234,9700,241.4,305.7
47.266908,-110.947195,9500,242.2,306.8
47.273844,-110.960646,9300,243.2,307.5
47.281758,-110.975858,9100,242.6,307.3
47.289951,-110.991845,8900,241.0,306.4
47.296143,-111.004074,8800,240.7,308.2
47.299168,-111.009169,8700,242.2,312.0
47.302008,-111.013324,8600,244.0,316.5
47.305389,-111.017532,8500,245.4,321.1
47.308991,-111.021353,8400,245.8,325.3
47.312901,-111.024874,8300,247.3,329.9
47.317474,-111.028381,8200,248.2,334.0
47.322258,-111.031424,8100,250.3,337.9
47.32695,-111.033806,8000,251.1,342.1
47.331569,-111.035579,7900,252.0,346.5
47.337341,-111.037269,7800,252.9,350.0
47.343579,-111.038537,7700,252.7,353.4
47.348235,-111.03903,7500,253.4,356.6
47.353635,-111.03917,7500,253.0,0.2
47.359818,-111.03875,7300,253.4,3.2
47.365505,-111.038607,7200,251.0,0.0
47.370347,-111.038959,7200,248.7,355.6
47.374443,-111.039734,7100,247.5,351.9
47.375473,-111.039986,7000,246.8,350.0
47.379331,-111.041213,6900,246.2,347.1
47.383621,-111.042938,6800,244.9,343.6
47.388794,-111.045547,6700,244.3,339.6
47.392319,-111.047607,6600,244.6,338.2
47.396027,-111.050079,6500,243.5,335.8
47.401108,-111.053719,6400,242.4,332.5
47.405214,-111.05727,6300,241.3,329.1
47.409393,-111.061409,6200,241.1,324.8
47.412942,-111.06558,6100,239.9,320.1
47.41658,-111.070473,6100,237.7,316.4
47.419647,-111.075073,6000,234.1,314.1
47.423649,-111.081426,6000,229.4,312.2
47.426582,-111.086285,6000,225.2,311.8
47.426926,-111.086815,6100,223.8,311.7
47.430539,-111.092764,6100,219.5,312.0
47.437056,-111.103187,6000,215.1,313.1
47.447021,-111.118675,6000,210.8,313.9
47.451348,-111.1253,6000,205.8,313.6
47.454839,-111.130723,6000,200.9,313.4
47.459061,-111.137215,6000,195.9,314.0
47.459634,-111.138118,5900,195.2,314.2
47.466803,-111.148752,5900,190.9,314.6
47.468903,-111.151978,5900,186.0,314.4
47.471551,-111.156006,5900,181.1,313.7
47.472382,-111.157333,6000,179.7,313.6
47.481467,-111.171499,6000,176.1,313.9
47.485931,-111.178139,6000,171.1,315.0
47.492065,-111.186996,5900,166.9,315.5
47.496506,-111.193451,5800,164.1,315.5
47.500321,-111.199036,5700,163.3,314.8
47.502555,-111.202416,5600,164.1,314.5
47.504278,-111.204951,5500,165.5,314.0
47.506851,-111.208969,5400,165.6,313.0
47.509232,-111.212814,5300,162.8,312.5
47.511726,-111.216924,5200,158.0,311.7
47.51358,-111.220024,5200,153.2,310.8
47.514705,-111.221994,5200,149.0,310.1
47.516006,-111.22435,5100,146.4,309.5
47.518988,-111.229811,5000,143.2,307.9
47.521088,-111.234169,5000,142.3,304.7
47.521828,-111.235868,4900,142.6,302.7
47.523056,-111.238976,4900,142.4,299.5
47.524246,-111.242409,4900,141.4,295.1
47.524388,-111.24284,4800,141.9,294.6
47.525391,-111.246529,4800,141.7,290.2
47.52625,-111.250728,4700,141.5,286.0
47.526902,-111.255024,4700,141.0,281.9
47.527542,-111.260605,4700,140.6,278.6
47.527954,-111.265755,4700,138.5,275.0
47.528112,-111.271081,4600,137.1,272.1
47.528159,-111.276855,4600,136.0,269.6
47.528019,-111.281292,4600,135.2,266.6
47.527771,-111.285049,4600,135.1,262.8
47.527228,-111.289321,4600,134.5,258.9
47.526809,-111.291997,4500,134.4,255.3
47.526123,-111.295212,4500,135.4,251.0
47.525253,-111.298096,4500,135.7,246.1
47.524338,-111.300705,4500,136.6,240.6
47.522873,-111.30407,4400,138.4,236.2
47.521176,-111.30749,4400,139.0,232.3
47.519733,-111.309955,4400,139.4,227.0
47.516922,-111.314026,4300,140.0,224.4
47.513763,-111.31897,4300,137.2,226.8
47.511475,-111.322472,4200,134.4,225.6
47.508514,-111.326576,4100,130.9,222.8
47.505341,-111.330986,4000,128.0,224.1
47.502648,-111.335097,3900,130.1,225.0
47.497574,-111.34228,3800,132.2,224.7
47.493439,-111.348289,3700,132.2,225.3
47.490417,-111.352821,3600,127.3,225.0
47.489182,-111.354538,3600,122.3,224.7
47.488543,-111.35552,3600,117.4,225.0
47.487938,-111.356365,3600,113.1,225.0
47.487762,-111.356667,3500,111.0,225.4
47.487213,-111.357491,3500,109.6,225.4
47.485336,-111.360237,3500,83.4,225.0
47.484318,-111.361748,-50.0,35.5,222.7
47.483853,-111.360327,-50.0,9.2,0.0
47.484032,-111.359585,-50.0,13.2,56.8
47.484574,-111.358601,-50.0,17.5,42.7
47.485439,-111.357336,-50.0,20.5,42.7
47.485727,-111.356929,-50.0,18.5,39.9
47.486029,-111.356559,-50.0,18.5,37.1
47.486367,-111.356137,-50.0,17.5,42.7
47.486506,-111.355925,-50.0,15.5,45.5
47.486576,-111.355784,-50.0,15.5,51.1
47.486623,-111.355661,-50.0,14.8,59.6
47.486658,-111.35545,-50.0,13.8,70.8
47.486611,-111.355027,-50.0,11.2,115.8
47.486492,-111.354881,-50.0,10.8,138.3
47.486412,-111.354813,-50.0,8.8,149.6
47.486332,-111.354816,-50.0,6.8,172.1
47.486286,-111.35483,-50.0,6.8,186.1
47.486263,-111.354847,-50.0,6.2,194.6
47.486192,-111.354922,-50.0,4.2,217.1
47.486169,-111.354975,-50.0,2.8,222.7
47.486134,-111.35501,-50.0,1.4,225.5
47.486092,-111.355139,-50.0,2.8,242.4
47.48608,-111.35519,-50.0,3.8,253.6
47.486092,-111.355225,-50.0,3.8,262.1
47.486115,-111.355328,-50.0,4.8,287.4
47.486183,-111.355431,-50.0,6.2,307.1
47.486263,-111.355534,-50.0,7.8,318.3
47.486412,-111.355654,-50.0,9.2,335.2
47.48653,-111.355679,-50.0,9.2,354.9
47.486576,-111.355679,-50.0,9.2,0.5
47.486641,-111.355654,-50.0,9.8,11.8
47.487305,-111.354881,-50.0,14.2,45.5
47.487808,-111.354109,-50.0,12.8,45.5
47.488112,-111.353654,-50.0,10.2,45.5
47.488415,-111.353214,-50.0,9.2,45.5
47.48852,-111.353091,-50.0,8.2,39.9
47.488644,-111.352993,-50.0,7.2,25.8
47.48877,-111.352959,-50.0,2.2,8.9
47.488792,-111.352959,-50.0,0.2,3.3
47.488827,-111.352959,-50.0,2.8,0.5
47.48885,-111.352976,-50.0,3.8,352.1
47.48893,-111.353027,-50.0,6.2,340.8
47.48902,-111.353108,-50.0,8.8,329.6
47.489137,-111.353232,-50.0,10.2,323.9
47.489346,-111.353496,-50.0,10.2,318.3
47.489462,-111.353689,-50.0,8.2,309.9
47.489497,-111.353865,-50.0,6.2,281.8
47.489497,-111.353971,-50.0,6.8,267.7
47.489456,-111.354126,-50.0,7.8,250.8
47.489388,-111.354246,-50.0,6.2,233.9
47.489365,-111.35428,-50.0,1.4,228.3
47.489353,-111.354298,-50.0,5.2,228.3
47.489288,-111.354394,-50.0,14.8,228.3
47.488976,-111.354864,-50.0,37.5,225.5
47.488632,-111.355362,-50.0,52.5,228.3
47.488462,-111.355626,-50.0,58.5,228.3
47.48806,-111.356237,-50.0,71.0,228.3
47.487442,-111.357147,-50.0,83.0,228.3
47.485703,-111.359756,3600,83.0,0.0
47.484512,-111.361404,3600,114.6,225.0
47.484146,-111.362022,3600,124.5,225.0
47.482817,-111.363971,3700,129.4,224.7
47.481514,-111.365802,3800,130.1,223.8
47.480164,-111.367634,3900,130.3,221.9
47.47934,-111.368752,4000,129.6,221.6
47.478627,-111.369605,4100,129.0,221.2
47.477743,-111.370732,4200,128.3,220.9
47.477005,-111.371704,4300,127.7,220.6
47.476067,-111.372915,4400,126.7,222.8
47.474996,-111.374535,4500,126.6,224.7
47.474075,-111.376167,4600,127.0,229.8
47.473879,-111.376507,4700,126.7,231.4
47.473088,-111.378268,4800,126.2,236.3
47.472473,-111.380013,4900,126.6,242.2
47.472015,-111.381729,5000,126.3,249.1
47.471598,-111.383831,5100,127.4,255.0
47.471319,-111.386014,5200,127.7,260.5
47.471179,-111.388127,5300,129.5,265.1
47.471179,-111.390099,5400,130.0,268.7
47.471237,-111.392509,5500,130.2,273.1
47.471365,-111.394747,5600,129.7,275.8
47.471512,-111.396355,5700,129.3,278.0
47.471695,-111.398071,5800,129.1,280.3
47.472107,-111.400681,5900,130.5,283.3
47.472656,-111.403496,6000,131.6,286.8
47.473134,-111.405593,6100,132.5,289.4
47.473786,-111.408128,6200,133.7,292.0
47.474577,-111.410593,6300,134.2,294.7
47.475357,-111.41304,6400,134.2,296.6
47.476181,-111.415306,6500,134.6,297.9
47.477051,-111.417709,6600,134.6,297.0
47.477976,-111.420664,6700,135.6,294.9
47.478516,-111.422447,6800,136.2,293.4
47.479477,-111.425949,6900,136.9,291.9
47.48021,-111.428833,7000,139.3,291.0
47.481262,-111.433296,7100,142.3,288.4
47.481949,-111.436661,7300,144.4,285.7
47.483047,-111.442429,7500,146.3,285.5
47.483826,-111.446686,7700,147.5,285.7
47.484819,-111.451651,7900,149.7,285.9
47.48575,-111.456792,8100,150.2,285.0
47.486588,-111.461581,8300,151.1,285.0
47.487579,-111.466667,8500,153.7,287.0
47.488962,-111.472637,8700,156.9,289.4
47.490079,-111.477286,8900,157.2,289.7
47.491336,-111.482074,9100,157.7,291.2
47.492686,-111.487075,9300,155.6,292.3
47.493759,-111.491043,9500,153.0,291.9
47.494858,-111.495094,9700,150.4,291.5
47.496094,-111.499352,9900,146.4,293.8
47.497062,-111.502498,10100,144.0,295.5
47.498383,-111.506424,10300,143.1,296.6
47.499995,-111.51123,10500,144.0,296.4
47.502182,-111.517822,10700,148.1,295.2
47.504196,-111.524551,10900,151.4,293.4
47.505936,-111.530251,11100,152.5,295.2
47.507584,-111.535263,11300,151.6,296.2
47.509094,-111.539864,11500,150.3,295.2
47.510834,-111.545425,11700,150.4,294.4
47.512704,-111.551373,11900,152.9,296.4
47.516893,-111.56419,12200,158.8,295.0
47.520584,-111.576187,12600,163.4,294.2
47.524062,-111.587431,13000,162.0,294.8
47.526627,-111.595825,13400,158.0,294.3
47.530952,-111.609474,13800,163.3,295.0
47.534775,-111.622124,14100,165.7,293.5
47.538494,-111.63546,14500,166.8,292.6
47.54155,-111.645744,14800,166.0,294.6
47.545212,-111.657692,15200,165.7,293.5
47.549286,-111.671974,15500,168.5,293.1
47.553085,-111.685226,15900,170.7,293.1
47.55661,-111.697449,16000,180.5,293.2
47.558853,-111.705208,16000,190.0,292.9
47.563156,-111.720451,16000,198.7,292.2
47.567093,-111.735008,16000,208.4,291.4
47.571487,-111.752518,16000,217.0,289.9
47.578342,-111.781381,16000,225.2,289.7
47.585449,-111.810333,16100,227.1,289.5
47.592453,-111.838348,16100,230.7,290.6
47.596161,-111.85215,16000,231.8,292.6
47.601991,-111.871948,16100,228.8,294.0
47.610672,-111.90049,16100,228.7,294.5
47.619448,-111.928359,16000,231.3,295.4
47.624894,-111.945965,16100,226.1,293.7
47.629457,-111.962233,16000,226.6,292.0
47.63736,-111.991127,16000,226.0,292.4
47.645098,-112.01963,16000,225.2,291.9
47.651413,-112.042145,16000,223.6,292.9
47.655479,-112.055688,16000,223.3,294.6
47.663952,-112.083013,16000,224.3,293.9
47.669864,-112.103365,16000,224.2,292.6
47.675949,-112.125916,16000,223.6,291.5
47.683411,-112.153725,15900,222.5,292.2
47.691193,-112.181259,16000,221.0,292.6
47.6987,-112.208725,16000,220.2,292.1
47.706454,-112.236469,15900,221.5,292.3
47.710457,-112.251751,15900,220.3,290.7
47.71756,-112.279175,16000,220.1,291.3
47.723602,-112.301491,16000,219.7,292.5
47.731592,-112.329078,16000,219.9,293.3
47.737106,-112.348732,16000,220.2,292.1
47.744797,-112.376678,15900,220.2,292.1
47.752075,-112.404144,16000,218.2,291.5
47.757111,-112.422409,16000,217.3,293.0
47.764877,-112.449294,16000,220.1,292.7
47.772308,-112.476585,16000,219.9,291.9
47.77996,-112.504366,16000,220.1,292.7
47.787964,-112.531998,16000,220.5,293.0
47.795746,-112.559464,16000,219.2,292.8
47.801102,-112.579376,16000,221.4,291.5
47.808334,-112.60746,16000,219.9,290.5
47.81543,-112.635544,16000,221.6,290.9
47.822754,-112.663284,16000,221.6,290.9
47.828384,-112.685875,15900,223.0,289.6
47.835031,-112.714726,16000,219.8,288.9
47.841688,-112.742474,16000,218.9,289.8
47.848022,-112.768341,16000,219.0,290.6
47.855164,-112.79615,16000,218.4,290.9
47.861755,-112.821556,16000,217.5,291.0
47.868576,-112.848267,15900,219.7,291.1
47.871918,-112.860901,15900,219.7,291.1
47.877869,-112.885139,16000,214.4,289.6
47.883911,-112.911369,16000,215.7,288.9
47.890549,-112.940414,16000,219.5,288.6
47.892288,-112.94783,16000,219.5,288.6
47.93307,-113.095797,16000,218.9,294.0
47.935025,-113.103121,16000,220.8,291.8
47.94104,-113.126289,16000,221.0,291.2
47.946167,-113.146065,16000,221.0,291.2
47.952715,-113.170236,15900,221.2,292.0
47.957417,-113.186434,16000,221.2,292.0
47.96553,-113.214249,16000,221.0,292.6
47.97258,-113.239998,16000,223.4,292.1
47.978366,-113.262705,16000,220.8,289.6
47.984253,-113.288406,15700,227.1,288.8
47.989883,-113.31292,15400,231.5,288.9
47.994566,-113.332707,15200,232.2,290.1
48.000571,-113.355807,15000,233.1,291.4
48.007965,-113.38385,14800,231.0,292.1
48.013504,-113.403763,14600,229.7,292.0
48.020462,-113.429169,14300,233.1,292.7
48.028782,-113.458487,14000,235.3,292.8
48.03744,-113.488347,13600,234.0,292.6
48.044051,-113.512925,13300,234.7,291.8
48.045541,-113.518982,13200,235.1,290.7
48.048843,-113.534637,13000,233.8,284.9
48.049759,-113.540886,12900,234.0,281.8
48.05108,-113.552786,12800,233.1,279.4
48.053192,-113.574188,12600,231.4,278.2
48.055549,-113.600393,12200,231.1,277.7
48.057449,-113.620331,12000,234.2,277.9
48.059143,-113.637703,11800,231.5,278.5
48.059599,-113.642649,11800,231.5,278.5
48.069351,-113.73658,11000,0.0,0.0
48.072401,-113.763569,11000,216.7,279.0
48.075008,-113.790119,11000,216.1,278.0
48.077755,-113.817303,11000,215.7,279.1
48.080175,-113.841529,11000,219.1,277.9
48.082123,-113.865051,11000,216.4,276.6
48.083817,-113.884415,11000,218.2,278.2
48.085739,-113.903984,11100,216.5,278.8
48.087531,-113.920265,10900,221.3,279.9
48.089264,-113.933304,10700,228.9,281.9
48.090637,-113.942711,10500,234.8,281.5
48.091461,-113.949509,10400,236.6,280.0
48.09307,-113.965266,10300,237.3,278.0
48.095584,-113.991464,10200,232.6,278.6
48.0974,-114.008014,10000,235.1,279.3
48.099355,-114.026466,10000,230.7,278.7
48.100342,-114.036301,10000,226.4,278.4
48.101636,-114.050129,10000,222.2,278.0
48.102986,-114.065411,9900,217.8,277.4
48.103964,-114.075059,9900,213.6,278.9
48.105011,-114.084984,9900,209.0,279.6
48.107641,-114.105835,9900,204.7,281.0
48.109876,-114.1233,9800,205.7,280.9
48.112203,-114.141259,9600,207.5,280.5
48.1138,-114.154266,9500,202.8,281.1
48.114764,-114.160274,9500,198.4,284.6
48.115952,-114.165802,9400,193.5,289.0
48.117004,-114.169716,9400,191.3,293.1
48.118395,-114.173866,9300,190.5,297.5
48.1203,-114.178436,9100,191.1,302.6
48.122165,-114.182176,9000,192.4,307.8
48.124167,-114.185556,8900,193.9,312.5
48.126122,-114.188444,8700,195.2,316.7
48.128403,-114.191277,8600,196.9,321.0
48.130312,-114.193233,8400,199.1,326.5
48.132873,-114.195416,8300,200.5,331.4
48.135498,-114.197182,8200,199.9,337.0
48.137787,-114.19828,8200,197.7,342.9
48.140442,-114.199104,8100,194.6,349.0
48.143021,-114.199571,8000,193.0,354.0
48.145628,-114.199641,8000,190.0,0.6
48.148235,-114.19936,7900,187.0,5.8
48.151016,-114.198692,7900,182.8,10.1
48.153355,-114.197881,7800,178.0,13.6
48.155457,-114.197044,7800,174.2,15.3
48.158383,-114.195697,7600,170.2,16.7
48.160571,-114.194713,7500,165.7,17.6
48.166064,-114.191822,7400,160.7,20.0
48.174816,-114.186907,7300,158.2,20.7
48.181194,-114.183293,7100,157.5,20.0
48.187134,-114.180204,7000,155.9,19.5
48.191435,-114.177873,6900,155.7,20.3
48.19879,-114.17368,6800,155.1,20.8
48.204346,-114.170697,6700,153.4,19.0
48.20842,-114.168795,6600,155.6,16.8
48.212631,-114.167034,6500,157.4,15.1
48.222439,-114.163345,6400,157.6,13.9
48.231843,-114.160164,6300,158.2,13.2
48.239617,-114.157562,6200,156.5,12.2
48.248927,-114.154671,6100,154.4,12.0
48.253601,-114.153231,6100,154.9,11.2
48.260751,-114.151202,6000,155.5,10.4
48.264404,-114.150273,6000,156.5,10.3
48.291367,-114.146611,5400,0.0,0.0
48.293897,-114.146576,5300,157.0,1.1
48.298325,-114.14647,5200,157.0,0.7
48.303726,-114.146329,5100,158.0,1.1
48.310004,-114.14607,5000,161.2,2.5
48.28688,-114.267038,4500,137.1,150.3
48.285324,-114.265348,4500,139.6,144.0
48.280151,-114.25908,4900,139.8,142.6
48.277836,-114.256439,5000,139.6,142.0
48.277588,-114.256193,5100,139.6,142.0
48.275788,-114.254199,5200,139.4,143.5
48.273605,-114.251615,5300,140.0,143.1
48.271971,-114.2495,5400,139.8,139.9
48.268898,-114.24567,5500,139.7,139.4
48.268066,-114.244573,5600,139.8,139.9
48.265826,-114.241767,5700,140.6,140.2
48.26358,-114.238939,5800,141.9,139.6
48.261822,-114.236635,5900,143.1,138.4
48.260379,-114.234539,6000,145.8,137.2
48.258238,-114.231648,6100,150.1,138.2
48.255295,-114.227811,6200,153.0,138.2
48.25307,-114.224854,6300,157.3,138.6
48.250324,-114.221456,6400,160.4,140.1
48.248886,-114.219642,6500,160.3,139.6
48.246972,-114.21712,6600,159.6,139.3
48.245773,-114.215628,6700,158.1,139.4
48.244354,-114.213797,6800,157.4,139.1
48.241974,-114.210698,7000,156.0,139.2
48.238998,-114.206825,7200,157.4,139.1
48.234543,-114.201146,7400,161.8,140.0
48.231005,-114.196809,7500,166.2,140.4
48.227509,-114.192458,7700,168.2,140.1
48.224441,-114.188642,7900,167.0,140.6
48.221329,-114.184782,8100,164.9,140.9
48.218063,-114.180908,8300,164.6,142.2
48.215549,-114.178234,8400,166.1,145.5
48.213315,-114.17621,8500,166.4,149.3
48.210894,-114.174259,8600,166.6,150.5
48.20874,-114.172809,8700,166.1,156.2
48.204749,-114.170645,8900,165.6,158.4
48.202282,-114.16956,9000,164.3,164.1
48.198651,-114.168115,9200,163.0,165.8
48.195282,-114.167105,9300,162.6,169.7
48.191947,-114.166453,9400,163.0,173.7
48.185486,-114.165626,9600,166.5,175.5
48.179518,-114.165151,9800,168.2,176.9
48.173606,-114.16479,10000,170.1,178.3
48.167679,-114.16457,10200,171.0,179.0
48.1622,-114.164429,10400,171.0,179.0
48.158057,-114.164077,10500,172.5,175.7
48.155457,-114.163605,10600,174.0,171.4
48.152657,-114.162739,10700,175.6,166.8
48.150004,-114.161541,10800,177.7,162.0
48.147397,-114.159992,10900,179.2,157.0
48.145162,-114.158231,11000,180.8,151.6
48.142695,-114.155907,11100,183.1,146.1
48.140693,-114.153583,11100,185.7,141.3
48.138086,-114.150132,11200,188.2,136.7
48.134735,-114.145132,11400,190.2,134.4
48.130824,-114.138794,11600,189.7,132.4
48.127566,-114.133371,11800,188.5,131.1
48.124307,-114.127667,12000,186.6,130.4
48.117508,-114.115883,12400,186.4,131.3
48.109224,-114.102173,12700,192.5,132.5
48.103312,-114.092736,12900,195.9,134.4
48.09462,-114.08004,13200,193.7,135.0
48.087624,-114.069566,13600,192.3,135.0
48.079605,-114.057381,13900,195.9,133.6
48.070862,-114.043098,14200,198.2,132.1
48.062486,-114.029353,14500,200.4,132.0
48.056259,-114.019272,14900,195.3,132.9
48.04715,-114.004578,15100,205.2,132.6
48.043399,-113.998437,15100,214.5,132.2
48.038185,-113.989915,15000,224.3,132.6
48.030318,-113.977661,15100,229.8,134.5
48.023521,-113.967731,15100,236.3,136.7
48.008438,-113.947378,15200,246.1,136.3
47.991866,-113.923222,15100,251.1,136.8
47.986186,-113.915687,15200,246.1,139.4
47.974176,-113.900123,15200,248.6,138.1
47.964111,-113.886063,15200,252.5,136.4
47.952808,-113.869347,15200,256.0,135.0
47.936462,-113.844795,15100,259.5,134.8
47.919937,-113.820282,15200,259.5,134.5
47.908025,-113.802725,15100,261.7,135.9
47.89527,-113.784133,15200,263.0,134.7
47.883073,-113.764907,15000,268.1,133.3
47.866745,-113.73912,15100,261.7,133.8
47.849899,-113.713234,15100,263.0,134.7
47.832504,-113.687485,15100,261.6,135.0
47.815852,-113.662227,15100,260.9,134.8
47.80394,-113.644913,15100,257.4,136.3
47.792953,-113.629807,15100,257.7,137.8
47.783358,-113.617225,15000,258.9,139.5
47.776981,-113.60969,15000,258.8,142.4
47.769672,-113.601802,15000,258.1,144.5
47.761944,-113.594126,15000,256.6,146.9
47.748642,-113.58181,15100,255.0,148.3
47.728363,-113.56382,15000,260.5,149.3
47.70827,-113.546166,15100,256.0,149.2
47.687973,-113.52863,15100,255.4,148.6
47.668121,-113.510193,15000,257.8,148.2
47.656271,-113.499756,15100,252.3,149.8
47.63649,-113.482796,15200,248.7,149.8
47.616394,-113.465012,15000,254.7,149.3
47.603806,-113.454261,15100,249.8,150.8
47.584301,-113.438416,15100,248.0,151.1
47.564117,-113.422096,15100,251.9,151.8
47.552307,-113.413033,15100,252.7,153.4
47.531976,-113.398132,15100,252.3,152.6
47.511447,-113.382146,15100,255.4,152.2
47.490646,-113.365723,15100,255.5,151.7
47.470341,-113.349257,15100,257.9,150.8
47.453339,-113.334892,15100,260.9,149.6
47.432785,-113.316765,15100,260.2,149.0
47.412094,-113.298843,15100,259.9,150.0
47.391541,-113.280853,15200,256.9,149.3
47.378214,-113.269536,15100,258.8,150.9
47.357986,-113.252701,15100,254.9,150.1
47.337936,-113.235535,15200,255.5,149.4
47.317836,-113.218266,15100,256.6,150.3
47.302008,-113.205519,15100,256.8,151.6
47.281311,-113.18898,15100,256.5,150.8
47.264441,-113.174744,15100,259.5,149.7
47.244097,-113.15756,15100,261.5,150.7
47.224594,-113.141602,15100,256.8,151.6
47.204498,-113.126083,15000,259.9,152.2
47.192963,-113.116745,15000,258.4,150.6
47.17218,-113.099236,15100,253.7,149.7
47.152669,-113.082416,14900,259.5,149.7
47.132279,-113.06481,15100,252.1,149.0
47.113174,-113.047737,15100,250.9,148.5
47.094339,-113.030583,15000,254.2,148.2
47.074677,-113.01265,14900,255.9,148.4
47.060669,-113.00029,14600,262.2,149.5
47.042479,-112.984455,14300,265.5,149.2
47.028671,-112.972687,14100,268.1,149.5
47.016317,-112.962412,14000,267.4,150.2
45.959564,-112.520834,11000,184.9,113.9
45.959349,-112.519501,11000,186.5,101.1
45.958466,-112.511254,11200,188.4,99.2
45.957367,-112.503483,11200,195.6,102.4
45.956177,-112.496985,11100,203.5,104.5
45.953979,-112.486468,11100,211.1,105.9
45.953483,-112.48407,11100,220.2,106.6
45.950876,-112.470406,11200,225.3,104.7
45.947897,-112.454544,11100,234.4,105.3
45.945099,-112.43924,11000,242.5,104.3
45.942869,-112.425362,11100,240.5,102.2
45.940247,-112.406884,11200,239.1,100.6
45.938726,-112.394394,11100,244.6,99.9
45.93584,-112.370773,11000,252.2,99.1
45.93425,-112.354364,11100,247.1,97.4
45.931696,-112.32621,11100,248.2,97.6
45.888077,-111.721001,9200,232.4,93.4
45.887512,-111.705568,9200,231.3,93.0
45.886597,-111.687682,9100,227.6,94.3
45.886459,-111.684466,9100,222.4,93.3
45.885796,-111.668816,9200,212.6,94.3
45.885563,-111.664627,9200,212.7,94.6
45.883329,-111.599533,9000,0.0,0.0
45.882706,-111.574134,9000,197.1,91.7
45.882118,-111.549339,9000,197.1,91.7
45.88179,-111.539768,9000,198.2,92.6
45.881241,-111.525365,9000,197.6,94.3
45.879868,-111.499842,8800,196.7,94.7
45.879044,-111.484033,8600,207.6,94.4
45.878632,-111.476463,8500,212.5,94.1
45.874237,-111.406458,7900,0.0,0.0
45.873739,-111.396698,7900,208.5,94.1
45.772767,-111.145042,5100,138.6,136.2
45.770874,-111.14272,5300,138.7,136.8
45.768265,-111.140174,5500,138.7,136.8
45.767715,-111.139705,5500,137.4,150.8
45.766571,-111.138901,5600,138.2,154.7
45.764714,-111.137901,5700,138.8,160.6
45.763829,-111.137558,5800,138.8,162.0
45.761827,-111.13694,5900,139.3,167.6
45.760071,-111.136556,6000,141.2,172.7
45.758102,-111.136356,6100,141.2,176.8
45.756195,-111.136322,6200,143.0,180.0
45.754472,-111.136459,6300,145.2,183.2
45.750916,-111.13736,6400,147.3,190.2
45.75005,-111.137764,6500,148.3,198.1
45.747849,-111.139035,6600,148.3,198.1
45.745581,-111.140991,6800,145.6,210.1
45.743134,-111.143925,7000,141.5,219.0
45.742218,-111.145265,7100,140.8,227.0
45.740879,-111.147652,7200,142.8,233.0
45.739746,-111.150155,7300,142.9,237.9
45.738691,-111.152596,7500,142.7,238.8
45.73645,-111.156854,7700,141.6,227.9
45.734734,-111.15905,7900,142.2,223.0
45.733617,-111.160149,7900,144.3,215.1
45.732376,-111.161142,8000,144.9,211.2
45.72908,-111.162683,8100,147.7,204.0
45.728668,-111.162816,8200,152.8,192.9
45.726196,-111.163218,8200,152.8,192.9
45.725922,-111.163218,8200,159.2,182.5
45.723953,-111.163084,8300,163.5,175.4
45.722072,-111.162621,8300,167.1,169.0
45.720932,-111.162147,8400,169.1,164.6
45.718597,-111.160807,8500,172.0,158.5
45.717453,-111.159936,8500,174.9,151.7
45.714615,-111.157122,8600,177.9,144.6
45.713013,-111.155046,8700,181.2,137.2
45.711273,-111.152366,8800,184.3,131.0
45.708851,-111.148064,8900,186.0,127.8
45.706291,-111.14312,9100,188.2,126.1
45.703591,-111.137764,9200,192.9,125.5
45.700658,-111.131859,9300,197.9,125.5
45.697446,-111.125473,9500,195.4,126.1
45.695206,-111.121082,9700,190.4,126.0
45.693146,-111.117062,9900,185.4,126.0
45.690903,-111.112574,10100,180.7,125.5
45.688647,-111.108032,10300,179.2,124.3
45.686966,-111.104334,10400,181.5,121.9
45.685109,-111.099518,10500,184.0,118.9
45.684132,-111.096359,10500,188.2,113.2
45.683201,-111.092583,10600,191.3,108.0
45.682502,-111.0886,10700,193.6,102.5
45.68213,-111.084755,10800,197.3,96.7
45.68199,-111.080292,10800,200.0,91.2
45.68213,-111.07576,10900,201.4,86.3
45.682526,-111.070906,11100,200.7,82.6
45.683201,-111.064568,11300,198.3,81.3
45.683807,-111.059049,11500,194.5,80.8
45.684551,-111.052963,11700,190.7,80.3
45.685226,-111.046589,11900,189.4,80.9
45.686832,-111.033257,12200,188.3,79.3
45.688202,-111.02254,12500,190.5,80.6
45.689811,-111.008057,12900,189.2,81.2
45.69072,-110.997352,13000,195.2,83.5
45.691254,-110.990067,13000,204.9,84.7
45.691818,-110.980135,13000,214.7,85.5
45.692596,-110.965665,13100,223.7,85.4
45.693721,-110.943718,13100,233.5,86.3
45.694885,-110.915428,13100,242.6,86.0
45.695677,-110.896339,13100,247.2,87.4
45.696794,-110.863655,13100,253.4,86.6
45.69819,-110.83049,13100,257.6,86.2
45.699773,-110.796844,13200,257.6,86.2
45.70079,-110.781042,13200,261.4,84.1
45.703311,-110.746651,13100,267.8,83.3
45.705639,-110.720352,13100,267.6,82.1
45.708339,-110.69529,13100,266.5,80.7
45.710632,-110.674193,13100,267.7,81.8
45.711823,-110.65912,13100,267.5,84.0
45.713413,-110.630264,13100,264.8,85.4
45.71402,-110.617118,13100,266.5,86.6
45.715508,-110.565788,13100,266.5,86.6
45.716579,-110.545464,13100,266.0,85.0
45.718414,-110.513283,13100,266.7,85.9
45.719376,-110.493454,13100,263.5,86.3
45.746,-110.118576,13000,273.8,78.2
45.74826,-110.101095,13000,271.1,80.0
45.749584,-110.088295,13100,267.2,82.7
45.750748,-110.072571,13100,266.1,84.8
45.751586,-110.055267,13000,269.4,86.8
45.75206,-110.038728,13000,268.1,88.7
45.752098,-110.004662,13100,264.0,89.3
45.752563,-109.977097,13100,267.2,88.1
45.753401,-109.953987,13100,267.5,86.6
45.754028,-109.934022,13100,266.2,88.1
45.754565,-109.899536,13100,266.0,88.9
45.755127,-109.864085,13100,266.1,88.5
45.755859,-109.829183,13100,267.1,88.5
45.756683,-109.802187,13100,264.3,87.4
45.758102,-109.767687,13100,265.5,86.5
45.759639,-109.732475,13100,266.5,86.6
45.760849,-109.697414,13100,267.4,87.0
45.76236,-109.662446,13100,266.5,86.3
45.764015,-109.628174,13100,267.6,86.1
45.765691,-109.593086,13100,269.7,86.0
45.76712,-109.558612,12900,269.7,86.0
45.768677,-109.533155,12600,274.1,85.0
45.769821,-109.509977,12400,275.5,86.5
45.770782,-109.486933,12100,278.5,86.7
45.771045,-109.480064,11900,279.3,87.5
45.771138,-109.467155,11800,280.0,90.2
45.771045,-109.460083,11600,280.1,91.6
45.770672,-109.443535,11400,278.1,91.8
45.770253,-109.422318,11200,274.0,91.1
45.770279,-109.401721,11100,270.0,89.4
45.770416,-109.389596,10900,269.0,89.2
45.770599,-109.371509,10700,269.0,89.4
45.77092,-109.357642,10500,268.4,87.0
45.77179,-109.338409,10300,265.6,86.1
45.772842,-109.316778,10100,260.6,86.0
45.773804,-109.300969,9900,260.1,84.7
45.774955,-109.283958,9700,260.4,84.1
45.776321,-109.265464,9500,257.4,84.0
45.777557,-109.248248,9300,255.2,84.4
45.778473,-109.234515,9100,255.0,84.8
45.779343,-109.220715,8900,254.1,84.6
45.780624,-109.203432,8700,252.4,83.9
45.781586,-109.19057,8500,250.3,84.3
45.782497,-109.17691,8300,251.0,85.0
45.783381,-109.16201,8100,250.9,85.2
45.78392,-109.152921,8100,246.9,85.1
45.784266,-109.146698,8200,242.7,85.8
45.784685,-109.137222,8200,238.4,86.9
45.785616,-109.117378,8100,233.7,85.6
45.786407,-109.102135,8100,229.6,85.8
45.787105,-109.089294,8100,225.1,84.4
45.787943,-109.08078,8000,224.7,81.0
45.789107,-109.072266,8000,225.0,77.9
45.790237,-109.066103,7900,226.0,73.8
45.791702,-109.059873,7800,227.4,70.2
45.793483,-109.053589,7800,227.4,66.1
45.795671,-109.04734,7700,228.1,62.3
45.799023,-109.039032,7600,228.3,59.2
45.805481,-109.023832,7400,229.3,58.7
45.81243,-109.007721,7300,224.5,58.3
45.819168,-108.992079,7100,225.0,58.1
45.824936,-108.978815,7200,220.7,58.9
45.831656,-108.96254,7100,216.1,59.4
45.835098,-108.954431,7000,214.6,58.5
45.83808,-108.947433,6900,216.8,58.6
45.841525,-108.939262,6800,220.2,59.1
45.846268,-108.927836,6700,220.6,59.5
45.851624,-108.914505,6600,218.1,60.6
45.854792,-108.906647,6500,218.7,59.8
45.858516,-108.897583,6400,219.9,58.8
45.862701,-108.887776,6300,219.3,59.0
45.865952,-108.880005,6200,221.1,59.3
45.87149,-108.866741,6100,218.8,59.2
45.877696,-108.851509,6100,214.2,59.7
45.879913,-108.846041,6100,210.0,60.6
45.88263,-108.838669,6100,206.2,63.2
45.88472,-108.832107,6100,203.8,66.6
45.886459,-108.825676,6100,200.9,70.2
45.887612,-108.820473,6100,200.1,74.6
45.887695,-108.819848,6000,199.6,75.2
45.88829,-108.815427,6000,199.7,80.5
45.888589,-108.811615,6000,198.7,85.1
45.888611,-108.810938,5900,198.3,87.1
45.888543,-108.806122,5900,197.2,92.3
45.888245,-108.802364,5900,196.0,98.2
45.887658,-108.798706,5900,194.8,104.0
45.886871,-108.795196,5900,192.7,110.0
45.885749,-108.791565,5900,191.4,116.0
45.885563,-108.791153,5800,191.4,116.7
45.883748,-108.786552,5800,189.9,121.4
45.880783,-108.779989,5800,185.6,123.3
45.879511,-108.777283,5900,183.6,124.1
45.87822,-108.774563,5800,182.8,124.3
45.872948,-108.763344,5800,178.3,123.3
45.870987,-108.758954,5800,173.4,122.0
45.869339,-108.755136,5900,169.1,121.0
45.867142,-108.749509,5800,165.1,117.8
45.86522,-108.743774,5800,160.6,114.7
45.863937,-108.739728,5800,155.8,114.3
45.863297,-108.737652,5700,153.1,113.9
45.862015,-108.733431,5700,149.3,112.4
45.860916,-108.729278,5600,145.6,110.9
45.859543,-108.72412,5500,142.4,111.0
45.858284,-108.71933,5500,138.0,110.8
45.856375,-108.712189,5400,136.7,110.6
45.852092,-108.695778,5400,133.9,111.0
45.849747,-108.687275,5300,134.3,111.4
45.847716,-108.679916,5200,136.7,112.8
45.845621,-108.672501,5200,136.7,110.6
45.842926,-108.662288,5200,133.7,112.0
45.842363,-108.66021,5100,133.9,113.3
45.839813,-108.651838,5000,134.1,112.4
45.837102,-108.642357,4900,132.4,111.7
45.835007,-108.635216,4800,137.1,113.2
45.833633,-108.6302,4800,140.8,110.4
45.833313,-108.628927,4700,140.5,110.0
45.831619,-108.62263,4700,141.7,112.4
45.829742,-108.616266,4600,142.2,111.9
45.828094,-108.610036,4500,142.7,110.1
45.826126,-108.602868,4400,142.2,111.9
45.824533,-108.597038,4300,139.6,111.4
45.823059,-108.591681,4200,137.8,111.7
45.821414,-108.585915,4100,135.9,112.0
45.819878,-108.580215,4000,134.3,111.4
45.81839,-108.575134,3900,132.8,112.1
45.816526,-108.568336,3800,132.0,111.3
45.813733,-108.55838,3700,127.0,111.7
45.812805,-108.555104,3700,122.6,111.5
45.812485,-108.553899,3600,118.1,111.3
45.81221,-108.552961,3600,114.4,112.1
45.812027,-108.552291,3600,112.5,112.5
45.811638,-108.550896,3600,108.1,112.3
45.811432,-108.550214,3600,102.9,111.1
45.811111,-108.549008,3600,98.4,110.8
45.810893,-108.54808,3600,94.0,110.6
45.810568,-108.54705,3500,88.0,111.3
45.810509,-108.546741,-50.0,79.0,111.4
45.810381,-108.546278,-50.0,75.0,111.4
45.81023,-108.545746,-50.0,71.0,108.6
45.809927,-108.544699,-50.0,62.5,111.4
45.809269,-108.542376,-50.0,46.5,111.4
45.80825,-108.538742,-50.0,34.5,111.4
45.807873,-108.537369,-50.0,18.5,114.2
45.807833,-108.537266,-50.0,14.8,117.0
45.807678,-108.537134,-50.0,8.2,125.5
45.807335,-108.537302,-50.0,8.2,125.5
45.807158,-108.537386,-50.0,7.8,125.5
45.806995,-108.537489,-50.0,7.2,125.5
45.806867,-108.537558,-50.0,6.2,201.4
45.806541,-108.537746,-50.0,9.2,201.4
45.806271,-108.537905,-50.0,10.8,204.2
45.80625,-108.537918,-50.0,10.8,207.0
45.805563,-108.53924,-50.0,17.5,240.8
45.805377,-108.539738,-50.0,16.5,243.6
45.805435,-108.540459,-50.0,13.8,302.7
45.805904,-108.541673,-50.0,14.2,313.9
45.805916,-108.542175,-50.0,12.8,271.7
45.805912,-108.542519,-50.0,8.8,268.9
45.805904,-108.542644,-50.0,6.2,263.3
45.805893,-108.542694,-50.0,4.8,252.0
45.80587,-108.542711,-50.0,4.2,243.6
45.805584,-108.543029,-50.0,5.8,218.2
45.804888,-108.54372,-50.0,3.2,260.4
45.804888,-108.543755,-50.0,1.1,266.0
45.804886,-108.54375,-50.0,0.1,266.0
45.805893,-108.542142,-50.0,0.0,88.9
45.805912,-108.541523,-50.0,0.0,88.9
45.805904,-108.541338,-50.0,0.0,91.7
45.805889,-108.54118,-50.0,0.0,97.3
45.805859,-108.541053,-50.0,0.0,105.8
45.805756,-108.540852,-50.0,0.0,128.3
45.80571,-108.540802,-50.0,0.0,128.3
45.805424,-108.5396,-50.0,15.5,60.8
45.805586,-108.539188,-50.0,17.5,60.8
45.805819,-108.538656,-50.0,18.5,58.0
45.805962,-108.538273,-50.0,16.5,60.8
45.80604,-108.537798,-50.0,14.8,88.9
45.805801,-108.536816,-50.0,16.5,94.5
45.805633,-108.536236,-50.0,18.5,94.5
45.805481,-108.535661,-50.0,18.5,94.5
45.805214,-108.53476,-50.0,19.5,111.4
45.804993,-108.533918,-50.0,20.5,108.6
45.804783,-108.532442,-50.0,21.5,88.9
45.804771,-108.531825,-50.0,23.5,88.9
45.804772,-108.53124,-50.0,22.5,86.1
45.804772,-108.530931,-50.0,21.5,88.9
45.804588,-108.529849,-50.0,21.5,119.8
45.804371,-108.529062,-50.0,21.5,108.6
45.804248,-108.528597,-50.0,22.5,108.6
45.804074,-108.528013,-50.0,22.5,108.6
45.803982,-108.527655,-50.0,22.5,108.6
45.803817,-108.527086,-50.0,23.5,108.6
45.803272,-108.525093,-50.0,19.5,108.6
45.803142,-108.524649,-50.0,19.5,108.6
45.802968,-108.523945,-50.0,17.5,103.0
45.802956,-108.523808,-50.0,15.5,94.5
45.802963,-108.523703,-50.0,15.5,86.1
45.802986,-108.523569,-50.0,14.8,77.7
45.803014,-108.523481,-50.0,14.2,63.6
45.803055,-108.523401,-50.0,14.2,52.3
45.803501,-108.523033,-50.0,17.5,21.4
45.803771,-108.522881,-50.0,18.5,18.6
45.804143,-108.522675,-50.0,19.5,21.4
45.804382,-108.522547,-50.0,19.5,15.8
45.804632,-108.522486,-50.0,18.5,7.3
45.804714,-108.52248,-50.0,17.5,358.9
45.804911,-108.522537,-50.0,17.5,342.0
45.805028,-108.522623,-50.0,17.5,333.6
45.805424,-108.522949,-50.0,16.5,328.0
45.80579,-108.523251,-50.0,15.5,328.0
45.80611,-108.523519,-50.0,13.8,330.8
45.806622,-108.523773,-50.0,9.8,344.8
45.806785,-108.523808,-50.0,9.2,356.1
45.806911,-108.52377,-50.0,9.2,10.1
45.806983,-108.523739,-50.0,9.2,18.6
45.807321,-108.523602,-50.0,6.2,7.3
