lat,lon,alt,gs,track,vs
33.61615,-111.918341,1550,42.5,43.1,0
33.616608,-111.917781,1550,50.2,44.2,0
33.617111,-111.91722,1550,55.2,43.5,0
33.617326,-111.916981,1550,58.7,44.3,0
33.617652,-111.916523,1550,62.2,45.0,-64
33.618118,-111.915987,1550,67.2,44.4,0
33.619049,-111.914921,1575,71.5,43.3,320
33.620407,-111.913465,1600,75.7,43.4,320
33.622696,-111.910886,1675,79.2,43.0,512
33.624985,-111.908308,1750,81.4,42.5,576
33.627411,-111.905617,1850,82.1,43.0,576
33.629756,-111.902962,1950,80.6,45.0,704
33.631943,-111.900124,2025,79.9,46.5,640
33.633713,-111.897926,2125,79.2,46.0,576
33.635971,-111.895247,2200,79.9,45.5,576
33.638214,-111.892557,2275,79.9,44.5,576
33.639725,-111.890763,2350,79.3,41.9,448
33.640463,-111.890144,2400,79.1,34.7,896
33.641114,-111.889687,2400,78.7,27.2,640
33.64183,-111.889362,2425,79.1,18.4,448
33.642563,-111.889194,2425,79.2,10.2,512
33.643256,-111.889172,2450,79.1,2.9,512
33.644257,-111.889194,2475,79.2,356.4,384
33.645493,-111.889418,2525,79.9,351.4,768
33.648148,-111.889979,2575,81.6,348.7,384
33.652908,-111.891156,2625,85.9,347.9,320
33.656197,-111.892033,2725,85.9,347.9,512
33.659502,-111.892891,2825,84.2,347.0,704
33.66304,-111.893864,2900,85.1,347.1,576
33.666253,-111.894836,2975,83.7,345.5,704
33.668859,-111.895695,3050,83.8,342.6,448
33.671402,-111.896817,3100,84.2,339.8,448
33.674306,-111.897984,3150,85.1,342.2,384
33.67749,-111.899115,3225,86.1,344.5,448
33.680823,-111.900215,3300,86.1,344.5,576
33.684219,-111.901245,3375,87.3,346.8,448
33.687469,-111.902198,3475,87.6,346.1,640
33.690832,-111.903191,3550,87.6,346.1,576
33.694199,-111.904216,3625,89.0,345.0,448
33.697586,-111.905169,3700,89.3,347.0,640
33.700748,-111.906052,3800,89.1,347.7,512
33.704224,-111.907075,3875,88.8,345.6,640
33.706604,-111.907859,3925,88.9,343.0,512
33.709305,-111.90898,3975,91.4,340.2,448
33.712619,-111.910458,4050,91.6,338.2,576
33.715877,-111.91206,4125,89.7,337.7,640
33.719182,-111.913662,4200,91.0,337.4,384
33.722488,-111.915379,4275,92.6,335.1,512
33.725932,-111.917267,4350,92.3,337.0,448
33.728439,-111.918397,4400,90.5,340.0,704
33.730215,-111.919098,4450,90.8,343.4,512
33.731519,-111.919498,4475,90.0,347.8,384
33.732683,-111.91967,4500,90.5,354.3,512
33.733704,-111.919686,4525,90.0,1.3,512
33.734802,-111.919574,4550,89.7,7.1,448
33.735988,-111.91927,4550,91.7,13.9,384
33.737091,-111.91879,4575,93.1,20.8,256
33.737732,-111.918453,4575,93.9,25.2,256
33.738693,-111.917781,4600,94.7,31.2,256
33.739609,-111.91694,4600,94.8,37.7,128
33.740387,-111.916099,4600,94.8,43.3,192
33.741211,-111.915034,4625,93.6,49.3,192
33.74204,-111.913719,4625,93.5,55.5,0
33.742784,-111.912231,4600,93.5,61.2,-128
33.743436,-111.910515,4600,94.4,65.6,-192
33.744134,-111.908398,4600,91.4,70.2,192
33.744644,-111.906458,4600,90.5,74.0,0
33.745193,-111.903824,4600,90.2,77.2,-64
33.745651,-111.900909,4600,90.3,80.4,-128
33.746017,-111.897658,4600,87.6,83.4,0
33.746475,-111.892837,4600,87.3,85.4,-64
33.746741,-111.888142,4600,86.1,86.7,0
33.746928,-111.882305,4600,91.1,87.5,-64
33.747253,-111.87647,4600,92.2,86.3,128
33.747579,-111.869431,4625,92.1,87.5,64
33.74762,-111.866212,4625,92.0,90.6,0
33.747533,-111.862907,4650,91.1,93.1,64
33.747253,-111.858533,4650,92.3,95.0,0
33.746462,-111.849976,4675,93.5,96.1,0
33.745468,-111.839587,4650,96.6,96.5,0
33.745252,-111.836014,4675,95.2,93.6,128
33.744919,-111.830058,4675,96.3,94.8,0
33.744693,-111.827888,4675,96.2,99.0,64
33.744415,-111.826359,4675,95.1,104.6,128
33.744041,-111.825142,4675,94.2,112.5,0
33.743622,-111.824226,4700,93.5,117.4,128
33.743179,-111.823388,4700,92.1,124.4,256
33.742493,-111.822491,4700,91.4,131.9,192
33.7419,-111.821823,4700,92.1,138.5,64
33.741165,-111.821202,4700,92.4,144.2,0
33.74041,-111.820621,4700,94.0,150.7,-128
33.739433,-111.820107,4700,95.5,157.2,-256
33.738373,-111.819688,4700,95.6,164.2,-192
33.737183,-111.819408,4675,96.3,170.4,-64
33.735992,-111.819296,4675,96.2,176.4,-128
33.732683,-111.819134,4700,94.4,174.5,320
33.731598,-111.818904,4725,93.0,168.2,384
33.730728,-111.818567,4725,93.9,161.4,128
33.729767,-111.818063,4725,93.9,154.8,-64
33.728851,-111.81739,4700,95.7,147.8,-128
33.72812,-111.81673,4700,96.0,141.3,-192
33.727341,-111.815821,4700,96.9,133.8,-128
33.726677,-111.814785,4700,98.2,128.4,-64
33.726151,-111.813803,4700,98.3,121.3,0
33.725653,-111.812553,4700,98.9,114.5,0
33.725281,-111.811168,4700,99.6,107.5,-64
33.72496,-111.809543,4700,98.8,101.1,0
33.724319,-111.805451,4725,95.6,103.3,256
33.723791,-111.803169,4750,94.0,106.7,256
33.723139,-111.800995,4725,96.2,110.7,-192
33.721836,-111.797104,4750,95.5,112.8,64
33.720439,-111.793442,4750,94.8,114.9,128
33.718996,-111.790009,4725,94.4,117.1,-256
33.717682,-111.787178,4700,94.5,119.8,-256
33.716034,-111.783983,4675,94.9,122.5,-320
33.713242,-111.77877,4600,93.2,123.2,-256
33.711315,-111.775475,4575,91.0,125.6,-192
33.708435,-111.77081,4550,87.8,127.1,-192
33.704612,-111.764832,4550,83.0,126.2,64
33.70247,-111.761398,4550,78.0,126.1,0
33.700974,-111.759095,4550,74.0,128.4,0
33.69928,-111.756629,4550,70.9,130.4,0
33.698048,-111.75499,4525,71.5,133.3,-192
33.696325,-111.752872,4525,67.2,134.4,192
33.695251,-111.751584,4550,62.2,133.7,320
33.694556,-111.750698,4550,57.3,134.3,128
33.693625,-111.749496,4550,53.2,131.2,-128
33.693008,-111.748558,4550,53.6,126.7,-64
33.691111,-111.745377,4550,56.4,127.1,128
33.689758,-111.743401,4550,56.9,129.3,0
33.686783,-111.738973,4550,59.8,128.2,64
33.685711,-111.737423,4575,58.1,130.8,128
33.685043,-111.736618,4575,58.0,136.4,0
33.684357,-111.735946,4575,59.2,142.6,0
33.683807,-111.735497,4575,58.8,148.2,64
33.683198,-111.735191,4575,58.2,155.6,128
33.682592,-111.734905,4575,57.9,161.9,192
33.679147,-111.733704,4575,59.1,161.3,0
33.675842,-111.732302,4625,61.0,161.9,320
33.674446,-111.731815,4650,61.1,164.8,192
33.670944,-111.730677,4700,62.6,163.3,192
33.667044,-111.729183,4750,67.1,162.6,192
33.664158,-111.728096,4775,67.7,161.0,192
33.663025,-111.727538,4800,67.6,156.5,384
33.661877,-111.726952,4800,68.5,156.8,0
33.659782,-111.725979,4775,70.6,159.2,0
33.654289,-111.723633,4800,66.1,159.6,128
33.65252,-111.722775,4800,64.1,157.0,-128
33.651542,-111.722202,4800,63.5,151.8,-128
33.65094,-111.721708,4800,63.5,146.6,-64
33.650345,-111.721148,4800,62.5,140.2,-64
33.649796,-111.720531,4800,62.3,132.4,-64
33.649475,-111.719971,4800,62.4,125.2,-64
33.649214,-111.719398,4775,62.2,117.8,-64
33.649063,-111.718906,4775,62.0,110.8,-128
33.648926,-111.718233,4775,63.4,101.8,-192
33.64888,-111.717504,4775,64.3,95.4,-256
33.648935,-111.716824,4750,66.1,86.5,-320
33.649028,-111.716137,4750,67.3,78.9,-384
33.6492,-111.715486,4725,68.4,69.4,-256
33.649475,-111.714702,4725,68.4,63.1,-192
33.649866,-111.714077,4725,68.8,54.5,-128
33.650285,-111.713505,4725,69.3,46.2,-192
33.650757,-111.71302,4725,69.0,38.5,-128
33.651263,-111.712646,4700,69.5,30.3,-64
33.651821,-111.71236,4700,68.9,24.0,-64
33.652473,-111.712132,4700,68.7,16.1,-64
33.653091,-111.712011,4700,69.2,10.8,-192
33.653777,-111.71196,4700,70.0,1.6,-192
33.654419,-111.712011,4700,70.3,355.1,-192
33.655197,-111.712179,4675,69.6,347.6,-128
33.655964,-111.712475,4675,69.9,340.8,-192
33.658339,-111.713562,4650,68.0,342.9,-192
33.659683,-111.713973,4650,68.9,346.6,-128
33.66069,-111.714197,4625,69.7,351.8,-320
33.661652,-111.714253,4625,69.1,356.7,-64
33.663116,-111.714309,4625,69.0,0.8,64
33.665182,-111.714191,4625,73.1,3.1,64
33.666779,-111.714085,4625,78.1,2.2,-64
33.667975,-111.714077,4625,82.0,1.4,128
33.668335,-111.714085,4600,86.0,1.3,-384
33.669571,-111.714029,4600,90.0,1.3,-448
33.670815,-111.71402,4600,94.0,0.6,0
33.67186,-111.713973,4575,98.0,1.2,-320
33.674492,-111.713905,4600,100.0,1.7,128
33.680786,-111.713637,4625,102.1,2.8,0
33.684494,-111.7133,4625,99.4,5.2,128
33.688598,-111.712761,4625,99.7,6.9,-128
33.697675,-111.711388,4625,96.7,7.1,0
33.699554,-111.711226,4625,94.1,3.0,192
33.700653,-111.711283,4625,91.1,358.1,256
33.70166,-111.711395,4650,89.8,352.3,384
33.702621,-111.711675,4675,89.0,345.0,320
33.7034,-111.712067,4675,88.4,338.1,192
33.704053,-111.712475,4675,88.2,330.8,128
33.704751,-111.713047,4675,89.0,321.8,0
33.705185,-111.713581,4675,89.8,315.5,-64
33.705597,-111.714197,4675,90.6,307.4,-192
33.705917,-111.714926,4650,90.1,300.0,-128
33.706241,-111.715794,4650,90.3,291.5,-64
33.706467,-111.716832,4650,90.5,283.4,-64
33.706558,-111.717841,4650,91.6,276.3,-128
33.706558,-111.71885,4650,92.1,267.5,-128
33.706421,-111.719859,4650,91.2,260.5,-128
33.706192,-111.720811,4650,91.2,254.7,-128
33.705917,-111.72154,4625,91.4,252.2,-128
33.705597,-111.722157,4650,90.7,238.1,0
33.705093,-111.722941,4625,90.9,230.4,0
33.704407,-111.723726,4625,91.4,221.9,-192
33.703681,-111.724319,4625,92.1,214.4,-256
33.702843,-111.724834,4600,92.6,206.3,-320
33.702072,-111.725184,4625,92.0,199.0,0
33.701019,-111.725464,4625,90.8,191.4,64
33.699921,-111.725632,4625,90.5,185.7,128
33.698685,-111.725688,4625,89.0,180.0,64
33.697311,-111.725576,4650,87.3,175.4,256
33.695906,-111.725349,4650,87.3,170.1,192
33.694336,-111.724903,4650,88.8,165.6,0
33.690925,-111.723747,4625,90.8,163.4,0
33.688614,-111.722829,4650,89.2,160.4,128
33.68692,-111.721989,4650,88.6,156.0,192
33.684734,-111.720772,4700,83.6,153.7,384
33.683578,-111.719971,4725,81.6,149.0,320
33.682127,-111.718826,4700,84.3,146.1,-128
33.680079,-111.717052,4700,86.4,143.0,-128
33.677536,-111.714646,4700,86.7,140.6,0
33.675097,-111.712132,4700,87.9,138.7,-128
33.672072,-111.708813,4675,89.1,136.8,-128
33.669296,-111.705733,4700,87.1,138.3,0
33.668198,-111.704724,4675,87.2,143.4,-128
33.667277,-111.704063,4700,86.0,150.8,128
33.666392,-111.703606,4700,85.2,157.9,64
33.665461,-111.703262,4700,86.1,164.5,-128
33.66453,-111.703091,4675,86.8,172.1,-192
33.663666,-111.703043,4675,87.0,179.3,-64
33.663025,-111.703099,4675,87.3,184.6,-64
33.662249,-111.703262,4675,87.9,191.8,-192
33.661469,-111.703603,4675,87.9,199.3,-128
33.660736,-111.704052,4675,88.6,206.9,-128
33.659958,-111.704612,4675,89.1,214.9,-64
33.659316,-111.705322,4675,88.5,222.7,0
33.658722,-111.706126,4675,90.4,231.7,-128
33.658199,-111.707096,4650,91.6,238.4,-256
33.657806,-111.708031,4650,93.0,244.5,-320
33.657547,-111.709099,4625,95.2,252.9,-320
33.657349,-111.710442,4600,96.3,257.4,-384
33.657303,-111.711283,4600,98.2,266.5,-256
33.657349,-111.71274,4600,98.3,274.1,-128
33.657501,-111.713905,4600,97.1,281.9,128
33.657806,-111.714982,4625,95.8,288.2,192
33.658152,-111.715908,4625,95.8,294.7,128
33.658665,-111.716995,4625,94.7,301.2,64
33.659409,-111.718197,4625,94.8,307.7,64
33.660154,-111.719227,4625,96.2,314.2,0
33.661285,-111.720363,4600,96.5,320.0,-128
33.66243,-111.721428,4600,97.7,325.0,-128
33.663832,-111.722431,4600,98.1,330.0,-256
33.666532,-111.724148,4600,97.1,332.4,192
33.670116,-111.726265,4600,95.3,334.5,-64
33.677856,-111.730621,4600,93.5,334.0,0
33.682755,-111.733367,4575,96.7,335.6,0
33.690903,-111.737739,4550,94.9,336.4,64
33.694839,-111.739645,4575,92.5,338.4,0
33.698839,-111.741657,4575,96.8,336.9,0
33.703217,-111.743961,4575,97.9,338.4,128
33.704315,-111.744354,4600,95.3,344.8,320
33.705185,-111.744522,4600,94.4,350.2,384
33.706055,-111.744578,4625,93.1,356.9,256
33.706986,-111.744518,4625,93.3,4.9,256
33.707963,-111.744289,4625,93.4,13.0,64
33.708984,-111.743905,4625,93.1,20.8,64
33.709946,-111.743345,4625,93.5,28.8,64
33.710587,-111.742672,4625,91.8,38.4,-64
33.710907,-111.742336,4625,91.2,44.6,64
33.711319,-111.741719,4625,89.4,53.6,128
33.711548,-111.741103,4650,88.6,63.2,256
33.711777,-111.740374,4650,87.3,72.0,256
33.711874,-111.739655,4650,87.0,81.4,128
33.711874,-111.738968,4650,88.0,90.7,0
33.711777,-111.738244,4650,88.5,100.4,-192
33.711594,-111.737537,4625,89.8,108.8,-320
33.711269,-111.736851,4625,90.4,117.7,-448
33.710896,-111.736279,4600,91.1,128.8,-448
33.710477,-111.735764,4600,92.0,137.6,-320
33.709763,-111.735273,4600,92.1,147.9,-192
33.709034,-111.734848,4600,91.8,156.2,0
33.707748,-111.73432,4625,90.4,162.0,320
33.705917,-111.733704,4650,88.8,165.6,64
33.70285,-111.732863,4650,89.1,167.7,64
33.700236,-111.732273,4650,91.4,169.9,0
33.699234,-111.732134,4650,91.4,174.4,0
33.698467,-111.732159,4650,91.1,181.9,128
33.697861,-111.732273,4675,91.1,188.8,256
33.697266,-111.73247,4675,90.8,200.6,256
33.696698,-111.732788,4675,90.4,207.7,256
33.69635,-111.733143,4675,91.3,214.7,192
33.695892,-111.733648,4675,92.7,227.2,64
33.695526,-111.734376,4675,94.7,238.8,-192
33.695394,-111.734905,4675,97.1,253.2,-320
33.695301,-111.735821,4650,98.9,262.4,-512
33.695343,-111.736394,4625,101.3,274.5,-704
33.695534,-111.737137,4600,104.7,289.0,-832
33.695813,-111.737652,4600,107.0,299.7,-896
33.696139,-111.73811,4575,107.2,310.1,-896
33.696558,-111.738453,4575,108.7,320.6,-704
33.696977,-111.738739,4575,108.8,330.8,-576
33.697403,-111.738917,4550,109.2,339.1,-512
33.697998,-111.738973,4550,108.9,352.6,-448
33.69841,-111.738917,4550,108.0,358.9,-384
33.698868,-111.738804,4550,107.4,14.6,-256
33.699351,-111.73851,4550,105.7,29.5,-64
33.699783,-111.738076,4550,104.8,41.9,-64
33.700143,-111.737652,4550,103.4,48.1,-64
33.700375,-111.737137,4550,101.9,58.7,128
33.700562,-111.736562,4550,99.2,75.4,256
33.700607,-111.735834,4575,97.6,83.5,384
33.700562,-111.735134,4575,96.7,97.1,384
33.700375,-111.734505,4575,95.5,107.7,256
33.700143,-111.734047,4575,94.0,119.3,128
33.699677,-111.733475,4575,93.5,131.5,64
33.699212,-111.733017,4575,92.0,142.5,64
33.698639,-111.732639,4600,90.6,149.5,256
33.697769,-111.732134,4625,88.6,156.0,640
33.696442,-111.731574,4650,88.5,161.6,384
33.695301,-111.731186,4650,89.6,163.8,128
33.693113,-111.730499,4650,93.9,165.8,-64
33.68811,-111.729107,4650,97.3,167.5,64
33.679706,-111.727009,4600,95.9,168.6,-64
33.676308,-111.726208,4600,92.4,166.9,-64
33.67547,-111.725864,4625,92.4,160.4,128
33.674927,-111.72552,4625,93.0,153.2,192
33.674446,-111.725121,4625,92.7,145.1,128
33.673965,-111.724623,4625,94.3,138.9,64
33.673645,-111.724006,4625,96.0,125.7,-64
33.673416,-111.723502,4600,98.0,117.3,-384
33.673325,-111.722941,4600,99.9,108.1,-448
33.673233,-111.722437,4575,101.3,99.1,-576
33.673325,-111.721708,4575,102.2,86.6,-576
33.673468,-111.721115,4575,104.3,75.6,-256
33.673701,-111.7206,4575,104.7,65.2,-256
33.674027,-111.720142,4550,106.8,54.5,-384
33.674515,-111.71969,4550,107.9,39.7,-320
33.674973,-111.71941,4550,108.8,29.2,-256
33.67543,-111.719242,4550,109.1,17.6,-256
33.676122,-111.719112,4550,109.6,5.8,-128
33.676634,-111.71917,4550,109.3,355.8,-64
33.677099,-111.719341,4550,109.1,346.2,0
33.677628,-111.719634,4550,109.3,336.2,64
33.677994,-111.719971,4550,109.0,326.6,64
33.67836,-111.720419,4550,108.9,316.5,64
33.678635,-111.720924,4550,108.9,300.3,0
33.678822,-111.721401,4550,108.2,296.3,-64
33.678961,-111.722088,4550,108.0,285.6,-64
33.679008,-111.722717,4550,107.2,273.7,-128
33.678868,-111.723518,4550,107.7,259.8,-192
33.678682,-111.724091,4525,107.2,252.1,-320
33.678406,-111.724623,4525,107.0,240.3,-256
33.678123,-111.725006,4525,106.5,230.3,-320
33.677704,-111.725407,4525,105.8,220.0,-448
33.677353,-111.725632,4500,106.0,211.9,-384
33.676727,-111.725864,4500,105.7,200.5,-320
33.6763,-111.725912,4500,104.9,187.7,-384
33.675797,-111.725856,4500,105.1,171.8,-128
33.674973,-111.725576,4525,104.0,162.1,256
33.674286,-111.725128,4525,103.3,152.9,256
33.673508,-111.724623,4550,98.6,149.5,384
33.673142,-111.724377,4575,96.9,148.9,960
33.671814,-111.723446,4625,92.6,152.3,896
33.670861,-111.722946,4625,90.1,157.1,448
33.669604,-111.722431,4650,89.5,161.8,256
33.667463,-111.721687,4625,91.0,165.4,-128
33.66453,-111.720886,4600,92.0,168.1,-192
33.660461,-111.719915,4600,89.5,166.4,-64
33.659502,-111.719456,4625,87.1,158.4,128
33.658905,-111.71913,4625,86.8,151.1,256
33.658356,-111.718681,4625,86.0,144.5,256
33.657852,-111.718065,4625,85.6,135.5,64
33.657547,-111.717567,4625,86.2,127.9,0
33.657221,-111.716938,4625,86.8,117.4,-64
33.656942,-111.716137,4625,87.5,112.2,0
33.656802,-111.715336,4625,88.8,101.7,0
33.656709,-111.714535,4625,89.3,94.5,-128
33.656754,-111.713693,4625,90.1,86.8,-128
33.656942,-111.712646,4600,92.2,77.5,-192
33.65712,-111.711955,4600,93.0,71.2,-192
33.657501,-111.711044,4600,93.5,62.6,0
33.657898,-111.71033,4600,93.5,55.5,-64
33.658432,-111.709557,4600,94.1,47.2,0
33.659042,-111.708984,4625,95.1,39.9,128
33.659637,-111.708536,4600,97.2,30.3,-128
33.660507,-111.708031,4600,97.7,22.9,-192
33.661365,-111.707726,4600,99.2,14.6,-192
33.662482,-111.707554,4575,100.7,6.8,-192
33.664158,-111.707439,4575,100.0,1.7,0
33.66844,-111.707439,4575,95.0,0.0,-192
33.670944,-111.707527,4600,90.1,358.1,64
33.676163,-111.707695,4550,87.1,357.4,-256
33.679985,-111.707897,4500,82.2,356.5,-64
33.681107,-111.708031,4525,77.2,355.5,128
33.682022,-111.708088,4525,72.3,354.5,256
33.684128,-111.708368,4525,68.5,353.3,-192
33.686783,-111.70876,4450,69.7,351.8,-384
33.688614,-111.709209,4425,69.4,348.4,-320
33.690786,-111.709671,4375,70.9,351.1,-512
33.692642,-111.709937,4350,71.5,353.6,-448
33.69548,-111.710274,4275,73.2,355.3,-384
33.698502,-111.710554,4200,76.2,355.5,-576
33.701446,-111.710758,4150,72.1,356.8,-384
33.702209,-111.710834,4150,67.1,356.6,-128
33.702843,-111.710873,4150,64.1,357.3,-64
33.703681,-111.710873,4125,60.0,358.1,-128
33.705822,-111.710987,4050,55.1,355.8,-576
33.706696,-111.711114,4025,58.9,350.2,-640
33.706939,-111.711159,4000,64.0,350.1,-1152
33.707265,-111.711273,3950,70.4,348.5,-1536
33.70784,-111.711395,3925,74.7,347.6,-1408
33.708115,-111.711451,3925,75.5,348.5,-1024
33.708289,-111.711502,3925,75.5,348.5,-768
33.708481,-111.711563,3925,74.5,348.4,-512
33.708755,-111.711617,3950,73.4,349.0,0
33.709081,-111.711674,3975,72.4,348.9,256
33.709406,-111.711788,3975,71.4,348.7,768
33.71077,-111.712123,4000,75.2,346.1,384
33.711548,-111.712404,4000,79.4,343.2,-64
33.712805,-111.712933,4000,82.6,338.7,-64
33.71327,-111.713219,4025,81.0,336.0,320
33.714062,-111.713734,4050,79.4,328.9,640
33.714752,-111.714365,4075,76.8,321.3,832
33.715256,-111.714982,4100,75.7,314.5,768
33.715714,-111.715655,4125,75.0,306.9,704
33.716063,-111.716366,4150,76.9,297.9,448
33.716354,-111.717112,4150,76.9,290.6,320
33.716492,-111.717953,4175,77.7,281.9,320
33.716575,-111.718769,4175,78.2,273.7,192
33.716529,-111.719627,4175,78.2,265.6,256
33.716446,-111.720307,4200,77.7,258.1,384
33.716203,-111.721058,4225,77.2,251.1,448
33.715897,-111.721764,4225,75.6,242.4,512
33.715551,-111.722317,4250,74.4,233.8,576
33.71521,-111.722773,4250,74.3,225.6,512
33.714713,-111.723289,4275,73.2,218.9,512
33.714249,-111.723558,4300,73.4,209.4,448
33.713699,-111.723838,4300,73.1,199.2,448
33.712991,-111.724033,4325,73.4,191.0,448
33.712106,-111.724091,4325,74.2,184.6,384
33.710756,-111.724148,4350,75.0,180.0,320
33.707777,-111.724033,4425,77.0,178.5,320
33.704751,-111.723919,4500,77.1,177.0,576
33.702347,-111.723782,4525,81.1,177.2,128
33.701019,-111.72367,4525,85.1,176.6,0
33.696605,-111.723404,4575,90.1,177.5,256
33.691717,-111.723175,4575,93.0,178.8,0
33.685199,-111.723118,4600,88.0,179.4,64
33.680328,-111.722998,4600,87.1,178.0,-64
33.678452,-111.722885,4575,83.0,178.6,-128
33.67696,-111.722889,4600,78.0,180.0,128
33.675004,-111.722889,4600,73.0,180.0,0
33.673096,-111.722946,4600,68.0,180.8,0
33.671047,-111.722946,4600,63.0,180.9,0
33.668427,-111.722998,4600,64.0,179.1,192
33.66709,-111.722946,4650,59.0,178.1,640
33.666206,-111.722889,4700,54.2,174.7,960
33.665085,-111.722717,4750,51.4,173.3,512
33.664307,-111.722661,4775,51.0,178.9,448
33.663071,-111.722717,4800,50.0,182.3,384
33.661737,-111.722832,4850,50.3,185.7,384
33.660061,-111.723118,4875,48.5,188.3,384
33.658356,-111.723446,4925,47.7,189.7,256
33.656296,-111.723894,4950,51.6,188.9,64
33.656058,-111.723919,4950,55.4,187.2,-64
33.65593,-111.72395,4925,58.3,185.9,-320
33.655609,-111.72395,4900,64.1,182.7,-960
33.655426,-111.72395,4875,68.0,180.8,-1216
33.65506,-111.72395,4850,74.1,177.7,-1472
33.654754,-111.723919,4850,78.2,175.6,-1344
33.654144,-111.723782,4825,82.7,172.4,-1216
33.653366,-111.72367,4800,87.3,170.1,-768
33.652359,-111.72339,4800,90.8,168.6,-320
33.65094,-111.723054,4800,93.0,168.2,128
33.64888,-111.722493,4825,90.2,167.2,512
33.647278,-111.722045,4900,85.6,165.8,960
33.646271,-111.721652,4925,83.8,160.5,832
33.645355,-111.721148,4975,82.7,153.4,576
33.644714,-111.720643,4975,84.1,145.2,384
33.644302,-111.720195,4975,85.0,137.9,320
33.643707,-111.71941,4975,86.1,128.9,128
33.643295,-111.718569,4975,88.2,119.2,0
33.643023,-111.717796,4975,89.3,111.7,-64
33.642838,-111.716776,4975,90.3,105.4,0
33.642697,-111.715736,4975,90.7,97.0,64
33.642604,-111.713562,5000,89.1,92.6,320
33.642426,-111.710834,5050,86.4,95.3,192
33.642185,-111.708927,5050,88.3,99.8,0
33.641813,-111.707039,5050,90.0,104.8,-128
33.640961,-111.702931,5050,92.4,103.1,-128
33.640463,-111.699944,5025,92.4,100.0,-128
33.640274,-111.698166,5000,93.4,95.5,-320
33.640276,-111.696854,5000,94.0,88.8,-128
33.640366,-111.695868,5000,95.0,81.5,-192
33.640602,-111.694908,4975,95.5,72.3,-256
33.640928,-111.694164,4975,96.2,64.8,-192
33.641418,-111.69329,4950,97.4,54.2,-320
33.641906,-111.692734,4950,99.0,45.0,-576
33.642511,-111.692219,4925,100.4,35.3,-640
33.643163,-111.691818,4900,102.0,26.8,-640
33.643814,-111.691532,4900,102.8,17.5,-704
33.644485,-111.691384,4875,103.2,8.9,-512
33.645447,-111.691384,4875,102.0,359.4,-320
33.646225,-111.691496,4875,101.1,351.5,-192
33.647095,-111.691832,4875,101.5,342.8,-192
33.647911,-111.692276,4850,101.1,332.9,-384
33.648514,-111.692729,4825,102.7,324.9,-512
33.649063,-111.693346,4800,103.3,317.4,-704
33.649633,-111.694221,4775,102.8,307.1,-768
33.650145,-111.695309,4775,103.8,298.8,-320
33.65089,-111.69714,4775,101.1,294.5,-192
33.652427,-111.701031,4750,98.8,297.1,-256
33.655127,-111.707096,4700,97.5,298.1,-256
33.657175,-111.711674,4675,93.5,297.4,0
33.658339,-111.714592,4675,91.3,294.6,-128
33.660108,-111.719227,4650,91.7,296.6,-256
33.66156,-111.722437,4600,94.0,299.3,-320
33.663574,-111.726585,4575,93.8,301.5,-128
33.666066,-111.7313,4550,93.2,303.2,-192
33.66858,-111.735649,4525,92.7,304.9,-256
33.671722,-111.741215,4475,93.7,303.7,-192
33.673608,-111.744404,4450,93.0,306.2,-64
33.674377,-111.745531,4450,92.0,312.4,-64
33.675423,-111.746693,4425,92.0,317.6,-192
33.676117,-111.747324,4425,91.6,323.9,-128
33.677006,-111.748009,4425,90.4,330.9,-64
33.67803,-111.748524,4425,90.1,337.1,-64
33.679001,-111.748894,4425,89.6,343.8,-128
33.680054,-111.749118,4425,89.3,350.3,-192
33.681244,-111.749286,4400,89.2,356.1,-192
33.682388,-111.74923,4400,89.1,2.6,-192
33.683441,-111.749062,4375,89.6,6.4,-192
33.684454,-111.74881,4375,89.5,13.6,-320
33.685684,-111.748333,4350,91.1,19.2,-320
33.686875,-111.747723,4325,90.8,25.4,-384
33.68776,-111.747093,4325,90.7,31.9,-256
33.688568,-111.746315,4325,89.5,39.6,-64
33.689156,-111.745605,4325,88.5,48.2,-192
33.689575,-111.744862,4300,86.8,57.2,-128
33.689855,-111.744175,4300,86.8,65.5,-192
33.690079,-111.743401,4300,86.0,72.4,-128
33.69018,-111.742401,4275,86.7,82.7,-384
33.69017,-111.741271,4275,87.0,90.7,-384
33.690087,-111.74057,4250,87.3,99.9,-448
33.689901,-111.739826,4250,87.0,107.4,-576
33.689575,-111.738968,4225,87.2,116.6,-640
33.68911,-111.738167,4200,87.4,125.7,-576
33.688568,-111.737515,4175,87.7,135.0,-576
33.687927,-111.736899,4175,87.8,142.9,-512
33.687057,-111.736282,4150,88.7,150.3,-576
33.686142,-111.735778,4100,89.6,156.3,-704
33.68492,-111.735306,4075,91.4,162.2,-576
33.68222,-111.734333,4025,92.2,164.9,-384
33.678909,-111.733423,4000,90.2,167.2,-384
33.675247,-111.73247,3925,91.0,167.9,-320
33.671448,-111.731574,3875,90.4,169.8,-384
33.666367,-111.730565,3800,90.3,170.4,-384
33.661039,-111.729584,3750,90.1,171.1,-256
33.656342,-111.728659,3675,90.3,170.4,-448
33.651947,-111.727818,3600,91.9,171.9,-320
33.647095,-111.726977,3525,93.8,172.6,-576
33.64357,-111.726529,3475,93.3,175.1,-384
33.638672,-111.726136,3425,92.2,176.3,-192
33.635513,-111.725856,3400,91.6,173.7,-384
33.630249,-111.725071,3325,88.7,172.9,-320
33.625168,-111.724399,3275,86.5,174.0,-384
33.621935,-111.724091,3225,86.2,176.0,-320
33.617157,-111.723782,3150,83.1,177.2,-320
33.612305,-111.723446,3100,83.1,177.2,-512
33.610017,-111.723404,3050,83.0,180.0,-384
33.607923,-111.723518,3025,83.1,182.8,-320
33.604385,-111.723804,2975,82.3,184.9,-384
33.600952,-111.724231,2875,86.5,186.0,-576
33.599031,-111.724548,2850,86.3,190.0,-448
33.595866,-111.725292,2800,84.0,192.4,-320
33.593026,-111.726093,2750,84.6,194.4,-448
33.589581,-111.727295,2725,81.3,196.4,-320
33.585019,-111.728954,2675,79.4,196.8,-256
33.582001,-111.730116,2600,81.3,198.7,-320
33.577286,-111.731966,2550,81.9,197.8,-256
33.571198,-111.734208,2525,83.5,196.7,-64
33.566212,-111.735935,2550,79.8,195.3,192
33.562255,-111.737137,2550,79.3,193.9,-64
33.561044,-111.737423,2550,78.1,189.6,0
33.559982,-111.737515,2550,77.2,183.7,128
33.557693,-111.737595,2550,77.0,180.7,-256
33.554993,-111.737571,2525,81.0,178.6,-192
33.548987,-111.737309,2550,85.1,178.0,128
33.543029,-111.73708,2575,85.0,178.6,128
33.540802,-111.737067,2575,89.0,179.4,-256
33.538094,-111.736899,2575,93.2,176.3,0
33.532461,-111.73645,2525,95.1,177.6,-128
33.528551,-111.736338,2525,91.0,179.4,64
33.523499,-111.73634,2550,86.1,178.0,0
33.521255,-111.736121,2550,85.4,174.6,-64
33.517146,-111.735722,2550,85.2,176.0,-64
33.514343,-111.735571,2525,86.1,178.0,-192
33.511932,-111.735609,2525,89.0,181.3,-256
33.508072,-111.735846,2500,90.1,183.2,-128
33.504272,-111.736176,2475,93.3,184.9,-128
33.50048,-111.736618,2400,97.4,185.3,-256
33.498001,-111.736945,2400,98.0,188.2,-256
33.495964,-111.737403,2375,99.2,192.2,-256
33.493973,-111.738043,2375,98.8,195.9,-64
33.49238,-111.738692,2375,98.4,200.8,0
33.491076,-111.739421,2375,96.2,205.2,0
33.490704,-111.739645,2375,93.9,207.9,320
33.490332,-111.739869,2400,92.2,208.5,640
33.488842,-111.74099,2450,88.2,213.0,640
33.487678,-111.741943,2450,89.1,214.9,192
33.486694,-111.742767,2450,92.2,216.6,-256
33.485164,-111.744242,2425,95.0,220.7,-64
33.484047,-111.745587,2425,94.8,225.9,64
33.482895,-111.747107,2450,94.4,229.7,192
33.48175,-111.748975,2450,93.8,234.1,0
33.480183,-111.751753,2450,94.6,236.6,64
33.478787,-111.754219,2450,89.9,235.4,0
33.478088,-111.755396,2475,85.4,235.0,320
33.47725,-111.756909,2475,80.5,235.1,128
33.474644,-111.761225,2450,78.0,233.9,-256
33.473107,-111.763692,2425,80.4,231.6,-384
33.472046,-111.765179,2375,80.7,227.0,-448
33.471268,-111.766003,2375,80.7,222.0,-256
33.470444,-111.766663,2350,81.3,214.5,-384
33.469662,-111.767223,2350,80.5,206.6,-320
33.468658,-111.767706,2325,80.1,200.5,-320
33.46788,-111.767926,2300,80.1,193.0,-384
33.467102,-111.768064,2300,80.4,185.7,-384
33.466232,-111.768091,2275,80.0,179.3,-448
33.465271,-111.767926,2275,79.8,172.1,-384
33.464172,-111.767706,2250,79.1,166.8,-256
33.463028,-111.767267,2250,77.2,161.1,-128
33.461929,-111.766718,2250,75.6,155.8,-128
33.460373,-111.765784,2225,74.7,152.1,-320
33.45845,-111.764465,2200,70.0,149.0,-128
33.456209,-111.762795,2150,69.3,146.8,-384
33.453827,-111.76084,2100,67.4,144.7,-320
33.451833,-111.758983,2050,66.4,143.0,-448
33.450989,-111.758148,2025,63.7,137.5,-128
33.45039,-111.757414,2025,60.9,132.3,-192
33.449982,-111.756775,2000,60.2,125.5,-192
33.449645,-111.756069,2000,59.9,117.8,-320
33.449459,-111.755452,1975,60.4,109.3,-384
33.449341,-111.754797,1975,60.2,101.5,-320
33.449273,-111.754163,1975,60.2,94.8,-256
33.449295,-111.753534,1950,61.1,86.2,-384
33.449459,-111.752593,1925,63.0,79.9,-512
33.449707,-111.751392,1900,64.3,74.7,-512
33.450436,-111.748389,1850,59.5,73.4,-320
33.450897,-111.746832,1825,58.5,70.0,-384
33.451355,-111.745514,1800,57.8,66.5,-384
33.451833,-111.744354,1775,59.1,61.7,-384
33.452345,-111.743401,1725,59.4,57.4,-512
33.453369,-111.741663,1675,60.2,54.5,-448
33.454486,-111.739813,1625,61.2,51.6,-512
33.456488,-111.736955,1550,61.9,50.9,-256
33.458443,-111.733984,1475,63.4,52.0,-448
33.459274,-111.73277,1475,58.4,52.0,-320
33.4597,-111.732078,1450,54.0,51.0,-256
33.460281,-111.731232,1450,51.2,51.3,-384
33.460556,-111.730847,1450,47.6,51.0,192
33.460876,-111.730353,1450,51.2,51.3,128
33.46133,-111.729668,1450,54.0,51.0,64
33.461702,-111.729163,1450,62.6,51.5,-128
33.462158,-111.72843,1475,65.6,52.4,256
33.463192,-111.726865,1525,69.7,50.8,448
33.465054,-111.724119,1600,74.0,51.6,640
33.46645,-111.722101,1700,71.7,50.1,896
33.467987,-111.720027,1775,70.8,47.3,832
33.469802,-111.717785,1875,72.8,45.6,640
33.47185,-111.715374,1950,74.3,44.5,640
33.474038,-111.712796,2050,75.7,45.5,576
33.4759,-111.710554,2150,75.0,45.0,832
33.477995,-111.707919,2225,76.4,47.1,640
33.480044,-111.705173,2300,78.6,47.6,512
33.482117,-111.702393,2375,81.5,48.5,512
33.484187,-111.699792,2450,84.9,46.0,448
33.485444,-111.698334,2500,85.7,41.7,640
33.486375,-111.697494,2525,86.0,35.5,768
33.487352,-111.696821,2550,87.3,29.5,512
33.488283,-111.696316,2575,88.4,21.9,384
33.489258,-111.696021,2575,90.7,14.0,192
33.490219,-111.695856,2575,92.8,7.4,64
33.491123,-111.695812,2575,94.1,2.4,0
33.492142,-111.695911,2575,95.4,354.6,64
33.493149,-111.69613,2600,94.2,347.7,256
33.494382,-111.696597,2625,93.6,342.0,448
33.495621,-111.697229,2625,95.3,335.9,128
33.49704,-111.698108,2625,96.3,330.8,0
33.499649,-111.699976,2625,96.6,328.1,64
33.50061,-111.7008,2625,96.8,321.7,0
33.501389,-111.701678,2625,96.9,314.6,-64
33.502156,-111.702819,2625,97.8,307.1,-128
33.502575,-111.703659,2600,100.0,300.7,-576
33.50304,-111.704893,2575,101.8,292.5,-640
33.503403,-111.706403,2550,103.6,285.1,-576
33.503586,-111.707501,2525,105.2,278.8,-704
33.503646,-111.70876,2500,104.0,271.6,-384
33.50354,-111.710138,2500,103.3,265.6,-192
33.503366,-111.711563,2500,101.6,259.8,-128
33.50304,-111.713076,2500,100.0,253.7,-64
33.502575,-111.71459,2500,99.4,249.4,-64
33.50197,-111.716047,2500,97.9,244.0,0
33.500713,-111.718906,2500,96.3,240.8,-64
33.499695,-111.720905,2500,93.2,236.8,0
33.498385,-111.722941,2500,91.4,233.0,0
33.493881,-111.730023,2450,93.8,234.1,-448
33.491542,-111.733816,2425,94.8,232.3,-128
33.489354,-111.737011,2450,93.0,229.8,64
33.486649,-111.740625,2450,90.6,227.7,64
33.48317,-111.74502,2475,89.8,226.4,64
33.480743,-111.747986,2475,89.8,224.6,0
33.478228,-111.751024,2450,90.6,226.8,-128
33.474792,-111.755511,2450,85.6,227.4,-128
33.473694,-111.75694,2475,80.7,228.0,256
33.47199,-111.759095,2450,79.9,226.5,-192
33.468613,-111.763312,2400,79.9,226.5,64
33.466311,-111.766214,2375,82.0,225.0,-384
33.464309,-111.768512,2325,84.2,222.6,-256
33.463165,-111.769629,2300,84.8,217.8,-256
33.4624,-111.770194,2300,84.4,211.4,-320
33.461517,-111.770728,2275,84.6,204.4,-384
33.460876,-111.771002,2275,84.4,198.6,-448
33.460236,-111.771112,2250,85.2,189.5,-512
33.459281,-111.771203,2225,85.1,182.0,-512
33.458679,-111.771167,2200,85.1,176.6,-576
33.457855,-111.771002,2200,84.7,168.4,-576
33.45694,-111.770673,2175,84.8,160.7,-640
33.456069,-111.770194,2150,83.2,154.4,-512
33.454719,-111.769297,2125,81.1,149.6,-256
33.452911,-111.767926,2100,77.9,146.5,-320
33.451647,-111.766887,2075,73.0,143.9,-256
33.450855,-111.766158,2075,68.4,142.1,-64
33.449753,-111.76507,2075,63.8,138.8,-192
33.448517,-111.763696,2025,63.7,136.3,-448
33.447281,-111.762158,2000,64.4,133.1,-320
33.446182,-111.760675,1975,63.1,130.5,-320
33.445724,-111.759906,1950,62.7,123.9,-192
33.44545,-111.759247,1950,63.1,117.4,-256
33.445222,-111.758647,1950,63.0,110.4,-256
33.445083,-111.757974,1925,63.4,101.8,-256
33.445036,-111.757358,1925,64.2,94.5,-256
33.445083,-111.756685,1925,64.1,86.4,-128
33.445176,-111.756013,1925,65.1,79.4,-192
33.445409,-111.755116,1900,67.1,72.7,-256
33.445781,-111.753939,1875,69.5,67.1,-320
33.44634,-111.752481,1850,72.0,62.7,-320
33.446945,-111.751304,1850,70.5,58.3,-128
33.447556,-111.750348,1850,69.2,52.6,0
33.448947,-111.748277,1850,66.7,49.9,-256
33.450669,-111.745755,1800,66.2,51.8,-320
33.452499,-111.742877,1725,65.6,52.4,-256
33.45488,-111.739362,1650,63.4,52.0,-448
33.456573,-111.736615,1575,62.6,51.5,-512
33.458443,-111.733928,1500,61.7,49.6,-512
33.459561,-111.732358,1450,57.0,52.1,-384
33.460073,-111.731574,1450,52.0,52.0,-448
33.460538,-111.730845,1450,48.6,53.4,-64
33.461562,-111.729332,1450,53.4,51.8,128
33.461749,-111.729051,1450,57.6,51.3,64
33.462112,-111.72854,1450,61.9,50.9,-64
33.462726,-111.72765,1475,66.8,51.1,192
33.463564,-111.726417,1500,71.1,50.7,320
33.464951,-111.72431,1550,75.8,53.6,448
33.466599,-111.721509,1650,76.6,54.0,640
33.467331,-111.720465,1700,74.5,49.9,896
33.46788,-111.719806,1725,75.0,43.9,832
33.469011,-111.718625,1775,75.3,39.6,704
33.471222,-111.716455,1875,77.2,41.3,448
33.473557,-111.713928,1950,80.0,42.5,576
33.475342,-111.712061,2050,79.3,41.9,896
33.476395,-111.710907,2075,79.9,43.5,512
33.477402,-111.709644,2100,79.9,45.5,832
33.479599,-111.707062,2200,80.6,46.0,704
33.481613,-111.70448,2300,78.6,47.6,768
33.48381,-111.701624,2375,80.7,47.0,512
33.486053,-111.698822,2450,83.5,46.0,512
33.48833,-111.696092,2550,85.6,44.5,576
33.49086,-111.693219,2600,90.6,43.2,128
33.494475,-111.689254,2625,94.9,41.6,128
33.497175,-111.686507,2675,91.7,39.2,256
33.498199,-111.685666,2700,88.8,33.5,448
33.498944,-111.685218,2700,88.1,26.3,448
33.499642,-111.684938,2725,89.2,17.6,448
33.500336,-111.684814,2725,88.5,10.4,384
33.501068,-111.68476,2750,89.0,1.3,320
33.501984,-111.684869,2750,89.7,353.0,256
33.502668,-111.68505,2750,90.5,346.6,192
33.503494,-111.685419,2750,90.1,337.1,192
33.504251,-111.685947,2775,90.9,330.3,384
33.505601,-111.687012,2775,93.7,326.3,-64
33.507416,-111.688469,2775,98.5,325.3,-128
33.509046,-111.68987,2775,98.5,325.3,320
33.511322,-111.691736,2850,96.0,326.5,768
33.514114,-111.693988,2950,97.1,325.5,512
33.517319,-111.696515,3025,98.5,327.4,512
33.520032,-111.698446,3075,100.3,330.1,448
33.522995,-111.700415,3100,105.1,332.2,192
33.527061,-111.702819,3125,108.7,334.4,192
33.530228,-111.70448,3150,106.2,337.3,128
33.533905,-111.706182,3125,104.8,339.3,-64
33.538055,-111.707996,3150,101.4,338.0,128
33.539246,-111.70871,3150,101.1,331.7,64
33.540282,-111.709499,3150,101.5,325.8,-64
33.541399,-111.710529,3150,99.5,320.7,192
33.543448,-111.712704,3150,99.1,317.5,-192
33.544518,-111.71402,3150,99.8,313.0,-64
33.545403,-111.715336,3175,97.6,307.9,128
33.546055,-111.716595,3175,97.4,301.6,128
33.546616,-111.717897,3175,97.5,295.5,0
33.547125,-111.719456,3150,99.4,290.6,-192
33.547668,-111.72154,3150,100.0,286.3,-256
33.548522,-111.725292,3125,102.8,283.5,-256
33.549081,-111.728668,3125,100.8,280.9,64
33.549683,-111.733255,3125,100.1,278.6,-64
33.550291,-111.738052,3075,105.1,278.2,-320
33.551129,-111.74509,3050,103.7,276.6,-64
33.551651,-111.752257,3075,99.4,275.2,0
33.55188,-111.756741,3050,99.1,272.9,-192
33.552155,-111.762403,3050,98.3,274.1,-128
33.552383,-111.764757,3050,97.0,278.3,64
33.55275,-111.766943,3075,94.4,282.9,256
33.553345,-111.769521,3075,93.7,286.1,-128
33.554398,-111.773389,3075,93.6,288.0,64
33.55632,-111.780452,3050,96.2,286.9,-192
33.557227,-111.784344,3025,97.0,284.3,-64
33.559322,-111.794415,3025,95.1,284.6,-64
33.560486,-111.799397,3000,94.9,286.5,-128
33.561417,-111.802597,3000,93.3,289.4,-64
33.564148,-111.812177,3000,91.4,289.8,64
33.564926,-111.814588,2975,91.0,292.6,-128
33.565886,-111.817017,2975,90.3,296.3,-192
33.567096,-111.819878,2950,92.7,299.0,-256
33.567795,-111.821194,2950,93.2,305.4,-320
33.568634,-111.822435,2925,94.4,310.3,-320
33.569733,-111.82378,2900,94.1,315.4,-320
33.571106,-111.825238,2875,93.6,319.3,-384
33.572525,-111.826583,2850,93.0,323.8,-256
33.574126,-111.827831,2850,91.8,327.0,-192
33.576081,-111.829262,2800,92.3,330.1,-384
33.579483,-111.831403,2750,92.6,332.3,-320
33.582047,-111.832861,2725,92.6,335.1,-320
33.5858,-111.834991,2675,90.8,333.1,0
33.58716,-111.835899,2650,91.6,328.4,-448
33.588455,-111.837009,2625,92.2,323.4,-384
33.589554,-111.83813,2625,92.8,318.1,-320
33.59079,-111.839587,2600,94.8,313.3,-384
33.592188,-111.841621,2575,96.5,310.0,-256
33.595139,-111.845977,2575,94.0,308.1,0
33.597169,-111.849232,2575,93.8,305.9,0
33.5981,-111.850948,2575,94.3,302.0,0
33.600311,-111.85545,2550,95.0,300.3,-128
33.602569,-111.860275,2525,94.4,298.5,-64
33.604385,-111.86451,2550,92.6,296.3,128
33.605828,-111.867771,2525,91.3,298.8,0
33.609552,-111.875553,2525,90.9,299.7,0
33.610794,-111.87832,2525,89.4,296.6,0
33.611252,-111.879609,2525,89.9,290.9,0
33.611481,-111.880674,2525,90.2,282.8,64
33.611554,-111.881733,2525,90.3,274.5,0
33.611507,-111.882763,2525,91.1,267.5,0
33.611389,-111.883701,2525,90.6,259.2,0
33.611115,-111.885046,2525,91.1,252.8,-64
33.610748,-111.885999,2525,90.5,246.6,-64
33.610245,-111.88712,2550,90.1,240.0,320
33.609319,-111.888828,2550,89.1,235.1,-128
33.608435,-111.890087,2550,89.4,229.5,192
33.607361,-111.891436,2550,89.1,225.0,64
33.605409,-111.893578,2550,91.4,221.9,0
33.602243,-111.897125,2525,94.1,223.7,-128
33.600906,-111.898779,2500,92.0,227.6,-256
33.598755,-111.90175,2475,90.8,229.5,-384
33.597153,-111.90416,2475,86.2,232.1,64
33.596191,-111.905537,2450,84.0,231.8,-320
33.594269,-111.908364,2400,84.4,229.3,-320
33.593033,-111.910214,2400,82.8,232.9,-64
33.592438,-111.911279,2375,82.5,239.4,-384
33.591934,-111.912512,2350,82.8,245.0,-256
33.591568,-111.913633,2350,83.8,250.5,-512
33.591339,-111.914754,2325,85.6,255.8,-512
33.591156,-111.915987,2300,87.0,261.4,-512
33.591071,-111.91721,2275,88.1,268.0,-448
33.591164,-111.91824,2275,88.2,273.9,-320
33.591293,-111.919574,2250,88.5,280.4,-512
33.591614,-111.92092,2225,88.3,285.8,-384
33.591955,-111.922073,2225,89.7,292.3,-448
33.592467,-111.923218,2200,89.9,298.6,-448
33.593399,-111.925011,2150,89.0,302.6,-448
33.595493,-111.928711,2125,84.9,304.4,-256
33.596237,-111.929832,2125,84.0,308.2,-192
33.596695,-111.930393,2100,82.0,316.0,-256
33.59729,-111.930953,2100,80.9,320.0,-128
33.598022,-111.931514,2100,80.3,329.3,-320
33.598755,-111.931906,2075,80.4,338.9,-448
33.599854,-111.932242,2050,81.0,344.2,-512
33.600586,-111.932354,2025,81.5,353.7,-640
33.601452,-111.932373,2000,82.0,0.0,-640
33.602554,-111.932242,1975,81.5,6.3,-512
33.603314,-111.93203,1975,81.8,12.0,-512
33.604198,-111.931686,1950,81.0,20.2,-448
33.604889,-111.931289,1925,80.5,26.6,-512
33.605688,-111.930714,1925,79.3,33.7,-384
33.606674,-111.929776,1900,79.7,38.9,-320
33.607504,-111.928825,1875,76.4,45.0,-448
33.60878,-111.927198,1850,72.3,48.4,-192
33.609833,-111.925684,1825,67.4,49.2,-64
33.610931,-111.924283,1825,64.4,45.6,-320
33.612717,-111.922265,1725,65.1,43.8,-640
33.614021,-111.920757,1650,69.3,43.8,-832
33.616104,-111.918397,1575,70.0,44.4,-384
33.617512,-111.916752,1525,67.2,44.4,-512
33.617981,-111.916211,1525,63.7,43.7,-320
33.618211,-111.915951,1525,59.4,43.6,-128
33.618769,-111.915264,1525,55.2,45.0,-64
33.619308,-111.914642,1525,50.2,44.2,128
33.619766,-111.914081,1550,46.7,45.0,192
33.620212,-111.913605,1550,37.5,43.9,64
33.620544,-111.91324,1550,36.1,43.9,64
33.620773,-111.91296,1550,31.2,42.4,0
33.621094,-111.912624,1550,30.4,43.7,0
33.621178,-111.912518,1525,29.5,45.0,0
33.621481,-111.912174,1525,26.5,45.0,0
33.621632,-111.911993,1525,22.5,45.0,0
33.621783,-111.911831,1525,18.5,45.0,0
33.621888,-111.911716,1525,13.8,39.4,0
33.621958,-111.911659,1525,11.8,28.1,0
33.621998,-111.911643,1525,11.2,22.5,0
33.622051,-111.911631,1525,10.2,11.2,0
33.622086,-111.911631,1525,9.8,357.2,0
33.622156,-111.911645,1525,9.8,340.3,0
33.622424,-111.911888,1525,5.2,320.6,0
33.615604,-111.918983,1525,38.9,44.0,-64
33.616287,-111.918173,1500,51.6,44.2,-64
33.617386,-111.916884,1500,56.6,43.6,-64
33.617699,-111.916523,1525,62.9,44.4,-64
33.617889,-111.916323,1525,62.9,44.4,320
33.619561,-111.914291,1625,61.5,45.7,512
33.619995,-111.913801,1600,66.5,43.8,128
33.620399,-111.913376,1600,70.1,42.1,0
33.621048,-111.91268,1600,75.1,41.8,-128
33.622421,-111.911166,1625,77.1,43.4,256
33.624635,-111.908569,1725,76.4,43.9,512
33.626776,-111.906052,1800,77.1,44.5,576
33.628638,-111.90382,1900,76.4,46.1,704
33.630707,-111.901245,2000,72.8,44.4,768
33.632642,-111.899071,2100,70.0,43.3,704
33.633728,-111.897938,2125,69.5,40.3,640
33.634277,-111.89749,2150,70.7,33.5,448
33.634876,-111.897125,2175,71.6,24.8,448
33.635202,-111.896954,2175,73.1,19.2,448
33.635834,-111.896817,2175,74.3,10.9,384
33.636459,-111.896782,2200,76.1,3.0,256
33.636878,-111.896839,2200,77.4,354.1,384
33.637437,-111.896954,2225,77.3,349.6,384
33.638123,-111.897153,2225,78.5,343.0,384
33.638809,-111.89749,2250,80.6,336.6,384
33.639771,-111.898106,2250,81.0,331.2,384
33.641813,-111.899529,2325,81.8,333.1,512
33.642511,-111.899815,2325,82.6,338.7,320
33.64307,-111.900043,2350,82.0,344.4,448
33.643861,-111.900158,2350,82.9,351.7,320
33.645538,-111.900348,2400,81.4,354.4,704
33.648148,-111.900685,2500,77.5,353.3,704
33.65126,-111.901189,2575,78.8,352.0,384
33.652039,-111.901301,2575,81.7,352.3,-64
33.653595,-111.901581,2550,85.7,352.6,-64
33.656989,-111.902046,2575,89.4,354.9,128
33.662201,-111.902478,2625,91.2,356.2,192
33.669465,-111.903191,2650,94.3,355.1,0
33.67398,-111.903763,2700,93.7,353.2,256
33.676163,-111.904104,2675,94.6,353.3,-128
33.684814,-111.905225,2675,95.6,353.4,128
33.690227,-111.906052,2675,94.9,352.1,0
33.692963,-111.906626,2700,92.6,349.4,192
33.696899,-111.907579,2700,92.2,347.5,0
33.698364,-111.908084,2700,92.3,342.4,0
33.699584,-111.908684,2700,92.3,337.0,0
33.700655,-111.90937,2725,92.3,330.1,64
33.701523,-111.910045,2725,91.8,324.8,64
33.70247,-111.91103,2725,92.1,318.5,64
33.7034,-111.912175,2725,92.7,313.7,0
33.704727,-111.913969,2725,93.7,309.8,0
33.707199,-111.917669,2725,94.8,307.7,0
33.709808,-111.921873,2725,94.4,306.4,-64
33.711315,-111.924477,2725,94.6,303.4,-64
33.712572,-111.926937,2725,95.0,300.3,0
33.714249,-111.930729,2725,96.2,297.9,64
33.71727,-111.937791,2750,94.9,299.0,0
33.720113,-111.943474,2750,96.4,300.6,0
33.722488,-111.948109,2725,99.3,302.2,-128
33.724457,-111.951693,2725,97.9,304.2,0
33.726165,-111.954517,2725,97.8,307.1,0
33.728027,-111.957264,2700,98.0,310.0,-128
33.731689,-111.962343,2700,96.3,311.6,0
33.736872,-111.969395,2675,97.7,312.5,-64
33.742878,-111.977234,2675,99.0,313.4,-128
33.749255,-111.98513,2675,99.8,313.0,-64
33.753891,-111.990985,2650,100.4,314.2,0
33.758286,-111.996174,2600,101.1,314.6,-192
33.763826,-112.003098,2600,99.7,315.4,64
33.765129,-112.004528,2600,98.7,320.3,0
33.766388,-112.005559,2600,98.7,326.1,-64
33.767643,-112.006359,2600,99.3,332.4,-192
33.768388,-112.00676,2575,99.5,337.6,-320
33.769501,-112.007185,2575,100.3,343.2,-256
33.770669,-112.007504,2550,100.8,349.1,-384
33.772252,-112.007732,2550,101.4,354.9,-320
33.77536,-112.007913,2525,100.1,357.7,0
33.780585,-112.008247,2500,95.1,357.0,128
33.78511,-112.008362,2525,93.0,358.8,-128
33.78659,-112.008305,2525,93.1,3.1,-128
33.787894,-112.008133,2500,94.1,8.6,-320
33.790741,-112.007633,2525,92.9,8.0,128
33.793619,-112.007217,2550,91.4,5.7,320
33.798752,-112.006568,2550,95.4,5.4,-128
33.799671,-112.006531,2525,96.0,0.6,-320
33.800262,-112.006568,2550,96.3,355.8,0
33.800602,-112.006702,2550,94.6,344.0,256
33.801254,-112.007046,2575,94.0,336.2,192
33.801952,-112.007618,2575,94.0,321.9,256
33.802557,-112.008419,2575,94.8,312.4,128
33.802917,-112.009091,2575,95.1,303.9,-128
33.803238,-112.009875,2550,97.2,293.7,-320
33.803442,-112.01088,2525,100.2,284.5,-576
33.803535,-112.011795,2500,102.6,276.2,-832
33.803513,-112.012902,2475,105.3,265.6,-1152
33.803349,-112.013626,2450,105.1,258.5,-1024
33.803192,-112.014079,2450,104.1,250.4,-704
33.80307,-112.01437,2450,103.3,244.2,-192
33.802597,-112.015256,2475,101.5,235.8,128
33.801952,-112.015972,2500,99.0,223.4,448
33.801407,-112.016433,2500,96.6,211.9,704
33.800788,-112.016716,2525,93.0,198.8,832
33.80037,-112.01683,2550,92.4,195.7,768
33.799625,-112.016945,2550,90.3,184.4,576
33.798935,-112.016826,2575,88.6,173.5,384
33.798368,-112.016602,2575,87.9,160.7,512
33.797836,-112.016209,2575,87.8,149.9,256
33.797562,-112.015873,2575,88.0,139.6,128
33.797111,-112.015228,2575,89.2,132.3,64
33.796925,-112.014771,2575,90.6,120.5,-128
33.796692,-112.014084,2550,92.7,113.5,-320
33.796645,-112.013569,2550,94.2,102.3,-576
33.7966,-112.01279,2550,96.0,90.0,-256
33.796738,-112.012061,2550,96.3,85.2,-128
33.796925,-112.01128,2550,95.3,74.8,-192
33.797333,-112.010436,2550,94.8,65.1,0
33.797653,-112.010043,2575,92.9,48.9,384
33.797995,-112.009735,2575,92.2,40.6,576
33.798569,-112.009371,2600,90.4,27.7,704
33.799118,-112.009147,2625,90.4,18.0,704
33.799997,-112.008934,2625,90.3,9.6,512
33.80023,-112.008934,2625,91.7,6.9,192
33.800602,-112.008877,2600,92.4,5.6,0
33.801682,-112.008922,2600,94.1,358.2,-320
33.802557,-112.009106,2600,93.6,349.5,64
33.803116,-112.009335,2625,90.6,338.0,320
33.803768,-112.009735,2625,89.5,332.0,448
33.804245,-112.010212,2650,88.8,326.5,576
33.804652,-112.010765,2675,87.8,312.2,768
33.805161,-112.011557,2675,86.6,306.1,320
33.805723,-112.012539,2725,84.1,304.8,768
33.80722,-112.015032,2825,79.6,305.3,768
33.809052,-112.018171,2900,80.2,303.3,576
33.810797,-112.021523,2975,81.3,301.9,512
33.812333,-112.024612,3075,76.7,300.6,832
33.813309,-112.026523,3150,73.5,303.9,896
33.813858,-112.027308,3175,75.1,311.8,448
33.814407,-112.027868,3175,76.2,321.9,384
33.81508,-112.028275,3175,78.3,331.8,256
33.815643,-112.028541,3200,79.3,337.0,256
33.816197,-112.028675,3200,80.8,347.9,320
33.817017,-112.028765,3225,82.1,357.2,448
33.81764,-112.028732,3225,83.1,2.8,448
33.818298,-112.028541,3250,84.4,13.7,448
33.819037,-112.02816,3250,85.4,20.6,384
33.819549,-112.027817,3275,87.0,30.4,320
33.820038,-112.027364,3275,87.8,37.1,320
33.82048,-112.026844,3275,89.1,45.9,320
33.820946,-112.026157,3300,89.6,51.3,256
33.821271,-112.025414,3300,91.3,61.2,256
33.821551,-112.024441,3300,92.7,69.8,256
33.82197,-112.022724,3325,97.0,75.7,192
33.822249,-112.021294,3300,101.6,76.9,-256
33.822464,-112.019909,3325,101.2,78.0,64
33.822601,-112.019404,3325,100.2,77.9,384
33.822715,-112.018547,3350,98.3,77.7,832
33.822994,-112.017231,3400,94.4,77.1,1088
33.823425,-112.014808,3500,89.8,78.4,1024
33.823553,-112.013798,3500,89.9,81.7,576
33.823563,-112.012846,3500,91.0,90.6,256
33.823471,-112.011725,3525,91.8,97.5,192
33.823334,-112.010884,3525,93.1,104.9,192
33.822901,-112.009621,3550,92.3,112.9,320
33.822482,-112.008705,3550,91.9,120.8,384
33.822098,-112.008138,3575,91.4,127.0,448
33.821504,-112.007332,3575,90.6,133.2,512
33.821228,-112.007073,3600,89.9,138.1,512
33.820358,-112.006288,3625,88.5,145.6,512
33.819397,-112.005671,3650,88.6,151.7,640
33.818199,-112.004986,3650,88.8,157.5,192
33.81657,-112.004242,3675,90.1,160.6,320
33.815406,-112.003899,3700,90.5,166.6,320
33.814661,-112.003784,3700,89.7,172.9,384
33.81387,-112.003784,3725,89.1,177.4,384
33.812988,-112.003878,3750,87.6,186.6,448
33.812194,-112.004128,3775,86.1,195.5,512
33.811111,-112.00455,3800,85.2,202.1,640
33.810099,-112.005157,3825,83.7,207.8,640
33.809143,-112.005895,3850,83.5,214.3,512
33.807771,-112.007217,3875,84.6,218.8,384
33.806701,-112.008362,3900,85.6,223.6,384
33.805756,-112.009539,3925,85.6,227.4,384
33.805071,-112.010593,3950,86.4,233.0,384
33.804466,-112.011738,3950,87.8,239.9,256
33.803954,-112.013054,3975,89.1,245.4,192
33.803513,-112.014359,4000,87.0,250.5,640
33.803146,-112.015929,4050,83.9,254.8,832
33.802837,-112.017574,4100,83.2,260.3,704
33.802697,-112.019234,4125,83.3,265.2,384
33.802643,-112.021198,4175,83.0,268.6,576
33.802651,-112.023582,4200,83.1,272.1,512
33.802883,-112.028046,4275,85.2,274.0,512
33.803209,-112.032108,4350,84.4,275.4,576
33.803489,-112.036057,4425,85.3,274.7,384
33.803675,-112.039776,4475,87.1,272.6,384
33.803814,-112.045097,4550,90.1,271.9,384
33.803879,-112.046366,4550,93.1,272.5,128
33.804108,-112.05085,4575,96.3,274.8,576
33.804245,-112.052363,4575,97.4,275.3,192
33.804565,-112.058081,4575,102.2,273.4,128
33.804703,-112.062957,4575,102.0,271.1,64
33.804745,-112.069073,4550,104.0,269.5,-256
33.80452,-112.075793,4550,104.1,267.8,0
33.804291,-112.082071,4550,100.0,268.3,0
33.804245,-112.083472,4550,95.0,268.2,-64
33.804233,-112.084808,4550,90.0,268.7,256
33.804233,-112.086067,4575,85.0,269.3,192
33.804199,-112.087004,4575,80.0,269.3,128
33.804187,-112.08807,4600,75.0,269.2,384
33.804199,-112.089022,4600,70.0,270.8,320
33.80428,-112.092819,4600,65.0,270.9,0
33.804245,-112.096645,4625,61.0,269.1,0
33.804245,-112.098887,4600,63.0,271.8,-192
33.80442,-112.103062,4600,67.1,272.6,-64
33.804703,-112.110322,4625,67.1,272.6,0
33.804794,-112.112452,4650,67.4,276.0,64
33.804978,-112.113647,4650,68.3,281.0,64
33.805252,-112.114694,4650,69.0,286.9,64
33.805618,-112.115871,4650,69.5,292.9,64
33.806002,-112.116852,4650,69.8,299.1,0
33.80658,-112.117889,4650,71.3,304.1,-64
33.807312,-112.118954,4650,71.8,308.8,-64
33.807958,-112.119827,4650,72.9,313.3,-64
33.810378,-112.122974,4650,70.8,311.6,64
33.811707,-112.124783,4650,71.8,308.8,-64
33.81224,-112.125721,4650,71.6,303.0,-64
33.812659,-112.126637,4650,70.2,296.2,64
33.812897,-112.127418,4650,69.3,290.3,64
33.813034,-112.128202,4650,67.7,282.8,64
33.813125,-112.128983,4650,66.3,275.2,64
33.813126,-112.129828,4675,65.1,267.4,64
33.813034,-112.130557,4675,64.0,260.1,0
33.812846,-112.131271,4675,63.6,253.6,0
33.812566,-112.13213,4650,65.0,247.4,-192
33.811868,-112.134018,4625,69.0,250.5,-320
33.811661,-112.134985,4625,69.6,257.6,-256
33.811542,-112.136307,4600,68.5,263.3,-64
33.811478,-112.137619,4600,67.1,267.4,-64
33.811263,-112.143459,4625,63.1,267.3,192
33.81103,-112.150784,4675,66.0,268.3,192
33.81089,-112.156906,4725,67.1,267.4,192
33.81089,-112.15971,4725,67.0,270.0,192
33.810844,-112.163658,4750,70.0,268.4,-64
33.810611,-112.169724,4775,65.0,268.2,128
33.810518,-112.172642,4750,65.1,266.5,-320
33.810333,-112.175847,4675,69.1,267.5,-320
33.81015,-112.180836,4625,66.1,267.4,-192
33.809913,-112.185402,4575,67.1,266.6,-192
33.809633,-112.190151,4575,69.3,265.0,0
33.809464,-112.192046,4575,70.7,261.9,-64
33.809261,-112.193069,4575,69.4,255.0,0
33.809052,-112.19384,4575,66.9,248.0,64
33.808731,-112.194513,4575,65.4,240.7,128
33.808411,-112.195073,4600,62.8,232.8,128
33.808051,-112.195473,4600,60.1,224.3,192
33.807678,-112.195802,4600,59.2,217.4,128
33.807352,-112.196045,4600,58.7,209.6,64
33.806933,-112.196217,4600,57.9,201.2,0
33.806608,-112.196331,4600,56.8,194.3,0
33.806213,-112.196363,4600,56.3,186.1,-64
33.805756,-112.196307,4600,56.1,175.9,-128
33.805397,-112.196217,4575,56.3,167.7,-128
33.804978,-112.196045,4575,56.6,162.5,-128
33.804606,-112.195816,4575,57.7,152.1,-128
33.804245,-112.195522,4575,57.4,144.9,-64
33.803954,-112.195187,4575,58.8,138.4,-64
33.803558,-112.194625,4575,58.3,129.4,-64
33.803256,-112.194042,4575,58.0,122.3,0
33.803009,-112.193448,4575,56.8,116.1,0
33.802837,-112.192898,4575,56.3,109.7,0
33.802697,-112.192211,4575,56.3,102.3,64
33.802604,-112.19141,4575,56.2,95.1,0
33.802604,-112.190323,4575,57.0,90.0,64
33.802604,-112.188034,4575,61.0,91.9,0
33.802557,-112.187233,4575,65.1,92.6,-64
33.802551,-112.186665,4575,68.0,91.7,-64
33.802551,-112.185937,4575,72.0,91.6,-128
33.802511,-112.185287,4550,76.0,90.8,-384
33.802505,-112.184535,4550,80.0,90.7,-448
33.802505,-112.182966,4525,84.0,90.7,-320
33.802511,-112.18174,4525,88.0,90.0,-64
33.802557,-112.176476,4550,92.1,88.1,192
33.802689,-112.17439,4575,92.5,83.8,256
33.802963,-112.17254,4600,91.8,78.7,448
33.803349,-112.170925,4600,92.4,74.3,320
33.803814,-112.169151,4600,93.1,69.2,0
33.804382,-112.167776,4625,94.8,63.7,0
33.805023,-112.166486,4625,96.6,58.1,0
33.805816,-112.165146,4600,98.6,53.2,-64
33.807352,-112.162971,4625,98.6,49.5,128
33.809372,-112.160209,4625,98.4,47.1,64
33.810471,-112.158966,4625,99.0,44.2,64
33.811542,-112.157936,4650,100.3,38.9,64
33.812668,-112.157014,4650,102.1,32.6,0
33.813916,-112.156219,4650,102.0,26.8,0
33.81494,-112.155704,4650,103.1,22.8,64
33.815918,-112.155332,4650,103.2,16.3,128
33.817361,-112.155018,4675,103.6,10.0,320
33.820084,-112.154547,4675,103.8,7.2,128
33.822235,-112.154267,4675,99.7,6.9,-128
33.823366,-112.154102,4675,95.6,6.6,-64
33.824018,-112.153988,4675,91.7,6.9,128
33.824437,-112.153931,4675,88.6,6.5,256
33.824799,-112.153931,4700,85.5,6.0,320
33.825394,-112.153819,4700,82.5,6.3,384
33.825897,-112.153763,4725,78.3,5.1,448
33.827133,-112.15365,4725,74.2,3.9,192
33.829046,-112.153587,4700,76.0,1.5,-256
33.82988,-112.153594,4700,79.0,1.5,-512
33.833049,-112.153473,4625,80.1,2.2,-512
33.834091,-112.153426,4600,76.1,2.3,-384
33.834732,-112.15337,4600,72.1,2.4,-192
33.83551,-112.15337,4600,69.1,2.5,-192
33.836075,-112.153301,4600,65.1,2.6,-128
33.836975,-112.153258,4575,61.0,1.9,-256
33.839334,-112.15313,4500,57.1,3.0,-512
33.840079,-112.15313,4450,62.0,1.9,-960
33.840363,-112.15309,4450,67.0,0.9,-1024
33.840683,-112.15309,4425,71.0,0.8,-960
33.841149,-112.153072,4400,75.0,0.8,-1024
33.84169,-112.15309,4400,79.0,0.7,-832
33.842194,-112.15309,4400,81.0,0.7,-448
33.843104,-112.153072,4375,85.0,0.7,-192
33.84506,-112.153015,4400,89.0,0.6,128
33.846542,-112.153034,4400,93.0,1.2,0
33.849426,-112.152922,4425,95.0,1.8,448
33.85302,-112.152786,4525,92.0,1.2,576
33.857346,-112.152641,4575,93.1,1.9,128
33.860916,-112.152529,4550,98.0,1.8,-128
33.867731,-112.152214,4575,99.1,2.9,192
33.8695,-112.152042,4575,94.3,4.3,64
33.871124,-112.151857,4575,89.5,5.8,0
33.873457,-112.151527,4575,84.6,6.8,0
33.875381,-112.15124,4575,80.5,6.4,-64
33.877926,-112.150898,4575,76.4,6.0,-128
33.880783,-112.150568,4525,71.5,6.4,-320
33.881464,-112.15044,4525,67.5,6.8,-128
33.884257,-112.149982,4500,65.8,8.8,-128
33.884995,-112.149839,4525,65.1,10.6,256
33.886538,-112.14941,4575,60.9,14.3,576
33.887741,-112.148998,4625,59.8,17.5,384
33.888748,-112.14855,4625,60.5,22.3,128
33.88975,-112.14798,4625,60.8,27.4,128
33.890854,-112.147148,4650,59.7,31.3,320
33.891658,-112.146549,4675,59.6,34.8,192
33.891998,-112.146139,4675,61.6,41.7,256
33.892456,-112.145635,4625,66.5,43.8,-192
33.89259,-112.145462,4600,73.5,45.0,-1152
33.892776,-112.14529,4575,77.8,45.0,-1600
33.893055,-112.144947,4550,87.9,41.3,-1984
33.893381,-112.144661,4525,88.7,40.0,-1728
33.893753,-112.144318,4525,93.2,35.4,-1280
33.894333,-112.143953,4500,96.7,28.4,-832
33.89502,-112.143673,4500,98.7,19.5,-448
33.895477,-112.143561,4525,98.2,14.7,-64
33.896593,-112.143345,4525,98.0,8.2,320
33.898222,-112.14323,4575,96.1,3.0,576
33.900513,-112.143056,4600,94.2,3.7,320
33.901574,-112.142944,4600,89.5,5.8,-128
33.902847,-112.142776,4600,84.7,7.5,0
33.9046,-112.142487,4600,79.9,8.6,0
33.906369,-112.142086,4600,75.1,10.0,0
33.908661,-112.141543,4575,71.8,12.9,-192
33.912141,-112.140598,4575,74.5,11.6,192
33.913119,-112.140369,4600,70.6,12.3,640
33.913957,-112.140141,4650,65.7,13.2,832
33.915848,-112.139581,4725,61.6,13.1,448
33.91661,-112.139282,4700,62.9,17.6,0
33.917495,-112.138882,4725,64.3,21.0,64
33.918503,-112.138348,4725,61.3,26.1,384
33.919098,-112.137956,4750,62.7,33.9,448
33.919373,-112.137675,4750,66.0,35.1,256
33.919543,-112.137566,4750,68.8,35.5,0
33.919785,-112.137339,4700,74.6,35.2,-768
33.919962,-112.137222,4700,80.5,32.3,-1408
33.920334,-112.136947,4675,83.0,31.2,-1536
33.920754,-112.136707,4650,89.0,27.4,-1408
33.921126,-112.136536,4625,92.7,23.5,-1088
33.921616,-112.13633,4600,95.5,19.6,-1088
33.922336,-112.136078,4600,98.5,15.3,-704
33.92276,-112.135938,4600,99.0,14.0,-384
33.924271,-112.135601,4600,99.6,10.4,64
33.925873,-112.135265,4650,97.2,8.9,512
33.927643,-112.134933,4700,93.1,8.6,768
33.929535,-112.134649,4750,89.0,8.4,832
33.932252,-112.13419,4825,84.6,6.8,640
33.936488,-112.133617,4900,87.7,7.2,192
33.941116,-112.132911,4975,88.7,7.1,512
33.944595,-112.132406,5050,87.6,6.6,512
33.948406,-112.131844,5125,87.7,7.2,384
33.952176,-112.131271,5200,86.7,7.3,448
33.956772,-112.130557,5275,88.7,7.1,448
33.96037,-112.130013,5350,86.7,7.3,448
33.963861,-112.129555,5425,86.4,5.3,512
33.967725,-112.129097,5500,85.1,3.4,448
33.969727,-112.129097,5525,86.0,0.0,384
33.972565,-112.129211,5575,86.1,357.3,384
33.976523,-112.12944,5650,86.1,357.3,320
33.981458,-112.129669,5725,89.0,358.7,384
33.98616,-112.129784,5800,89.0,359.4,384
33.990234,-112.129884,5875,88.0,358.7,448
33.995087,-112.130052,5950,90.1,357.5,384
33.998217,-112.130299,5975,90.3,355.5,320
33.99939,-112.130501,6000,90.6,349.2,384
34.000443,-112.130893,6025,90.8,341.4,448
34.001242,-112.131329,6050,91.3,335.4,512
34.002313,-112.132015,6050,91.8,330.6,256
34.003384,-112.132874,6075,93.2,324.6,256
34.004874,-112.134304,6075,95.3,321.0,128
34.007446,-112.136891,6075,100.0,319.5,-64
34.011749,-112.141431,6050,104.9,318.9,-64
34.014404,-112.144121,6050,109.2,319.5,-64
34.017862,-112.147636,6075,107.9,320.3,384
34.019351,-112.149239,6100,106.1,316.5,256
34.020143,-112.150269,6100,105.3,308.8,192
34.020562,-112.15107,6125,104.9,304.9,256
34.020887,-112.151928,6125,104.8,299.7,192
34.020981,-112.1525,6125,104.1,283.9,64
34.021088,-112.153314,6125,103.6,276.1,0
34.020767,-112.154996,6100,103.3,255.4,-320
34.020493,-112.1555,6100,103.2,238.5,-384
34.020003,-112.156105,6075,101.8,234.6,-384
34.019852,-112.156285,6075,100.4,215.3,-512
34.01944,-112.156565,6075,99.6,211.5,-384
34.019072,-112.156677,6075,97.5,201.0,-256
34.01857,-112.156789,6075,95.7,190.8,-128
34.018158,-112.156789,6075,94.0,180.0,-64
34.017883,-112.156677,6075,93.7,173.2,64
34.017471,-112.156509,6075,91.4,162.2,256
34.017024,-112.156162,6100,90.1,150.0,256
34.016602,-112.1555,6100,88.2,128.6,320
34.016418,-112.155018,6100,87.7,117.2,320
34.016281,-112.154323,6125,87.8,104.5,320
34.016325,-112.153759,6125,89.5,84.2,192
34.016512,-112.153015,6125,90.0,77.8,128
34.016739,-112.152529,6100,92.7,61.0,-64
34.017014,-112.152137,6100,93.9,51.0,-64
34.01738,-112.151801,6100,95.0,40.7,0
34.017792,-112.15152,6100,96.0,31.4,0
34.018204,-112.151352,6125,97.9,21.6,0
34.018886,-112.151241,6125,99.9,7.5,0
34.019394,-112.15124,6125,101.1,357.7,64
34.019852,-112.151408,6125,102.0,352.1,128
34.020309,-112.151633,6125,102.5,343.0,128
34.020905,-112.152137,6125,102.9,333.4,128
34.02126,-112.1525,6150,104.1,317.7,320
34.021866,-112.153314,6150,105.0,310.4,320
34.022324,-112.154043,6125,105.9,309.2,-128
34.023788,-112.156005,6150,106.1,313.5,192
34.02545,-112.157936,6150,106.2,317.3,128
34.027817,-112.160377,6150,106.5,320.3,-64
34.030563,-112.163011,6125,106.8,321.8,-512
34.033038,-112.165203,6075,109.6,324.3,-512
34.034088,-112.166094,6075,110.7,325.3,-64
34.035416,-112.167047,6075,110.5,328.3,-64
34.036285,-112.167439,6075,110.1,339.3,128
34.037155,-112.167664,6075,108.5,347.8,128
34.038065,-112.167721,6075,107.7,353.6,192
34.038298,-112.167721,6075,106.2,3.2,128
34.038986,-112.167495,6075,105.3,12.1,128
34.039462,-112.167263,6075,105.4,16.5,128
34.039881,-112.16692,6075,103.2,35.5,-256
34.040497,-112.16615,6075,101.8,45.0,-256
34.040719,-112.165718,6075,101.4,53.0,-128
34.040858,-112.165203,6050,99.7,63.2,-256
34.040905,-112.164345,6050,98.8,74.1,-320
34.040771,-112.163572,6050,96.6,96.5,-128
34.040314,-112.162675,6075,92.0,127.5,256
34.039741,-112.162228,6075,91.4,131.9,320
34.039352,-112.162058,6100,89.6,156.3,640
34.03895,-112.161942,6125,89.1,167.7,768
34.038345,-112.161942,6125,90.1,178.1,640
34.037888,-112.162002,6125,92.1,188.8,384
34.037338,-112.162283,6125,95.1,202.2,-64
34.036789,-112.162731,6100,97.7,215.0,-256
34.036377,-112.163348,6100,100.6,228.2,-448
34.03611,-112.163887,6100,102.6,236.9,-384
34.035877,-112.164631,6075,105.6,251.2,-320
34.035782,-112.165309,6075,106.7,254.8,-384
34.035784,-112.165947,6075,109.1,267.9,-384
34.035924,-112.166805,6075,109.8,276.8,-320
34.03611,-112.167377,6075,109.1,289.3,-192
34.036343,-112.167892,6075,109.3,299.6,320
34.037109,-112.169121,6100,108.6,306.8,448
34.037796,-112.169962,6100,107.5,315.8,256
34.039881,-112.172184,6125,104.2,319.3,64
34.046072,-112.178593,6100,105.1,320.4,-64
34.047143,-112.179508,6100,106.0,326.2,-256
34.047981,-112.180023,6100,105.5,333.0,-128
34.048965,-112.180444,6100,103.7,340.9,0
34.049698,-112.180612,6100,102.6,347.0,64
34.050495,-112.18071,6100,100.5,354.3,192
34.051346,-112.180724,6100,99.0,1.2,128
34.052171,-112.180481,6100,97.1,11.9,-64
34.052673,-112.180331,6100,97.1,16.8,-64
34.053452,-112.179827,6100,95.3,26.8,-64
34.053986,-112.179394,6100,93.6,36.8,-64
34.054591,-112.17865,6100,93.4,44.1,-64
34.054871,-112.178135,6100,92.8,52.9,0
34.055283,-112.177193,6100,90.8,61.7,0
34.055466,-112.17652,6100,89.5,69.7,64
34.055615,-112.175617,6100,88.6,78.9,64
34.055649,-112.174894,6100,88.6,83.5,64
34.055603,-112.174222,6100,88.1,93.2,64
34.055476,-112.173157,6100,87.9,101.8,64
34.055237,-112.172316,6100,88.2,107.8,0
34.054824,-112.171268,6125,87.2,116.6,64
34.054367,-112.170466,6100,84.6,122.9,-64
34.053893,-112.169838,6100,80.7,133.0,-256
34.053223,-112.169121,6075,79.5,140.1,-384
34.052444,-112.168448,6050,78.8,146.9,-576
34.051333,-112.167721,6000,78.3,151.8,-896
34.051025,-112.167551,6000,75.6,154.1,-448
34.049881,-112.166935,6000,71.3,157.8,-192
34.048325,-112.166262,5950,70.8,161.1,-640
34.046072,-112.165375,5850,72.1,163.1,-704
34.044117,-112.164803,5800,72.0,166.4,-704
34.041458,-112.164076,5725,69.4,168.4,-320
34.039648,-112.163715,5675,69.9,170.9,-704
34.038158,-112.163486,5600,71.3,174.4,-832
34.036576,-112.163372,5550,73.0,178.4,-832
34.035086,-112.163429,5500,75.1,182.3,-768
34.033859,-112.163572,5450,75.5,186.8,-704
34.031874,-112.164001,5375,78.3,190.3,-832
34.029922,-112.164413,5275,80.1,189.3,-896
34.027405,-112.164974,5225,75.5,191.5,-448
34.024705,-112.165661,5150,72.2,190.4,-640
34.023355,-112.16589,5100,73.6,187.0,-896
34.022098,-112.166004,5050,74.1,182.3,-768
34.020859,-112.165982,5000,73.1,177.6,-576
34.019806,-112.165814,4975,71.5,173.6,-576
34.019072,-112.165661,4975,66.9,170.5,-128
34.017722,-112.165318,4950,66.5,167.9,-512
34.016556,-112.165085,4875,69.4,168.4,-896
34.015441,-112.16486,4825,72.7,172.1,-1152
34.014091,-112.164745,4750,75.1,176.9,-1024
34.011108,-112.164525,4650,75.2,175.4,-704
34.008877,-112.16423,4575,77.5,173.3,-896
34.007434,-112.163944,4500,78.3,169.7,-960
34.00627,-112.163601,4475,77.6,165.1,-704
34.005569,-112.163291,4450,75.8,157.5,-384
34.004974,-112.162899,4450,74.4,149.3,-448
34.004455,-112.162399,4425,73.0,138.9,-256
34.004059,-112.161778,4425,73.2,128.9,-384
34.003738,-112.161049,4400,75.2,118.6,-512
34.00357,-112.160625,4375,76.5,107.5,-640
34.00343,-112.159538,4350,77.7,101.9,-704
34.003464,-112.159144,4325,81.1,87.2,-896
34.003555,-112.158471,4325,81.9,81.6,-960
34.003756,-112.157707,4300,83.7,75.5,-960
34.003989,-112.157135,4275,84.5,64.0,-832
34.004315,-112.156506,4250,84.9,55.6,-704
34.004734,-112.155991,4250,84.2,46.4,-576
34.005249,-112.155444,4225,83.1,39.6,-448
34.005798,-112.155108,4225,81.6,31.0,-384
34.006456,-112.154732,4200,81.2,22.5,-384
34.006968,-112.154617,4200,80.8,15.1,-512
34.007527,-112.154503,4175,81.6,7.0,-576
34.008362,-112.154547,4150,81.1,357.9,-640
34.009063,-112.154675,4125,81.6,348.7,-704
34.009781,-112.154996,4125,80.1,339.5,-512
34.010513,-112.155388,4100,78.3,331.8,-448
34.011158,-112.155991,4075,76.6,324.0,-448
34.011841,-112.156677,4050,76.4,316.1,-640
34.012299,-112.15735,4025,76.7,309.7,-704
34.012665,-112.158023,4000,75.2,303.1,-576
34.012927,-112.158623,4000,75.6,295.9,-640
34.013206,-112.159481,3950,76.9,290.6,-896
34.013346,-112.160168,3925,78.3,284.0,-1088
34.013443,-112.161161,3900,79.3,275.1,-1024
34.013439,-112.161827,3875,79.1,267.1,-896
34.013299,-112.162914,3850,78.1,260.4,-768
34.013123,-112.163516,3825,76.8,251.8,-640
34.012802,-112.1643,3800,75.6,244.1,-512
34.012508,-112.164803,3800,74.9,235.9,-576
34.012136,-112.165375,3775,74.4,228.8,-640
34.011624,-112.16589,3750,73.9,219.5,-576
34.011018,-112.166348,3725,74.1,211.8,-640
34.010413,-112.166748,3700,74.3,205.5,-768
34.009735,-112.167047,3675,75.3,199.4,-832
34.008877,-112.167263,3625,75.9,192.9,-896
34.008132,-112.167377,3600,77.4,185.9,-896
34.006829,-112.16732,3550,78.0,181.5,-832
34.006302,-112.167215,3550,78.1,170.4,-768
34.005525,-112.16692,3525,78.5,162.9,-640
34.004791,-112.166599,3500,77.5,156.4,-640
34.004013,-112.166038,3475,77.5,149.8,-576
34.003244,-112.165375,3450,78.6,143.3,-704
34.001755,-112.16383,3375,80.2,139.6,-832
33.999802,-112.161778,3300,76.4,137.1,-512
33.998703,-112.160433,3250,72.1,133.9,-576
33.996913,-112.158279,3175,69.3,135.0,-704
33.995819,-112.157014,3100,69.3,135.0,-832
33.994539,-112.155418,3000,70.0,135.6,-960
33.993049,-112.153816,2925,70.8,138.4,-1024
33.991047,-112.151928,2800,71.2,141.8,-704
33.990256,-112.151127,2750,74.0,141.6,-1280
33.989365,-112.150175,2775,75.8,138.7,-512
33.989185,-112.149925,2800,70.7,136.1,576
33.988358,-112.148942,2850,67.9,135.0,960
33.987671,-112.147989,2900,67.5,129.6,704
33.987184,-112.147179,2900,70.4,128.7,320
33.985657,-112.144738,2950,73.6,126.7,448
33.9841,-112.142104,3025,71.9,124.8,704
33.982668,-112.139683,3125,72.8,127.2,448
33.981903,-112.138572,3125,75.7,132.3,256
33.981033,-112.137563,3150,77.9,138.1,192
33.980164,-112.136722,3175,78.0,143.9,448
33.97934,-112.13605,3200,77.2,148.8,576
33.978385,-112.135506,3225,77.5,156.4,576
33.97764,-112.13522,3250,77.5,162.7,576
33.97673,-112.134985,3250,79.2,169.8,384
33.975685,-112.134876,3275,81.2,176.5,256
33.974579,-112.134873,3275,82.1,182.8,64
33.972613,-112.135105,3275,85.6,186.7,0
33.970099,-112.135506,3275,89.6,186.4,0
33.966002,-112.136021,3250,93.3,184.9,0
33.963318,-112.136218,3250,93.1,181.9,64
33.955994,-112.136554,3250,94.1,183.0,256
33.949383,-112.136879,3275,95.1,182.4,-192
33.946198,-112.137171,3250,97.3,184.7,-64
33.941345,-112.137731,3275,93.5,186.1,0
33.936035,-112.138516,3225,97.3,184.7,-64
33.934021,-112.138653,3225,97.0,181.8,0
33.931693,-112.138596,3225,96.0,178.8,0
33.925967,-112.138424,3175,100.0,178.9,-320
33.920661,-112.138424,3175,98.0,180.6,-64
33.915894,-112.138516,3150,97.0,178.8,-64
33.914383,-112.138404,3175,95.6,173.4,320
33.912415,-112.138012,3200,93.7,168.9,384
33.908697,-112.137165,3225,95.5,169.8,64
33.907067,-112.136936,3225,96.4,174.6,-64
33.90596,-112.136891,3225,96.0,180.0,0
33.904321,-112.136993,3225,96.3,184.8,0
33.899107,-112.137566,3250,96.2,183.6,0
33.896576,-112.137619,3225,101.0,180.0,-320
33.892365,-112.137451,3200,102.1,177.8,0
33.88797,-112.137283,3250,98.0,179.4,192
33.882568,-112.137227,3250,95.0,180.6,-128
33.880096,-112.137395,3250,92.2,183.7,0
33.875784,-112.137566,3250,91.1,181.9,128
33.87085,-112.137794,3225,95.2,183.6,-64
33.866101,-112.138195,3225,96.4,185.4,0
33.862381,-112.13874,3225,97.9,187.6,-128
33.856977,-112.139568,3200,96.6,186.5,-128
33.852834,-112.140083,3225,95.3,184.8,64
33.850067,-112.140254,3225,94.1,181.8,64
33.845106,-112.140312,3225,95.0,180.6,0
33.842406,-112.140255,3225,96.1,177.6,0
33.838635,-112.139912,3200,98.3,175.3,-64
33.831932,-112.139111,3150,97.4,174.7,-64
33.829232,-112.13871,3150,97.0,171.7,-192
33.824204,-112.137852,3100,96.7,172.9,-64
33.819489,-112.137227,3075,96.5,174.1,-384
33.813858,-112.136498,3000,96.6,173.5,-192
33.808283,-112.135677,2950,98.5,174.2,-320
33.802689,-112.134985,2875,99.5,174.2,-576
33.796785,-112.134361,2800,96.4,174.6,-384
33.792847,-112.133808,2725,96.7,172.9,-576
33.789276,-112.133415,2675,96.3,175.2,-384
33.78645,-112.133045,2650,95.9,172.2,-320
33.782776,-112.13235,2575,96.3,170.4,-576
33.780445,-112.131901,2550,96.9,172.3,-256
33.778257,-112.131615,2550,97.3,175.3,-64
33.777093,-112.131615,2550,97.0,180.6,-128
33.776209,-112.131729,2525,98.3,184.7,-192
33.775269,-112.131958,2525,97.5,193.0,-192
33.77449,-112.132294,2525,97.1,200.5,-256
33.773712,-112.132743,2500,96.6,207.1,-128
33.772764,-112.133503,2525,96.0,213.5,0
33.771926,-112.134304,2525,96.3,221.6,64
33.771286,-112.135097,2525,94.8,227.6,128
33.770669,-112.136135,2525,94.1,235.0,64
33.769971,-112.137508,2525,94.5,240.2,-128
33.7689,-112.139568,2500,96.5,236.0,-384
33.768402,-112.140366,2500,96.5,230.0,-64
33.767761,-112.141095,2525,94.9,221.6,320
33.767212,-112.141599,2525,92.9,214.0,512
33.766296,-112.142216,2550,91.2,207.4,640
33.765198,-112.142664,2575,90.5,200.0,640
33.764571,-112.142887,2575,91.5,195.9,192
33.763046,-112.143281,2550,93.6,190.5,-256
33.76149,-112.143561,2550,93.7,186.8,-256
33.75975,-112.143673,2575,92.2,183.7,192
33.757029,-112.143803,2575,91.0,181.3,0
33.754702,-112.143745,2550,93.1,178.1,0
33.747765,-112.143459,2575,91.0,179.4,128
33.741531,-112.143449,2575,94.0,180.0,-64
33.734545,-112.143517,2575,94.0,178.8,0
33.7311,-112.143517,2550,93.0,181.2,-448
33.730453,-112.143505,2575,93.0,181.2,-64
33.721976,-112.143688,2575,91.1,181.9,64
33.715691,-112.143917,2600,90.0,180.6,128
33.714015,-112.143917,2600,91.0,180.6,-256
33.710337,-112.14386,2575,86.0,179.3,128
33.707451,-112.143745,2550,82.1,177.2,-256
33.702098,-112.143574,2525,83.0,178.6,0
33.697861,-112.143459,2525,85.1,177.3,0
33.696899,-112.143337,2525,86.0,171.3,-128
33.695906,-112.143059,2525,85.4,163.7,0
33.695251,-112.142664,2525,85.0,154.9,-64
33.694417,-112.142086,2525,84.4,148.6,64
33.693832,-112.141543,2525,83.9,140.8,192
33.693299,-112.140942,2525,84.2,135.5,0
33.692648,-112.140026,2525,83.2,128.7,-64
33.692001,-112.138852,2525,82.7,124.7,64
33.691406,-112.137675,2525,81.0,118.8,128
33.690857,-112.136218,2525,79.7,113.7,-128
33.690445,-112.134761,2500,81.0,108.0,-384
33.690041,-112.132988,2450,82.2,103.4,-576
33.689529,-112.12994,2400,82.4,100.5,-512
33.689209,-112.127698,2375,77.8,98.1,-192
33.689156,-112.126808,2350,73.6,97.0,-256
33.688877,-112.124634,2300,69.1,100.0,-640
33.688568,-112.123158,2225,71.3,104.6,-1024
33.688156,-112.121028,2175,73.5,101.8,-704
33.687946,-112.119541,2150,72.6,97.1,-384
33.68779,-112.117216,2100,72.2,94.0,-384
33.68776,-112.115364,2075,70.0,90.8,-448
33.68779,-112.113629,2050,70.1,86.7,-512
33.687899,-112.1101,1950,70.1,86.7,-576
33.688156,-112.106959,1875,67.1,86.6,-512
33.688318,-112.103806,1800,66.3,84.8,-512
33.688614,-112.099111,1750,65.2,85.6,-320
33.688784,-112.095966,1675,65.1,86.5,-448
33.689017,-112.092018,1625,64.0,88.2,-512
33.689156,-112.0895,1575,63.2,85.5,-448
33.689342,-112.086868,1525,58.2,85.1,-64
33.689346,-112.086387,1500,55.1,85.8,-448
33.689436,-112.084579,1525,54.2,85.8,-640
33.689482,-112.083778,1525,50.1,86.6,64
33.689621,-112.082015,1525,61.1,86.2,-64
33.689621,-112.081623,1525,66.3,84.8,-192
33.689761,-112.07983,1550,70.2,85.9,320
33.689896,-112.077587,1575,74.2,85.4,384
33.690134,-112.073994,1650,77.2,85.5,448
33.690367,-112.07119,1750,77.3,84.8,704
33.690692,-112.067642,1825,76.5,83.2,576
33.691018,-112.065067,1925,71.9,81.2,832
33.691315,-112.063293,2000,68.7,77.4,832
33.69153,-112.062378,2025,69.0,70.5,704
33.691818,-112.061724,2025,69.8,60.9,640
33.69223,-112.060995,2050,71.1,50.7,512
33.692551,-112.060603,2075,72.2,47.2,448
33.692927,-112.060204,2075,73.9,39.5,512
33.693375,-112.059874,2100,74.6,35.2,640
33.693858,-112.059574,2100,76.5,25.6,448
33.694417,-112.059402,2125,78.9,15.4,448
33.695068,-112.059288,2125,81.6,7.0,320
33.695984,-112.059258,2150,84.0,0.7,256
33.699463,-112.059314,2200,84.0,0.0,704
33.701399,-112.059402,2275,81.2,356.5,896
33.703029,-112.059631,2325,80.8,352.2,576
33.703812,-112.059818,2350,81.3,346.5,512
33.704544,-112.060155,2375,81.2,337.5,640
33.705002,-112.060435,2375,82.0,330.0,576
33.705543,-112.061005,2400,82.3,319.9,576
33.705963,-112.0615,2400,82.1,312.0,640
33.706329,-112.062172,2425,82.4,303.1,576
33.706604,-112.062845,2450,81.9,295.3,512
33.706846,-112.063751,2450,82.6,286.9,512
33.706986,-112.064438,2475,82.6,281.2,640
33.707079,-112.065353,2500,83.4,275.5,512
33.707125,-112.067127,2525,84.0,271.4,256
33.707125,-112.069473,2575,83.0,270.7,704
33.707125,-112.071304,2600,84.0,269.3,320
33.707108,-112.072038,2600,86.0,269.3,-128
33.707079,-112.07325,2575,90.0,269.4,-256
33.707108,-112.074952,2575,94.0,270.6,-256
33.707172,-112.077141,2575,96.0,271.2,128
33.707218,-112.087841,2600,100.0,271.1,64
33.707451,-112.098885,2625,99.0,270.6,128
33.707474,-112.107687,2625,94.0,269.4,128
33.707428,-112.109761,2625,91.1,266.9,0
33.707245,-112.110714,2625,88.8,258.3,256
33.706986,-112.111645,2625,86.7,251.1,256
33.706753,-112.11216,2625,85.9,242.2,64
33.706381,-112.112732,2625,84.0,231.8,-128
33.706055,-112.113068,2625,82.1,223.0,-320
33.705734,-112.113349,2625,81.2,218.0,-320
33.705263,-112.11359,2625,77.4,206.9,64
33.704819,-112.113685,2650,73.5,195.0,384
33.704146,-112.113819,2675,70.5,186.5,576
33.702805,-112.113909,2675,69.2,184.1,128
33.701981,-112.113965,2650,72.1,183.2,-320
33.699025,-112.11422,2575,76.2,184.5,-576
33.695251,-112.114526,2500,73.1,183.1,-576
33.693649,-112.114582,2450,77.0,181.5,-896
33.692413,-112.114582,2375,78.2,175.6,-1024
33.691717,-112.114449,2350,78.3,169.7,-960
33.691065,-112.114162,2325,77.2,161.1,-704
33.690582,-112.113853,2325,76.5,152.8,-704
33.690041,-112.113419,2300,75.2,144.2,-704
33.689621,-112.113012,2275,75.0,137.2,-832
33.689301,-112.112508,2250,74.5,130.1,-832
33.688923,-112.111759,2225,73.9,120.0,-960
33.688705,-112.111219,2200,73.1,109.2,-832
33.688522,-112.110266,2175,71.1,103.8,-768
33.688431,-112.109425,2150,69.3,95.0,-576
33.688458,-112.108154,2100,69.0,89.2,-768
33.688522,-112.106566,2050,71.1,86.8,-768
33.688522,-112.106398,2025,73.0,90.0,-1280
33.688504,-112.104664,1975,72.0,88.4,-832
33.688551,-112.104034,1975,70.4,84.3,-384
33.68866,-112.102979,1925,69.3,85.0,-768
33.68866,-112.102194,1900,71.0,89.2,-1280
33.688614,-112.1004,1825,71.1,93.2,-832
33.688568,-112.098999,1775,68.0,88.3,-704
33.688737,-112.096424,1700,66.2,85.7,-448
33.68898,-112.092777,1625,63.2,85.5,-192
33.689209,-112.088853,1550,62.1,86.3,-384
33.689301,-112.086836,1550,57.1,86.0,-64
33.689438,-112.085098,1525,50.3,84.3,-192
33.689484,-112.084369,1525,48.1,86.4,0
33.689575,-112.082576,1525,56.1,85.9,0
33.689622,-112.081947,1525,60.2,85.2,-64
33.689715,-112.080631,1525,67.2,85.7,64
33.689855,-112.077827,1575,72.1,87.6,448
33.689987,-112.074504,1675,73.1,87.7,512
33.690125,-112.071253,1750,72.2,86.0,640
33.690308,-112.069067,1800,73.6,83.0,512
33.690811,-112.065199,1875,76.0,80.9,384
33.691269,-112.061836,1975,76.0,80.9,640
33.691484,-112.059803,2025,75.4,83.9,640
33.69167,-112.057285,2075,78.1,87.1,384
33.691763,-112.053509,2150,78.1,87.8,640
33.691864,-112.050233,2250,74.1,87.7,832
33.692093,-112.046758,2325,73.2,86.1,448
33.69223,-112.043227,2400,75.1,87.7,448
33.692322,-112.039948,2500,75.1,87.7,576
33.692415,-112.036114,2575,76.0,88.5,512
33.692461,-112.034569,2575,79.0,88.6,128
33.692555,-112.032967,2575,83.4,84.5,-192
33.692688,-112.032072,2575,84.9,77.8,-64
33.692927,-112.03125,2575,85.8,68.8,64
33.693346,-112.030392,2600,84.7,59.5,384
33.693718,-112.029819,2600,85.4,51.7,512
33.694244,-112.029157,2625,85.6,42.6,384
33.694794,-112.028709,2625,86.3,34.6,320
33.695394,-112.028389,2625,86.8,26.0,256
33.696167,-112.028036,2625,87.5,22.2,192
33.696808,-112.027812,2650,87.6,13.9,128
33.697632,-112.0277,2650,87.1,9.2,192
33.698886,-112.027588,2650,88.1,3.2,0
33.700515,-112.027588,2650,89.0,358.7,64
33.702988,-112.0277,2625,92.1,358.1,-384
33.704865,-112.027812,2575,96.3,355.2,-576
33.706055,-112.028036,2575,95.4,350.3,-320
33.706893,-112.028275,2575,94.9,343.5,-192
33.707451,-112.028561,2575,94.2,337.5,64
33.70815,-112.029133,2575,93.0,328.2,64
33.708569,-112.029533,2575,93.1,320.7,128
33.708984,-112.03011,2575,92.3,309.7,0
33.709351,-112.030839,2575,91.9,300.8,-64
33.709546,-112.031422,2575,92.5,291.6,-128
33.709732,-112.032452,2575,92.6,280.6,0
33.709808,-112.033642,2575,92.1,273.1,64
33.709779,-112.035542,2550,94.0,268.8,-384
33.709732,-112.041264,2525,95.0,270.6,-128
33.709763,-112.044067,2550,91.0,270.6,256
33.709732,-112.047729,2600,88.1,268.0,192
33.709593,-112.052879,2575,92.0,270.0,-128
33.709671,-112.056119,2575,93.1,272.5,-64
33.709854,-112.058529,2575,94.6,276.7,-128
33.710358,-112.063406,2575,95.3,274.8,-64
33.710449,-112.066825,2575,97.1,272.4,-64
33.710541,-112.071926,2550,98.0,270.6,-64
33.710524,-112.08086,2575,98.0,269.4,-64
33.710541,-112.086667,2575,99.0,271.2,128
33.710632,-112.092833,2575,99.0,269.4,-192
33.710587,-112.098775,2525,102.0,271.1,-192
33.710678,-112.105445,2500,100.0,270.0,-192
33.710587,-112.109761,2475,95.0,268.2,-384
33.710403,-112.111947,2450,93.5,263.9,-320
33.71022,-112.115198,2425,92.1,266.9,-192
33.710151,-112.118626,2450,88.0,268.7,128
33.710058,-112.121258,2475,83.1,267.2,512
33.709854,-112.125064,2550,82.2,266.5,256
33.709732,-112.127438,2550,86.3,265.4,0
33.709546,-112.128639,2550,89.1,257.7,64
33.709259,-112.129492,2575,90.3,248.6,128
33.708847,-112.130276,2575,90.4,237.2,256
33.708435,-112.130893,2575,90.1,229.9,192
33.707932,-112.131397,2600,90.0,220.9,320
33.707382,-112.131846,2600,90.1,213.7,256
33.706567,-112.132244,2600,90.0,204.3,64
33.705872,-112.132462,2575,90.3,195.4,-192
33.704658,-112.132759,2575,90.9,188.2,-320
33.703354,-112.132855,2550,91.1,183.1,-384
33.701889,-112.132855,2525,93.1,178.1,-448
33.699005,-112.132799,2475,96.0,181.2,-256
33.693329,-112.133023,2425,96.0,181.2,-448
33.692001,-112.132967,2400,95.2,176.4,-576
33.690857,-112.132743,2400,93.6,169.5,-256
33.689761,-112.132359,2375,92.1,162.9,-256
33.689017,-112.131958,2350,89.9,154.3,-576
33.688132,-112.131329,2325,89.0,147.4,-704
33.687387,-112.130585,2275,87.3,140.1,-832
33.686691,-112.129716,2250,86.4,132.2,-768
33.686223,-112.128925,2225,85.4,125.0,-640
33.685851,-112.128124,2225,83.2,115.6,-448
33.685618,-112.127266,2200,79.7,107.5,-384
33.685501,-112.126409,2200,75.8,98.3,-384
33.685432,-112.125435,2175,74.0,91.6,-512
33.685432,-112.123432,2100,73.1,93.1,-960
33.685364,-112.121308,2000,74.0,90.8,-1088
33.68541,-112.119795,1975,73.2,86.1,-640
33.685593,-112.116431,1900,71.1,86.8,-512
33.685851,-112.112389,1825,73.2,85.3,-448
33.686188,-112.107351,1775,69.2,85.9,-320
33.686371,-112.104212,1700,66.2,85.7,-448
33.6866,-112.100288,1625,67.1,87.4,-512
33.686782,-112.097683,1625,66.3,84.8,-384
33.686922,-112.094593,1550,66.2,85.7,-448
33.687108,-112.092133,1525,62.1,86.3,-384
33.687149,-112.090983,1500,57.1,86.0,-192
33.687332,-112.088405,1525,52.2,85.6,-64
33.687332,-112.088125,1525,44.1,87.4,192
33.687341,-112.08744,1525,48.2,85.2,64
33.687378,-112.087004,1525,50.2,85.4,64
33.687387,-112.086639,1525,54.2,85.8,0
33.687434,-112.085953,1525,60.1,86.2,64
33.687527,-112.084866,1525,66.1,86.5,-64
33.687561,-112.083921,1525,70.3,85.1,64
33.687653,-112.082183,1550,75.1,86.9,256
33.687853,-112.079601,1575,79.3,84.9,512
33.688039,-112.075768,1675,80.2,86.4,640
33.688225,-112.071991,1750,79.1,87.1,576
33.688411,-112.068043,1850,80.1,87.1,576
33.688477,-112.064078,1925,80.0,89.3,448
33.688522,-112.0615,2000,76.1,87.0,832
33.688691,-112.059116,2100,72.3,85.2,832
33.688889,-112.05567,2175,77.2,85.5,512
33.689117,-112.052363,2275,76.3,84.7,704
33.689301,-112.04872,2325,78.1,87.1,512
33.689436,-112.04464,2400,82.1,87.9,384
33.689668,-112.040005,2475,85.1,86.6,512
33.689667,-112.03835,2500,86.1,92.0,448
33.689529,-112.037061,2500,87.8,97.8,448
33.689296,-112.035656,2525,90.7,104.0,320
33.688889,-112.034202,2525,92.7,110.2,128
33.68811,-112.032072,2550,93.5,114.7,320
33.686783,-112.028821,2575,96.6,117.1,192
33.68486,-112.024673,2575,98.5,119.2,-192
33.683167,-112.021142,2575,99.0,119.7,256
33.680923,-112.016265,2600,99.6,121.5,-128
33.679473,-112.013741,2575,101.3,124.9,-64
33.676575,-112.009034,2575,103.6,126.8,0
33.67305,-112.003597,2525,99.0,125.1,-192
33.671327,-112.000523,2525,96.3,122.7,64
33.669846,-111.997544,2575,94.5,119.8,128
33.667463,-111.992626,2550,97.4,121.6,-64
33.665359,-111.988743,2550,98.7,123.8,0
33.663162,-111.985044,2550,100.2,126.1,0
33.660828,-111.981457,2550,101.8,128.2,-64
33.655746,-111.973665,2525,102.5,128.7,64
33.654785,-111.97232,2550,98.0,130.0,320
33.651947,-111.96834,2550,95.0,130.7,-128
33.649308,-111.964645,2525,98.9,128.8,-256
33.648148,-111.962735,2500,98.5,124.7,-192
33.643204,-111.953935,2500,96.5,124.0,0
33.641098,-111.950179,2500,96.3,122.7,0
33.64032,-111.948498,2500,96.2,117.9,-64
33.639904,-111.94725,2500,97.3,112.3,-128
33.639542,-111.945975,2500,96.5,107.5,-64
33.639206,-111.944389,2475,96.9,101.3,-128
33.639066,-111.942673,2450,97.4,95.3,-320
33.639038,-111.941435,2450,98.0,88.8,-448
33.639206,-111.939926,2425,99.0,81.9,-320
33.639485,-111.938324,2425,99.0,76.0,-256
33.639997,-111.936436,2400,99.6,70.7,-320
33.640556,-111.934776,2375,100.7,64.7,-192
33.641301,-111.933117,2375,100.0,59.3,-256
33.641719,-111.932373,2375,98.5,57.4,192
33.642746,-111.930729,2400,94.2,52.8,128
33.644373,-111.928253,2375,89.5,50.4,-256
33.645351,-111.926823,2350,87.0,52.5,-192
33.645767,-111.925964,2350,83.4,59.7,-384
33.646088,-111.92518,2325,79.3,67.0,-192
33.646362,-111.924115,2325,75.0,73.7,0
33.6465,-111.923218,2325,73.5,78.2,-128
33.646561,-111.922417,2300,72.3,85.2,-448
33.646591,-111.921088,2275,71.0,90.0,-384
33.646514,-111.91967,2250,69.3,95.0,-512
33.646375,-111.918526,2225,69.2,100.8,-576
33.646142,-111.917439,2200,68.7,106.1,-512
33.645813,-111.916323,2175,68.7,111.3,-512
33.645218,-111.914754,2125,68.9,115.8,-576
33.643861,-111.911602,2050,69.8,117.3,-576
33.642563,-111.908532,1975,69.4,118.4,-320
33.641207,-111.905708,1900,69.5,120.3,-576
33.640649,-111.904564,1900,67.2,120.4,-128
33.638787,-111.900845,1875,66.0,122.0,-256
33.638351,-111.90018,1875,65.6,127.6,-256
33.637949,-111.8997,1850,65.8,135.6,-448
33.637482,-111.899227,1825,65.6,142.4,-384
33.63707,-111.898947,1825,66.4,149.2,-384
33.63652,-111.898667,1800,66.9,158.0,-576
33.635761,-111.898441,1775,67.9,166.4,-576
33.635249,-111.898327,1775,68.4,174.1,-576
33.634644,-111.898386,1750,69.1,182.5,-512
33.63414,-111.898499,1725,70.2,190.7,-512
33.633526,-111.898727,1725,71.2,199.7,-448
33.633041,-111.899003,1700,72.9,208.7,-704
33.632502,-111.899471,1675,73.8,215.6,-768
33.631943,-111.900124,1650,74.3,223.4,-704
33.629745,-111.902646,1575,70.7,223.9,-384
33.628647,-111.903936,1550,67.9,223.8,-512
33.627754,-111.904907,1550,60.8,223.7,-256
33.627548,-111.905169,1550,54.5,222.8,0
33.627228,-111.905561,1550,49.5,223.4,0
33.626962,-111.905823,1550,45.3,223.2,0
33.626497,-111.906338,1550,39.6,222.9,0
33.626241,-111.906638,1525,24.5,225.0,0
33.625923,-111.907005,1525,23.5,225.0,0
33.625531,-111.907554,1525,21.5,233.4,0
33.625431,-111.907747,1525,20.5,241.9,0
33.625362,-111.907943,1525,18.5,253.1,0
33.625305,-111.90828,1525,14.8,261.6,0
33.625294,-111.908532,1525,6.8,270.0,0
33.628685,-111.903934,1550,48.1,223.3,0
33.628359,-111.904278,1550,62.9,224.4,-192
33.627686,-111.905113,1550,67.9,225.0,-320
33.627594,-111.905225,1550,70.0,225.6,192
33.625443,-111.907747,1625,75.0,223.9,576
33.6251,-111.908169,1625,76.4,225.0,256
33.623337,-111.910326,1700,75.0,227.2,640
33.621469,-111.912804,1800,77.2,227.6,512
33.619446,-111.915483,1875,78.6,228.6,768
33.618073,-111.917444,1975,76.7,230.3,960
33.616196,-111.920079,2050,76.7,230.3,512
33.615464,-111.921329,2075,78.2,234.9,512
33.615189,-111.921873,2075,79.7,241.5,128
33.614952,-111.922531,2075,81.3,249.1,64
33.614812,-111.923447,2100,84.7,258.4,192
33.614777,-111.924339,2100,87.1,268.0,256
33.614812,-111.925049,2125,88.3,274.5,384
33.615005,-111.926189,2125,89.5,283.6,384
33.615324,-111.927166,2150,90.6,292.0,384
33.615697,-111.927967,2150,90.4,299.1,576
33.616209,-111.928768,2175,89.8,307.8,448
33.616791,-111.929496,2200,89.1,315.9,704
33.617605,-111.930256,2250,88.6,323.3,832
33.618347,-111.930785,2250,87.7,331.4,512
33.619171,-111.931177,2275,86.4,339.7,576
33.619933,-111.9314,2300,86.1,347.2,448
33.620728,-111.931514,2325,85.3,355.3,512
33.621918,-111.931458,2325,86.1,2.0,320
33.626083,-111.931345,2400,89.0,1.3,384
33.629013,-111.931233,2475,84.1,2.0,832
33.631577,-111.931121,2575,80.0,1.4,704
33.632767,-111.931065,2575,81.0,1.4,320
33.635696,-111.930897,2650,85.1,3.4,448
33.63874,-111.930656,2750,82.2,4.2,640
33.641144,-111.930505,2800,82.0,1.4,512
33.64444,-111.930449,2875,82.0,0.0,512
33.647369,-111.930561,2975,81.1,357.9,640
33.650299,-111.930729,3000,85.2,356.0,256
33.653641,-111.931121,3075,86.5,354.0,512
33.656337,-111.931515,3175,83.7,352.5,640
33.656942,-111.931572,3200,82.7,352.4,1024
33.659454,-111.932074,3300,82.0,350.9,640
33.662715,-111.932716,3350,86.3,350.0,384
33.666113,-111.933403,3450,86.1,350.6,704
33.669937,-111.934092,3525,85.8,352.0,448
33.673468,-111.934719,3600,86.1,350.6,512
33.677518,-111.935463,3675,86.8,352.1,512
33.68101,-111.936092,3750,87.0,351.4,640
33.683624,-111.936558,3850,86.3,350.0,768
33.687149,-111.937287,3925,86.0,351.3,384
33.690646,-111.937923,4000,87.0,351.4,576
33.694044,-111.93861,4075,87.3,350.1,576
33.69548,-111.938856,4100,91.4,349.9,256
33.696671,-111.939137,4100,95.5,349.8,64
33.699142,-111.939641,4100,100.5,350.3,128
33.701306,-111.940098,4150,100.3,350.8,576
33.704239,-111.940613,4250,96.0,351.6,832
33.707428,-111.941155,4350,91.8,352.5,704
33.711227,-111.941715,4400,94.5,353.9,320
33.715458,-111.942158,4475,92.3,355.0,576
33.719009,-111.942556,4550,91.4,355.0,512
33.722626,-111.942892,4600,96.3,355.8,320
33.726517,-111.943285,4675,97.4,354.7,640
33.729813,-111.943621,4775,95.3,355.8,640
33.731891,-111.943874,4825,92.9,352.0,704
33.733008,-111.94416,4850,93.1,345.1,768
33.733932,-111.94463,4875,93.2,337.3,576
33.734985,-111.945303,4900,94.9,331.0,576
33.735615,-111.945877,4900,96.0,324.3,320
33.736314,-111.946678,4925,97.7,317.5,512
33.737152,-111.947594,4925,99.7,316.2,64
33.739059,-111.949675,4925,103.5,318.9,128
33.740982,-111.95158,4950,102.9,320.1,384
33.742218,-111.952814,5000,100.8,319.8,832
33.744088,-111.954689,5100,98.1,320.8,768
33.746788,-111.957321,5150,100.1,320.3,320
33.749908,-111.960381,5225,99.5,320.7,576
33.754395,-111.964865,5275,97.3,320.4,192
33.756983,-111.967278,5325,100.6,322.7,448
33.759842,-111.969742,5375,102.7,324.9,448
33.763275,-111.9726,5450,101.0,326.3,512
33.766898,-111.975403,5525,104.3,327.5,192
33.772159,-111.979408,5575,105.2,327.8,64
33.780538,-111.985588,5575,107.7,328.7,-192
33.78598,-111.989472,5525,109.8,329.9,0
33.792083,-111.993656,5550,104.8,330.3,0
33.797607,-111.997432,5550,100.3,330.1,128
33.803628,-112.001781,5575,99.1,329.0,0
33.806671,-112.00399,5550,103.2,328.5,-128
33.811216,-112.007389,5550,107.9,327.5,0
33.819534,-112.013799,5575,104.8,327.1,128
33.826066,-112.01889,5625,106.8,326.5,128
33.834306,-112.025356,5625,107.1,327.2,128
33.838577,-112.028821,5650,105.7,325.4,256
33.843704,-112.033137,5700,104.9,325.1,64
33.851344,-112.03949,5700,108.2,324.4,-384
33.856465,-112.043953,5650,108.6,323.2,-256
33.85991,-112.0471,5575,110.6,322.7,-384
33.863774,-112.050591,5525,107.2,323.3,64
33.869639,-112.055912,5575,107.2,323.3,128
33.873969,-112.059631,5575,106.3,325.0,-64
33.879322,-112.06398,5575,106.8,326.5,0
33.884676,-112.068157,5525,107.4,327.9,-64
33.892869,-112.074223,5550,106.3,328.9,64
33.898362,-112.0784,5525,105.7,327.4,-64
33.901481,-112.080803,5550,104.9,325.1,0
33.902252,-112.081623,5550,104.2,319.3,192
33.902802,-112.082407,5575,102.3,309.5,384
33.903168,-112.08308,5575,100.2,298.6,576
33.903351,-112.083921,5600,98.4,287.1,704
33.903397,-112.084425,5600,96.1,272.4,512
33.903305,-112.085266,5625,95.2,266.4,448
33.903168,-112.085771,5625,93.6,250.0,256
33.902847,-112.086387,5600,93.1,241.8,64
33.902505,-112.086754,5600,93.3,225.0,-256
33.902133,-112.08704,5575,94.5,209.8,-576
33.901528,-112.087269,5550,95.5,197.7,-768
33.901062,-112.087284,5550,97.0,178.8,-896
33.900421,-112.087172,5525,97.5,170.0,-704
33.900038,-112.086983,5525,98.4,159.2,-512
33.899643,-112.086667,5525,99.1,149.0,-320
33.899323,-112.086275,5525,99.2,139.1,-128
33.899048,-112.085827,5525,99.0,128.0,-64
33.898781,-112.085152,5550,99.4,113.7,384
33.898688,-112.084637,5575,99.7,105.7,512
33.898688,-112.084064,5575,100.2,93.4,576
33.898773,-112.08336,5575,101.3,80.9,640
33.898967,-112.082634,5600,102.8,70.7,640
33.899231,-112.082071,5600,105.5,58.6,320
33.899643,-112.081398,5600,108.3,47.6,128
33.900224,-112.080803,5600,110.9,39.1,-64
33.90097,-112.08039,5575,114.9,27.5,-512
33.901566,-112.080165,5575,118.4,15.7,-640
33.902412,-112.080116,5550,122.2,3.3,-704
33.90311,-112.080231,5525,123.0,359.5,-704
33.903669,-112.080402,5525,124.7,344.2,-704
33.904449,-112.080894,5525,125.2,334.5,-256
33.905411,-112.081623,5525,125.1,327.1,-64
33.906189,-112.082239,5550,121.5,325.4,384
33.907242,-112.083136,5575,117.9,325.4,832
33.908743,-112.084293,5600,116.2,326.6,448
33.909721,-112.085094,5600,116.8,326.2,0
33.917496,-112.091264,5575,112.1,327.0,0
33.920754,-112.093792,5600,111.3,328.6,64
33.921778,-112.094364,5600,111.4,335.0,0
33.922755,-112.094765,5600,111.1,344.3,192
33.923454,-112.094822,5600,109.7,353.7,256
33.924225,-112.094795,5625,109.2,3.2,384
33.924943,-112.094593,5650,108.5,16.6,512
33.925688,-112.094193,5650,108.7,25.6,384
33.926285,-112.093674,5625,109.6,35.7,0
33.926834,-112.092945,5625,109.0,48.0,-384
33.927085,-112.092476,5600,109.2,52.8,-640
33.927271,-112.092018,5575,111.8,68.5,-960
33.927411,-112.091045,5550,112.4,78.2,-1152
33.927383,-112.090479,5525,113.4,94.6,-1088
33.927224,-112.089558,5525,112.5,104.4,-640
33.926743,-112.088517,5525,110.9,124.0,-256
33.92634,-112.08807,5500,111.1,132.4,-320
33.925921,-112.087727,5525,110.4,142.0,-320
33.925455,-112.08744,5500,110.0,154.1,-192
33.924943,-112.087326,5500,109.9,158.1,-192
33.924338,-112.087269,5525,109.4,175.3,0
33.923904,-112.08734,5500,109.4,184.7,0
33.923401,-112.087564,5500,109.9,195.3,-128
33.922943,-112.087845,5500,109.6,205.4,-64
33.922577,-112.088181,5500,108.5,214.9,0
33.922211,-112.088629,5525,108.2,224.6,192
33.921917,-112.089214,5525,109.0,234.7,256
33.921685,-112.089787,5525,108.7,245.6,192
33.92157,-112.090647,5525,110.2,258.5,64
33.921545,-112.091217,5525,110.7,263.8,0
33.921638,-112.091846,5525,111.4,274.6,128
33.921778,-112.092419,5525,112.1,285.5,128
33.922011,-112.092991,5525,112.3,289.2,64
33.922348,-112.093562,5525,112.3,304.1,192
33.922897,-112.094122,5550,113.2,316.4,64
33.923309,-112.094459,5550,112.6,324.8,384
33.924105,-112.094994,5550,113.6,332.8,320
33.925083,-112.095451,5550,113.7,338.9,-64
33.928947,-112.097054,5550,111.0,341.1,64
33.931135,-112.097912,5550,106.6,341.4,64
33.933416,-112.098885,5550,102.9,338.9,-192
33.934616,-112.099616,5550,100.7,332.2,64
33.935418,-112.100258,5550,99.3,325.7,64
33.936069,-112.100887,5550,96.9,317.1,0
33.93663,-112.101634,5550,96.4,310.8,0
33.937134,-112.10253,5550,94.9,302.5,-64
33.937454,-112.103483,5550,93.6,293.3,-192
33.937637,-112.104268,5525,93.4,283.0,-320
33.937792,-112.10535,5525,94.5,276.1,-512
33.937775,-112.106566,5500,95.1,267.6,-640
33.937606,-112.107925,5475,96.2,261.0,-576
33.937134,-112.110826,5425,98.3,257.7,-256
33.935898,-112.117665,5450,93.9,258.3,64
33.934626,-112.124805,5475,89.1,257.7,-64
33.932922,-112.1342,5500,85.1,257.1,64
33.931961,-112.138852,5550,84.6,255.6,256
33.931321,-112.141685,5550,88.9,253.0,0
33.930222,-112.145803,5575,92.2,254.9,256
33.929366,-112.150269,5575,94.4,257.1,-128
33.928574,-112.154323,5575,90.0,257.8,192
33.928436,-112.155108,5625,87.9,258.2,512
33.928299,-112.156061,5650,83.5,259.0,768
33.927969,-112.158108,5675,80.4,259.2,384
33.92783,-112.158909,5675,81.6,258.7,0
33.927643,-112.160053,5650,83.7,258.3,-448
33.927017,-112.163852,5575,80.4,259.2,-320
33.926834,-112.165029,5575,76.1,260.2,-128
33.926559,-112.166655,5525,74.3,259.1,-576
33.926056,-112.170018,5450,71.4,258.7,-512
33.92569,-112.172036,5400,67.3,258.9,-320
33.925595,-112.172756,5400,63.2,259.0,-192
33.925502,-112.173328,5400,58.9,260.2,0
33.925455,-112.173901,5425,54.6,261.6,128
33.925323,-112.174894,5400,50.4,263.2,-128
33.925278,-112.175343,5375,51.6,261.1,-512
33.925232,-112.175455,5375,54.9,259.5,-704
33.925176,-112.175846,5350,59.7,256.4,-960
33.925095,-112.176128,5325,63.1,255.3,-1024
33.92499,-112.176476,5300,70.2,252.6,-1408
33.924911,-112.176912,5275,73.4,252.6,-1408
33.924774,-112.177305,5275,75.3,253.0,-1024
33.924637,-112.177977,5275,76.2,253.2,-576
33.924524,-112.178364,5275,77.5,252.7,-128
33.923966,-112.180595,5300,81.6,252.9,256
33.922942,-112.184429,5375,82.9,252.4,512
33.921982,-112.188179,5450,82.6,253.1,576
33.921021,-112.192046,5525,83.2,254.0,384
33.920288,-112.19541,5550,88.1,254.9,256
33.919739,-112.197932,5550,92.2,254.9,0
33.918845,-112.201939,5550,88.5,256.3,-64
33.918594,-112.203257,5575,84.0,257.6,0
33.918457,-112.20393,5575,79.1,256.8,320
33.918274,-112.204883,5575,74.2,256.0,256
33.917953,-112.206284,5575,72.0,256.4,-192
33.917816,-112.207013,5550,74.5,258.4,-640
33.917679,-112.207965,5525,78.6,258.3,-704
33.917402,-112.209435,5500,82.0,257.3,-256
33.917076,-112.211094,5500,86.4,256.6,-128
33.916285,-112.214756,5500,91.2,254.7,64
33.915619,-112.217382,5500,96.2,253.1,-256
33.914376,-112.222023,5425,101.2,251.6,-448
33.913491,-112.225628,5425,98.8,254.1,0
33.911819,-112.233077,5425,98.2,255.3,-64
33.911443,-112.235012,5400,93.6,256.4,-192
33.911179,-112.236216,5400,89.3,257.0,128
33.910838,-112.238102,5425,84.9,257.8,0
33.910675,-112.239075,5400,81.8,258.0,-192
33.910538,-112.239747,5400,77.7,258.1,-128
33.910372,-112.240677,5425,73.4,259.0,128
33.910126,-112.242326,5400,70.0,260.1,-192
33.909622,-112.245689,5350,65.9,260.4,-256
33.909576,-112.246137,5350,62.8,260.8,-128
33.909531,-112.246586,5350,58.6,262.1,64
33.909485,-112.24709,5350,54.3,263.7,192
33.909439,-112.247595,5350,50.3,264.3,0
33.909348,-112.248772,5325,47.1,266.4,-384
33.909348,-112.24894,5325,48.1,266.4,-512
33.909348,-112.24926,5300,52.2,265.6,-832
33.909302,-112.249444,5275,56.2,264.9,-1088
33.909302,-112.249669,5250,64.6,262.0,-1536
33.909256,-112.250061,5225,66.8,261.4,-1664
33.909162,-112.250462,5175,72.2,259.6,-1728
33.909162,-112.250633,5175,75.5,258.5,-1792
33.909069,-112.250977,5150,79.6,258.4,-1792
33.908936,-112.251967,5150,84.0,257.6,-1024
33.908836,-112.252464,5150,85.9,257.9,-448
33.90865,-112.25338,5150,86.9,258.0,0
33.908278,-112.255726,5175,87.7,258.8,384
33.907719,-112.259159,5275,84.3,259.8,640
33.907196,-112.262337,5350,81.0,257.2,704
33.906555,-112.26511,5400,79.8,254.7,512
33.905903,-112.267685,5450,81.9,252.2,320
33.905136,-112.27024,5475,83.2,249.6,384
33.904358,-112.272482,5525,85.5,245.8,384
33.90339,-112.274723,5525,89.5,242.0,0
33.9019,-112.277927,5525,88.3,239.4,0
33.89978,-112.282179,5550,85.4,237.4,192
33.895477,-112.289971,5525,85.8,238.4,-64
33.894287,-112.292493,5525,82.4,240.9,-128
33.893829,-112.29339,5525,78.3,241.8,64
33.893381,-112.294464,5550,73.4,242.4,128
33.892593,-112.296248,5525,68.4,243.1,-320
33.891403,-112.299107,5450,64.4,244.2,-128
33.891239,-112.299557,5475,60.4,245.6,64
33.891053,-112.300014,5475,55.5,246.7,256
33.8909,-112.300508,5475,51.6,248.4,256
33.890681,-112.301216,5475,46.8,250.0,64
33.890533,-112.301742,5475,44.6,250.4,-256
33.890442,-112.301966,5450,47.2,248.9,-640
33.890396,-112.302134,5425,51.1,246.9,-768
33.89035,-112.302246,5425,55.0,245.3,-960
33.890215,-112.302532,5400,59.5,243.0,-1088
33.890167,-112.302695,5400,66.7,242.3,-1472
33.889984,-112.303087,5350,69.4,241.6,-1792
33.889843,-112.303448,5325,73.8,241.7,-1600
33.88961,-112.303963,5325,76.1,241.8,-1216
33.889389,-112.304376,5300,78.7,242.8,-640
33.889098,-112.305164,5325,81.0,244.4,-256
33.888633,-112.306423,5325,82.9,246.5,192
33.887466,-112.309477,5400,78.8,246.0,640
33.886734,-112.311495,5500,75.2,246.5,896
33.886305,-112.312717,5525,76.2,246.8,448
33.88559,-112.31469,5525,81.2,247.5,0
33.884308,-112.318445,5550,85.5,245.8,256
33.88385,-112.319398,5575,84.1,237.6,512
33.883372,-112.320099,5600,81.5,228.5,704
33.882953,-112.320557,5625,79.4,220.9,704
33.882477,-112.320856,5625,77.7,211.9,640
33.882019,-112.321136,5625,76.7,202.2,384
33.88147,-112.321304,5650,75.2,193.9,384
33.88092,-112.32136,5675,75.2,184.6,512
33.880188,-112.321248,5675,75.2,176.2,448
33.879741,-112.321129,5675,76.2,166.3,256
33.879089,-112.320843,5675,76.6,156.1,128
33.878586,-112.320519,5700,78.0,149.2,192
33.877899,-112.319735,5700,78.5,145.9,192
33.877716,-112.319454,5700,79.5,129.9,320
33.877413,-112.318897,5725,81.0,122.9,320
33.877121,-112.318221,5725,82.3,114.4,384
33.876948,-112.317467,5750,83.4,103.9,384
33.876808,-112.316322,5750,84.5,96.1,448
33.876855,-112.315464,5775,86.3,85.3,512
33.876984,-112.314634,5800,87.9,78.2,576
33.87732,-112.313461,5825,90.8,71.4,576
33.877926,-112.311745,5825,93.6,66.7,256
33.879135,-112.308468,5850,98.1,66.6,128
33.880829,-112.303703,5900,93.2,67.3,192
33.881743,-112.300987,5900,88.4,68.1,64
33.882115,-112.299843,5900,84.2,69.8,0
33.882523,-112.298322,5925,79.4,70.9,256
33.88272,-112.297668,5950,76.2,70.8,384
33.882843,-112.297257,5950,71.2,70.3,448
33.883372,-112.295551,5975,68.0,70.2,64
33.88353,-112.295015,5950,69.0,70.5,-256
33.883713,-112.294455,5925,70.8,71.1,-704
33.884628,-112.291148,5850,73.1,70.8,-384
33.885048,-112.289715,5825,68.6,71.3,-384
33.885234,-112.288971,5825,64.5,71.0,-192
33.885406,-112.288513,5825,59.8,69.4,64
33.88556,-112.287998,5825,55.7,69.0,320
33.885864,-112.287112,5850,50.7,68.0,64
33.886212,-112.286053,5825,46.5,71.2,-320
33.886305,-112.285652,5775,49.7,74.8,-768
33.886305,-112.28548,5775,51.7,75.4,-960
33.886352,-112.285366,5750,55.5,76.5,-1088
33.886414,-112.285094,5750,58.7,76.2,-1024
33.886505,-112.284758,5725,63.1,75.3,-896
33.886551,-112.284365,5725,67.2,75.3,-896
33.886724,-112.283478,5700,72.0,76.3,-768
33.886917,-112.282628,5700,75.7,77.8,-320
33.887003,-112.28199,5700,76.5,78.7,128
33.887375,-112.279769,5700,81.2,80.1,64
33.887512,-112.278424,5725,81.9,81.6,448
33.887795,-112.276325,5750,86.1,80.7,0
33.888016,-112.27478,5700,86.1,80.7,-448
33.88829,-112.272987,5650,90.4,79.8,-896
33.888702,-112.26996,5600,92.9,82.0,-448
33.889238,-112.265224,5575,91.2,80.5,-128
33.889517,-112.263794,5575,92.2,74.9,-64
33.889889,-112.262535,5575,93.2,67.3,0
33.890262,-112.261848,5575,93.7,59.9,64
33.890762,-112.261047,5600,94.6,51.4,128
33.891266,-112.260431,5600,95.5,43.7,320
33.891998,-112.259814,5600,97.1,34.5,192
33.892776,-112.259331,5600,98.8,27.1,-64
33.8936,-112.258917,5600,100.3,23.5,-192
33.894333,-112.258693,5575,102.4,14.7,-320
33.895243,-112.25853,5575,103.9,7.7,-256
33.896407,-112.258472,5575,106.0,359.5,-192
33.897537,-112.258637,5550,106.1,351.9,-128
33.898595,-112.258987,5550,106.3,343.6,-64
33.899734,-112.259534,5550,105.6,335.4,0
33.90069,-112.260246,5575,104.1,328.8,0
33.901428,-112.260879,5575,102.6,322.1,0
33.902161,-112.261776,5575,101.8,315.0,64
33.902893,-112.262785,5575,100.0,306.9,64
33.90339,-112.263794,5575,99.0,303.0,0
33.903809,-112.264767,5575,97.1,295.0,0
33.904221,-112.266092,5575,96.8,288.1,-128
33.904507,-112.267513,5575,95.8,283.9,-64
33.904693,-112.269058,5550,93.8,277.4,-64
33.90477,-112.270576,5550,92.0,271.2,-128
33.904693,-112.272091,5550,90.3,265.5,-64
33.904367,-112.275925,5525,90.7,263.0,-64
33.904134,-112.278385,5550,86.6,263.4,192
33.904037,-112.279264,5575,83.4,264.5,384
33.903992,-112.279657,5575,81.4,264.4,512
33.903995,-112.279873,5600,78.3,264.9,704
33.903946,-112.280329,5600,74.2,265.4,896
33.903946,-112.280834,5650,70.1,266.7,1152
33.903902,-112.281361,5675,67.1,267.4,1280
33.903902,-112.282219,5700,65.1,266.5,896
33.903854,-112.282572,5700,66.2,265.7,512
33.903809,-112.282963,5700,69.3,265.0,128
33.903763,-112.283412,5675,71.5,263.6,-448
33.903717,-112.283861,5650,76.7,262.5,-832
33.903576,-112.285423,5600,80.8,262.2,-832
33.903436,-112.286682,5600,84.6,263.2,-384
33.902645,-112.294006,5575,80.5,263.6,-64
33.902552,-112.295265,5575,76.2,265.5,-192
33.902435,-112.296865,5575,72.2,266.0,-192
33.90239,-112.298603,5550,68.0,268.3,-192
33.902298,-112.301517,5550,64.0,268.2,256
33.902298,-112.302526,5575,59.0,269.0,576
33.902319,-112.303505,5625,54.1,273.2,768
33.902435,-112.304768,5650,52.3,276.6,320
33.902459,-112.30505,5650,55.4,277.2,192
33.902481,-112.305441,5625,60.3,275.7,-64
33.902481,-112.305609,5625,64.2,274.5,-640
33.902527,-112.305833,5600,71.1,273.2,-1216
33.902527,-112.306394,5575,76.1,272.3,-1600
33.902552,-112.306881,5525,80.1,272.9,-1664
33.902552,-112.307396,5525,83.2,273.5,-960
33.902598,-112.307854,5525,84.2,273.4,-704
33.902598,-112.308197,5525,85.1,273.4,-448
33.902618,-112.308748,5550,85.1,273.4,-64
33.902784,-112.312431,5550,90.0,271.3,-128
33.902756,-112.315643,5525,92.0,268.8,-64
33.902645,-112.317123,5525,89.8,262.3,0
33.902412,-112.318325,5525,87.6,256.1,0
33.902069,-112.319454,5525,84.2,249.8,64
33.901714,-112.320328,5550,81.0,242.8,192
33.901337,-112.321024,5550,78.8,236.9,256
33.900879,-112.321696,5550,76.7,230.3,192
33.900513,-112.322089,5550,75.2,220.7,128
33.900009,-112.322481,5550,74.6,212.4,64
33.899386,-112.322788,5550,74.3,203.8,0
33.898828,-112.32296,5550,74.2,194.0,-64
33.898087,-112.323098,5550,74.8,188.5,-128
33.897583,-112.323098,5550,75.0,180.0,-64
33.896779,-112.323017,5550,75.5,173.2,-128
33.895895,-112.322788,5550,76.2,166.3,-128
33.89501,-112.322445,5550,76.9,159.4,0
33.894312,-112.322044,5550,77.0,155.4,-64
33.893707,-112.321587,5550,77.4,147.1,0
33.893005,-112.320912,5550,78.7,139.6,0
33.892403,-112.320156,5550,79.2,132.9,0
33.891705,-112.319126,5525,81.6,126.0,-128
33.890681,-112.317181,5525,84.1,122.4,-192
33.887934,-112.312088,5525,85.2,121.1,192
33.886398,-112.308884,5525,82.0,120.0,-192
33.8857,-112.307453,5525,78.9,120.5,-64
33.885327,-112.306652,5525,74.4,120.7,128
33.884908,-112.305851,5525,70.0,121.0,256
33.884125,-112.304208,5550,65.4,119.3,0
33.88353,-112.302863,5550,60.8,117.4,0
33.882019,-112.299275,5525,57.2,117.0,-128
33.881882,-112.298985,5525,54.6,118.4,0
33.881836,-112.298883,5525,50.6,119.6,512
33.881603,-112.298412,5575,47.0,119.3,896
33.881332,-112.297818,5625,42.1,115.3,1088
33.881231,-112.297497,5625,40.7,114.7,768
33.881149,-112.297257,5625,42.5,116.6,384
33.881045,-112.297039,5625,47.4,117.7,-64
33.880905,-112.296753,5600,52.4,118.5,-512
33.880765,-112.296467,5575,58.2,118.8,-1024
33.8806,-112.296136,5525,65.9,120.1,-1472
33.880393,-112.29578,5500,70.5,121.7,-1792
33.88016,-112.295322,5475,75.7,123.7,-1600
33.880005,-112.295015,5450,77.7,124.5,-1280
33.879741,-112.294636,5450,80.2,125.9,-960
33.879555,-112.294292,5450,80.8,126.4,-576
33.879229,-112.293777,5450,82.2,126.6,-128
33.878903,-112.293205,5475,81.6,126.0,320
33.877693,-112.291203,5550,77.4,125.5,768
33.876948,-112.289944,5600,72.7,124.3,960
33.87648,-112.289074,5625,75.5,122.0,512
33.87611,-112.288399,5625,76.9,122.2,192
33.875738,-112.287655,5600,79.9,121.7,-256
33.874603,-112.285374,5575,84.7,120.5,-256
33.871455,-112.2789,5575,85.1,119.6,-128
33.869825,-112.275181,5550,86.8,117.4,-128
33.868056,-112.270947,5550,85.4,115.7,0
33.866613,-112.26717,5550,85.1,113.6,0
33.865589,-112.264023,5550,84.5,110.8,-128
33.864379,-112.25996,5550,83.5,108.9,-192
33.862885,-112.254377,5500,82.2,108.4,-192
33.862144,-112.251892,5475,79.5,111.4,-256
33.861074,-112.248974,5450,76.6,113.9,-192
33.859817,-112.245655,5425,74.7,116.2,-320
33.858979,-112.243767,5375,71.2,119.4,-576
33.85817,-112.242214,5300,71.6,123.0,-576
33.857254,-112.2407,5300,67.2,126.5,-256
33.856093,-112.238903,5225,64.7,129.4,-512
33.854556,-112.236843,5150,65.9,131.9,-576
33.852927,-112.234783,5075,64.4,134.4,-640
33.851344,-112.232895,5000,63.0,136.9,-512
33.85046,-112.232037,4975,64.8,141.9,-640
33.849808,-112.231522,4925,66.0,148.0,-768
33.849063,-112.231007,4900,65.7,153.8,-640
33.848318,-112.230663,4900,64.3,159.0,-448
33.847778,-112.230499,4875,63.8,166.4,-256
33.847137,-112.230387,4875,63.4,173.7,-384
33.846549,-112.230377,4850,63.0,180.9,-448
33.845851,-112.230492,4825,62.7,188.3,-512
33.845013,-112.230721,4800,63.1,194.7,-704
33.844025,-112.231115,4750,63.9,200.1,-704
33.84222,-112.231922,4650,67.7,199.0,-1024
33.840591,-112.232666,4575,70.4,202.6,-832
33.838775,-112.233639,4500,70.7,205.1,-832
33.837021,-112.234703,4425,72.5,208.0,-768
33.835602,-112.235768,4375,71.9,211.9,-704
33.833908,-112.237113,4300,72.9,213.2,-576
33.832816,-112.238102,4275,74.8,217.9,-384
33.831436,-112.239467,4250,73.0,221.1,-320
33.830841,-112.24014,4200,73.6,222.8,-704
33.83021,-112.240963,4150,75.7,226.6,-1088
33.829102,-112.24255,4075,78.9,230.7,-896
33.827866,-112.244456,4000,78.0,233.9,-640
33.826346,-112.247086,3925,77.1,236.1,-768
33.825089,-112.249489,3825,79.3,236.3,-704
33.823471,-112.252191,3750,80.2,234.1,-512
33.821732,-112.255106,3650,78.5,235.9,-960
33.820862,-112.256731,3600,83.0,238.8,-960
33.820084,-112.258301,3550,83.0,238.8,-576
33.818665,-112.261047,3525,78.2,237.5,-448
33.817408,-112.263451,3425,77.2,238.8,-832
33.816605,-112.264971,3400,74.9,235.9,-384
33.81514,-112.267437,3325,73.0,233.9,-768
33.814545,-112.268278,3300,72.9,227.8,-832
33.813916,-112.269001,3250,71.5,222.2,-768
33.813446,-112.269399,3250,69.1,214.4,-640
33.813032,-112.269688,3225,67.6,209.2,-704
33.812427,-112.269974,3200,65.8,199.5,-704
33.811821,-112.270145,3175,64.3,191.7,-704
33.810471,-112.270352,3100,63.5,187.2,-896
33.808914,-112.270632,3075,62.8,189.2,-448
33.806561,-112.271004,3000,61.5,187.5,-640
33.805118,-112.271233,2950,64.2,184.5,-576
33.804094,-112.271233,2900,65.0,179.1,-832
33.803055,-112.271137,2850,66.4,173.9,-832
33.801041,-112.270857,2775,62.7,171.7,-512
33.79921,-112.270408,2700,59.0,169.3,-768
33.798569,-112.27024,2650,60.7,162.8,-960
33.797995,-112.269917,2625,63.2,156.7,-1024
33.79747,-112.269623,2575,66.7,150.4,-1216
33.797064,-112.26923,2525,69.4,143.8,-1216
33.796692,-112.268783,2500,70.7,136.1,-1216
33.796005,-112.267662,2475,70.9,130.4,-896
33.795959,-112.267549,2475,68.3,121.8,-320
33.795575,-112.266769,2475,63.5,118.2,-256
33.795295,-112.265911,2450,61.1,111.1,-256
33.795156,-112.265339,2450,60.4,102.4,-192
33.795109,-112.264595,2425,59.4,96.8,-320
33.79509,-112.263906,2425,60.0,89.1,-384
33.795181,-112.263289,2425,60.0,79.4,-320
33.795388,-112.262306,2375,60.7,72.8,-576
33.795731,-112.261328,2375,64.1,67.0,-256
33.795947,-112.260647,2350,67.1,65.3,-704
33.79628,-112.259758,2300,71.6,65.2,-1152
33.796783,-112.258693,2225,76.2,60.1,-1216
33.797241,-112.257796,2200,76.3,58.4,-768
33.797669,-112.256927,2200,71.9,58.1,-448
33.798203,-112.255947,2175,67.7,58.9,-256
33.799118,-112.254041,2125,64.9,61.5,-576
33.799532,-112.253036,2125,66.7,60.4,-128
33.799759,-112.252639,2150,65.5,58.7,256
33.800509,-112.251091,2175,61.1,58.4,576
33.801407,-112.249276,2275,62.3,60.1,832
33.801813,-112.248459,2275,64.1,59.0,448
33.802322,-112.247539,2300,64.4,53.8,192
33.803421,-112.245857,2325,69.0,51.5,384
33.804565,-112.244288,2375,68.0,48.6,384
33.805389,-112.243279,2400,72.8,45.6,256
33.805801,-112.242718,2375,76.4,45.0,-128
33.806701,-112.241707,2350,81.3,45.5,-384
33.807492,-112.240677,2375,83.5,46.0,64
33.807953,-112.24014,2375,83.4,45.0,448
33.808914,-112.239019,2450,83.5,43.1,896
33.810425,-112.237505,2525,80.3,39.4,832
33.812302,-112.235599,2625,78.1,39.8,640
33.814133,-112.233862,2675,78.7,40.4,576
33.814682,-112.233189,2700,77.8,47.1,384
33.815186,-112.232348,2700,77.0,52.4,384
33.815643,-112.231452,2725,77.2,58.8,448
33.816193,-112.230218,2750,75.6,64.1,320
33.816802,-112.228432,2775,76.3,68.5,384
33.817245,-112.226967,2800,75.3,73.0,448
33.81764,-112.22517,2850,73.0,76.5,576
33.817734,-112.224197,2875,72.4,83.7,448
33.817703,-112.223268,2875,74.1,92.3,576
33.817612,-112.222203,2900,74.0,99.3,448
33.817383,-112.221194,2950,73.8,102.5,832
33.817128,-112.219505,3025,75.0,99.2,832
33.816942,-112.217045,3050,76.5,96.8,384
33.816696,-112.215252,3100,76.3,100.6,448
33.816197,-112.212696,3150,77.1,103.5,512
33.815643,-112.209815,3250,78.9,102.4,704
33.815002,-112.206396,3350,79.1,103.2,832
33.814615,-112.204342,3450,75.2,103.8,1280
33.814289,-112.202568,3550,72.6,101.9,1344
33.81387,-112.200336,3650,74.0,103.3,1024
33.813812,-112.199894,3650,73.2,104.2,640
33.813034,-112.196811,3725,73.1,106.7,576
33.812566,-112.194843,3775,75.2,103.8,640
33.812194,-112.192268,3825,75.3,100.7,576
33.811615,-112.188683,3900,76.1,99.8,512
33.811523,-112.187786,3950,77.2,94.5,704
33.811569,-112.18689,3975,76.2,86.2,1024
33.811707,-112.186105,4025,75.7,77.8,960
33.811961,-112.184887,4050,75.9,71.6,832
33.812302,-112.184087,4075,76.5,64.4,768
33.812706,-112.183342,4100,77.7,58.2,704
33.813171,-112.182655,4125,79.5,50.1,704
33.813812,-112.181901,4150,79.2,43.0,448
33.814428,-112.181339,4175,79.6,35.3,512
33.81522,-112.180824,4200,79.7,28.5,512
33.816011,-112.180367,4225,78.9,22.3,576
33.816756,-112.18008,4200,80.0,18.2,256
33.817873,-112.17968,4225,81.7,14.9,256
33.81926,-112.179379,4275,84.2,9.6,640
33.823151,-112.178706,4325,87.8,7.8,448
33.826485,-112.178135,4400,83.9,8.2,384
33.829278,-112.177734,4425,83.4,5.5,128
33.833588,-112.177305,4500,83.4,5.5,512
33.836727,-112.176933,4575,81.2,4.2,576
33.838989,-112.1768,4625,81.0,1.4,512
33.839892,-112.176819,4650,82.2,355.8,512
33.840729,-112.177024,4650,83.5,349.0,256
33.841615,-112.177334,4675,83.8,340.5,384
33.842331,-112.177809,4700,85.0,331.9,512
33.842965,-112.178307,4700,84.4,323.7,320
33.843475,-112.17893,4725,85.6,316.4,320
33.843842,-112.179435,4725,86.8,308.5,320
33.844208,-112.180107,4725,87.0,300.4,192
33.844548,-112.181053,4725,88.4,291.9,64
33.844757,-112.182069,4725,89.5,283.6,192
33.845078,-112.184031,4750,91.1,278.8,128
33.845444,-112.186217,4775,91.0,282.0,384
33.845991,-112.18935,4875,88.5,280.4,704
33.846497,-112.192943,4900,89.3,279.7,320
33.846817,-112.195129,4900,91.8,281.3,128
33.84762,-112.199707,4950,92.0,281.9,448
33.848272,-112.20377,5050,88.5,280.4,448
33.848551,-112.205544,5050,91.8,281.3,0
33.849017,-112.208462,5075,90.6,280.8,384
33.849296,-112.210293,5075,93.2,279.3,0
33.849655,-112.212898,5050,98.2,278.8,-320
33.85032,-112.217903,5025,100.3,279.2,128
33.850662,-112.220858,5050,98.5,275.8,384
33.850925,-112.224369,5050,101.4,275.1,-64
33.851303,-112.231115,5075,100.2,273.4,256
33.851437,-112.232895,5050,99.2,273.5,-192
33.851437,-112.233467,5050,99.2,274.0,-512
33.85181,-112.23793,4975,94.4,275.5,-256
33.851852,-112.238682,5000,91.3,274.4,128
33.851903,-112.23959,4975,87.1,273.3,64
33.851949,-112.241306,4975,84.1,272.0,-256
33.851949,-112.241764,4950,84.0,271.4,-576
33.851996,-112.24474,4850,83.0,271.4,-768
33.852136,-112.248631,4750,81.0,271.4,-704
33.852127,-112.252527,4650,77.0,270.0,-640
33.852081,-112.253704,4625,76.3,264.7,-640
33.851944,-112.254545,4625,75.3,259.3,-448
33.85181,-112.255154,4600,74.6,252.1,-256
33.851486,-112.255891,4600,74.2,242.7,-256
33.851111,-112.256527,4575,73.0,233.9,-576
33.8508,-112.257012,4550,73.2,231.1,-896
33.850134,-112.257786,4500,74.3,226.6,-1152
33.849668,-112.258186,4475,75.4,218.5,-1152
33.84906,-112.258693,4450,75.8,211.0,-704
33.848272,-112.259159,4425,76.5,205.6,-768
33.847294,-112.259617,4375,76.2,199.1,-576
33.845901,-112.260094,4375,71.8,196.2,-128
33.844666,-112.260487,4350,67.4,195.5,-128
33.842331,-112.261272,4300,64.3,195.3,-576
33.839813,-112.262056,4225,63.3,195.6,-448
33.838542,-112.262478,4200,67.9,193.6,-704
33.83757,-112.262729,4125,72.0,193.6,-1088
33.83547,-112.263336,4025,76.9,192.8,-832
33.83398,-112.26368,3975,74.8,188.5,-576
33.832626,-112.263794,3925,73.2,183.9,-832
33.829971,-112.263962,3875,72.1,183.2,-384
33.828598,-112.26413,3850,73.7,187.8,-384
33.827408,-112.264411,3825,78.3,190.3,-448
33.826346,-112.264652,3800,80.8,192.1,-192
33.824661,-112.265139,3775,77.6,194.9,-640
33.822715,-112.265854,3675,77.5,197.3,-960
33.820129,-112.266877,3600,74.3,199.6,-768
33.818152,-112.267857,3500,70.4,202.6,-768
33.815639,-112.269058,3400,68.2,202.4,-896
33.814133,-112.269904,3350,72.5,206.2,-832
33.813171,-112.270464,3325,74.7,207.9,-576
33.812164,-112.271137,3300,74.7,207.9,-256
33.810192,-112.272377,3250,69.8,207.3,-448
33.80819,-112.273579,3200,69.4,204.7,-832
33.807724,-112.273771,3200,69.9,203.6,-384
33.80684,-112.274208,3175,70.2,200.0,-512
33.805537,-112.274609,3150,72.8,195.9,-192
33.804428,-112.274892,3150,71.4,191.3,0
33.803489,-112.275124,3125,70.2,190.7,-448
33.802505,-112.275285,3125,69.4,185.8,-320
33.802002,-112.275285,3125,69.0,178.3,-192
33.801394,-112.275181,3100,68.9,170.8,-384
33.800556,-112.274952,3075,72.3,165.6,-768
33.799713,-112.274556,3025,75.0,158.9,-896
33.798507,-112.273922,2975,73.4,154.1,-832
33.797623,-112.27335,2925,72.2,149.2,-768
33.796921,-112.272706,2925,70.8,143.6,-384
33.79628,-112.27209,2900,68.7,137.9,-576
33.795822,-112.271473,2875,65.9,131.9,-320
33.795456,-112.270857,2850,65.8,126.3,-640
33.795227,-112.270352,2850,65.8,118.1,-576
33.795063,-112.269859,2825,66.5,111.2,-768
33.794923,-112.269115,2800,66.5,102.2,-704
33.794907,-112.268558,2775,67.2,94.3,-896
33.794923,-112.267799,2725,69.1,86.7,-1152
33.795016,-112.266998,2675,72.2,79.6,-1152
33.795388,-112.26511,2600,74.2,76.0,-1152
33.795901,-112.262936,2525,74.7,74.5,-704
33.796509,-112.260487,2450,74.6,72.1,-704
33.797204,-112.258358,2400,75.0,68.9,-576
33.797483,-112.2575,2350,74.5,67.9,-896
33.798182,-112.255611,2275,76.5,64.4,-960
33.798935,-112.253817,2175,76.9,63.8,-1344
33.799484,-112.252471,2075,78.7,62.8,-1664
33.799951,-112.251434,2025,79.6,63.1,-1728
33.800034,-112.251238,2025,78.7,62.8,-1152
33.800183,-112.250862,2025,76.5,62.8,-768
33.800323,-112.250519,2050,74.7,62.1,0
33.800537,-112.250061,2075,70.7,63.1,448
33.800674,-112.249725,2100,68.0,61.9,832
33.800835,-112.249374,2125,64.9,61.5,1280
33.801068,-112.248917,2150,61.8,61.0,1408
33.801636,-112.247651,2225,59.5,60.8,960
33.801773,-112.247371,2225,60.9,60.5,640
33.802002,-112.246866,2225,63.1,60.6,192
33.802744,-112.245426,2250,67.7,58.9,192
33.803023,-112.244797,2225,71.9,58.1,-64
33.803582,-112.24371,2250,74.1,58.2,384
33.804611,-112.241709,2300,79.1,57.9,320
33.805909,-112.239418,2350,83.2,54.8,640
33.807632,-112.236443,2400,84.6,57.1,256
33.80847,-112.234726,2425,86.0,60.8,320
33.809447,-112.232437,2450,89.9,64.3,320
33.80983,-112.231339,2425,92.2,65.7,-64
33.810844,-112.228432,2450,94.3,68.9,128
33.811707,-112.225454,2475,92.7,71.8,192
33.813032,-112.220249,2525,90.8,73.4,256
33.81359,-112.217731,2550,90.5,76.6,192
33.814362,-112.213178,2550,85.9,77.9,-192
33.81508,-112.209206,2475,83.7,78.3,-448
33.815552,-112.206284,2425,82.2,76.6,-384
33.815781,-112.205443,2425,81.3,69.1,-192
33.816151,-112.204685,2425,81.1,59.6,-64
33.816742,-112.203818,2425,81.2,52.0,0
33.817108,-112.203369,2425,82.1,43.0,-64
33.817749,-112.202809,2425,83.5,34.3,-128
33.818436,-112.202416,2425,84.5,26.0,128
33.819031,-112.202136,2425,84.5,16.5,192
33.819828,-112.201996,2450,85.3,10.1,192
33.820587,-112.201968,2450,85.0,0.7,256
33.821365,-112.20208,2450,84.9,351.9,128
33.82197,-112.202225,2450,85.9,345.1,-128
33.822739,-112.20264,2450,86.4,336.1,64
33.823506,-112.203255,2450,88.0,328.5,0
33.824158,-112.20393,2450,87.8,317.8,64
33.824615,-112.20449,2450,87.2,310.8,0
33.824936,-112.205051,2450,87.9,303.9,0
33.825322,-112.206001,2450,89.0,297.4,0
33.825623,-112.206957,2450,90.4,288.0,-128
33.825927,-112.20829,2450,92.2,282.5,-192
33.826159,-112.210178,2425,94.8,277.3,-384
33.826355,-112.213459,2400,98.3,274.1,-128
33.826447,-112.215869,2400,97.0,270.0,-64
33.826346,-112.218475,2425,92.2,266.3,256
33.826263,-112.221586,2425,89.0,269.4,-128
33.826172,-112.226799,2400,90.1,268.1,64
33.825973,-112.230721,2375,90.3,265.5,-320
33.82576,-112.233301,2400,92.4,264.4,128
33.825415,-112.236843,2425,89.8,262.3,128
33.825135,-112.238503,2425,91.4,256.7,-320
33.824809,-112.239647,2400,91.2,248.8,-448
33.824432,-112.240532,2400,90.8,241.7,-256
33.823929,-112.241317,2375,90.0,233.1,-256
33.823608,-112.241765,2400,89.4,229.5,0
33.823013,-112.242438,2400,87.8,222.2,256
33.822342,-112.243023,2425,86.5,213.7,256
33.821597,-112.243481,2425,87.2,205.1,320
33.820853,-112.243767,2425,87.6,196.6,192
33.820247,-112.243881,2425,88.1,189.1,192
33.819489,-112.243895,2450,89.0,180.6,320
33.818665,-112.243783,2475,90.8,172.4,512
33.818013,-112.243595,2450,92.4,166.9,128
33.817361,-112.243309,2450,93.4,158.6,128
33.81665,-112.24283,2450,94.9,151.0,-192
33.815918,-112.242165,2475,94.8,142.3,128
33.815127,-112.241306,2475,94.8,135.0,320
33.814615,-112.240448,2475,94.4,126.4,0
33.81427,-112.239747,2450,94.9,119.0,-384
33.813995,-112.238794,2450,95.5,109.6,-576
33.813812,-112.237842,2425,96.5,100.2,-384
33.813766,-112.23672,2425,97.1,92.9,-384
33.813812,-112.235768,2400,97.3,85.3,-384
33.813963,-112.234783,2400,97.1,78.1,-64
33.81427,-112.233806,2425,96.2,69.3,128
33.814661,-112.232895,2425,96.2,63.4,64
33.815127,-112.232151,2425,95.4,54.8,128
33.815735,-112.231283,2425,94.8,46.7,0
33.81643,-112.230606,2425,93.2,38.5,128
33.817154,-112.230106,2450,91.8,29.4,256
33.817734,-112.229805,2450,91.9,22.4,64
33.818436,-112.229602,2450,92.2,15.1,192
33.819223,-112.229462,2450,90.7,7.0,192
33.819921,-112.229462,2450,91.0,358.7,128
33.820573,-112.229576,2475,91.1,351.2,320
33.821274,-112.229826,2475,90.8,343.4,384
33.822006,-112.230218,2500,90.1,337.1,320
33.822693,-112.230667,2500,91.1,328.9,128
33.823413,-112.23135,2475,92.6,322.0,-192
33.82402,-112.232124,2475,94.1,312.9,-192
33.82457,-112.232965,2500,95.8,306.5,0
33.824936,-112.233694,2500,95.9,300.0,0
33.825211,-112.234478,2500,95.1,292.2,256
33.825485,-112.235712,2500,93.9,284.2,0
33.825787,-112.237644,2500,89.3,279.7,-192
33.825943,-112.239523,2500,85.3,274.7,64
33.826172,-112.242382,2500,87.7,277.2,0
33.826355,-112.243391,2500,89.3,283.0,-64
33.826625,-112.244225,2500,90.5,290.0,-192
33.826997,-112.24514,2500,91.3,298.8,0
33.827509,-112.245941,2500,92.8,307.1,64
33.82814,-112.246754,2500,93.4,315.9,64
33.828766,-112.247257,2525,94.6,324.5,256
33.829372,-112.247658,2525,94.4,331.5,64
33.830154,-112.247987,2525,96.1,341.2,256
33.830815,-112.248116,2525,96.7,349.3,128
33.831665,-112.248211,2525,96.0,358.2,64
33.832397,-112.248099,2525,96.6,6.5,0
33.833084,-112.247875,2525,96.6,15.6,64
33.833887,-112.247543,2525,95.6,21.5,0
33.834686,-112.247034,2525,93.5,28.8,-128
33.835191,-112.246571,2525,93.2,35.4,-128
33.835876,-112.245857,2525,92.0,42.4,-64
33.836426,-112.245072,2525,91.6,49.9,0
33.836866,-112.244282,2525,90.1,56.3,192
33.83725,-112.243335,2525,87.2,64.9,-128
33.837472,-112.242508,2500,86.0,72.4,-192
33.837616,-112.241541,2500,85.9,77.9,-192
33.837658,-112.240734,2500,84.2,85.9,-320
33.837658,-112.239819,2500,83.1,92.8,0
33.837518,-112.238789,2500,82.2,99.8,-64
33.837239,-112.237473,2500,82.0,105.6,-64
33.83682,-112.235928,2475,80.7,109.6,-192
33.836105,-112.233525,2500,78.2,106.3,192
33.835968,-112.232629,2500,77.9,98.9,256
33.835935,-112.231579,2500,77.0,90.7,0
33.836029,-112.230492,2500,77.2,85.5,-64
33.836197,-112.228929,2500,77.1,80.3,-192
33.836746,-112.225846,2475,78.9,77.6,0
33.836913,-112.224541,2475,78.9,81.2,-128
33.836929,-112.223548,2475,81.1,87.9,-64
33.836884,-112.222147,2475,84.2,93.4,0
33.836727,-112.220707,2475,85.2,99.5,192
33.836494,-112.219791,2475,85.1,107.8,-128
33.836105,-112.218672,2475,85.4,115.7,-128
33.835693,-112.217887,2450,85.7,124.1,-192
33.835144,-112.217214,2450,85.6,133.6,-128
33.834632,-112.216702,2450,85.4,141.6,-192
33.833794,-112.216072,2450,86.1,149.3,-256
33.832816,-112.2155,2425,85.5,155.8,-192
33.831894,-112.21514,2425,84.8,162.9,-256
33.830768,-112.214813,2400,84.7,168.4,-448
33.829511,-112.214584,2400,84.6,173.2,-192
33.828552,-112.214468,2425,84.5,173.9,192
33.827545,-112.214412,2425,84.0,178.6,0
33.826765,-112.214527,2400,85.0,188.8,-64
33.82602,-112.214813,2425,85.7,197.0,320
33.825554,-112.215157,2425,86.8,207.4,128
33.825027,-112.215533,2425,86.3,212.2,192
33.824936,-112.215645,2425,86.5,221.2,-320
33.824478,-112.216261,2425,86.4,227.8,-192
33.824204,-112.216873,2400,87.1,238.1,-512
33.824018,-112.217331,2400,88.6,246.0,-512
33.823837,-112.218055,2400,89.8,253.2,-384
33.823692,-112.219048,2375,89.9,261.7,-448
33.823608,-112.220521,2350,91.1,266.9,-512
33.823608,-112.222539,2325,91.0,270.0,-448
33.823692,-112.2262,2300,92.1,272.5,-256
33.823746,-112.22764,2300,90.1,271.9,128
33.823785,-112.229233,2325,86.0,271.3,448
33.823832,-112.230549,2375,83.1,272.1,832
33.823925,-112.232666,2425,84.4,275.4,512
33.824158,-112.234554,2450,87.3,279.9,64
33.824577,-112.23753,2425,91.9,278.1,-192
33.824615,-112.238794,2425,93.0,271.2,-320
33.824484,-112.239761,2425,92.9,262.0,0
33.824249,-112.240476,2425,90.5,250.0,64
33.823972,-112.241135,2450,87.8,239.9,512
33.823413,-112.241821,2450,86.7,230.6,512
33.822947,-112.242336,2475,85.8,220.8,320
33.822435,-112.242794,2475,85.1,213.5,384
33.821877,-112.243137,2475,85.9,206.3,192
33.821136,-112.243391,2500,86.7,196.8,320
33.820358,-112.243503,2500,86.7,187.3,512
33.819809,-112.243503,2500,86.0,179.3,64
33.819168,-112.243391,2500,84.9,171.9,192
33.818432,-112.243137,2500,85.1,162.2,128
33.817703,-112.242718,2500,85.4,152.8,0
33.817128,-112.242222,2500,86.8,144.9,-128
33.816696,-112.241765,2475,88.5,138.2,-320
33.816197,-112.24102,2475,90.3,129.2,-320
33.815871,-112.240448,2475,90.4,125.1,-256
33.815689,-112.239915,2475,91.7,115.2,-192
33.815499,-112.239189,2475,91.8,106.5,0
33.815406,-112.238388,2475,91.9,98.1,0
33.815406,-112.237644,2500,91.0,91.3,128
33.815452,-112.237186,2500,91.4,85.0,320
33.815639,-112.236214,2500,90.7,76.0,256
33.815871,-112.235527,2500,91.4,66.8,192
33.816284,-112.234703,2500,92.7,57.3,-192
33.816742,-112.234086,2500,94.4,49.7,-256
33.817361,-112.23341,2500,96.5,40.0,0
33.817978,-112.232965,2500,99.0,33.0,-128
33.818851,-112.232494,2500,100.7,25.3,0
33.819534,-112.232236,2500,103.6,15.1,128
33.820573,-112.232094,2500,104.5,5.5,-128
33.821225,-112.232151,2500,105.2,356.7,192
33.822016,-112.232323,2525,106.1,348.6,128
33.822761,-112.232666,2525,105.5,338.3,512
33.823563,-112.233133,2525,104.7,331.5,256
33.824297,-112.23381,2550,103.4,322.5,384
33.824996,-112.234726,2550,101.8,315.8,320
33.825368,-112.235355,2550,99.0,305.1,0
33.825787,-112.236328,2575,98.0,297.4,320
33.825989,-112.236889,2550,98.2,292.1,0
33.826172,-112.237673,2550,97.1,286.8,-320
33.826299,-112.238789,2550,97.2,278.9,128
33.826309,-112.239691,2550,96.1,272.4,0
33.826206,-112.240505,2550,94.8,262.7,-128
33.826035,-112.241261,2550,93.9,255.8,-128
33.825787,-112.241993,2550,93.2,247.3,-192
33.825485,-112.242662,2550,92.8,239.6,-64
33.824903,-112.243481,2525,92.6,232.0,-192
33.82439,-112.243996,2525,92.8,221.9,-192
33.8237,-112.244568,2525,93.5,212.3,0
33.822947,-112.244968,2525,93.5,204.6,-64
33.821915,-112.245409,2525,94.6,197.9,128
33.821228,-112.245633,2525,94.8,194.0,-256
33.820175,-112.245801,2500,95.8,187.2,-320
33.819363,-112.245827,2500,95.0,179.4,-192
33.818571,-112.245712,2500,93.8,172.6,-320
33.817703,-112.245465,2500,92.4,164.3,-128
33.817062,-112.245128,2500,91.0,157.4,0
33.81633,-112.24468,2500,90.1,150.0,128
33.815689,-112.244063,2500,88.9,140.9,-64
33.81514,-112.243335,2500,88.5,132.7,64
33.814661,-112.242622,2500,88.5,124.4,256
33.814335,-112.241821,2500,87.7,115.7,64
33.814009,-112.240849,2525,87.1,111.6,0
33.813812,-112.239972,2525,87.3,103.2,64
33.813721,-112.238963,2525,87.5,95.9,128
33.813721,-112.238178,2525,88.0,89.3,-64
33.813823,-112.237301,2500,89.1,81.0,-64
33.814102,-112.236328,2500,90.4,72.0,-256
33.814615,-112.235012,2500,92.6,65.1,-192
33.815033,-112.234211,2475,94.1,55.0,-192
33.815598,-112.233469,2475,96.2,46.7,-192
33.816284,-112.232797,2475,96.3,42.5,-192
33.816879,-112.232348,2475,96.8,33.2,192
33.81764,-112.231865,2500,97.6,24.2,320
33.818481,-112.231564,2500,98.1,16.6,320
33.819214,-112.231452,2525,98.3,9.4,512
33.820129,-112.231395,2525,99.0,1.2,256
33.821045,-112.231508,2550,99.9,352.5,512
33.821784,-112.23175,2575,99.7,344.3,512
33.822601,-112.23218,2575,99.7,334.5,384
33.823242,-112.232685,2575,100.5,328.8,320
33.823925,-112.233353,2600,100.6,318.2,512
33.824484,-112.234097,2600,100.8,310.2,448
33.824844,-112.234815,2600,100.8,300.4,192
33.825135,-112.235527,2625,100.2,297.3,256
33.825368,-112.236385,2625,99.0,286.4,128
33.825439,-112.237225,2625,97.6,276.5,64
33.825554,-112.239418,2600,98.1,272.3,-192
33.825647,-112.24205,2600,96.0,271.8,0
33.825623,-112.242606,2625,94.0,270.0,448
33.825554,-112.243538,2650,89.5,264.2,576
33.825394,-112.244456,2675,87.3,256.8,1024
33.825135,-112.245255,2725,83.6,249.0,1024
33.824799,-112.246137,2750,81.0,241.2,1088
33.824344,-112.246857,2800,78.8,234.3,1344
33.823925,-112.247486,2825,77.8,227.1,1024
33.823273,-112.248116,2850,76.7,219.7,896
33.822647,-112.248604,2900,76.0,212.6,768
33.822052,-112.248996,2925,74.7,206.2,704
33.821365,-112.249276,2925,74.6,197.9,640
33.820724,-112.249444,2950,74.2,190.1,512
33.819992,-112.249501,2950,74.0,181.6,448
33.818897,-112.249432,2975,74.2,175.4,320
33.817749,-112.249164,3000,74.2,169.9,448
33.816849,-112.248917,3050,72.8,164.1,640
33.816058,-112.248516,3075,71.9,158.8,704
33.815323,-112.248099,3100,72.5,152.0,832
33.814407,-112.247371,3150,72.7,145.6,896
33.81387,-112.246857,3200,72.6,141.7,1024
33.813451,-112.246342,3250,72.8,135.6,1216
33.812985,-112.245655,3275,74.7,129.0,1152
33.81252,-112.244854,3325,74.6,122.4,960
33.812256,-112.244063,3375,75.2,113.5,1216
33.812008,-112.243309,3375,76.2,109.2,768
33.811775,-112.242165,3400,77.7,101.9,640
33.811569,-112.240644,3425,77.5,96.7,384
33.811449,-112.238503,3450,77.2,93.7,256
33.811432,-112.237225,3450,77.0,88.5,128
33.811523,-112.236048,3450,77.6,82.6,0
33.811682,-112.235184,3475,76.9,77.2,384
33.811821,-112.234612,3500,77.9,74.4,768
33.812439,-112.232012,3550,79.6,75.4,384
33.812668,-112.230443,3600,80.2,79.9,512
33.812985,-112.227573,3625,81.6,83.0,320
33.813637,-112.22168,3675,84.6,83.2,256
33.813904,-112.219456,3700,83.5,79.0,512
33.814499,-112.216093,3800,80.8,77.9,832
33.815186,-112.212506,3900,79.3,76.1,576
33.815598,-112.210936,3925,77.2,71.1,512
33.81657,-112.207603,4025,74.3,70.3,576
33.817383,-112.204602,4050,75.6,72.3,192
33.818199,-112.201023,4075,80.4,73.4,320
33.818944,-112.197762,4125,81.7,75.1,384
33.819642,-112.194099,4175,82.0,77.3,448
33.820061,-112.191753,4275,82.4,79.5,768
33.820633,-112.187955,4325,86.1,80.7,384
33.821039,-112.184887,4425,86.1,80.7,704
33.821457,-112.181228,4475,81.6,83.0,384
33.821551,-112.180309,4525,79.6,82.8,832
33.821877,-112.177048,4600,80.5,83.6,384
33.822281,-112.172596,4650,81.3,85.1,512
33.822372,-112.169401,4700,82.1,87.2,384
33.822464,-112.167944,4750,82.2,86.5,832
33.822601,-112.166038,4850,83.4,84.5,1024
33.822761,-112.1628,4900,85.1,87.3,768
33.822901,-112.160053,5000,84.2,86.6,768
33.822968,-112.158639,5000,87.3,85.4,320
33.823013,-112.158191,5000,89.3,85.5,64
33.823059,-112.157686,4975,91.3,85.6,-320
33.823242,-112.15337,4950,93.1,87.5,0
33.823288,-112.151689,4975,91.1,88.1,448
33.82338,-112.147653,5050,87.0,89.3,384
33.823413,-112.145348,5050,88.0,89.3,-64
33.823366,-112.14077,5050,83.0,91.4,128
33.823151,-112.134705,5075,82.1,92.8,-128
33.822994,-112.1315,5050,86.1,93.3,-448
33.822808,-112.128468,5025,87.2,93.9,-64
33.822435,-112.122917,5075,82.2,94.2,128
33.822189,-112.117384,5075,86.2,94.0,-256
33.822016,-112.115421,5075,90.5,95.7,-64
33.821597,-112.110958,5100,92.8,97.4,320
33.821136,-112.106342,5175,94.8,97.3,128
33.821039,-112.105122,5150,95.8,97.2,-256
33.820573,-112.101517,5125,98.5,99.9,-192
33.819763,-112.096645,5100,96.1,102.0,-256
33.819168,-112.093842,5075,96.6,105.6,-384
33.818013,-112.089157,5050,92.3,107.7,0
33.816879,-112.085154,5050,87.6,108.6,0
33.814636,-112.077475,5025,83.5,108.9,64
33.813034,-112.07215,5050,81.0,110.2,64
33.810797,-112.06501,5025,85.4,110.6,0
33.810378,-112.063637,5000,87.3,110.1,-448
33.809509,-112.060995,5000,87.5,112.2,-64
33.809075,-112.059689,5025,86.5,112.4,320
33.806717,-112.052756,5050,91.0,112.6,-128
33.805023,-112.048103,5000,91.3,114.6,-192
33.80159,-112.039191,5025,87.2,115.1,128
33.799671,-112.03434,5025,86.3,116.9,-192
33.79921,-112.033529,5000,85.8,121.7,-192
33.798706,-112.032857,5000,86.4,132.2,-640
33.798275,-112.032394,4975,88.1,140.5,-640
33.797716,-112.031994,4975,89.4,148.3,-448
33.796925,-112.031593,4975,89.7,157.7,-256
33.796143,-112.031343,4950,90.3,164.6,-256
33.795528,-112.03125,4950,90.4,174.9,-448
33.794644,-112.03125,4950,88.0,179.4,-64
33.79422,-112.031231,4950,85.0,181.4,192
33.794083,-112.031231,4975,82.1,182.8,768
33.793666,-112.031307,5000,80.1,182.9,1088
33.793259,-112.031287,5050,77.2,183.7,1536
33.79185,-112.031422,5125,72.3,184.8,1472
33.790741,-112.031512,5225,74.0,180.8,1344
33.78943,-112.031422,5300,74.2,176.1,1344
33.788681,-112.031343,5325,75.3,174.7,896
33.787475,-112.031136,5375,74.2,169.9,832
33.786987,-112.031007,5375,73.4,169.0,384
33.786026,-112.030727,5375,73.2,165.8,0
33.785065,-112.030391,5350,75.3,160.6,-384
33.784542,-112.030106,5325,76.7,157.8,-768
33.783234,-112.029382,5250,79.2,153.8,-832
33.782447,-112.028847,5250,79.9,148.3,-512
33.781586,-112.028036,5200,79.8,142.1,-704
33.780579,-112.026971,5150,81.4,137.5,-832
33.779561,-112.025757,5125,82.8,132.6,-768
33.778381,-112.024001,5050,83.2,128.7,-704
33.777054,-112.021927,5025,81.1,129.0,-256
33.775138,-112.019062,5000,83.6,126.7,-256
33.773529,-112.016321,4950,87.1,124.2,-448
33.77188,-112.013226,4900,89.4,121.7,-256
33.770483,-112.01025,4875,90.4,119.1,-320
33.767876,-112.004871,4825,90.6,120.5,-256
33.765106,-111.999281,4775,92.4,121.3,-192
33.76215,-111.993656,4725,91.6,121.6,-128
33.760986,-111.991098,4725,90.8,118.3,-64
33.760148,-111.989021,4725,92.2,114.3,128
33.759521,-111.987062,4725,91.4,109.8,-192
33.758985,-111.985016,4700,91.2,105.3,-128
33.758007,-111.980553,4650,91.9,104.5,-576
33.75796,-111.980267,4650,92.4,103.1,-64
33.757507,-111.977701,4650,93.4,99.9,-64
33.756912,-111.97232,4675,91.9,98.1,192
33.756843,-111.971455,4675,90.8,97.6,-128
33.756331,-111.967049,4625,92.2,99.4,-448
33.755951,-111.964809,4600,93.6,103.6,-384
33.754935,-111.960239,4550,92.4,105.7,-192
33.753491,-111.954575,4550,91.1,107.2,-64
33.753067,-111.953206,4550,89.6,113.7,192
33.752655,-111.952365,4550,89.2,120.3,-128
33.752095,-111.951427,4550,88.0,126.2,-192
33.751511,-111.950684,4525,87.0,134.5,-192
33.75087,-111.950123,4550,86.6,143.9,0
33.750183,-111.949619,4525,87.3,150.5,64
33.749022,-111.948967,4525,87.3,156.4,-320
33.747711,-111.948441,4475,88.2,162.2,-576
33.746602,-111.948109,4475,89.1,167.7,-512
33.745484,-111.94788,4450,88.7,172.9,-576
33.743855,-111.947765,4400,86.1,177.3,-640
33.74055,-111.947651,4300,84.1,177.9,-768
33.737198,-111.947422,4225,83.2,176.6,-576
33.734777,-111.947193,4175,81.5,173.7,-448
33.731918,-111.94676,4075,83.6,173.1,-704
33.729331,-111.946335,4025,85.2,170.5,-576
33.72821,-111.946031,4000,84.2,164.1,-448
33.727003,-111.945534,3975,84.2,159.8,-512
33.725653,-111.94479,3925,84.6,155.6,-832
33.723093,-111.943359,3825,86.8,154.0,-640
33.720703,-111.941883,3800,85.5,151.3,-192
33.717865,-111.940034,3725,85.1,150.4,-512
33.716575,-111.939068,3725,85.8,148.4,-256
33.714523,-111.937399,3675,84.1,145.2,-448
33.711827,-111.935234,3600,84.3,146.1,-512
33.707731,-111.931915,3550,82.7,145.4,-320
33.70491,-111.929496,3475,85.2,144.1,-512
33.70134,-111.926413,3400,87.2,143.4,-448
33.697449,-111.922881,3350,87.6,141.9,-320
33.695801,-111.9212,3325,85.8,139.2,-256
33.694417,-111.91967,3300,87.0,135.5,-192
33.692413,-111.917164,3275,88.5,132.7,-256
33.688923,-111.912632,3225,87.0,132.7,-256
33.686874,-111.909877,3225,84.3,131.6,0
33.685013,-111.907368,3225,86.3,134.1,-256
33.68367,-111.905897,3200,89.2,137.7,-256
33.682406,-111.904507,3225,87.7,136.9,64
33.680283,-111.902254,3200,87.2,139.2,-384
33.677146,-111.899071,3150,82.5,140.9,-64
33.674927,-111.897041,3125,77.6,141.8,-320
33.672501,-111.894687,3050,76.8,141.3,-384
33.669837,-111.892147,2975,77.0,142.4,-448
33.667419,-111.890091,2925,77.4,144.5,-448
33.665726,-111.888745,2875,76.9,147.8,-512
33.66449,-111.887849,2850,72.1,150.9,-256
33.663254,-111.887176,2825,69.4,155.3,-192
33.661926,-111.886503,2800,67.4,159.1,-448
33.660852,-111.886082,2775,65.8,163.2,-384
33.659637,-111.885719,2750,65.5,167.7,-384
33.657852,-111.885326,2700,65.1,169.4,-320
33.657082,-111.885223,2675,66.1,176.5,-640
33.655918,-111.885223,2650,67.0,180.9,-320
33.654282,-111.885326,2650,67.1,183.4,-192
33.652566,-111.885452,2625,67.0,180.9,0
33.651398,-111.885382,2600,66.1,177.4,-384
33.650471,-111.885338,2575,62.1,177.2,-384
33.649401,-111.885395,2550,60.0,181.9,-512
33.648144,-111.885509,2475,61.3,185.6,-832
33.647369,-111.885662,2450,61.2,191.3,-832
33.646561,-111.88591,2400,61.7,197.0,-896
33.645447,-111.886391,2325,63.3,201.3,-896
33.644466,-111.88694,2275,64.4,205.8,-960
33.643256,-111.887684,2225,64.0,209.0,-896
33.642325,-111.888428,2175,66.3,213.9,-768
33.641487,-111.889172,2125,67.6,218.4,-640
33.640556,-111.890202,2075,69.4,222.7,-640
33.6386,-111.892433,2025,71.5,223.3,-384
33.636658,-111.894799,1950,67.2,225.6,-640
33.635193,-111.896369,1900,65.1,222.5,-384
33.63334,-111.898556,1800,64.4,224.4,-576
33.631385,-111.900787,1725,64.4,223.1,-576
33.63002,-111.902366,1625,64.4,224.4,-704
33.628219,-111.904449,1575,60.1,224.3,-256
33.627335,-111.905422,1575,55.2,223.5,-192
33.626543,-111.906338,1550,53.0,224.2,-320
33.626221,-111.906682,1550,46.7,225.0,-128
33.625717,-111.907299,1550,42.5,223.1,0
33.625193,-111.907883,1550,41.0,223.0,0
33.624401,-111.90884,1525,17.5,233.4,0
33.624332,-111.909036,1525,11.8,255.9,0
33.624321,-111.909135,1525,10.2,275.6,0
33.624344,-111.909199,1525,9.8,289.7,0
33.624378,-111.909275,1525,9.8,303.8,0
33.624425,-111.909356,1525,7.8,312.2,0
33.624481,-111.909415,1525,3.8,315.0,0
33.624495,-111.909428,1525,2.8,315.0,0
