lat,lon,alt,gs,track,vs
35.834609,-8.44872,33025,472.4,191.5,0
35.792358,-8.459244,33025,473.4,191.4,0
35.750257,-8.469699,33025,473.4,191.4,0
35.730239,-8.474257,33000,473.5,189.5,-64
35.718246,-8.476067,33000,474.4,185.8,-64
35.705978,-8.476982,33000,474.5,182.5,0
35.693893,-8.476982,33000,475.1,179.0,64
35.680298,-8.476124,33000,475.2,175.9,0
35.666336,-8.474236,33000,474.7,172.9,0
35.654388,-8.471832,33000,474.9,169.6,0
35.641743,-8.468355,33000,474.4,166.3,0
35.629081,-8.463914,33000,474.8,163.0,-64
35.588348,-8.448486,33025,474.2,163.2,0
35.546963,-8.432767,33025,475.3,162.4,0
35.505661,-8.416557,33025,475.6,162.2,64
35.464966,-8.40065,33025,475.6,162.2,0
35.423401,-8.384399,33025,476.6,162.3,0
35.381982,-8.36831,33025,476.3,162.4,0
35.340317,-8.352242,33025,476.9,162.6,0
35.29884,-8.336344,33025,476.9,162.6,0
35.25737,-8.320484,33025,476.6,162.7,0
35.216721,-8.305035,33000,476.9,162.6,0
35.175247,-8.289241,33025,476.6,162.7,0
35.133911,-8.273546,33025,477.6,162.7,0
35.091705,-8.257459,33025,477.6,162.7,0
35.050949,-8.241978,33000,478.9,162.6,0
35.010132,-8.226518,33025,478.6,162.7,0
34.968458,-8.210735,33025,478.6,162.7,0
34.926515,-8.194828,33025,478.9,162.6,0
34.883972,-8.178705,33025,479.8,162.7,0
34.842255,-8.162956,33025,478.9,162.6,0
34.80011,-8.146979,33025,479.8,162.7,0
34.757949,-8.131084,33025,479.8,162.7,0
34.716378,-8.115463,33025,479.5,162.8,-64
34.674621,-8.099728,33000,479.8,162.7,64
34.632843,-8.083976,33025,479.8,162.7,-64
34.591013,-8.068314,33000,480.8,162.7,64
34.562197,-8.057156,33025,480.4,161.3,0
34.544037,-8.048999,33000,481.8,159.1,-64
34.523372,-8.038845,33025,481.4,157.3,64
34.495331,-8.024111,33025,482.1,155.9,0
34.460083,-8.004437,33025,483.1,154.8,0
34.420538,-7.981682,33025,483.0,154.2,0
34.381155,-7.958508,33000,482.6,153.8,0
34.341248,-7.934763,33025,483.0,153.7,0
34.301331,-7.911053,33025,483.4,153.6,0
34.262447,-7.887726,33025,483.9,153.5,0
34.222549,-7.863745,33025,483.4,153.6,0
34.183029,-7.840176,33000,484.3,153.6,0
34.142901,-7.816143,33025,483.9,153.5,64
34.102773,-7.792225,33025,483.9,153.8,0
34.063809,-7.769108,33025,484.3,153.6,0
34.023834,-7.745305,33025,483.9,153.8,0
33.985275,-7.722473,33025,483.9,153.8,0
33.946106,-7.699286,33000,483.4,153.6,0
33.906006,-7.67552,33025,483.0,153.7,0
33.866287,-7.652092,33025,483.0,153.7,0
33.827133,-7.629052,33000,482.1,153.9,0
33.787857,-7.605958,33025,482.6,153.8,64
33.74879,-7.582855,33025,482.6,153.8,-64
33.709127,-7.559566,33000,482.6,153.8,0
33.670074,-7.536621,33025,481.2,153.9,64
33.63002,-7.513191,33025,481.2,153.9,0
33.590233,-7.489872,33025,481.2,153.9,0
33.550415,-7.466555,33025,481.2,153.9,-64
33.511185,-7.443622,33025,480.8,154.0,0
33.471588,-7.420496,33025,481.2,153.9,0
33.432587,-7.397699,33025,480.8,154.0,0
33.394015,-7.375245,33025,481.2,153.9,0
33.35463,-7.352325,33025,480.3,154.1,64
33.315857,-7.329749,33025,480.8,154.0,0
33.277728,-7.30759,33025,480.3,154.1,0
33.240346,-7.285841,33025,479.9,153.9,-64
33.201661,-7.263308,33025,479.9,153.9,0
33.163349,-7.241111,33000,479.4,154.0,0
33.127441,-7.220325,33025,479.4,154.0,64
33.089331,-7.198343,33025,479.4,154.0,0
33.051251,-7.176258,33025,479.4,154.0,0
33.01236,-7.153857,33025,478.1,154.1,64
32.97908,-7.134686,33025,478.1,154.1,0
32.940994,-7.112823,33025,478.6,154.2,0
32.902771,-7.090851,33000,477.7,154.2,64
32.863506,-7.068357,33025,477.2,154.3,0
32.824677,-7.046136,33025,477.7,154.2,0
32.785065,-7.023403,33025,477.7,154.2,0
32.749453,-7.003055,33025,476.8,154.1,0
32.710721,-6.980915,33025,476.8,154.1,0
32.670776,-6.958136,33000,476.3,154.2,0
32.632886,-6.936465,33025,475.9,154.1,0
32.593826,-6.914246,33025,475.9,154.4,0
32.553933,-6.891623,33025,475.0,154.3,0
32.514862,-6.869366,33025,475.0,154.3,0
32.476424,-6.847509,33025,475.0,154.3,0
32.437553,-6.825425,33025,475.4,154.2,0
32.398453,-6.803284,33025,475.0,154.3,0
32.359392,-6.781143,33025,475.0,154.3,0
32.320724,-6.759229,33025,475.0,154.3,0
32.28067,-6.736597,33025,474.6,154.4,0
32.242173,-6.714833,33025,475.0,154.3,0
32.20253,-6.692487,33025,474.6,154.4,0
32.178303,-6.678847,33025,474.6,154.4,0
32.14325,-6.659033,33025,474.6,154.4,0
32.103354,-6.636583,33025,475.9,154.4,0
32.068161,-6.616852,33000,476.4,154.5,0
32.03995,-6.60099,33000,475.9,154.4,0
32.002569,-6.580082,33000,475.0,154.6,0
31.973831,-6.563892,33000,475.0,154.3,0
31.935333,-6.542249,33000,475.5,154.5,0
31.90329,-6.524341,33000,475.5,154.5,0
31.869476,-6.50542,33000,475.9,154.6,0
31.830276,-6.483527,33000,475.9,154.4,0
31.796265,-6.46452,33025,475.5,154.5,0
31.770645,-6.450183,33025,475.5,155.0,-64
31.732864,-6.429156,33025,475.5,154.5,0
31.711624,-6.417254,33025,475.5,154.0,0
31.670233,-6.394263,33025,475.0,155.0,0
31.63448,-6.374377,33025,475.0,155.0,0
31.604128,-6.357459,33025,475.0,155.0,32
31.562164,-6.334157,33025,475.0,155.0,0
31.531973,-6.317413,33025,475.0,155.0,32
31.490028,-6.294177,33025,475.0,155.0,-32
31.462004,-6.278632,33025,470.0,155.0,0
31.431427,-6.261723,33025,475.0,155.0,0
31.389542,-6.238511,33000,475.0,155.0,0
31.359375,-6.221816,33025,474.0,154.0,0
31.317719,-6.198712,33025,474.0,155.0,-64
31.282791,-6.179594,33000,470.0,155.0,64
31.252239,-6.162781,33025,473.0,155.0,32
31.212296,-6.140711,33025,470.0,155.0,-64
31.181435,-6.123779,33025,472.0,155.0,-32
31.151827,-6.107409,33025,470.0,155.0,0
31.109985,-6.084325,33025,471.0,155.0,0
31.081146,-6.068546,33025,471.0,155.0,-64
31.046013,-6.049292,33000,470.0,155.0,0
31.032978,-6.042206,33000,471.0,155.0,-32
31.021946,-6.036163,33000,460.0,155.0,64
31.015274,-6.032464,33025,470.0,155.0,64
30.98517,-6.015948,33000,470.0,155.0,0
30.968445,-6.006775,33000,460.0,155.0,0
30.926327,-5.983758,33000,460.0,155.0,0
30.898256,-5.968378,33000,460.0,155.0,0
30.85643,-5.945488,33000,469.0,155.0,-32
30.826401,-5.929117,33000,468.0,155.0,-32
30.791512,-5.910095,33025,467.0,155.0,0
30.760555,-5.893231,33025,467.0,156.0,0
30.731964,-5.877632,33025,467.0,155.0,0
30.712372,-5.866969,33025,467.0,155.0,0
28.67981,-4.82008,33018,469.0,156.0,0
27.231503,-4.16914,33018,469.0,158.2,0
24.964199,-3.2444,33018,490.0,159.7,-16
9.475475,2.669678,35000,478.0,148.0,0
9.430134,2.69899,35000,478.0,148.0,0
9.392853,2.72312,34975,460.0,147.0,0
8.959863,2.951013,35025,474.0,152.0,0
8.953113,2.952197,35025,475.0,170.0,0
8.936188,2.95509,35025,475.0,170.0,0
8.885788,2.96845,35000,475.0,165.0,0
8.871323,2.973664,35025,475.0,160.0,0
8.839233,2.985162,35025,473.0,161.0,0
8.803493,2.997705,35025,474.0,161.0,0
8.79018,3.002298,35025,474.0,161.0,0
8.75736,3.013379,35025,475.0,162.0,32
8.721268,3.025197,35025,475.0,162.0,0
8.681717,3.037906,35025,476.0,162.0,0
8.645542,3.049464,35000,476.0,162.0,-32
8.61924,3.058698,35000,477.0,160.0,0
8.588283,3.070063,35025,477.0,160.0,0
8.556427,3.081665,35025,477.0,160.0,0
8.513241,3.097387,35025,478.0,160.0,0
8.4807,3.109131,35025,477.0,160.0,0
8.439606,3.123935,35025,477.0,160.0,0
8.40631,3.135839,35025,477.0,161.0,0
8.369843,3.148793,35025,476.0,161.0,0
8.331024,3.162619,35000,473.0,160.0,0
8.293794,3.176043,35000,469.0,160.0,0
8.263721,3.186745,35000,468.0,161.0,0
8.220427,3.202183,35000,467.0,161.0,0
8.190216,3.212989,35000,467.0,160.0,0
8.158585,3.224301,35025,467.0,160.0,0
8.117919,3.238883,35025,467.0,161.0,0
8.086029,3.250324,35025,468.0,160.0,0
8.043575,3.265544,35025,469.0,160.0,0
8.01313,3.276436,35025,471.0,161.0,0
7.965321,3.293578,35025,472.0,160.0,64
7.926589,3.3075,35000,471.0,160.0,-32
7.88702,3.321707,35000,471.0,160.0,64
7.85178,3.334351,35025,472.0,160.0,64
7.819798,3.34581,35025,472.0,160.0,0
7.792472,3.355518,35025,473.0,160.0,0
7.752437,3.369914,35025,473.0,160.0,0
7.718361,3.382179,35025,473.0,160.0,0
7.686985,3.393402,35025,473.0,160.0,0
7.647949,3.407391,35025,472.0,161.0,0
7.616225,3.418784,35025,472.0,160.0,0
7.578239,3.432281,35025,471.0,160.0,32
7.545652,3.44393,35025,471.0,161.0,0
7.504303,3.458831,35025,471.0,160.0,0
7.492117,3.463203,35025,472.0,160.0,-64
7.455015,3.476415,35000,471.0,161.0,0
7.424744,3.487135,35025,471.0,161.0,0
7.391425,3.499051,35000,470.0,160.0,-64
7.355896,3.511854,35000,470.0,160.0,0
7.323257,3.523539,35000,469.0,160.0,0
7.298218,3.532477,35000,469.0,160.0,0
7.267456,3.54347,35000,469.0,160.0,0
7.228455,3.557382,35000,469.0,161.0,0
7.196091,3.569021,35000,469.0,161.0,32
7.158554,3.582428,35000,469.0,160.0,0
7.12901,3.592956,35000,469.0,161.0,0
7.085678,3.608357,35025,469.0,160.0,-32
7.053455,3.6199,35025,469.0,160.0,0
7.011744,3.63477,35025,469.0,161.0,0
6.980347,3.646064,35025,469.0,160.0,0
6.938873,3.660868,35000,470.0,161.0,32
6.908432,3.671715,35025,470.0,161.0,0
6.8638,3.687635,35025,470.0,160.0,0
6.832306,3.698808,35025,471.0,161.0,32
6.795685,3.711843,35025,470.0,160.0,32
6.764694,3.723015,35025,470.0,160.0,0
6.74081,3.731468,35025,470.0,161.0,0
6.691177,3.749131,35025,471.0,161.0,64
6.616656,3.775698,35025,471.0,161.0,0
6.578762,3.789241,35025,470.0,160.0,0
6.54315,3.80198,35025,471.0,160.0,0
6.499466,3.81747,35025,471.0,161.0,0
6.468796,3.828409,35025,471.0,160.0,0
6.438354,3.839303,35025,471.0,160.0,0
6.407639,3.850196,35025,471.0,161.0,32
6.370162,3.863541,35025,470.0,160.0,0
6.327147,3.878837,35025,470.0,160.0,0
6.294662,3.890371,35000,469.0,160.0,-32
6.264587,3.901078,35000,466.0,161.0,0
6.228653,3.913879,35000,462.0,160.0,0
6.194008,3.926192,35000,459.0,161.0,0
6.18219,3.930405,35000,459.0,160.0,0
6.154531,3.940209,35000,457.0,161.0,0
6.120575,3.952332,35000,456.0,161.0,0
6.079257,3.967059,35000,455.0,160.0,32
6.049347,3.977703,35000,455.0,160.0,32
6.019089,3.988456,35000,455.0,160.0,0
5.982754,4.001391,35000,454.0,161.0,0
5.952775,4.011999,35000,453.0,161.0,0
5.923493,4.022417,35025,453.0,160.0,0
5.881714,4.037243,35000,452.0,161.0,0
5.851913,4.047857,35000,451.0,160.0,0
5.816423,4.06049,35000,451.0,161.0,0
5.793147,4.068683,35025,450.0,161.0,32
5.762833,4.079466,35025,450.0,160.0,0
5.733444,4.089893,35025,451.0,160.0,-32
5.692841,4.104278,35000,450.0,161.0,0
5.662308,4.115171,35025,451.0,160.0,0
5.626785,4.127787,35025,451.0,161.0,0
5.591629,4.140309,35025,451.0,160.0,0
5.556244,4.152832,35025,452.0,161.0,0
5.524168,4.164197,35025,453.0,161.0,0
5.484319,4.178309,35025,453.0,161.0,0
5.458901,4.187306,35025,454.0,161.0,0
5.412629,4.203786,35025,454.0,161.0,0
5.383392,4.214141,35025,455.0,160.0,0
5.354095,4.224523,35025,455.0,161.0,0
5.31701,4.237645,35025,456.0,161.0,0
5.281025,4.250383,35000,456.0,161.0,0
5.241084,4.264589,35025,456.0,161.0,0
5.204494,4.277565,35025,456.0,161.0,0
5.170929,4.289498,35000,457.0,161.0,0
5.132152,4.303184,35025,456.0,161.0,32
5.10301,4.313554,35025,456.0,160.0,0
5.060257,4.32866,35000,456.0,161.0,0
5.023731,4.341683,35000,456.0,160.0,0
4.983789,4.355795,35000,456.0,160.0,0
4.9526,4.366828,35000,457.0,160.0,0
4.922015,4.377625,35000,456.0,161.0,0
4.894456,4.387428,35025,456.0,160.0,0
4.855453,4.401188,35025,456.0,161.0,0
4.825838,4.411721,35025,457.0,161.0,0
4.789398,4.424557,35025,457.0,161.0,0
4.77598,4.42929,35000,457.0,161.0,0
4.665698,4.46831,35025,457.0,161.0,0
4.642515,4.47655,35025,457.0,161.0,-64
4.615082,4.486286,35025,457.0,160.0,0
4.608902,4.488474,35025,457.0,161.0,0
4.96257,4.267397,34025,485.0,332.0,0
4.999571,4.247447,34025,485.0,332.0,0
5.031326,4.230434,34000,485.0,332.0,0
5.073961,4.207527,34025,485.0,332.0,0
5.083458,4.202365,34025,487.0,331.0,0
5.115253,4.183707,34025,487.0,330.0,0
5.131174,4.175183,34000,487.0,332.0,0
5.173862,4.153069,34025,487.0,333.0,0
5.208357,4.135121,34025,486.0,332.0,0
5.238756,4.119163,34000,486.0,332.0,0
5.276688,4.098692,34000,487.0,331.0,32
5.287543,4.091792,34000,487.0,327.0,0
5.316833,4.071831,34025,486.0,326.0,0
5.353508,4.046757,34025,486.0,326.0,0
5.382111,4.027141,34000,485.0,325.0,0
5.415468,4.00428,34025,485.0,326.0,0
5.449871,3.980555,34025,484.0,325.0,0
5.459228,3.973973,34025,485.0,325.0,-32
5.465881,3.968997,34000,485.0,323.0,0
5.480409,3.957257,34000,485.0,320.0,64
5.507921,3.934431,34025,485.0,320.0,0
5.543655,3.904941,34000,485.0,321.0,0
5.569885,3.883388,34000,485.0,321.0,0
5.603074,3.856201,34025,484.0,321.0,0
5.630167,3.833944,34000,484.0,320.0,0
5.663361,3.806576,34025,485.0,321.0,32
5.695387,3.780623,34025,486.0,321.0,0
5.721817,3.759186,34000,486.0,321.0,0
5.757889,3.729952,34000,486.0,321.0,-32
5.790253,3.703463,34000,482.0,321.0,0
5.815119,3.683214,34000,478.0,321.0,0
5.841385,3.661939,34000,475.0,321.0,0
5.876661,3.633302,34000,471.0,321.0,-32
5.891931,3.622031,34000,468.0,324.0,0
5.898834,3.617528,34000,469.0,327.0,0
5.9261,3.600627,34000,467.0,328.0,0
5.964203,3.576655,34025,467.0,328.0,64
5.99225,3.558907,34025,467.0,328.0,0
6.024977,3.538261,34000,468.0,328.0,0
6.030749,3.534851,34000,468.0,330.0,0
6.041456,3.529027,34000,468.0,332.0,0
6.048299,3.525712,34000,467.0,334.0,0
6.063446,3.519116,34000,469.0,337.0,0
6.075348,3.514275,34025,471.0,338.0,0
6.090709,3.508474,34025,471.0,339.0,0
6.099461,3.505444,34025,471.0,341.0,0
6.122085,3.498482,34025,478.0,344.0,-64
6.128906,3.496632,34025,478.0,345.0,0
6.14772,3.492256,34000,479.0,348.0,0
6.181904,3.485697,34000,483.0,349.0,0
6.228012,3.47708,34025,488.0,350.0,0
6.260392,3.471159,34000,490.0,350.0,0
6.30024,3.463819,34000,490.0,350.0,0
6.342277,3.456053,34000,489.0,349.0,0
6.380676,3.448916,34000,488.0,350.0,32
6.422347,3.441136,34000,488.0,349.0,0
6.461125,3.433796,34000,489.0,349.0,0
6.495026,3.427408,34000,489.0,349.0,0
6.528671,3.420938,34000,489.0,349.0,0
6.569219,3.413102,34000,489.0,349.0,-64
6.607764,3.405714,34025,489.0,349.0,32
6.641647,3.399151,34025,489.0,349.0,0
6.667923,3.394124,34000,489.0,349.0,0
6.692642,3.389375,34000,489.0,349.0,0
6.727615,3.382625,34025,489.0,349.0,0
6.756359,3.377065,34025,489.0,349.0,0
6.794439,3.369819,34025,488.0,349.0,0
6.836708,3.361769,34000,488.0,349.0,0
6.87544,3.354382,34025,488.0,349.0,-32
6.908306,3.348036,34025,488.0,349.0,0
6.946793,3.340635,34025,488.0,349.0,0
6.97036,3.33615,34025,488.0,349.0,0
7.003281,3.329882,34025,488.0,349.0,0
7.042609,3.322417,34025,487.0,349.0,0
7.087234,3.313914,34025,487.0,349.0,0
7.115662,3.308421,34025,487.0,349.0,0
7.141571,3.303486,34025,487.0,349.0,0
7.168213,3.298366,34000,486.0,349.0,0
7.20076,3.292174,34025,486.0,349.0,32
7.241455,3.284353,34000,485.0,349.0,0
7.26997,3.278898,34025,485.0,349.0,0
7.308608,3.271511,34025,484.0,349.0,0
7.327148,3.26792,34025,484.0,349.0,0
7.380981,3.257632,34025,484.0,350.0,0
7.414719,3.251162,34000,484.0,349.0,0
7.440537,3.246223,34000,484.0,350.0,0
7.487695,3.237178,34000,484.0,349.0,0
7.520782,3.230819,34025,483.0,349.0,0
7.554265,3.22444,34025,484.0,349.0,0
7.585327,3.218482,34025,484.0,349.0,-32
7.609589,3.213827,34025,483.0,350.0,0
7.66507,3.20312,34025,483.0,349.0,32
7.697617,3.196882,34025,482.0,349.0,0
7.730347,3.190597,34025,482.0,349.0,0
7.757996,3.18529,34025,482.0,349.0,0
7.797546,3.177701,34000,482.0,349.0,0
7.837069,3.170124,34000,482.0,349.0,32
7.881134,3.161642,34025,481.0,349.0,0
7.921515,3.153929,34025,481.0,349.0,0
7.96257,3.146047,34025,482.0,349.0,0
8.000519,3.138738,34025,482.0,349.0,0
8.041351,3.130871,34025,482.0,349.0,0
8.079163,3.123655,34000,481.0,349.0,0
8.110098,3.117749,34000,481.0,349.0,0
8.157074,3.108712,34025,482.0,349.0,0
8.191086,3.102148,34025,482.0,349.0,-32
8.239373,3.092841,34000,482.0,349.0,0
8.266388,3.087624,34025,482.0,349.0,0
8.303662,3.080434,34025,482.0,349.0,0
8.337739,3.073899,34000,482.0,349.0,0
8.371124,3.06742,34025,483.0,349.0,0
8.416691,3.058698,34025,482.0,350.0,-32
8.454724,3.051405,34000,483.0,349.0,0
8.486847,3.045168,34025,483.0,349.0,0
8.521133,3.038558,34025,482.0,349.0,0
8.560957,3.030901,34025,482.0,350.0,-32
8.600107,3.023371,34025,482.0,349.0,0
8.630226,3.017499,34025,482.0,349.0,0
8.679703,3.008019,34025,482.0,349.0,0
8.692978,3.005785,34025,483.0,351.0,0
8.780078,3.007223,34025,483.0,1.0,0
8.795929,3.007368,34025,480.0,0.0,0
8.813782,3.006939,34025,480.0,359.0,0
8.87796,3.001037,34025,480.0,355.0,0
30.549906,-6.115869,36000,446.0,300.0,0
30.570053,-6.156221,36000,446.0,300.0,0
30.588591,-6.193213,36025,440.0,300.0,0
30.596645,-6.209363,36025,440.0,300.0,0
30.617361,-6.251221,36000,440.0,300.0,0
30.63249,-6.281378,36000,440.0,301.0,0
30.639612,-6.293683,36000,440.0,304.0,-64
30.647015,-6.304504,36000,440.0,310.0,0
30.654415,-6.313843,36000,440.0,313.0,64
30.664192,-6.324774,36000,440.0,317.0,0
30.672913,-6.333187,36000,440.0,320.0,0
30.677994,-6.337657,36000,440.0,323.0,0
30.694963,-6.350372,36000,440.0,328.0,0
30.698221,-6.35246,36000,440.0,331.0,0
30.716888,-6.362237,36000,440.0,338.0,0
30.72294,-6.364764,36000,440.0,340.0,0
30.73942,-6.370587,36000,449.0,344.0,0
30.752687,-6.375257,36025,448.0,343.0,64
30.788498,-6.388442,36025,440.0,343.0,-64
30.829453,-6.402832,36025,449.0,344.0,0
30.851936,-6.410632,36025,449.0,343.0,0
30.88862,-6.423322,36025,440.0,344.0,64
30.932285,-6.438428,36025,449.0,343.0,0
30.955811,-6.446605,36025,440.0,343.0,0
30.996277,-6.460715,36025,449.0,343.0,0
31.025578,-6.470947,36025,449.0,343.0,0
31.069656,-6.486403,36000,450.0,343.0,0
31.09778,-6.496325,36000,450.0,343.0,0
31.135712,-6.509669,36025,450.0,343.0,0
31.170494,-6.521869,36025,450.0,343.0,0
31.199869,-6.532361,37700,450.0,343.0,0
31.231617,-6.543567,37700,450.0,343.0,0
31.265413,-6.555542,36000,451.0,343.0,-64
31.297628,-6.566858,36025,450.0,343.0,0
31.34024,-6.582049,36025,451.7,343.0,-32
31.362259,-6.58975,36025,451.4,343.1,64
31.392288,-6.600414,36000,450.0,343.0,-64
31.417686,-6.609485,36025,452.0,343.1,0
31.459723,-6.624316,36000,450.0,343.0,0
31.493334,-6.636182,36000,450.0,343.0,0
31.525635,-6.647806,36000,450.0,343.0,0
31.537373,-6.652002,36000,440.0,343.0,0
31.547939,-6.655792,36000,450.0,343.0,0
31.573822,-6.665076,36000,440.0,343.0,0
31.613811,-6.679413,36000,449.0,343.0,0
31.634294,-6.686664,36025,449.2,343.2,0
31.662132,-6.696607,36025,450.0,343.0,0
31.668503,-6.69886,36025,440.0,343.0,32
31.694532,-6.708087,36025,450.0,343.1,32
31.732956,-6.721802,36025,449.5,343.1,0
31.767154,-6.73396,36025,449.2,343.2,0
31.799973,-6.745718,36025,448.8,342.9,0
31.808716,-6.748846,36025,448.8,342.9,0
31.828033,-6.755768,36000,448.8,343.0,0
31.870514,-6.771039,36000,448.6,343.0,0
31.899502,-6.781423,36000,448.6,343.0,0
31.943802,-6.797296,36000,448.6,343.0,0
31.953323,-6.800702,36000,447.9,342.9,0
32.005692,-6.819543,36000,447.6,343.0,0
32.045955,-6.834001,36000,447.6,343.0,0
32.081635,-6.846844,36025,447.6,343.0,0
32.083832,-6.847668,36025,447.6,343.0,0
32.115189,-6.858874,36000,440.0,343.0,-32
32.158218,-6.87442,36000,447.9,342.9,0
32.186783,-6.884802,36000,440.0,343.0,0
32.219316,-6.896499,36000,448.8,342.9,0
32.251251,-6.908046,36025,448.8,343.0,0
32.282768,-6.919481,36025,448.8,343.0,0
32.328598,-6.936053,36025,447.9,342.9,0
32.353592,-6.945117,36025,447.9,343.0,0
32.399194,-6.961689,36000,447.9,342.9,0
32.405136,-6.963849,36000,447.9,342.9,0
32.441254,-6.976977,36000,447.9,343.0,0
32.466385,-6.986151,36000,448.0,343.0,0
32.513016,-7.002999,36000,448.0,343.0,32
32.535233,-7.011035,36025,447.9,342.9,0
32.567139,-7.022681,36025,447.9,342.9,0
32.623482,-7.043189,36000,448.8,342.9,0
32.633194,-7.046741,36000,448.8,342.9,0
32.6689,-7.059869,36000,448.5,342.6,0
32.720777,-7.078783,36025,449.8,342.9,0
32.755179,-7.091338,36025,450.1,342.8,0
32.758577,-7.092628,36000,450.1,342.8,0
32.793228,-7.105298,36000,450.0,342.8,32
32.827698,-7.117932,36025,450.4,342.7,0
32.866532,-7.132201,36000,450.1,342.8,0
32.904968,-7.146277,36000,450.1,342.8,0
32.941434,-7.159667,36025,450.1,342.8,0
32.984029,-7.175361,36000,450.1,342.8,0
33.023087,-7.189655,36000,450.1,342.8,0
33.058327,-7.202659,36025,450.1,342.8,0
33.100503,-7.218186,36025,450.1,342.8,0
33.139709,-7.232684,36025,450.4,342.7,0
33.179077,-7.247241,36000,450.4,342.7,0
33.219258,-7.262131,36025,450.4,342.7,0
33.258453,-7.27663,36025,450.1,342.8,0
33.297409,-7.291132,36025,449.4,342.6,0
33.336731,-7.305688,36025,449.1,342.8,0
33.376099,-7.320245,36000,449.4,342.6,0
33.415054,-7.334747,36000,449.4,342.6,0
33.454393,-7.349405,36025,449.7,342.5,0
33.494149,-7.364203,36025,450.1,342.8,0
33.533532,-7.378777,36025,450.4,342.7,0
33.573074,-7.393575,36000,449.7,342.5,0
33.612252,-7.408218,36025,450.4,342.7,0
33.651263,-7.42281,36025,450.4,342.7,64
33.690273,-7.437229,36025,450.1,342.8,-64
33.72826,-7.451534,36025,450.0,342.4,0
33.768448,-7.466611,36025,450.7,342.6,0
33.808051,-7.481518,36025,450.7,342.6,0
33.847137,-7.496151,36025,451.6,342.6,0
33.886631,-7.511044,36025,451.9,342.5,0
33.925323,-7.525579,36000,451.6,342.6,-64
33.96405,-7.540152,36000,452.3,342.8,0
34.003189,-7.554894,36025,451.9,342.5,0
34.042534,-7.569695,36000,451.9,342.5,0
34.082476,-7.584801,36025,451.6,342.6,0
34.121394,-7.599506,36025,451.9,342.5,0
34.160917,-7.614498,36025,451.9,342.5,0
34.199432,-7.629108,36025,451.9,342.5,0
34.238205,-7.643794,36000,452.9,342.5,0
34.278321,-7.659016,36000,451.9,342.5,0
34.317078,-7.673782,36000,452.9,342.5,0
34.355804,-7.688524,36025,452.3,342.4,0
34.393524,-7.702873,36025,452.9,342.5,0
34.433304,-7.717952,36025,452.9,342.5,0
34.472855,-7.733086,36000,452.6,342.2,0
34.511595,-7.747936,36000,452.9,342.5,0
34.551361,-7.763074,36025,452.6,342.6,0
34.589767,-7.777704,36000,453.2,342.4,0
34.628815,-7.792558,36000,453.9,342.6,0
34.668823,-7.808028,36000,453.5,342.3,64
34.708278,-7.823067,36025,453.9,342.6,0
34.747101,-7.83796,36025,454.5,342.3,0
34.786998,-7.853336,36025,454.5,342.3,-64
34.826334,-7.8685,36000,454.5,342.3,0
34.864647,-7.88332,36000,455.4,342.4,0
34.903006,-7.898083,36025,455.4,342.4,0
34.942154,-7.913183,36000,455.1,342.5,0
34.981726,-7.928467,36000,455.4,342.4,0
35.021667,-7.943844,36000,455.4,342.4,0
35.060394,-7.958922,36000,454.8,342.2,0
35.10076,-7.974472,36025,455.1,342.5,0
35.139679,-7.989527,36000,454.8,342.2,0
35.179367,-8.004997,36025,454.5,342.3,0
35.219049,-8.02042,36025,454.5,342.3,0
35.25913,-8.035973,36000,454.8,342.2,0
35.297791,-8.05109,36025,454.5,342.3,0
35.337021,-8.066425,36025,454.8,342.2,0
35.37648,-8.081875,36025,454.5,342.3,0
35.416756,-8.097567,36025,453.8,342.2,0
35.456406,-8.11306,36000,454.5,342.3,0
35.496414,-8.128738,36000,453.5,342.3,0
35.535604,-8.144083,36025,453.5,342.3,0
35.574941,-8.159511,36025,453.8,342.2,0
35.614091,-8.17488,36025,452.9,342.1,0
35.6538,-8.190483,36025,452.6,342.2,0
35.692904,-8.205852,36000,451.9,342.1,0
35.731888,-8.221207,36000,451.6,342.2,0
35.771027,-8.236599,36025,450.7,342.2,0
35.798066,-8.247051,36025,449.6,343.5,-64
35.818735,-8.253947,36000,449.7,345.3,0
35.857932,-8.266452,36000,448.7,345.3,0
35.897036,-8.279016,36000,447.5,345.4,0
35.936646,-8.291874,36000,447.0,345.1,0
35.975739,-8.304749,36000,446.3,344.9,0
36.014969,-8.317852,36000,445.9,344.6,0
36.054474,-8.331299,36025,445.2,344.5,0
36.093766,-8.344642,36000,444.9,344.6,0
36.132869,-8.357966,36000,444.9,344.6,0
36.171927,-8.371231,36000,444.2,344.5,0
36.211761,-8.384857,36000,444.0,344.6,0
36.250351,-8.397961,36000,444.0,344.6,0
36.289192,-8.411145,36025,444.0,344.6,0
36.328575,-8.424527,36025,444.0,344.6,0
36.367819,-8.437792,36025,443.7,344.7,0
36.407667,-8.45135,36000,444.0,344.6,0
36.446091,-8.464451,36000,444.0,344.6,0
36.48436,-8.477497,36000,444.9,344.6,0
36.523629,-8.490854,36025,444.9,344.6,0
36.563291,-8.504411,36000,444.9,344.6,0
36.602554,-8.517838,36025,444.9,344.6,64
36.642197,-8.531351,36025,444.0,344.6,0
36.681015,-8.544674,36000,443.0,344.5,-192
36.699689,-8.551103,35925,440.1,344.5,-640
36.735672,-8.563442,35700,436.7,344.6,-704
36.773661,-8.576524,35500,432.8,344.5,-576
36.807923,-8.588328,35275,429.9,344.4,-896
36.838927,-8.599022,35000,429.7,344.5,-1088
36.86751,-8.608923,34725,430.6,344.5,-1088
36.895432,-8.618482,34450,431.3,344.7,-1088
36.923885,-8.628328,34175,431.9,344.4,-1088
36.952057,-8.638059,33900,432.6,344.6,-1024
36.981766,-8.648227,33625,432.6,344.6,-1088
37.010513,-8.658162,33350,432.8,344.5,-1216
37.037007,-8.667437,33050,435.0,344.4,-1152
37.065357,-8.677109,32775,435.5,344.7,-1152
37.095523,-8.687499,32500,436.0,344.4,-1088
37.125092,-8.697666,32225,436.7,344.6,-960
37.163536,-8.711083,32000,434.3,344.2,-704
37.200943,-8.72408,31800,430.9,344.4,-704
37.235273,-8.736042,31575,429.9,344.4,-704
37.269653,-8.747981,31350,427.7,344.4,-832
37.296112,-8.757272,31125,426.8,344.4,-1280
37.309198,-8.761836,30950,424.9,344.3,-1728
37.324653,-8.767269,30675,421.7,344.3,-2176
37.34491,-8.774336,30275,419.2,344.5,-2368
37.364273,-8.781057,29875,417.3,344.4,-2304
37.383588,-8.787809,29475,415.4,344.4,-2304
37.402908,-8.794614,29075,413.2,344.4,-2240
37.42218,-8.801451,28675,410.6,344.2,-2240
37.441686,-8.808348,28275,408.4,344.2,-2176
37.459282,-8.814379,27925,406.5,345.2,-2560
37.466812,-8.816645,27725,406.8,346.8,-3008
37.47757,-8.819275,27400,410.2,350.0,-3264
37.487772,-8.821066,27125,412.2,352.9,-3008
37.492707,-8.821663,27000,412.2,354.0,-2688
37.495743,-8.821963,26925,413.1,355.8,-2240
37.501459,-8.82238,26825,413.4,357.4,-1792
37.514236,-8.822606,26650,411.0,0.0,-1536
37.52655,-8.822138,26475,409.4,2.4,-1856
37.53804,-8.821028,26250,408.9,5.5,-2048
37.55099,-8.818917,26025,408.3,8.3,-2176
37.571706,-8.815334,25625,406.5,7.5,-2048
37.592514,-8.811853,25250,404.6,7.7,-1984
37.613417,-8.808229,24875,401.8,7.9,-1920
37.63472,-8.80449,24500,399.1,8.2,-1856
37.655267,-8.800586,24150,396.7,8.8,-2048
37.675005,-8.796765,23750,395.4,8.6,-2240
37.694557,-8.793182,23350,395.1,8.3,-2304
37.714462,-8.78953,22975,394.1,8.3,-1984
37.734055,-8.785965,22600,392.0,8.2,-1856
37.755295,-8.782108,22250,388.9,8.1,-1920
37.775046,-8.778554,21875,386.9,8.2,-1856
37.795902,-8.774792,21525,383.7,7.9,-1792
37.816245,-8.77121,21175,381.8,8.1,-1728
37.836411,-8.767499,20825,379.0,8.3,-1920
37.856513,-8.763866,20450,376.7,8.1,-1856
37.876282,-8.760369,20100,374.6,8.0,-1984
37.894825,-8.757119,19700,374.6,8.0,-2368
37.908417,-8.754701,19425,374.8,8.1,-1920
37.927598,-8.751207,19075,372.9,8.3,-1920
37.947522,-8.747506,18700,371.0,8.4,-1920
37.966873,-8.743948,18350,369.8,8.2,-1920
37.986161,-8.74046,17975,367.7,8.1,-1856
38.005992,-8.736937,17625,365.6,8.0,-1728
38.026337,-8.733254,17275,362.7,8.2,-1792
38.046539,-8.729593,16925,360.6,8.1,-1664
38.051985,-8.728578,16850,359.6,8.1,-1216
38.078568,-8.723904,16600,353.4,8.0,-960
38.10445,-8.719323,16325,355.5,8.1,-960
38.13176,-8.714379,16075,357.5,8.0,-1024
38.157303,-8.709645,15800,357.8,8.4,-960
38.183945,-8.704737,15550,356.7,8.2,-832
38.212921,-8.699419,15300,353.6,8.1,-768
38.241825,-8.694186,15075,350.6,8.2,-832
38.270688,-8.688991,14850,349.5,8.1,-768
38.298712,-8.683916,14600,346.5,8.1,-832
38.327388,-8.678662,14375,344.6,8.3,-768
38.355194,-8.673531,14125,342.4,8.1,-768
38.383804,-8.668505,13900,344.5,8.2,-832
38.409646,-8.663974,13675,346.6,7.0,-768
38.423813,-8.662182,13550,345.3,5.0,-1024
38.431153,-8.66156,13450,344.7,3.7,-1472
38.444467,-8.660828,13225,342.1,1.7,-1920
38.455873,-8.660767,12975,341.0,359.3,-1920
38.468628,-8.661406,12725,339.5,357.0,-1728
38.477554,-8.662063,12600,337.6,356.6,-1280
38.493952,-8.663269,12425,331.5,356.7,-832
38.512806,-8.664612,12200,321.5,356.8,-1216
38.528261,-8.665771,12000,312.6,356.3,-1152
38.539946,-8.666809,11825,304.8,355.9,-1280
38.550934,-8.667795,11650,298.7,356.2,-1536
38.56105,-8.668631,11450,294.7,356.1,-1728
38.569885,-8.669347,11250,292.6,356.5,-1984
38.577988,-8.669944,11050,291.5,356.7,-2112
38.585907,-8.670482,10850,292.4,357.1,-1792
38.595809,-8.671082,10650,292.3,357.3,-1536
38.606232,-8.671736,10475,292.3,357.3,-1472
38.615966,-8.672363,10275,292.4,356.9,-1536
38.626207,-8.673157,10075,292.0,355.3,-1728
38.630219,-8.673825,9975,291.0,351.7,-2176
38.635895,-8.675378,9800,290.9,347.5,-2368
38.641057,-8.677246,9675,289.5,343.1,-2048
38.647156,-8.679737,9525,289.0,342.1,-1728
38.649078,-8.680513,9500,288.4,341.8,-1280
38.660097,-8.685059,9325,285.6,342.3,-896
38.672012,-8.689827,9175,283.1,342.5,-960
38.682404,-8.694067,9025,280.2,342.3,-1152
38.692917,-8.698303,8850,279.3,342.3,-1344
38.702274,-8.702087,8675,278.9,342.5,-1408
38.711014,-8.70559,8500,279.9,342.5,-1536
38.720444,-8.709352,8325,279.6,342.7,-1536
38.729367,-8.712891,8125,280.9,342.6,-1536
38.738892,-8.716696,7950,280.9,342.6,-1472
38.747988,-8.720337,7775,280.9,342.6,-1344
38.757159,-8.72406,7600,281.2,342.4,-1344
38.767307,-8.728149,7425,280.5,342.1,-1280
38.777921,-8.732605,7250,279.9,341.9,-1216
38.788696,-8.737116,7075,278.0,341.8,-1216
38.794327,-8.739445,6975,278.0,341.8,-1216
38.800278,-8.741953,6875,277.0,341.7,-1216
38.806503,-8.74458,6775,275.8,341.8,-1216
38.812556,-8.747131,6675,274.8,341.8,-1152
38.818954,-8.749774,6575,273.9,341.7,-1152
38.824939,-8.752319,6475,272.9,341.6,-1152
38.831406,-8.755088,6375,271.6,341.8,-1152
38.837741,-8.757751,6275,271.0,341.5,-1024
38.845189,-8.760925,6175,268.8,341.6,-832
38.854779,-8.765015,6100,264.7,341.5,-512
38.859604,-8.76703,6025,260.3,341.6,-960
38.865143,-8.769418,5950,256.1,341.6,-1216
38.869629,-8.771301,5850,252.7,341.8,-1408
38.87439,-8.7733,5750,250.8,341.6,-1600
38.878098,-8.774852,5650,248.6,341.7,-1728
38.881897,-8.776464,5550,246.7,341.6,-1856
38.885468,-8.778016,5450,245.7,341.5,-1920
38.889134,-8.779541,5350,244.1,341.1,-1856
38.892746,-8.781181,5250,244.1,341.1,-1792
38.895977,-8.782593,5175,244.5,340.9,-1344
38.901306,-8.784943,5075,244.1,341.1,-1216
38.906638,-8.787292,4975,244.5,340.9,-1152
38.911972,-8.78966,4875,243.5,340.8,-1152
38.917531,-8.792114,4775,243.5,340.8,-1152
38.922821,-8.794496,4675,242.6,340.7,-1152
38.92836,-8.796944,4575,242.6,340.7,-1088
38.934174,-8.799511,4475,242.2,341.0,-1088
38.93969,-8.801941,4375,241.3,340.9,-1152
38.945389,-8.804467,4275,241.0,341.1,-1088
38.951794,-8.807251,4175,239.7,341.3,-896
38.958069,-8.80996,4075,238.4,341.4,-1024
38.963928,-8.812528,4000,237.8,341.1,-576
38.967854,-8.81427,4000,236.9,341.0,-128
38.988556,-8.823275,4000,240.0,341.0,-64
38.998346,-8.827759,4000,239.0,338.9,0
39.001232,-8.82959,4000,239.3,334.0,-64
39.003204,-8.831097,4000,239.8,329.7,-128
39.005608,-8.833374,4000,240.6,322.9,64
39.00824,-8.836471,4000,240.5,316.4,128
39.010263,-8.839478,4000,241.2,310.3,64
39.011893,-8.842407,4025,242.1,303.9,64
39.013475,-8.845886,4025,243.2,299.8,128
39.014832,-8.849846,4025,245.0,293.3,0
39.015896,-8.854004,4025,245.1,288.1,-128
39.017212,-8.860115,4000,241.8,284.6,-64
39.018448,-8.866265,4000,237.0,283.9,-128
39.019387,-8.871094,4000,233.8,283.9,-64
39.020225,-8.875305,4000,229.0,284.2,0
39.021575,-8.88208,4000,224.4,284.7,-64
39.022646,-8.887268,4000,220.2,284.7,128
39.025726,-8.902807,4025,217.8,283.3,-64
39.026321,-8.907285,4025,218.2,279.8,-192
39.026596,-8.910867,4000,217.9,275.3,0
39.02665,-8.915283,4025,219.0,270.5,64
39.026413,-8.920003,4025,220.5,266.1,0
39.025909,-8.923585,4025,221.6,259.6,64
39.025131,-8.927586,4025,222.9,254.6,0
39.02381,-8.932556,4025,222.1,249.4,0
39.022227,-8.937012,4025,221.8,246.9,-64
39.02124,-8.939408,4025,221.1,241.4,0
39.019318,-8.943289,4025,221.1,236.8,-64
39.016222,-8.948853,4025,221.6,233.4,128
39.010263,-8.959473,4000,220.5,235.2,-256
39.008011,-8.963709,4000,216.6,235.7,-64
39.005934,-8.96759,4000,212.2,235.6,128
39.004258,-8.970764,4000,208.6,235.6,320
39.002117,-8.974609,4025,204.5,234.8,256
38.995789,-8.985563,4025,205.8,233.3,-128
38.984573,-9.004848,4000,206.0,233.7,-64
38.978747,-9.014954,4000,201.6,233.5,-128
38.971481,-9.027478,4000,199.6,232.3,128
38.968832,-9.031189,4000,202.5,227.8,0
38.966904,-9.033508,4000,204.5,223.2,0
38.965118,-9.0353,4025,206.0,217.7,-64
38.962509,-9.037568,4000,207.8,212.6,-512
38.959428,-9.039673,3950,209.3,207.3,-960
38.95697,-9.041211,3900,209.8,205.7,-1408
38.953354,-9.0433,3800,210.0,203.9,-1472
38.950104,-9.045211,3700,208.7,203.7,-1664
38.946854,-9.047002,3600,206.0,203.4,-1664
38.943368,-9.048889,3500,204.3,203.1,-1280
38.939438,-9.051063,3400,199.9,203.0,-1152
38.934895,-9.053528,3300,196.3,202.8,-1152
38.930511,-9.055899,3225,192.1,203.6,-960
38.926758,-9.057929,3150,187.4,202.6,-1088
38.923187,-9.05984,3050,182.5,202.2,-1024
38.918381,-9.062407,2950,177.9,202.8,-768
38.913341,-9.065002,2850,180.3,202.2,-960
38.908356,-9.067781,2750,176.5,203.4,-896
38.903732,-9.070289,2650,172.9,203.2,-896
38.89905,-9.072754,2550,170.8,202.4,-896
38.89389,-9.075603,2450,170.7,203.1,-896
38.888669,-9.078369,2350,169.9,202.5,-768
38.883957,-9.080917,2250,168.5,203.1,-832
38.878693,-9.083783,2150,164.0,203.0,-832
38.873493,-9.086548,2050,161.4,202.6,-768
38.868301,-9.089276,1950,157.8,202.3,-768
38.864502,-9.091366,1875,153.2,203.1,-768
38.86203,-9.092679,1825,148.4,202.6,-768
38.859294,-9.094116,1775,144.8,202.3,-768
38.854825,-9.096497,1675,144.5,201.9,-704
38.850037,-9.099008,1575,145.8,202.2,-832
38.845189,-9.101685,1475,143.9,202.5,-768
38.840561,-9.104143,1375,143.0,202.6,-832
38.835739,-9.106812,1300,140.6,203.5,-768
38.831543,-9.109099,1200,141.3,202.0,-768
38.826782,-9.111666,1100,139.3,203.2,-576
38.822844,-9.113647,1025,136.7,200.6,-704
38.818561,-9.115845,975,139.3,203.2,-448
38.814511,-9.117981,900,140.4,202.2,-832
38.810852,-9.119906,800,141.6,203.3,-768
38.806503,-9.122354,700,141.0,203.8,-768
38.801743,-9.124981,600,138.9,202.9,-832
38.796616,-9.127728,525,139.8,202.7,-512
38.791328,-9.130554,425,138.9,202.9,-576
38.788861,-9.131897,375,140.8,202.6,-448
38.781086,-9.136108,375,93.2,202.7,-64
38.779968,-9.136658,375,93.2,202.7,-64
38.778759,-9.137299,350,35.5,202.5,-64
38.777687,-9.13758,350,25.5,182.8,-64
38.776897,-9.137619,350,22.5,180.0,-64
38.776385,-9.137589,350,23.5,177.2,-64
38.775787,-9.13758,350,23.5,177.2,-64
38.772697,-9.136759,350,8.8,81.6,0
38.772754,-9.136459,350,8.2,78.8,0
38.772778,-9.136296,350,3.2,78.8,0
38.772823,-9.136057,350,5.8,78.8,0
38.77287,-9.135742,350,6.8,78.8,0
38.772346,-9.134857,350,11.8,163.1,-88
38.772044,-9.134766,350,12.2,165.9,-88
38.77173,-9.134689,350,11.2,168.8,-88
38.77138,-9.134583,350,8.2,168.8,-88
38.771107,-9.134714,350,9.2,205.3,0
38.771066,-9.134781,350,9.2,216.6,0
38.771027,-9.134878,350,8.8,227.8,0
38.770961,-9.134995,350,7.8,233.4,0
38.77088,-9.135117,350,7.8,230.6,0
38.770798,-9.135206,350,7.8,222.2,0
38.770695,-9.135266,350,7.2,210.9,0
38.770626,-9.135281,350,7.2,205.3,0
38.770589,-9.135284,350,7.8,199.7,0
38.770508,-9.135284,350,8.2,191.2,0
38.770363,-9.135266,350,9.2,177.2,0
38.770193,-9.135223,350,10.2,171.6,0
38.769882,-9.135147,350,12.2,168.8,0
38.769553,-9.135056,350,11.8,168.8,0
38.769286,-9.134995,350,12.8,168.8,0
38.768645,-9.134827,350,4.8,168.8,0
38.768497,-9.134893,350,7.8,196.9,0
38.768475,-9.135027,350,7.2,227.8,0
38.768424,-9.135193,350,8.2,244.7,0
38.768343,-9.13559,350,3.8,255.9,0
38.768308,-9.135742,350,2.2,255.9,0
38.768291,-9.135848,350,0.1,255.9,0
38.768296,-9.135849,350,0.0,255.9,0
38.768391,-9.135452,350,2.0,247.5,0
38.768417,-9.135341,350,2.0,247.5,0
38.768463,-9.135251,350,1.9,253.1,0
38.768494,-9.135208,350,1.6,261.6,0
38.768497,-9.135177,350,1.9,264.4,0
38.768506,-9.135147,350,1.9,270.0,0
38.768529,-9.135132,350,1.6,275.6,0
38.768532,-9.135102,350,1.6,281.2,0
38.768541,-9.135056,350,1.6,292.5,0
38.768552,-9.135025,350,1.6,300.9,0
38.768552,-9.134979,350,1.9,306.6,0
38.768543,-9.134938,350,1.4,315.0,0
38.768541,-9.134888,350,1.4,320.6,0
38.768517,-9.134857,350,1.9,326.2,0
38.768486,-9.134804,350,1.0,326.2,0
38.768429,-9.134759,350,2.0,326.2,0
38.768303,-9.134699,350,0.0,348.8,0
38.768303,-9.134699,350,0.0,348.8,0
38.768308,-9.134705,350,0.0,348.8,0
38.768303,-9.134699,350,0.0,348.8,0
38.768308,-9.134705,350,0.0,348.8,0
38.768308,-9.134705,350,0.0,348.8,0
38.768308,-9.134705,350,0.0,348.8,96
38.768459,-9.134735,350,4.0,348.8,0
38.76889,-9.134857,350,6.8,348.8,0
38.769047,-9.134893,350,7.8,348.8,0
38.769286,-9.134964,350,9.2,348.8,0
38.769577,-9.13504,350,10.2,348.8,0
38.770123,-9.135206,350,12.2,348.8,0
38.770519,-9.135315,350,10.8,348.8,0
38.770601,-9.13533,350,9.2,351.6,0
38.770752,-9.135269,350,7.8,11.2,0
38.77081,-9.135223,350,8.2,19.7,0
38.770868,-9.135132,350,7.8,33.8,0
38.780411,-9.134191,350,2.8,348.8,0
38.780656,-9.134247,350,3.8,348.8,0
38.780865,-9.134308,350,5.0,348.8,0
38.781235,-9.134415,350,8.2,348.8,0
38.781634,-9.134521,350,11.2,348.8,0
38.781924,-9.134598,350,12.2,348.8,0
38.78223,-9.134684,350,15.5,348.8,0
38.783134,-9.134923,350,10.0,348.8,0
38.783707,-9.135086,350,10.0,348.8,0
38.784061,-9.135177,350,20.0,348.8,0
38.784348,-9.135251,350,20.0,348.8,0
38.784904,-9.135406,350,20.0,348.8,0
38.785496,-9.135559,350,20.0,348.8,0
38.786045,-9.135696,350,20.0,348.8,0
38.786739,-9.135505,350,10.0,348.8,0
38.78688,-9.135437,350,10.0,348.8,0
38.790207,-9.133669,350,28.5,22.5,0
38.79063,-9.133438,350,30.5,22.5,0
38.792587,-9.132385,350,30.5,22.5,0
38.794659,-9.131281,350,29.5,22.5,0
38.796822,-9.130116,350,26.5,22.5,0
38.797199,-9.129922,350,23.5,22.5,0
38.797382,-9.129833,350,16.5,22.5,0
38.797496,-9.129761,350,13.2,22.5,0
38.797613,-9.1297,350,9.8,25.3,0
38.797668,-9.128758,350,7.2,109.7,0
38.797672,-9.128754,350,7.2,109.7,0
38.797668,-9.128758,350,7.2,109.7,0
38.797668,-9.128758,350,7.2,109.7,0
38.796879,-9.127625,350,3.8,196.9,0
38.796856,-9.127639,350,1.0,196.9,0
38.796844,-9.12764,350,1.0,196.9,0
38.796822,-9.127653,350,13.0,196.9,0
38.793737,-9.129303,350,89.0,202.5,0
38.792953,-9.129698,375,89.0,203.0,0
38.79198,-9.130188,375,101.8,202.5,0
38.791468,-9.130493,375,113.5,202.3,64
38.789795,-9.13137,375,135.4,202.6,64
38.785492,-9.133639,450,135.4,202.6,64
38.785217,-9.133759,450,164.5,202.5,1856
38.784531,-9.134155,500,165.8,202.7,2304
38.78389,-9.134535,550,165.8,202.7,2816
38.783275,-9.134827,600,166.6,203.3,3200
38.782576,-9.135254,650,165.7,203.5,3584
38.781506,-9.135803,750,163.9,203.8,3968
38.780574,-9.136353,850,163.5,203.4,4032
38.779175,-9.137102,950,162.7,202.8,3968
38.778214,-9.13764,1050,163.1,203.1,4224
38.777595,-9.137939,1125,163.1,203.1,4288
38.776385,-9.13855,1225,161.4,202.6,4288
38.775686,-9.138916,1300,161.4,202.6,4352
38.775035,-9.139282,1375,161.9,202.1,4352
38.773964,-9.139832,1475,161.9,202.1,4480
38.772986,-9.14032,1575,161.6,201.8,4416
38.772288,-9.140686,1650,161.6,201.8,4352
38.771264,-9.141235,1750,161.6,201.8,4160
38.770286,-9.141724,1850,161.9,202.1,4032
38.769169,-9.142334,1950,163.2,202.3,4032
38.768051,-9.142894,2050,163.2,202.3,4096
38.767365,-9.143312,2125,163.6,202.6,4160
38.766403,-9.143849,2225,163.1,203.1,4288
38.765625,-9.144267,2300,162.2,203.2,4416
38.764938,-9.144625,2375,162.2,203.2,4480
38.763909,-9.145203,2500,161.2,203.4,4416
38.762885,-9.145752,2600,161.2,203.4,4288
38.761826,-9.146297,2700,161.2,203.4,4224
38.760864,-9.146835,2800,161.2,203.4,4160
38.759905,-9.1474,2900,162.6,203.6,4032
38.758928,-9.147949,3000,162.6,203.6,3904
38.757624,-9.148682,3100,163.5,203.4,3840
38.756647,-9.14917,3200,164.4,203.3,3712
38.755436,-9.149841,3300,164.8,203.6,3712
38.754319,-9.150452,3400,165.3,203.1,3648
38.753265,-9.151014,3500,166.8,202.6,3712
38.752167,-9.151611,3600,166.4,202.2,3776
38.751022,-9.152149,3700,166.9,201.8,3840
38.749969,-9.152746,3800,166.9,201.8,3840
38.748688,-9.153403,3900,167.3,202.1,3776
38.747709,-9.15387,4000,168.2,202.0,3776
38.746498,-9.154541,4100,168.2,202.0,3776
38.745334,-9.15509,4200,169.2,201.9,3584
38.743938,-9.155823,4300,170.5,202.1,3200
38.742448,-9.156616,4400,173.6,202.0,2880
38.740906,-9.157403,4500,176.8,201.9,2624
38.739349,-9.158239,4575,181.2,202.0,2688
38.737976,-9.158896,4675,185.3,201.9,2752
38.736374,-9.159732,4775,186.3,201.7,2816
38.734497,-9.160687,4875,190.3,201.6,2944
38.73317,-9.161344,4950,191.6,201.8,2880
38.731934,-9.162001,5025,194.4,201.4,2496
38.730377,-9.162717,5100,197.6,201.4,2240
38.728912,-9.163493,5150,202.0,201.5,2176
38.727039,-9.164429,5250,206.5,201.6,2176
38.725204,-9.165344,5300,211.0,201.7,1984
38.723222,-9.166382,5375,215.8,202.1,1856
38.722183,-9.166897,5400,218.9,202.0,1792
38.721222,-9.167434,5450,221.2,202.0,1856
38.720289,-9.167908,5475,224.3,202.0,1984
38.718201,-9.168986,5550,228.2,202.4,2432
38.716239,-9.170044,5650,231.8,202.6,2880
38.714238,-9.171143,5750,234.4,202.9,3328
38.712794,-9.171875,5850,235.7,203.0,3392
38.710556,-9.173106,5950,238.3,203.2,3264
38.708908,-9.174002,6050,241.9,203.4,3392
38.707255,-9.174927,6150,242.8,203.3,3456
38.705704,-9.175793,6225,244.6,203.1,3712
38.704136,-9.176636,6325,246.5,202.9,3904
38.702454,-9.177525,6425,247.4,202.8,4032
38.700943,-9.178361,6525,247.8,203.1,4160
38.699478,-9.179137,6625,249.1,203.2,4352
38.698503,-9.179688,6700,249.1,203.2,4416
38.69692,-9.180542,6800,249.5,203.4,4608
38.695849,-9.181152,6900,250.4,203.3,4672
38.69426,-9.182003,7000,251.3,203.2,4544
38.69133,-9.183615,7200,253.2,203.0,4224
38.689146,-9.184753,7325,255.0,202.8,3776
38.687423,-9.18573,7425,258.5,203.0,3456
38.684692,-9.187197,7550,261.7,202.9,3072
38.683001,-9.18811,7625,266.2,203.0,2944
38.679108,-9.190243,7800,271.0,203.2,2688
38.67627,-9.191795,7900,275.1,203.1,2496
38.674342,-9.19281,7950,279.7,202.7,2560
38.671642,-9.194092,8050,283.7,201.5,2752
38.667755,-9.195497,8200,288.2,196.7,3072
38.665404,-9.196106,8300,291.9,192.5,3392
38.663361,-9.196452,8400,293.7,187.8,3840
38.661354,-9.196655,8500,294.3,185.5,4224
38.659027,-9.196655,8625,294.0,181.0,4672
38.655945,-9.196452,8825,294.5,176.7,4992
38.652695,-9.195923,9025,294.2,171.6,5184
38.649344,-9.195068,9225,294.8,168.6,5312
38.646835,-9.194243,9400,294.0,165.8,5376
38.644135,-9.193168,9600,293.6,163.2,5440
38.641022,-9.191795,9800,293.9,159.9,5376
38.638367,-9.190481,9975,294.2,158.7,5312
38.636078,-9.189347,10150,294.0,158.2,5248
38.632919,-9.187735,10350,295.3,158.1,5120
38.630118,-9.18634,10525,295.8,158.4,4928
38.627557,-9.185059,10700,297.7,158.5,4544
38.623833,-9.183167,10900,299.3,158.2,4160
38.621087,-9.181702,11025,301.0,157.9,3776
38.61731,-9.179734,11200,305.7,157.3,3328
38.612686,-9.177166,11400,310.0,156.8,3136
38.606964,-9.174002,11600,317.0,156.2,2752
38.600557,-9.170349,11800,324.5,155.8,2368
38.593552,-9.1663,12000,333.9,155.6,1984
38.586777,-9.162419,12150,343.7,155.6,1984
38.577896,-9.157284,12375,353.6,155.6,2368
38.571834,-9.153809,12550,359.8,155.7,2816
38.566201,-9.150513,12750,364.7,155.5,3264
38.555355,-9.144226,13150,370.5,155.4,3648
38.545578,-9.138535,13550,375.5,155.6,3904
38.53569,-9.132863,13950,378.2,155.8,4224
38.52681,-9.127847,14350,381.4,155.9,4288
38.517609,-9.122593,14750,385.4,156.0,3968
38.507266,-9.116699,15150,389.0,155.9,3840
38.497009,-9.11089,15550,392.5,155.8,4160
38.487854,-9.105636,15950,394.4,155.9,4160
38.47847,-9.100382,16325,396.2,156.0,4224
38.469589,-9.095366,16700,398.0,156.1,4224
38.460617,-9.090351,17075,399.8,156.3,4224
38.451096,-9.084977,17475,401.2,156.2,4224
38.441255,-9.079407,17875,402.5,156.1,4224
38.431852,-9.074158,18275,403.0,156.3,4096
38.421191,-9.068237,18675,405.2,156.3,3840
38.409786,-9.061929,19075,408.0,156.4,3648
38.398846,-9.055779,19475,411.4,156.1,3648
38.386975,-9.049092,19875,413.2,156.2,3584
38.375702,-9.0428,20250,416.0,156.3,3392
38.363617,-9.03608,20650,419.1,156.4,3392
38.350246,-9.028612,21050,422.7,156.3,3136
38.336513,-9.02097,21450,427.2,156.3,3072
38.32251,-9.013113,21850,430.7,156.2,3264
38.308594,-9.005341,22250,433.5,156.3,3136
38.294769,-8.997627,22650,436.6,156.4,3072
38.279672,-8.989205,23050,440.2,156.3,3136
38.266022,-8.981557,23450,442.8,156.2,3072
38.251694,-8.973551,23850,445.9,156.2,3200
38.23732,-8.965487,24250,447.3,156.1,3136
38.22232,-8.957082,24650,450.4,156.2,2944
38.205841,-8.947946,25050,453.6,156.2,2816
38.190432,-8.939289,25450,456.7,156.2,2880
38.176792,-8.931765,25750,459.1,156.5,2432
38.155975,-8.920256,26150,465.2,156.3,2304
38.143112,-8.913068,26425,467.9,156.2,2752
38.126633,-8.903835,26825,470.1,156.2,2816
38.109283,-8.894134,27225,472.9,156.3,2816
38.100403,-8.889284,27425,473.8,156.4,2368
38.096375,-8.887004,27500,474.7,156.4,1984
38.091751,-8.884433,27550,476.9,156.4,1536
38.084244,-8.880284,27625,480.1,156.4,1088
38.053568,-8.86328,27900,488.1,156.3,1024
38.035878,-8.85301,28025,489.3,154.1,960
38.025101,-8.845747,28100,489.2,151.0,960
38.014511,-8.837546,28200,487.4,147.5,960
38.003525,-8.828052,28300,487.3,144.4,1024
37.991421,-8.81623,28400,487.4,141.4,1024
37.981339,-8.80525,28500,487.3,138.3,1024
37.971636,-8.793421,28600,486.5,135.2,960
37.96257,-8.781115,28700,486.5,131.9,960
37.954102,-8.7682,28800,486.6,128.7,1024
37.943845,-8.750909,28925,486.6,126.1,1024
37.936257,-8.737833,29000,487.0,126.4,576
37.930438,-8.727981,29025,488.6,126.8,128
37.90353,-8.682603,29000,483.2,126.6,0
37.877647,-8.638359,28975,474.2,126.3,0
37.852137,-8.594712,29000,469.8,126.4,0
37.826706,-8.551162,29000,467.6,126.5,0
37.801254,-8.507742,29000,467.6,126.5,0
37.775711,-8.464148,29000,467.0,126.4,0
37.750259,-8.420845,29000,466.8,126.6,0
37.72477,-8.377553,29025,467.4,126.7,0
37.699073,-8.334145,29025,467.4,126.7,0
37.673748,-8.291394,29025,467.2,126.8,0
37.647726,-8.247508,29025,468.8,126.7,0
37.622589,-8.205092,29025,468.8,126.7,0
37.596451,-8.161206,29025,469.4,126.8,0
37.570862,-8.118137,29000,469.4,126.8,0
37.545125,-8.074891,29025,469.4,126.8,0
37.519288,-8.031484,29025,469.4,126.8,0
37.493405,-7.988076,29025,469.2,126.9,0
37.467865,-7.945336,29025,470.0,126.9,0
37.441825,-7.901976,29000,470.0,126.9,0
37.415863,-7.858614,29000,469.2,126.9,0
37.390106,-7.815698,29000,469.8,127.0,0
37.364319,-7.772652,29025,469.2,126.9,0
37.338153,-7.72918,29025,469.0,127.1,0
37.312131,-7.686011,29000,469.8,127.0,0
37.286087,-7.642803,29025,468.4,127.0,0
37.260315,-7.600143,29025,468.4,127.0,0
37.234818,-7.557951,29025,468.2,127.2,-64
37.208878,-7.515186,29025,469.0,127.1,0
37.182855,-7.472136,29025,468.2,127.2,0
37.166096,-7.444193,29000,468.3,126.0,0
37.16037,-7.433385,29000,468.1,122.0,-192
37.155715,-7.422698,29000,467.0,117.8,-64
37.152008,-7.412382,29000,467.1,113.6,0
37.149078,-7.402506,29000,465.6,109.8,64
37.146079,-7.390157,29000,464.4,105.7,64
37.143677,-7.376852,29000,463.6,101.7,64
37.142166,-7.36493,29000,463.2,97.7,0
37.141296,-7.352951,29000,462.4,94.5,0
37.141068,-7.340971,29000,461.0,90.2,0
37.141663,-7.326069,29000,460.7,86.9,0
37.142587,-7.316059,29000,459.8,82.6,0
37.144318,-7.304038,29000,459.1,78.6,-64
37.153427,-7.253139,29025,456.6,77.6,0
37.157181,-7.230114,29000,447.8,79.3,-64
37.159393,-7.212166,28975,439.1,82.2,-448
37.161255,-7.191428,28875,433.1,84.3,-896
37.162308,-7.173429,28750,426.8,86.5,-1344
37.162698,-7.162071,28625,425.3,87.7,-1792
37.162903,-7.142457,28350,424.0,89.9,-2048
37.162512,-7.116096,28025,422.2,91.6,-1856
37.161758,-7.088344,27650,419.3,92.1,-1856
37.160789,-7.060328,27300,417.4,92.6,-1792
37.159698,-7.032536,26925,414.5,92.9,-1920
37.158554,-7.005128,26575,411.6,93.1,-1856
37.15741,-6.978364,26200,409.6,93.1,-2048
37.156227,-6.951002,25825,407.6,93.2,-1920
37.154892,-6.923315,25450,404.7,93.3,-1792
37.153656,-6.896083,25100,401.7,93.4,-1856
37.15242,-6.869494,24750,398.6,93.2,-1920
37.151246,-6.843766,24375,397.7,93.3,-1920
37.15004,-6.81725,24000,395.6,93.2,-1984
37.148872,-6.790864,23625,393.6,93.1,-1920
37.147801,-6.76525,23250,391.6,93.1,-2048
37.146731,-6.739336,22875,389.5,92.9,-1920
37.145599,-6.713289,22500,387.6,93.1,-1920
37.144496,-6.68739,22150,385.6,93.1,-1792
37.143402,-6.661922,21800,382.6,93.2,-1856
37.142262,-6.636399,21450,380.5,93.0,-1792
37.141159,-6.611023,21100,377.6,93.2,-1792
37.139887,-6.58302,20750,374.5,93.1,-1600
37.139328,-6.569649,20575,372.5,93.1,-1984
37.139099,-6.564273,20475,372.5,93.1,-2432
37.13887,-6.558663,20350,372.5,92.9,-2880
37.138165,-6.541343,19950,376.5,93.0,-3200
37.13742,-6.52558,19550,379.6,93.3,-3328
37.136627,-6.509458,19150,384.9,93.9,-3200
37.136349,-6.503667,19025,385.8,93.7,-2752
37.136124,-6.499407,18950,387.7,93.6,-2368
37.136024,-6.49692,18900,387.7,93.6,-2112
37.135837,-6.493577,18850,388.7,93.4,-1664
37.135511,-6.485755,18775,388.6,93.2,-1216
37.134068,-6.452736,18500,384.6,93.1,-960
37.132507,-6.417184,18250,379.6,93.2,-832
37.130717,-6.379414,18000,373.6,93.4,-768
37.129486,-6.349221,17825,368.2,92.0,-896
37.129257,-6.328008,17650,361.0,90.2,-1280
37.129303,-6.32345,17600,359.0,89.7,-1728
37.12932,-6.319288,17550,358.0,89.5,-2112
37.129349,-6.315152,17475,358.0,89.4,-2560
37.129395,-6.311003,17375,358.1,89.0,-3008
37.12946,-6.307287,17275,358.1,88.9,-3392
37.129832,-6.292658,16875,362.2,87.9,-3712
37.13031,-6.279329,16475,367.5,87.0,-3840
37.130949,-6.265252,16075,372.7,86.5,-3520
37.131866,-6.249059,15675,375.0,85.9,-3072
37.132919,-6.231878,15275,377.2,85.4,-2624
37.134394,-6.209305,14875,376.4,85.1,-2176
37.135986,-6.187932,14475,373.8,84.3,-2304
37.137863,-6.164966,14075,372.7,84.5,-2112
37.139608,-6.141238,13675,369.6,84.7,-2240
37.141205,-6.11956,13300,367.6,84.7,-1792
37.142494,-6.102547,13100,364.7,84.5,-1344
37.144821,-6.072518,12800,355.6,84.5,-1088
37.1458,-6.059676,12675,351.6,84.6,-1536
37.147476,-6.035526,12325,348.3,85.1,-1536
37.1483,-6.023956,12200,344.4,84.8,-1088
37.149244,-6.010775,12100,339.4,84.8,-640
37.150269,-5.996863,12075,331.4,84.8,-192
37.151386,-5.980921,12075,322.2,85.0,128
37.152283,-5.968381,12075,313.3,84.9,64
37.153107,-5.95646,12075,305.2,84.9,-384
37.153341,-5.953336,12050,304.2,84.9,-704
37.153527,-5.950888,12025,303.2,84.9,-1088
37.153748,-5.947753,12000,302.2,84.9,-1472
37.154251,-5.940565,11875,302.2,84.9,-1920
37.155017,-5.929871,11675,304.1,85.1,-2048
37.155715,-5.919541,11475,305.0,85.3,-1984
37.156448,-5.907547,11275,305.9,85.5,-1856
37.157205,-5.896016,11075,306.9,85.5,-1792
37.157996,-5.88288,10875,306.9,85.5,-1472
37.15892,-5.868277,10700,304.9,85.5,-1088
37.159905,-5.853384,10525,302.1,85.1,-1216
37.160889,-5.838883,10350,299.0,85.2,-1216
37.161814,-5.824963,10175,297.0,85.4,-1280
37.162674,-5.811183,10000,294.9,85.5,-1344
37.163498,-5.797801,9825,292.0,85.3,-1280
37.164374,-5.788959,9725,290.5,82.5,-1344
37.165421,-5.782432,9600,287.5,77.8,-1664
37.166236,-5.77857,9525,286.5,75.2,-1984
37.16748,-5.773958,9425,283.3,71.7,-2432
37.168991,-5.769283,9275,280.5,66.9,-2880
37.171171,-5.763762,9100,279.1,63.2,-3008
37.173731,-5.758388,8900,277.8,58.5,-2944
37.176682,-5.753154,8700,276.7,54.4,-2816
37.179084,-5.749432,8575,275.8,50.9,-2432
37.181488,-5.746142,8475,274.6,47.4,-1984
37.185379,-5.741467,8350,271.0,43.1,-1728
37.189316,-5.737435,8225,268.2,38.8,-1664
37.193207,-5.733987,8125,264.4,34.8,-1536
37.198357,-5.729669,8000,259.9,33.4,-1344
37.202957,-5.725805,7900,255.2,33.8,-1216
37.208267,-5.721306,7800,250.5,34.3,-1216
37.212602,-5.717667,7700,245.7,33.9,-1216
37.217304,-5.713786,7600,241.0,33.5,-1344
37.223831,-5.708391,7400,237.2,33.0,-1664
37.230664,-5.70286,7200,233.0,32.7,-1472
37.237647,-5.697247,7025,228.0,32.6,-1408
37.240906,-5.69468,6925,226.1,32.3,-1664
37.244064,-5.692145,6825,224.4,32.6,-1792
37.246948,-5.689866,6725,223.0,32.5,-1920
37.249751,-5.687634,6625,223.0,32.5,-1920
37.252451,-5.685485,6525,221.7,32.5,-1920
37.255188,-5.683263,6425,221.7,32.5,-1920
37.257889,-5.681159,6325,221.7,32.5,-1920
37.26091,-5.678704,6225,220.3,32.4,-1920
37.263297,-5.676827,6125,220.3,32.4,-1920
37.266403,-5.674322,6025,219.4,32.5,-1920
37.269058,-5.672218,5925,220.0,32.8,-1984
37.271347,-5.670348,5825,219.1,32.9,-1920
37.273911,-5.668289,5725,218.6,32.7,-1920
37.276937,-5.6659,5625,219.4,32.5,-1856
37.279544,-5.66381,5525,218.0,32.5,-1920
37.282384,-5.661541,5425,218.0,32.5,-1920
37.284851,-5.659571,5325,217.7,32.8,-1984
37.287552,-5.657375,5225,218.3,33.0,-1984
37.289832,-5.655511,5125,218.3,33.0,-1984
37.292358,-5.653401,5025,217.5,33.2,-1984
37.295279,-5.651093,4925,218.3,33.0,-1664
37.297668,-5.649135,4875,220.0,32.8,-1216
37.301424,-5.646137,4775,219.4,32.5,-960
37.306405,-5.642136,4675,219.4,32.5,-1024
37.310898,-5.638499,4625,218.6,32.7,-576
37.317993,-5.632714,4525,214.4,33.4,-576
37.324585,-5.627338,4425,211.6,33.2,-896
37.329529,-5.623305,4325,211.1,33.0,-1024
37.334106,-5.619565,4225,211.1,33.0,-1088
37.338638,-5.615942,4125,211.6,33.2,-1152
37.343445,-5.612144,4025,211.5,31.7,-1152
37.346579,-5.610073,3950,212.4,26.6,-1280
37.349716,-5.608521,3875,212.8,21.5,-1408
37.352166,-5.607565,3825,213.9,16.6,-1408
37.355192,-5.606789,3750,215.5,11.8,-1280
37.358551,-5.606241,3675,215.7,7.2,-1216
37.363632,-5.605715,3600,216.4,3.4,-1088
37.368256,-5.605365,3500,216.4,3.4,-1088
37.374161,-5.604897,3400,216.5,4.0,-1024
37.379678,-5.604401,3300,216.5,4.0,-1088
37.385284,-5.603962,3200,217.4,3.4,-1024
37.39151,-5.603729,3100,216.1,1.3,-768
37.394482,-5.603983,3075,215.0,354.4,-448
37.397507,-5.604699,3075,214.6,349.5,-192
37.399292,-5.605365,3050,213.5,344.8,-64
37.401464,-5.606431,3050,211.2,337.4,64
37.404071,-5.608162,3050,207.2,331.5,128
37.406937,-5.610507,3075,203.0,325.8,256
37.408997,-5.61267,3100,201.2,320.9,320
37.411147,-5.615208,3100,198.7,314.4,192
37.412659,-5.61752,3100,198.7,310.1,128
37.413803,-5.619741,3100,197.5,304.9,-64
37.414627,-5.621786,3100,198.3,299.3,-128
37.415359,-5.624007,3100,198.0,293.2,-128
37.415942,-5.626552,3100,197.8,286.1,0
37.41692,-5.631628,3100,197.3,282.0,192
37.417758,-5.637479,3125,197.1,278.5,192
37.418152,-5.642707,3150,196.6,274.4,-64
37.418289,-5.648667,3125,197.0,271.2,-256
37.418243,-5.663218,3075,193.0,269.7,-128
37.418363,-5.676707,3075,192.0,271.2,64
37.418427,-5.68075,3075,193.0,271.2,-320
37.418503,-5.686977,3025,196.0,270.6,-768
37.418549,-5.692769,2925,195.0,270.3,-1024
37.418549,-5.699994,2825,194.0,269.7,-1088
37.418503,-5.705964,2725,193.0,269.7,-1152
37.418503,-5.712652,2625,192.0,269.7,-960
37.418427,-5.718734,2525,190.0,269.4,-1024
37.418381,-5.725805,2425,189.0,269.4,-960
37.418363,-5.732475,2325,187.0,270.0,-1024
37.418409,-5.738804,2225,186.0,270.3,-960
37.418427,-5.745557,2125,183.0,270.6,-1024
37.418456,-5.751582,2025,181.0,270.3,-1024
37.418503,-5.756717,1950,179.0,270.6,-576
37.418503,-5.765673,1875,177.0,270.3,-768
37.418456,-5.771345,1775,175.0,269.7,-1024
37.418427,-5.777172,1675,170.0,269.7,-960
37.418456,-5.780898,1625,166.0,270.0,-832
37.418427,-5.782724,1600,162.0,270.4,-384
37.418427,-5.784652,1600,158.0,270.0,-192
37.418456,-5.787048,1575,154.0,270.0,-640
37.418427,-5.792308,1475,154.0,269.6,-1088
37.418363,-5.797199,1375,151.0,269.2,-1088
37.418335,-5.800547,1325,147.0,269.2,-1024
37.418335,-5.803703,1250,143.0,269.2,-1088
37.418243,-5.806567,1200,138.0,268.8,-896
37.418243,-5.809605,1125,133.0,269.1,-768
37.418177,-5.812424,1075,128.0,269.1,-896
37.418152,-5.815157,1050,131.0,268.7,-448
37.41806,-5.821819,975,131.0,269.1,-768
37.418106,-5.828481,900,130.0,270.9,-576
37.41813,-5.833442,800,127.0,270.5,-704
37.418152,-5.839642,725,129.0,269.6,-640
37.418106,-5.846246,650,131.0,269.1,-704
37.418106,-5.851388,550,131.0,270.4,-640
37.418084,-5.858101,450,128.0,270.0,-704
37.41806,-5.86518,350,126.0,269.5,-512
37.41799,-5.871356,275,125.0,269.1,-640
37.41799,-5.87679,200,124.0,270.0,-384
37.41799,-5.881746,175,115.0,269.0,-64
37.417969,-5.882068,175,107.0,270.5,-64
37.417967,-5.887358,150,71.0,270.0,0
37.417957,-5.887708,150,67.5,270.0,0
37.417956,-5.888075,150,64.5,270.0,0
37.417967,-5.890583,150,37.5,270.0,0
37.417969,-5.891097,150,31.5,272.8,0
37.418152,-5.891959,150,23.5,289.7,0
37.418293,-5.892254,150,23.5,300.9,0
37.418421,-5.892448,150,22.5,309.4,0
37.418495,-5.892529,150,21.5,312.2,0
37.418598,-5.892631,150,18.5,317.8,0
37.41893,-5.892894,150,18.5,329.1,0
37.421825,-5.896108,150,5.2,315.0,0
37.421883,-5.89624,150,5.8,306.6,0
37.421889,-5.896285,150,6.2,300.9,0
37.421894,-5.896342,150,6.2,292.5,0
37.421894,-5.8964,150,6.8,286.9,0
37.421901,-5.896479,150,7.2,278.4,0
37.421883,-5.896561,150,8.2,270.0,0
37.42186,-5.896707,150,8.2,264.4,0
37.421843,-5.896897,150,8.2,264.4,0
37.421814,-5.897248,150,4.8,261.6,0
37.42178,-5.897481,150,3.8,261.6,0
37.421757,-5.897627,150,0.0,261.6,0
37.421757,-5.897627,150,0.0,261.6,0
