lat,lon,alt,gs,track
30.689301,-82.673412,27025,455.3,142.1
30.656278,-82.643829,27025,455.6,142.4
30.623133,-82.614221,27025,457.7,142.3
30.589941,-82.584448,27025,458.3,142.2
30.556641,-82.554555,27025,459.1,142.3
30.523911,-82.525312,27025,459.1,142.3
30.491017,-82.495898,27025,459.7,142.2
30.457764,-82.466072,27025,460.5,142.2
30.424896,-82.436721,27025,460.5,142.2
30.391722,-82.407074,27025,460.5,142.2
30.358763,-82.377631,27025,461.2,142.3
30.324966,-82.347583,27025,461.2,142.3
30.2921,-82.31825,27025,461.2,142.3
30.258443,-82.288312,27025,462.0,142.4
30.236069,-82.268587,27025,460.4,143.5
30.227005,-82.261478,27025,460.2,147.2
30.216127,-82.254034,27025,459.1,150.4
30.206268,-82.248122,27025,458.4,154.0
30.195511,-82.242521,27025,457.9,156.9
30.185211,-82.237944,27025,456.6,159.6
30.173996,-82.233743,27025,456.1,162.5
30.162033,-82.230029,27025,454.8,165.9
30.151,-82.227393,27025,454.2,169.1
30.109801,-82.219153,27025,452.9,170.0
30.069351,-82.210909,27025,452.0,169.9
30.028748,-82.202669,27025,451.8,170.1
29.988486,-82.194598,27025,450.6,170.2
29.947723,-82.186567,27025,450.5,170.3
29.906927,-82.178596,27025,449.3,170.4
29.866892,-82.170733,27025,449.6,170.1
29.825972,-82.162547,27025,449.6,170.1
29.785891,-82.154631,27025,450.6,170.2
29.745438,-82.146466,27025,451.8,170.1
29.70475,-82.138367,27025,451.6,170.2
29.663544,-82.130197,27025,452.6,170.2
29.622073,-82.121995,27025,454.6,170.2
29.581375,-82.113929,27025,454.7,170.1
29.550247,-82.107697,27000,454.9,170.0
29.543793,-82.106376,26975,454.9,170.0
29.533997,-82.104422,26900,453.9,170.0
29.523941,-82.102392,26775,453.8,170.1
29.51326,-82.100302,26600,452.6,170.2
29.492203,-82.096182,26200,449.3,170.4
29.483276,-82.094439,26050,448.3,170.4
29.47576,-82.093021,25950,446.2,170.4
29.466934,-82.09127,25850,443.2,170.4
29.452158,-82.088444,25750,438.1,170.4
29.447845,-82.087625,25675,438.1,170.4
29.440018,-82.086094,25525,438.1,170.4
29.420083,-82.082304,25125,439.9,170.6
29.399368,-82.078329,24725,440.3,170.3
29.377853,-82.074104,24325,436.3,170.2
29.356567,-82.069931,23925,433.4,170.2
29.340271,-82.066392,23625,431.1,168.2
29.328003,-82.063012,23375,429.8,165.4
29.316179,-82.058985,23125,427.3,162.3
29.303935,-82.054084,22900,425.6,159.6
29.293182,-82.049076,22675,423.5,157.1
29.281916,-82.043152,22450,421.3,154.1
29.26972,-82.035935,22200,418.4,151.3
29.252588,-82.024949,21800,415.9,150.8
29.234436,-82.013468,21425,412.7,151.0
29.215714,-82.001795,21025,409.4,151.6
29.197377,-81.990482,20625,406.3,151.5
29.178989,-81.979173,20250,403.1,151.7
29.160736,-81.967885,19850,399.2,151.2
29.142151,-81.956106,19475,395.8,150.6
29.124663,-81.944921,19100,392.6,150.9
29.106079,-81.933289,18750,390.3,151.2
29.090424,-81.923253,18425,388.6,149.5
29.080392,-81.916109,18225,388.6,146.8
29.069545,-81.907492,17975,388.3,144.2
29.059616,-81.898798,17750,387.2,141.5
29.055486,-81.89489,17625,387.1,140.4
29.046021,-81.885435,17300,387.9,137.7
29.033157,-81.871649,16900,389.1,136.7
29.018555,-81.856015,16500,386.3,136.9
29.004605,-81.841197,16100,384.2,137.0
29.000656,-81.837,16000,383.5,136.9
28.997452,-81.833567,15975,383.5,136.9
28.993572,-81.829403,15925,382.7,136.6
28.985937,-81.820733,15850,381.9,134.1
28.979047,-81.812062,15825,383.3,131.3
28.971817,-81.802086,15825,383.1,128.2
28.962894,-81.788797,15775,380.4,127.2
28.960007,-81.784498,15725,379.6,127.3
28.95782,-81.781203,15700,378.2,127.3
28.955704,-81.778054,15650,377.4,127.4
28.943202,-81.7595,15300,373.0,127.5
28.93071,-81.741081,14950,370.0,127.6
28.918762,-81.723471,14600,367.0,127.8
28.906723,-81.705692,14225,363.8,127.4
28.894927,-81.688143,13875,361.6,127.5
28.883148,-81.670673,13500,358.8,127.4
28.871931,-81.653999,13125,357.4,127.4
28.85994,-81.636077,12750,356.0,127.3
28.84845,-81.618963,12400,354.0,127.2
28.839981,-81.606287,12125,353.2,127.3
28.83696,-81.601744,12075,351.8,127.3
28.833339,-81.596321,12025,349.6,127.3
28.822906,-81.580775,11950,339.6,127.3
28.812483,-81.565354,11825,331.6,127.5
28.806199,-81.55663,11775,326.5,130.0
28.801823,-81.551406,11750,322.5,134.5
28.796402,-81.545651,11700,319.5,138.4
28.792557,-81.542059,11650,318.3,140.6
28.787201,-81.537569,11550,318.3,144.5
28.781573,-81.533419,11425,317.8,148.5
28.774704,-81.529013,11300,317.2,152.0
28.765274,-81.52352,11125,315.8,152.5
28.755844,-81.517868,10950,314.5,152.1
28.746565,-81.512308,10775,313.6,152.1
28.737305,-81.50667,10600,312.7,152.0
28.728149,-81.501177,10425,311.4,152.0
28.718634,-81.495451,10250,310.0,152.1
28.709044,-81.489689,10050,309.5,152.3
28.699722,-81.484117,9875,308.7,152.2
28.690237,-81.478487,9700,308.2,152.4
28.680648,-81.472778,9500,306.8,152.4
28.67143,-81.467285,9325,306.0,152.4
28.661865,-81.461563,9125,305.5,152.1
28.652664,-81.456017,8950,304.2,152.2
28.643372,-81.450471,8775,303.3,152.1
28.637238,-81.446827,8675,301.9,152.2
28.626526,-81.440436,8575,297.0,152.3
28.617645,-81.435312,8525,292.0,153.8
28.611832,-81.43246,8475,288.4,157.8
28.606676,-81.430341,8450,285.6,161.6
28.601074,-81.428604,8400,282.6,165.9
28.595398,-81.427231,8350,279.9,169.3
28.588989,-81.426174,8300,276.0,173.1
28.579559,-81.425277,8250,271.9,175.4
28.570587,-81.424484,8175,267.7,175.9
28.563766,-81.42422,8075,266.0,179.4
28.553048,-81.424309,7900,266.0,180.4
28.542709,-81.424326,7750,265.0,180.0
28.532611,-81.424309,7575,265.0,179.8
28.522137,-81.424309,7425,265.0,179.8
28.511536,-81.42422,7250,265.0,179.6
28.50077,-81.424148,7075,264.0,179.6
28.494485,-81.424094,6975,265.0,180.0
28.488201,-81.424094,6875,265.0,180.0
28.48201,-81.424115,6775,265.0,180.0
28.475281,-81.424115,6675,265.0,180.2
28.469055,-81.424115,6575,265.0,180.2
28.463295,-81.424148,6475,265.0,180.2
28.45715,-81.424148,6375,265.0,180.0
28.450928,-81.424167,6275,265.0,180.0
28.44429,-81.424167,6175,264.0,180.0
28.437424,-81.424167,6075,263.0,179.8
28.431885,-81.424115,5975,262.0,179.8
28.426987,-81.424115,5875,262.0,180.0
28.422003,-81.424094,5775,262.0,180.0
28.416595,-81.424115,5675,261.0,180.0
28.41125,-81.424148,5575,260.0,180.0
28.406269,-81.424148,5475,260.0,180.0
28.400962,-81.424148,5375,259.0,180.2
28.39747,-81.424148,5325,259.0,180.0
28.389603,-81.424148,5225,258.0,180.0
28.383453,-81.424167,5125,258.0,180.0
28.377918,-81.424202,5025,258.0,180.2
28.370636,-81.42422,4925,258.0,180.2
28.364604,-81.424255,4825,257.0,180.2
28.357203,-81.424309,4725,256.0,180.2
28.348171,-81.424309,4625,254.0,180.0
28.338023,-81.424309,4525,252.0,180.0
28.329575,-81.424431,4425,252.0,180.9
28.322159,-81.424537,4325,252.0,180.2
28.315073,-81.424525,4225,251.0,179.8
28.31065,-81.424471,4175,251.0,180.0
28.302841,-81.424537,4150,246.0,180.2
28.298721,-81.424484,4125,241.0,179.8
28.291983,-81.424471,4075,236.0,179.5
28.285372,-81.424363,4025,231.0,179.3
28.276062,-81.424309,3925,226.0,179.5
28.267181,-81.424167,3850,221.0,179.2
28.262558,-81.424115,3750,220.0,179.2
28.255812,-81.42404,3650,218.0,179.5
28.2472,-81.423986,3575,214.0,180.0
28.241567,-81.423825,3500,211.3,177.0
28.238681,-81.423448,3425,208.5,171.2
28.236353,-81.422747,3400,207.4,165.8
28.234584,-81.421993,3350,205.3,160.1
28.232908,-81.421078,3325,201.7,154.4
28.230999,-81.419678,3300,200.1,148.7
28.229556,-81.418331,3250,196.7,140.2
28.228067,-81.416662,3225,193.8,134.6
28.226852,-81.414924,3200,191.0,126.3
28.225342,-81.412072,3125,189.2,120.5
28.224655,-81.41017,3075,187.2,111.6
28.224152,-81.408058,3025,185.9,105.6
28.223831,-81.406103,2975,185.4,99.3
28.223691,-81.403683,2925,184.1,92.2
28.223784,-81.39959,2875,184.1,87.8
28.22411,-81.395551,2825,183.1,83.7
28.224482,-81.393289,2800,182.1,76.3
28.22518,-81.390973,2800,182.2,69.8
28.226065,-81.389034,2800,180.8,61.6
28.227834,-81.385857,2800,180.6,56.8
28.230835,-81.381173,2800,181.6,53.5
28.236099,-81.372933,2800,180.3,55.2
28.241318,-81.364007,2800,175.6,56.8
28.248736,-81.351444,2825,172.0,55.7
28.257751,-81.336541,2825,173.9,55.3
28.260095,-81.332972,2825,174.0,52.5
28.26177,-81.330872,2825,174.8,47.1
28.263153,-81.329516,2825,174.9,42.0
28.264664,-81.328248,2825,175.6,34.3
28.266357,-81.327139,2800,176.0,29.6
28.268288,-81.326186,2750,178.5,22.4
28.270383,-81.325432,2725,178.7,20.0
28.271733,-81.325055,2700,180.3,12.5
28.273956,-81.324762,2650,182.9,5.7
28.276978,-81.324657,2575,185.0,0.3
28.282379,-81.324868,2475,187.2,357.5
28.288239,-81.325079,2375,186.0,358.8
28.293845,-81.325217,2275,185.0,359.4
28.299774,-81.32529,2175,183.0,359.4
28.305725,-81.325343,2075,180.0,359.4
28.310837,-81.325378,1975,179.0,359.4
28.315725,-81.325432,1875,179.0,359.4
28.320465,-81.325502,1775,178.0,359.4
28.325221,-81.325594,1675,177.0,359.4
28.330528,-81.325648,1575,172.0,359.3
28.335297,-81.325713,1475,169.0,359.0
28.340258,-81.325809,1375,166.0,359.3
28.344864,-81.325871,1275,163.1,358.6
28.349847,-81.326079,1200,159.1,358.2
28.352315,-81.326132,1150,155.1,358.1
28.355255,-81.326188,1100,151.0,359.2
28.359716,-81.32624,1025,146.0,0.0
28.363068,-81.32624,975,141.0,359.6
28.367118,-81.326294,875,137.0,359.6
28.371634,-81.326348,775,136.0,359.6
28.376615,-81.326348,675,135.0,0.0
28.381805,-81.326347,575,136.0,0.4
28.387207,-81.326294,500,139.0,359.6
28.391698,-81.326402,400,140.0,358.8
28.396446,-81.326509,300,140.0,359.6
28.401427,-81.326509,200,139.0,0.0
28.406594,-81.326563,100,141.0,359.6
28.411296,-81.326617,0,141.0,359.2
28.414352,-81.326664,-50,140.0,0.0
28.424098,-81.326725,-225,139.0,359.6
28.424564,-81.326725,-200,119.0,359.5
28.425588,-81.326725,-200,111.0,359.0
28.4261,-81.326725,-200,111.0,359.0
28.426333,-81.326738,-50.0,99.0,2.8
28.426609,-81.326743,-50.0,99.0,0.0
28.42733,-81.326743,-50.0,93.0,0.0
28.428171,-81.326738,-50.0,87.0,0.0
28.42937,-81.326765,-50.0,79.0,0.0
28.429731,-81.326765,-50.0,77.0,0.0
28.43072,-81.326779,-50.0,73.0,0.0
28.431061,-81.326783,-50.0,73.0,0.0
28.43157,-81.326779,-50.0,71.0,0.0
28.433899,-81.326809,-50.0,63.5,0.0
28.434998,-81.326796,-50.0,54.5,2.8
28.435434,-81.326752,-50.0,49.5,5.6
28.435673,-81.326716,-50.0,46.5,8.4
28.436188,-81.326598,-50.0,37.5,16.9
28.436726,-81.326347,-50.0,33.5,30.9
28.43716,-81.325924,-50.0,32.5,47.8
28.437331,-81.325688,-50.0,32.5,53.4
28.437575,-81.325271,-50.0,31.5,59.1
28.437726,-81.324988,-50.0,31.5,61.9
28.438169,-81.324113,-50.0,31.5,59.1
28.438339,-81.323825,-50.0,31.5,59.1
28.438545,-81.323415,-50.0,31.5,59.1
28.438763,-81.323006,-50.0,31.5,59.1
28.43914,-81.32228,-50.0,29.5,59.1
28.439367,-81.321864,-50.0,28.5,59.1
28.439565,-81.321487,-50.0,24.5,59.1
28.43974,-81.32111,-50.0,20.5,61.9
28.439798,-81.320976,-50.0,18.5,67.5
28.439868,-81.32068,-50.0,16.5,78.8
28.439879,-81.320518,-50.0,15.5,84.4
28.439884,-81.320299,-50.0,12.2,90.0
28.439868,-81.320155,-50.0,7.8,95.6
28.439861,-81.320127,-50.0,6.8,98.4
28.439763,-81.319818,-50.0,5.2,112.5
28.439678,-81.319626,-50.0,9.2,115.3
28.439588,-81.319387,-50.0,12.8,115.3
28.439391,-81.318822,-50.0,16.5,109.7
28.439312,-81.318543,-50.0,16.5,106.9
28.439263,-81.318283,-50.0,16.5,104.1
28.439216,-81.318054,-50.0,17.5,98.4
28.439209,-81.317764,-50.0,18.5,90.0
28.439228,-81.317193,-50.0,19.5,87.2
28.439243,-81.315809,-50.0,19.5,90.0
28.439369,-81.312178,-50.0,18.5,87.2
28.439426,-81.310844,-50.0,19.5,87.2
28.439438,-81.309696,-50.0,18.5,90.0
28.439437,-81.309316,-50.0,18.5,90.0
28.439437,-81.309074,-50.0,18.5,90.0
28.439289,-81.306381,-50.0,23.5,92.8
28.439255,-81.305919,-50.0,24.5,92.8
28.439232,-81.305457,-50.0,25.5,92.8
28.438041,-81.301723,-50.0,4.8,185.6
28.437366,-81.302423,-50.0,14.2,233.4
28.42836,-81.295817,50,160.0,359.3
28.430191,-81.29587,150,158.1,358.2
28.431593,-81.29592,250,157.1,357.8
28.43299,-81.295974,350,156.2,357.1
28.434448,-81.296082,450,155.3,356.7
28.436005,-81.296187,525,155.3,356.3
28.437552,-81.296297,625,156.4,356.0
28.439484,-81.296451,725,157.5,355.6
28.441315,-81.296663,825,158.5,355.3
28.443324,-81.296836,925,158.5,355.7
28.445206,-81.296927,1025,159.1,357.8
28.447141,-81.296782,1125,157.3,3.6
28.448864,-81.296512,1225,156.5,10.3
28.451111,-81.29587,1325,158.5,16.5
28.453537,-81.29492,1400,161.4,20.7
28.455893,-81.293712,1475,165.6,24.2
28.457932,-81.292543,1525,170.4,27.6
28.459717,-81.291381,1575,174.4,30.7
28.461386,-81.290158,1625,177.6,32.3
28.463621,-81.288596,1700,182.2,32.9
28.465437,-81.287249,1775,186.5,32.1
28.467624,-81.285741,1875,189.0,31.6
28.469673,-81.284341,1975,192.6,31.6
28.471527,-81.283035,2075,193.5,31.5
28.47335,-81.281756,2175,195.2,31.2
28.475235,-81.2805,2275,195.5,30.8
28.476469,-81.279656,2350,195.5,30.8
28.478052,-81.278579,2450,196.4,30.6
28.479216,-81.277825,2525,196.4,30.6
28.480473,-81.276963,2625,196.4,30.6
28.482009,-81.27594,2725,196.4,30.6
28.483406,-81.274971,2825,196.4,30.6
28.484942,-81.273947,2925,196.9,30.9
28.486245,-81.273086,3025,196.0,31.0
28.487828,-81.272009,3125,195.5,30.8
28.488992,-81.271201,3225,196.4,30.6
28.490854,-81.269962,3325,197.7,30.7
28.492809,-81.26867,3425,198.6,30.6
28.494764,-81.267323,3525,200.8,30.5
28.497371,-81.2656,3625,204.4,30.6
28.500046,-81.263809,3725,208.9,30.5
28.502975,-81.261908,3800,213.4,30.4
28.505518,-81.260268,3900,218.1,29.4
28.50824,-81.258633,3950,222.3,27.0
28.510666,-81.257418,4025,227.0,23.6
28.513779,-81.256045,4100,231.3,20.2
28.516525,-81.255094,4200,234.8,16.6
28.519763,-81.254129,4300,238.4,13.3
28.522929,-81.253429,4400,240.9,10.3
28.526513,-81.252836,4500,244.1,7.5
28.529585,-81.252459,4600,246.9,4.9
28.532099,-81.252298,4700,248.5,3.5
28.535172,-81.252082,4800,249.3,2.8
28.537732,-81.251975,4900,250.2,2.5
28.54006,-81.251867,5000,251.3,3.0
28.542389,-81.251714,5100,252.3,3.0
28.544668,-81.251544,5175,252.4,3.2
28.546577,-81.251436,5275,254.3,2.9
28.548998,-81.251328,5375,256.2,2.2
28.551498,-81.251291,5475,258.0,1.1
28.553932,-81.251275,5575,260.0,0.0
28.55626,-81.251328,5675,262.0,358.9
28.55882,-81.251436,5775,264.1,358.3
28.561066,-81.251502,5875,265.2,358.0
28.563522,-81.251598,5975,267.2,357.9
28.565369,-81.251714,6075,268.2,357.9
28.567108,-81.251766,6150,268.2,357.9
28.569015,-81.251867,6250,268.2,357.6
28.570877,-81.251975,6350,268.2,357.6
28.572181,-81.252029,6425,268.2,357.6
28.573484,-81.252082,6525,268.2,357.6
28.575253,-81.25219,6625,268.2,357.6
28.577179,-81.252242,6725,268.2,357.6
28.578964,-81.252348,6825,269.3,357.5
28.580933,-81.252459,6925,269.3,357.2
28.584457,-81.252717,7100,270.7,355.8
28.58844,-81.25314,7300,270.6,353.9
28.592148,-81.253721,7500,270.3,352.6
28.595535,-81.254249,7700,270.5,352.1
28.599289,-81.254777,7900,271.4,352.4
28.603409,-81.255411,8100,273.3,352.6
28.607483,-81.255992,8275,275.1,352.9
28.611328,-81.25652,8475,275.1,352.9
28.615102,-81.257037,8650,276.0,353.1
28.618561,-81.257524,8825,276.0,353.1
28.622457,-81.25806,9025,277.0,353.2
28.62674,-81.258653,9225,278.0,353.2
28.630966,-81.259214,9425,279.0,353.2
28.634811,-81.259742,9625,280.0,353.2
28.63916,-81.260323,9825,280.9,353.2
28.643313,-81.260861,10025,281.9,353.3
28.647549,-81.261453,10225,281.9,353.3
28.651703,-81.262013,10425,284.0,353.1
28.654997,-81.262422,10550,285.0,353.1
28.657092,-81.262746,10650,287.1,353.0
28.659652,-81.263069,10725,288.1,353.0
28.662306,-81.263446,10775,292.2,352.9
28.66507,-81.263862,10850,295.2,353.0
28.670059,-81.264549,10925,301.3,353.0
28.677016,-81.265546,11000,310.5,352.8
28.684791,-81.266677,11100,319.5,352.8
28.692658,-81.267808,11200,328.6,352.8
28.699501,-81.268777,11275,337.6,352.9
28.700991,-81.268993,11300,338.6,352.9
28.703225,-81.269316,11325,339.6,352.9
28.704803,-81.269514,11375,340.6,352.9
28.706497,-81.269778,11425,341.6,352.9
28.707881,-81.269962,11450,342.7,352.8
28.713684,-81.270781,11650,344.7,352.8
28.71991,-81.271679,11850,345.7,352.9
28.73111,-81.273247,12225,349.7,352.9
28.746565,-81.275401,12625,356.6,353.1
28.759973,-81.277232,13025,361.6,353.2
28.773519,-81.279064,13425,364.7,353.1
28.784831,-81.280625,13825,365.7,353.1
28.789347,-81.281272,13975,366.7,353.1
28.803359,-81.28321,14375,369.7,353.0
28.814485,-81.284772,14775,370.7,353.0
28.825658,-81.28628,15175,370.9,352.9
28.833435,-81.287525,15425,371.4,351.2
28.83981,-81.28908,15600,371.6,346.9
28.843906,-81.290265,15750,370.5,344.5
28.852891,-81.293281,16100,370.5,343.4
28.862481,-81.296512,16375,373.1,343.6
28.875961,-81.300888,16775,375.4,344.1
28.88768,-81.304691,17175,375.4,344.1
28.894547,-81.306962,17400,376.4,344.1
28.909172,-81.311699,17800,378.6,344.0
28.921881,-81.315846,18200,379.5,344.1
28.937476,-81.320855,18600,384.3,344.3
28.952047,-81.325486,19000,386.5,344.2
28.967735,-81.330602,19400,389.6,343.8
28.983765,-81.336013,19800,391.7,343.2
28.996445,-81.340397,20100,395.4,342.9
29.014938,-81.346893,20500,399.8,342.8
29.032928,-81.353284,20900,403.6,342.5
29.049295,-81.359091,21300,405.2,342.8
29.065635,-81.364746,21675,407.2,343.3
29.085373,-81.37137,22075,410.4,343.7
29.103516,-81.37737,22475,413.6,343.7
29.123359,-81.38408,22850,417.3,343.4
29.144852,-81.39142,23200,423.3,343.1
29.165722,-81.398728,23600,425.8,342.9
29.1866,-81.405998,24000,428.0,342.9
29.204546,-81.4123,24400,428.0,342.9
29.223912,-81.419031,24800,428.6,343.0
29.242859,-81.425593,25200,429.3,343.2
29.260666,-81.43172,25600,429.6,343.1
29.281916,-81.439227,26000,430.5,342.7
29.299141,-81.445205,26275,432.4,344.2
29.310745,-81.448411,26475,433.5,347.3
29.331711,-81.453535,26850,435.4,348.1
29.354553,-81.458975,27200,438.1,348.3
29.365585,-81.461563,27325,440.1,348.3
29.392617,-81.467824,27625,445.6,348.7
29.424133,-81.474986,27900,453.6,348.8
29.454712,-81.481951,28200,458.9,348.7
29.483963,-81.488712,28500,464.2,348.6
29.512939,-81.49542,28800,468.1,348.7
29.542143,-81.502075,29100,472.1,348.8
29.570866,-81.508699,29400,474.4,348.6
29.598679,-81.515121,29725,475.6,348.5
29.610947,-81.518016,29925,474.6,348.5
29.615387,-81.51903,30000,473.4,348.5
29.633743,-81.523256,30400,471.3,348.6
29.651681,-81.527387,30800,467.3,348.5
29.667709,-81.531126,31200,462.2,348.5
29.685757,-81.535303,31600,457.9,348.7
29.702376,-81.539127,32000,454.0,348.6
29.715737,-81.542251,32375,449.1,348.4
29.7285,-81.545281,32775,443.6,348.0
29.742096,-81.548661,33175,439.0,347.8
29.756149,-81.552042,33550,435.8,348.5
29.759309,-81.552752,33625,434.6,349.3
29.772125,-81.555,33850,433.9,352.3
29.784256,-81.556531,34125,430.8,354.8
29.799225,-81.557588,34475,428.5,357.3
29.815155,-81.557852,34825,425.0,359.6
29.829464,-81.557438,35125,422.3,2.3
29.8461,-81.556109,35450,420.4,4.6
29.86702,-81.554155,35825,417.3,4.5
29.88905,-81.552214,36200,415.2,4.3
29.910418,-81.550383,36575,413.1,4.2
29.933042,-81.548437,36925,411.1,4.2
29.955806,-81.546515,37275,408.1,4.2
29.978119,-81.54462,37625,406.1,4.2
30.001968,-81.542574,37975,404.1,4.3
30.025169,-81.540527,38300,402.1,4.3
30.047333,-81.538589,38650,399.1,4.3
30.071256,-81.536572,38950,398.1,4.3
30.075027,-81.536243,38975,398.1,4.3
30.07988,-81.535842,39000,399.1,4.3
30.116737,-81.532562,39000,405.3,4.5
30.153397,-81.529326,39000,407.1,4.2
30.190567,-81.52631,39000,409.0,3.9
30.228184,-81.523224,39000,409.1,4.2
30.265686,-81.520063,39000,410.1,4.2
30.302714,-81.516962,39000,410.0,4.1
30.340514,-81.513776,39000,410.1,4.2
30.377523,-81.51059,39000,410.1,4.2
30.4151,-81.507407,39000,410.1,4.2
30.452087,-81.504283,39000,411.0,4.1
30.489202,-81.501141,39000,411.2,4.3
30.526723,-81.4979,39000,411.1,4.2
30.564468,-81.494751,39000,411.0,4.1
30.602138,-81.491638,39000,412.1,4.2
30.639313,-81.48845,39000,412.2,4.3
30.676483,-81.485219,39000,412.2,4.3
30.71434,-81.48188,39000,412.2,4.3
30.751943,-81.478729,39000,412.1,4.2
30.789929,-81.475543,39000,411.1,4.2
30.826996,-81.472347,39000,411.1,4.2
30.864853,-81.469062,39000,411.2,4.3
30.902802,-81.465777,39000,411.1,4.2
30.940712,-81.462579,39000,411.1,4.2
30.977966,-81.459369,39000,410.1,4.2
31.015708,-81.456207,39000,410.0,4.1
31.052903,-81.453131,39000,410.1,4.2
31.090191,-81.44989,39000,411.2,4.3
31.128113,-81.446551,39000,411.2,4.3
31.137451,-81.445743,39000,410.2,4.3
31.138466,-81.44566,39000,378.3,4.7
31.139465,-81.445582,39000,410.2,4.3
31.177011,-81.442255,39000,410.2,4.3
31.21431,-81.438958,39000,410.3,4.5
31.246765,-81.436157,39000,409.8,3.5
31.258896,-81.435726,39000,408.1,1.0
31.28073,-81.435992,39000,407.0,359.3
31.317971,-81.436432,39000,407.0,359.4
31.355118,-81.436803,39000,407.0,359.4
31.392455,-81.437256,39000,407.0,359.4
31.430145,-81.437665,39000,408.0,359.4
31.444656,-81.437504,39000,409.2,2.0
31.456467,-81.436588,39000,411.3,4.6
31.467916,-81.435059,39000,413.4,7.4
31.479996,-81.432764,39000,415.8,10.4
31.492123,-81.42973,39000,417.9,13.1
31.504273,-81.425995,39000,419.8,15.8
31.515167,-81.42193,39000,422.8,18.5
31.551943,-81.406824,39000,423.8,19.3
31.588211,-81.39205,39000,422.5,19.2
31.624844,-81.377161,39000,422.5,19.2
31.661087,-81.362269,39000,422.8,19.3
31.697388,-81.347351,39000,423.8,19.3
31.7341,-81.332326,39000,423.8,19.3
31.77095,-81.317193,39000,424.1,19.4
31.807841,-81.301911,39000,424.1,19.4
31.844151,-81.286945,39000,424.1,19.4
31.880602,-81.271811,39000,423.5,19.6
31.917285,-81.256508,39000,423.5,19.6
31.933136,-81.250214,39000,422.2,17.8
31.945403,-81.246083,39000,419.7,15.2
31.957785,-81.242663,39000,417.6,12.3
31.970398,-81.239886,39000,415.9,9.7
31.98317,-81.237744,39000,413.3,7.2
31.997452,-81.236096,39000,411.3,4.6
32.014439,-81.235096,39000,410.4,2.4
32.051961,-81.233134,39000,409.4,2.7
32.08905,-81.231097,39000,409.4,2.7
32.126258,-81.229099,39000,408.4,2.4
32.163208,-81.227362,39000,407.3,2.2
32.199966,-81.225604,39000,406.3,2.3
32.237145,-81.22383,39000,406.4,2.4
32.273941,-81.221979,39000,406.4,2.5
32.310651,-81.220074,39000,406.4,2.5
32.347288,-81.21828,39000,406.4,2.4
32.384537,-81.216486,39000,406.3,2.3
32.401108,-81.215332,39000,408.3,4.5
32.410629,-81.214014,39000,411.1,8.1
32.42189,-81.211707,39000,414.2,11.4
32.432804,-81.208695,39000,417.4,14.0
32.443325,-81.205164,39000,419.4,17.0
32.455307,-81.200281,39000,422.7,20.1
32.465378,-81.195502,39000,424.8,23.0
32.476238,-81.189525,39000,428.0,25.9
32.511943,-81.168562,39000,427.6,26.1
32.546997,-81.148327,39000,428.5,26.0
32.582016,-81.128101,39000,428.9,26.1
32.617218,-81.107721,39000,428.0,26.2
32.652578,-81.087117,39000,427.5,26.4
32.687027,-81.066907,39000,426.2,26.3
32.721588,-81.046747,39000,425.8,26.2
32.756948,-81.026132,39000,425.3,26.4
32.791815,-81.005673,39000,425.3,26.4
32.826141,-80.985498,39000,425.3,26.4
32.861225,-80.964922,39000,425.3,26.4
32.896232,-80.944351,39000,426.2,26.3
32.930649,-80.924139,39000,426.2,26.3
32.965641,-80.903601,39000,426.2,26.3
33.00009,-80.883422,39000,426.2,26.3
33.034865,-80.862906,39000,425.3,26.4
33.069918,-80.842279,39000,425.3,26.4
33.104736,-80.821747,39000,424.4,26.4
33.139114,-80.801422,39000,424.4,26.4
33.173916,-80.780901,39000,423.1,26.4
33.208411,-80.760498,39000,422.2,26.4
33.24321,-80.740009,39000,422.2,26.4
33.277725,-80.719519,39000,421.3,26.5
33.312456,-80.698896,39000,421.3,26.5
33.346848,-80.678485,39000,421.3,26.5
33.381088,-80.65816,39000,421.3,26.5
33.415476,-80.637687,39000,421.7,26.6
33.450256,-80.616962,39000,421.3,26.5
33.484792,-80.596488,39000,422.2,26.4
33.519333,-80.575928,39000,421.7,26.6
33.554015,-80.555191,39000,421.7,26.6
33.588409,-80.534606,39000,421.3,26.5
33.623005,-80.513992,39000,421.3,26.5
33.657715,-80.493239,39000,420.8,26.7
33.692551,-80.472387,39000,420.4,26.6
33.726562,-80.45204,39000,420.4,26.6
33.760254,-80.431805,38975,420.8,26.7
33.767317,-80.427532,38925,420.8,26.7
33.792892,-80.412187,38650,421.3,26.5
33.803861,-80.405617,38525,421.3,26.5
33.80983,-80.402097,38425,421.3,26.5
33.816833,-80.397893,38250,421.3,26.5
33.83313,-80.38814,37850,421.3,26.5
33.849761,-80.378208,37450,421.3,26.5
33.865173,-80.36897,37050,421.7,26.6
33.8806,-80.359665,36650,422.2,26.8
33.895196,-80.350857,36250,423.5,26.5
33.909535,-80.342331,35875,424.9,26.6
33.922336,-80.334606,35475,426.6,26.8
33.93565,-80.326538,35075,429.3,26.9
33.948853,-80.318523,34675,431.6,26.9
33.961626,-80.310745,34275,432.5,26.8
33.974428,-80.302963,33900,434.7,26.8
33.986572,-80.295653,33500,436.9,26.8
33.999207,-80.287974,33100,441.8,26.6
34.012182,-80.28019,32700,445.4,26.7
34.024472,-80.272751,32300,447.7,26.7
34.037338,-80.264992,31900,451.2,26.7
34.043198,-80.261461,31750,453.5,26.7
34.060224,-80.251122,31350,457.9,26.7
34.075653,-80.241786,30950,458.4,26.8
34.091995,-80.231809,30550,457.5,26.9
34.110082,-80.220795,30150,454.8,26.8
34.128983,-80.209388,29750,450.8,26.6
34.14711,-80.198402,29350,447.7,26.7
34.163942,-80.188179,28950,444.5,26.7
34.183308,-80.176506,28550,441.0,26.7
34.200812,-80.16592,28150,437.4,26.6
34.218734,-80.155106,27750,434.7,26.8
34.237518,-80.143638,27350,431.6,26.9
34.255185,-80.132847,26950,428.4,26.9
34.27272,-80.122114,26550,424.9,26.9
34.291901,-80.110455,26150,419.9,26.8
34.308348,-80.100403,25750,416.8,26.8
34.324315,-80.090618,25350,415.0,26.9
34.34024,-80.080915,24950,413.7,26.9
34.35597,-80.071335,24550,411.4,26.9
34.36084,-80.068359,24450,410.1,26.8
34.364815,-80.065899,24375,410.1,26.8
34.370029,-80.062752,24325,407.4,26.7
34.39064,-80.050366,24100,397.6,26.4
34.416321,-80.03484,23825,392.7,26.6
34.44172,-80.019436,23550,390.4,27.0
34.467184,-80.003586,23275,386.4,27.4
34.493206,-79.987278,23025,384.2,27.4
34.498839,-79.98373,23000,384.2,27.4
34.530258,-79.964213,23000,382.4,26.9
34.561778,-79.944935,23000,381.0,26.8
34.582947,-79.932095,22975,380.6,26.7
34.588074,-79.928956,22950,379.7,26.8
34.593433,-79.925709,22875,379.2,26.6
34.599997,-79.921703,22775,378.3,26.7
34.617371,-79.911132,22400,373.9,26.7
34.634262,-79.900874,22025,370.3,26.6
34.650786,-79.890862,21650,368.1,26.6
34.666614,-79.881248,21250,365.8,26.6
34.670471,-79.878901,21175,365.8,26.6
34.674807,-79.87627,21125,364.9,26.7
34.68044,-79.872837,21050,364.9,26.7
34.687088,-79.868756,21000,364.9,26.7
34.702692,-79.85939,20975,364.9,26.0
34.732951,-79.841881,21000,362.8,25.3
34.763168,-79.824474,21000,362.3,25.5
34.793143,-79.807091,21000,361.8,25.7
34.822889,-79.789696,21000,361.8,25.7
34.852683,-79.772186,21000,363.2,25.8
34.88229,-79.754734,21000,363.6,25.9
34.91227,-79.73711,21000,364.5,25.9
34.942342,-79.719372,21000,364.5,25.9
34.959686,-79.709174,20975,361.4,25.9
34.965944,-79.705467,20925,360.0,25.9
34.969986,-79.703064,20875,359.1,25.9
34.973877,-79.700766,20800,358.2,26.0
34.97707,-79.698887,20725,357.3,26.1
34.993332,-79.689219,20325,356.0,26.0
35.009797,-79.679489,19950,353.8,26.0
35.027068,-79.669361,19600,349.8,25.8
35.044373,-79.659175,19250,346.6,25.8
35.061035,-79.649365,18900,344.4,25.8
35.078275,-79.639263,18550,340.8,25.7
35.096151,-79.628735,18200,342.1,25.8
35.113143,-79.618721,17825,344.4,25.8
35.117523,-79.616182,17700,345.3,25.8
35.129995,-79.608765,17300,348.4,26.0
35.143982,-79.600488,16900,350.6,26.0
35.15863,-79.591799,16500,352.4,25.9
35.172501,-79.583672,16100,352.5,25.5
35.18879,-79.574032,15700,350.2,25.9
35.205048,-79.56439,15300,348.0,25.9
35.220958,-79.55492,14925,346.6,26.2
35.236646,-79.545457,14550,344.8,26.3
35.25252,-79.535932,14150,343.0,26.1
35.268255,-79.52664,13775,340.4,25.6
35.283646,-79.517555,13400,339.0,25.9
35.299212,-79.50829,13025,335.9,26.0
35.315226,-79.498882,12650,334.1,25.7
35.330495,-79.489882,12275,332.3,25.9
35.336035,-79.48661,12125,331.4,26.0
35.338852,-79.484882,12075,331.4,26.0
35.341599,-79.48328,12025,329.6,26.1
35.345252,-79.481117,12000,327.4,26.1
35.358124,-79.473495,11925,317.6,25.8
35.371811,-79.465427,11825,308.1,26.0
35.386322,-79.45673,11725,299.2,26.0
35.391292,-79.453885,11700,295.3,24.8
35.394287,-79.452324,11650,294.1,23.9
35.399672,-79.449619,11550,292.7,21.7
35.407608,-79.445972,11350,291.8,20.7
35.41671,-79.44173,11175,292.1,20.9
35.425232,-79.437733,10975,291.2,20.9
35.433794,-79.433724,10775,291.2,20.9
35.442764,-79.42955,10575,290.8,20.7
35.451345,-79.425601,10375,290.1,20.4
35.460205,-79.421597,10175,288.9,20.2
35.468948,-79.417648,9975,288.9,20.2
35.476157,-79.414147,9825,288.6,22.8
35.480254,-79.411634,9750,287.2,28.3
35.484421,-79.408436,9700,285.7,32.9
35.488037,-79.405117,9675,283.3,38.4
35.491426,-79.401466,9675,281.0,42.3
35.494766,-79.397278,9675,277.9,46.0
35.496872,-79.394245,9650,275.2,49.4
35.49813,-79.392233,9650,273.9,51.4
35.49934,-79.390363,9625,273.0,53.3
35.501481,-79.386623,9550,272.4,55.3
35.506881,-79.37698,9375,271.8,55.5
35.51298,-79.366345,9225,270.5,54.8
35.518616,-79.356537,9050,269.4,55.1
35.525176,-79.344898,8900,268.0,55.2
35.531414,-79.33397,8750,266.6,55.2
35.537885,-79.322575,8600,265.2,55.3
35.544479,-79.310875,8450,264.6,55.5
35.550222,-79.300602,8300,263.2,55.5
35.55646,-79.289557,8150,261.8,55.6
35.56293,-79.277987,8000,261.3,55.8
35.568741,-79.267559,7850,260.5,55.6
35.574646,-79.25703,7700,259.6,55.5
35.580643,-79.246273,7550,258.2,55.6
35.586719,-79.235502,7400,256.8,55.6
35.59291,-79.224399,7250,256.6,55.3
35.598962,-79.213763,7100,256.0,55.5
35.602872,-79.206751,7000,256.0,55.5
35.607193,-79.199009,6900,256.0,55.5
35.610947,-79.192257,6800,256.3,55.8
35.614976,-79.185012,6700,255.7,56.0
35.619165,-79.177356,6600,254.1,55.8
35.624176,-79.168453,6500,251.6,55.4
35.627975,-79.161758,6400,250.2,55.4
35.631363,-79.155636,6300,249.6,55.6
35.634521,-79.149971,6200,249.1,55.8
35.637726,-79.144135,6100,248.5,56.0
35.640719,-79.138787,6000,247.7,55.9
35.643631,-79.133492,5900,247.7,55.9
35.646698,-79.127941,5800,247.4,56.4
35.649994,-79.121418,5700,246.6,59.3
35.653061,-79.114437,5625,244.2,62.7
35.656919,-79.10466,5525,241.1,64.7
35.660876,-79.094492,5450,237.1,64.5
35.661575,-79.092636,5425,236.2,64.4
35.662273,-79.090868,5375,236.2,64.4
35.663762,-79.08707,5300,237.5,64.3
35.665146,-79.083595,5200,239.7,64.3
35.66595,-79.081518,5150,243.3,64.2
35.666509,-79.080116,5125,244.2,64.3
35.668808,-79.074326,5050,246.0,64.0
35.673248,-79.063282,4975,247.8,63.6
35.677643,-79.05241,4875,249.1,63.5
35.681732,-79.042131,4775,250.5,64.5
35.68602,-79.030838,4700,252.3,65.2
35.69067,-79.018873,4675,252.7,63.9
35.694487,-79.009757,4650,248.4,61.4
35.696686,-79.005489,4625,244.6,56.5
35.699096,-79.001458,4575,242.7,51.5
35.702087,-78.997307,4500,242.2,48.0
35.7052,-78.99353,4450,241.9,44.0
35.70845,-78.989754,4350,240.5,43.3
35.712158,-78.985348,4250,241.1,44.8
35.716087,-78.980479,4150,241.2,45.8
35.72049,-78.974876,4050,239.7,45.8
35.72563,-78.968441,3950,236.2,45.7
35.730053,-78.962948,3850,231.9,45.3
35.73387,-78.958273,3750,229.1,45.0
35.737315,-78.954007,3650,227.0,44.8
35.740434,-78.950208,3575,222.7,44.8
35.743041,-78.947053,3475,219.9,44.8
35.746207,-78.943137,3375,215.0,45.0
35.749419,-78.939222,3275,210.7,45.0
35.752579,-78.935337,3175,207.2,45.2
35.75528,-78.931961,3075,205.1,45.8
35.757845,-78.928645,2975,202.3,45.8
35.760818,-78.924923,2875,199.4,45.8
35.763931,-78.921032,2775,196.6,45.4
35.767593,-78.916512,2675,192.3,45.0
35.771713,-78.911476,2575,188.1,44.6
35.775604,-78.906784,2475,184.6,44.8
35.779404,-78.902149,2375,182.4,45.0
35.783309,-78.89738,2275,181.0,45.0
35.787172,-78.892647,2175,180.3,44.8
35.790664,-78.888381,2075,177.5,44.8
35.794155,-78.884115,1975,173.2,45.2
35.797693,-78.879732,1875,168.3,45.0
35.801102,-78.875542,1775,164.8,44.8
35.804352,-78.871593,1675,161.2,45.0
35.807144,-78.868103,1625,157.0,45.0
35.810262,-78.864363,1550,152.7,45.0
35.811996,-78.862209,1500,148.5,45.0
35.814743,-78.858833,1450,144.3,45.0
35.818083,-78.854662,1350,139.3,45.3
35.821342,-78.850689,1250,137.2,45.0
35.825113,-78.846072,1175,133.6,45.3
35.828659,-78.841667,1075,133.6,45.3
35.832049,-78.837423,975,132.2,45.3
35.83582,-78.832807,900,132.2,44.7
35.839032,-78.828891,800,131.5,45.0
35.842712,-78.824329,700,130.8,45.3
35.84642,-78.819752,600,130.1,45.0
35.849925,-78.81545,500,129.4,45.3
35.853463,-78.811068,400,128.7,45.0
35.85704,-78.806705,300,128.0,44.7
35.860611,-78.802357,225,128.0,45.3
35.865097,-78.796806,125,132.2,44.7
35.868406,-78.792718,50,131.5,45.0
35.869308,-78.791599,50,125.2,44.7
35.870035,-78.790673,25,118.8,45.0
35.871185,-78.78931,25,110.3,45.0
35.871391,-78.789024,-50.0,99.0,45.0
35.871723,-78.788598,-50.0,93.0,45.0
35.872284,-78.787894,-50.0,83.0,45.0
35.87241,-78.787736,-50.0,77.0,45.0
35.872654,-78.787444,-50.0,71.0,45.0
35.872898,-78.787137,-50.0,66.5,45.0
35.873085,-78.786918,-50.0,61.5,45.0
35.873268,-78.786693,-50.0,56.5,45.0
35.873492,-78.786421,-50.0,51.5,45.0
35.873657,-78.786221,-50.0,47.5,45.0
35.873726,-78.78612,-50.0,42.5,45.0
35.874027,-78.785764,-50.0,39.5,45.0
35.874248,-78.785501,-50.0,40.5,45.0
35.874561,-78.785105,-50.0,39.5,45.0
35.874825,-78.784776,-50.0,38.5,45.0
35.875086,-78.784464,-50.0,35.5,45.0
35.875237,-78.784275,-50.0,29.5,45.0
35.875377,-78.784099,-50.0,26.5,45.0
35.875447,-78.784011,-50.0,22.5,45.0
35.875482,-78.783982,-50.0,20.5,42.2
35.875575,-78.783879,-50.0,17.5,39.4
35.87566,-78.783817,-50.0,13.2,30.9
35.875717,-78.783789,-50.0,12.2,22.5
35.875774,-78.783774,-50.0,11.2,14.1
35.875854,-78.783777,-50.0,11.2,2.8
35.875923,-78.783803,-50.0,10.8,348.8
35.875983,-78.783836,-50.0,10.8,337.5
35.876041,-78.783894,-50.0,10.8,323.4
35.876106,-78.783975,-50.0,10.2,315.0
35.876232,-78.784132,-50.0,10.2,312.2
35.876297,-78.784245,-50.0,10.2,306.6
35.876332,-78.784332,-50.0,10.2,298.1
35.876355,-78.78442,-50.0,10.8,289.7
35.876369,-78.784504,-50.0,10.8,281.2
35.876367,-78.784595,-50.0,11.2,270.0
35.876308,-78.784785,-50.0,11.8,250.3
35.876262,-78.784887,-50.0,12.2,239.1
35.876163,-78.785033,-50.0,13.2,227.8
35.875901,-78.785355,-50.0,14.8,225.0
35.875591,-78.785734,-50.0,15.5,225.0
35.875317,-78.786077,-50.0,16.5,225.0
35.875017,-78.786451,-50.0,17.5,225.0
35.874749,-78.786757,-50.0,17.5,225.0
35.874458,-78.787123,-50.0,15.5,227.8
35.874365,-78.787283,-50.0,12.2,233.4
35.874307,-78.787415,-50.0,11.2,241.9
35.874275,-78.787508,-50.0,10.8,250.3
35.87426,-78.78759,-50.0,10.8,258.8
35.874264,-78.787694,-50.0,10.2,270.0
35.874287,-78.78778,-50.0,9.8,281.2
35.874318,-78.787853,-50.0,9.8,292.5
35.874353,-78.787926,-50.0,9.8,303.8
35.874411,-78.787999,-50.0,9.2,312.2
35.874596,-78.788252,-50.0,7.8,309.4
35.874619,-78.788309,-50.0,7.2,303.8
35.874401,-78.788095,-50.0,3.8,331.9
35.874353,-78.788072,-50.0,3.8,337.5
35.874264,-78.788023,-50.0,3.2,340.3
35.874126,-78.787966,-50.0,0.1,340.3
35.874132,-78.787955,-50.0,0.0,340.3
35.874138,-78.787966,-50.0,0.0,340.3
35.874202,-78.787926,-50.0,0.0,8.4
35.874264,-78.787823,-50.0,3.8,59.1
35.874264,-78.787766,-50.0,4.2,73.1
35.874264,-78.787608,-50.0,5.2,90.0
35.874275,-78.787508,-50.0,5.8,84.4
35.874298,-78.787394,-50.0,6.8,73.1
35.874656,-78.786904,-50.0,11.8,45.0
35.874935,-78.786553,-50.0,14.8,45.0
35.875191,-78.786246,-50.0,16.5,45.0
35.875436,-78.785925,-50.0,17.5,45.0
35.875633,-78.785691,-50.0,18.5,45.0
35.875832,-78.785448,-50.0,18.5,45.0
35.876347,-78.784804,-50.0,16.5,45.0
35.876495,-78.784633,-50.0,15.5,45.0
35.879602,-78.780139,-50.0,5.2,129.4
35.879532,-78.780037,-50.0,7.8,135.0
35.879208,-78.779626,-50.0,10.8,135.0
35.879105,-78.77954,-50.0,5.8,146.2
35.879025,-78.779554,-50.0,2.8,182.8
35.879013,-78.779569,-50.0,2.8,194.1
35.878997,-78.779584,-50.0,2.8,205.3
35.87888,-78.77976,-50.0,6.2,225.0
35.878776,-78.779906,-50.0,19.5,225.0
35.878441,-78.780313,-50.0,34.5,225.0
35.878372,-78.780384,-50.0,39.5,225.0
35.878155,-78.780656,-50.0,43.5,225.0
35.878066,-78.780768,-50.0,48.5,225.0
35.87781,-78.781089,-50.0,52.5,225.0
35.877605,-78.781343,-50.0,57.5,225.0
35.877262,-78.781772,-50.0,66.5,225.0
35.876942,-78.782172,-50.0,71.0,225.0
35.876736,-78.782415,-50.0,75.0,225.0
35.876367,-78.782871,-50.0,83.0,225.0
35.876003,-78.783317,-50.0,87.0,225.0
35.875591,-78.783817,-50.0,91.0,225.0
35.875282,-78.784204,-50.0,95.0,225.0
35.875076,-78.784447,125,95.0,0.0
35.874435,-78.785248,100,103.2,225.0
35.874069,-78.785706,100,111.0,225.4
35.873245,-78.786678,100,115.3,225.4
35.872833,-78.787251,100,122.3,225.3
35.871918,-78.788395,100,126.6,225.3
35.871525,-78.788861,100,133.6,225.3
35.870175,-78.790497,75,140.7,225.3
35.865829,-78.796005,175,144.3,225.0
35.865566,-78.796283,175,162.6,225.5
35.864502,-78.797665,275,161.9,225.8
35.863358,-78.799095,375,159.1,226.3
35.862396,-78.800354,475,157.0,226.0
35.861298,-78.801727,575,156.3,225.8
35.860539,-78.802653,650,157.0,226.0
35.858963,-78.804703,750,157.7,225.8
35.857452,-78.806591,850,160.5,225.2
35.856116,-78.808263,950,161.9,225.8
35.854766,-78.809957,1050,162.7,226.0
35.853416,-78.81171,1150,163.4,226.2
35.85174,-78.813873,1250,164.8,226.2
35.849945,-78.816204,1350,169.0,226.2
35.84797,-78.818665,1450,173.3,226.2
35.845689,-78.821528,1550,178.2,225.9
35.844772,-78.822727,1575,181.0,225.9
35.843262,-78.824615,1625,185.3,225.9
35.841406,-78.826963,1675,190.2,225.6
35.840195,-78.828482,1700,193.8,225.8
35.838959,-78.830051,1750,198.0,225.8
35.837585,-78.831825,1775,202.3,225.8
35.835892,-78.833942,1825,205.8,225.6
35.834749,-78.835378,1875,207.9,225.4
35.833399,-78.837072,1950,209.3,225.4
35.831818,-78.839035,2050,210.0,225.6
35.830307,-78.840923,2150,210.7,225.8
35.828934,-78.84264,2250,212.2,225.8
35.82756,-78.844414,2350,212.2,225.8
35.826599,-78.845615,2425,212.2,225.8
35.825438,-78.847065,2525,210.7,225.4
35.824507,-78.848234,2625,210.0,225.2
35.823441,-78.849506,2725,209.3,225.4
35.822479,-78.850765,2800,207.9,225.4
35.821518,-78.851967,2900,207.9,225.4
35.820465,-78.853226,2975,207.9,225.4
35.819412,-78.854542,3075,207.9,225.0
35.81813,-78.856123,3175,209.3,225.0
35.816483,-78.858147,3275,210.7,225.4
35.814778,-78.860331,3375,212.9,225.9
35.812775,-78.862896,3475,215.0,226.1
35.811081,-78.865013,3525,220.0,226.3
35.809067,-78.867702,3600,222.9,227.0
35.807423,-78.87009,3625,227.4,228.4
35.80705,-78.870674,3650,231.1,231.1
35.805514,-78.873421,3675,235.5,235.0
35.804443,-78.875713,3725,239.3,239.9
35.803207,-78.879089,3775,243.8,247.3
35.802475,-78.88195,3825,247.9,252.1
35.801743,-78.885868,3875,252.4,259.3
35.801464,-78.889258,3925,255.4,263.9
35.801422,-78.892307,3950,259.1,268.5
35.801651,-78.896313,4000,264.1,275.2
35.802521,-78.901634,4075,266.8,279.7
35.802658,-78.902378,4100,269.7,284.6
35.80314,-78.903984,4125,270.1,287.2
35.804306,-78.907413,4200,271.2,294.4
35.8057,-78.910646,4300,272.5,298.7
35.807516,-78.914035,4400,273.2,303.0
35.809067,-78.916454,4500,273.4,309.8
35.811287,-78.919295,4600,273.0,314.4
35.813095,-78.921261,4700,272.4,319.5
35.814731,-78.922684,4800,271.7,324.4
35.816361,-78.92397,4875,271.0,326.9
35.817947,-78.925037,4975,270.7,331.5
35.820374,-78.926468,5075,271.0,333.7
35.822785,-78.927593,5175,270.8,340.4
35.824631,-78.928242,5275,270.7,342.4
35.826975,-78.928995,5375,271.2,345.9
35.829437,-78.929615,5475,270.6,348.3
35.831351,-78.930047,5575,270.8,349.1
35.83312,-78.930398,5675,271.1,350.0
35.834885,-78.930759,5750,271.8,350.5
35.836378,-78.931041,5825,272.4,350.9
35.83824,-78.93145,5925,272.3,351.1
35.839544,-78.931683,6000,272.3,351.1
35.841266,-78.931976,6100,272.1,351.3
35.843128,-78.932326,6200,273.1,351.4
35.844339,-78.93256,6300,272.9,351.6
35.846054,-78.932877,6375,272.9,351.6
35.84729,-78.933105,6450,272.9,351.6
35.848663,-78.933334,6525,272.9,351.6
35.850111,-78.933612,6625,272.8,351.8
35.851913,-78.933907,6725,273.8,351.8
35.853789,-78.934255,6825,273.8,351.8
35.855759,-78.934593,6925,274.8,351.8
35.859879,-78.935337,7125,275.9,351.7
35.863611,-78.936008,7325,276.9,351.7
35.867708,-78.936768,7525,278.0,351.5
35.871851,-78.937527,7725,279.2,351.4
35.875389,-78.938229,7925,280.3,351.2
35.879299,-78.938988,8125,279.3,351.1
35.882538,-78.939571,8325,279.5,350.9
35.886108,-78.940315,8525,279.5,350.9
35.890045,-78.941059,8725,280.6,350.8
35.893591,-78.941793,8900,280.6,350.8
35.896989,-78.942494,9075,281.8,350.6
35.901031,-78.943291,9275,283.8,350.7
35.905694,-78.944248,9475,285.9,350.5
35.909821,-78.945122,9675,287.0,350.4
35.914444,-78.946095,9875,288.0,350.4
35.918962,-78.946994,10075,290.7,350.9
35.923462,-78.947754,10275,291.1,353.1
35.928406,-78.948154,10475,293.4,357.1
35.930511,-78.948154,10550,295.0,0.0
35.93344,-78.947988,10625,297.5,3.3
35.936419,-78.94752,10700,298.1,5.0
35.937973,-78.947182,10750,301.2,8.4
35.940702,-78.946468,10775,304.8,12.1
35.945031,-78.944832,10850,309.3,17.5
35.949128,-78.94267,10900,314.5,23.2
35.95234,-78.940624,10950,319.6,28.8
35.956111,-78.937527,11000,324.5,34.3
35.960724,-78.933105,11075,329.4,38.7
35.964583,-78.928645,11125,336.0,43.7
35.966212,-78.926541,11175,338.8,46.5
35.967143,-78.925255,11200,340.6,48.0
35.968643,-78.923149,11250,341.0,49.2
35.969145,-78.922333,11275,341.0,49.2
35.974173,-78.914386,11475,344.0,52.8
35.975244,-78.912633,11500,346.0,53.5
35.977711,-78.908425,11575,347.6,53.7
35.979526,-78.905386,11600,348.6,54.0
35.981947,-78.901237,11625,350.8,54.0
35.989243,-78.888988,11725,354.0,53.6
35.991211,-78.885751,11775,353.8,53.4
35.993073,-78.882713,11825,354.4,53.3
35.994598,-78.880234,11900,353.4,52.9
35.997665,-78.875313,12025,354.4,52.5
35.999817,-78.871937,12125,354.1,52.0
36.00238,-78.867931,12250,354.5,51.6
36.00499,-78.863895,12425,354.2,51.2
36.011368,-78.854312,12825,353.0,50.4
36.016022,-78.847561,13100,354.2,49.9
36.023438,-78.836975,13500,356.5,49.0
36.031677,-78.825531,13900,359.0,48.0
36.039625,-78.814749,14300,361.7,47.6
36.048798,-78.802528,14700,364.4,47.1
36.058594,-78.789654,15100,369.3,46.8
36.067929,-78.777466,15500,372.1,46.5
36.077545,-78.765049,15900,374.2,46.4
36.087891,-78.751659,16300,378.4,46.4
36.097733,-78.738899,16700,381.2,46.4
36.104938,-78.729664,16975,384.1,46.4
36.116762,-78.714294,17375,389.8,46.6
36.127702,-78.699977,17775,392.6,46.8
36.139014,-78.685192,18175,396.2,46.8
36.149442,-78.671401,18575,399.7,46.9
36.159683,-78.657843,18975,401.2,47.1
36.169373,-78.645058,19375,402.6,47.1
36.180862,-78.62978,19775,406.9,47.1
36.191665,-78.615417,20175,408.3,47.1
36.202789,-78.600655,20575,410.4,47.2
36.212986,-78.587075,20950,411.8,47.2
36.222762,-78.574102,21325,413.2,47.2
36.232724,-78.560778,21725,414.0,47.2
36.244263,-78.54538,22125,416.1,47.3
36.257126,-78.528214,22525,419.0,47.3
36.263351,-78.519859,22725,421.0,47.2
36.267405,-78.514437,22800,422.5,47.2
36.272507,-78.507671,22900,424.6,47.3
36.277771,-78.500576,22950,426.0,47.3
36.283326,-78.493224,23000,427.4,47.3
36.309998,-78.457546,23000,428.8,47.3
36.336256,-78.422339,23000,428.2,47.4
36.362884,-78.386516,23000,426.8,47.4
36.388779,-78.351746,23000,425.3,47.4
36.414871,-78.316669,23000,424.6,47.3
36.441467,-78.280907,23000,423.2,47.3
36.467673,-78.245739,23000,422.5,47.4
36.486946,-78.220027,23000,421.6,46.3
36.496023,-78.208865,23000,421.6,43.7
36.499608,-78.204833,23050,421.0,42.8
36.503723,-78.200226,23100,421.5,41.6
36.515305,-78.188267,23300,421.5,39.1
36.525742,-78.178368,23500,424.8,36.4
36.545648,-78.160887,23825,428.4,35.2
36.566071,-78.142948,24175,433.1,35.4
36.587128,-78.124466,24500,436.2,35.3
36.609378,-78.104904,24825,437.6,35.3
36.621621,-78.094151,24925,439.0,35.4
36.646545,-78.072166,25025,439.5,35.5
36.678864,-78.043556,25025,438.1,35.4
36.712305,-78.01415,25025,447.6,35.4
36.745823,-77.984639,25000,455.6,35.3
36.779666,-77.954894,25000,455.6,35.3
36.814041,-77.924652,25000,456.2,35.4
36.847632,-77.894995,25000,456.2,35.4
36.88147,-77.865075,25000,456.2,35.4
36.915298,-77.835154,25000,456.7,35.5
36.942133,-77.811505,25000,457.1,34.7
36.952652,-77.80313,25000,457.1,31.7
36.965968,-77.793592,25000,455.7,29.1
37.002823,-77.768068,25000,457.1,29.2
37.039444,-77.742472,25000,457.1,29.2
37.075552,-77.717285,25000,457.6,29.3
37.112457,-77.691397,25000,457.6,29.3
37.148686,-77.665936,25000,456.7,29.4
37.18481,-77.6405,25000,455.8,29.4
37.22113,-77.614785,25000,455.0,29.5
37.257706,-77.588897,25000,453.6,29.5
37.294006,-77.563243,25000,453.6,29.5
37.330472,-77.537384,25000,452.7,29.5
37.366736,-77.51159,25000,452.7,29.5
37.402405,-77.486339,25000,452.2,29.4
37.438019,-77.461152,25000,452.2,29.4
37.473587,-77.435907,25000,451.4,29.5
37.509384,-77.410486,25000,450.5,29.5
37.544769,-77.385299,25000,450.5,29.5
37.580458,-77.359871,25000,451.0,29.6
37.611229,-77.337839,25000,451.0,29.6
37.626068,-77.327271,24900,449.6,29.6
37.631107,-77.323628,24850,448.8,29.6
37.634505,-77.32124,24825,448.8,29.6
37.638153,-77.318622,24750,447.9,29.7
37.643396,-77.314851,24625,447.4,29.6
37.658707,-77.303837,24225,445.7,29.7
37.674911,-77.292266,23825,441.9,29.4
37.687134,-77.28426,23500,439.2,26.5
37.69162,-77.281572,23400,437.9,25.6
37.696326,-77.278907,23300,437.3,24.2
37.702286,-77.27567,23200,435.5,23.0
37.708616,-77.272518,23125,432.9,21.4
37.71667,-77.268756,23050,431.5,20.2
37.723885,-77.265711,23025,429.8,18.3
37.734592,-77.261651,23000,428.8,16.1
37.748566,-77.257087,23000,427.9,13.5
37.768063,-77.251859,23000,426.8,11.6
37.805584,-77.241947,23000,426.0,11.8
37.843804,-77.231857,23000,426.0,11.8
37.882302,-77.221885,23000,425.8,11.6
37.92041,-77.212031,23000,426.8,11.6
37.958276,-77.202182,23000,426.8,11.6
37.996719,-77.192279,23000,426.6,11.5
38.018747,-77.186538,22975,423.8,11.7
38.024333,-77.185105,22950,422.8,11.7
38.027871,-77.18415,22925,421.9,11.8
38.032104,-77.183046,22850,419.9,11.8
38.036902,-77.181761,22775,419.7,11.7
38.040802,-77.180767,22675,418.7,11.7
38.045517,-77.179539,22575,418.7,11.7
38.058223,-77.176149,22175,421.9,11.8
38.066757,-77.173929,21950,423.8,11.7
38.084479,-77.169282,21550,425.8,11.6
38.102692,-77.164579,21150,425.6,11.5
38.118881,-77.160386,20750,422.6,11.6
38.137802,-77.155521,20350,419.5,11.6
38.155145,-77.151012,19950,415.4,11.5
38.172272,-77.146639,19550,412.2,11.5
38.189827,-77.142055,19150,408.5,11.7
38.206585,-77.137637,18750,405.6,11.8
38.223717,-77.133159,18350,402.4,11.8
38.233167,-77.130472,18125,401.7,13.2
38.237822,-77.12886,18025,400.1,15.8
38.243036,-77.12671,17950,398.4,18.4
38.251923,-77.122446,17875,397.0,22.0
38.261353,-77.117069,17775,395.5,25.1
38.26971,-77.111485,17700,394.7,28.8
38.278061,-77.105206,17600,395.2,31.8
38.28653,-77.098019,17525,396.2,35.1
38.295174,-77.089751,17425,396.7,38.1
38.303321,-77.080914,17325,397.5,41.2
38.325394,-77.056119,17050,396.8,41.3
38.347965,-77.030998,16775,396.1,41.2
38.353504,-77.024848,16675,394.0,41.3
38.357483,-77.020471,16600,394.0,41.3
38.362396,-77.014936,16450,392.6,41.3
38.375896,-76.99995,16050,389.1,41.1
38.389526,-76.984766,15650,385.5,41.2
38.402527,-76.970273,15250,383.3,41.3
38.416117,-76.955139,14850,380.5,41.3
38.429306,-76.940361,14450,377.7,41.2
38.441666,-76.926628,14050,375.5,41.3
38.45462,-76.912119,13650,372.7,41.3
38.466888,-76.898386,13250,369.9,41.3
38.479661,-76.884216,12850,366.4,41.1
38.492432,-76.870024,12450,364.2,41.2
38.505569,-76.855276,12050,362.0,41.5
38.511429,-76.848649,11850,360.6,41.5
38.517741,-76.841553,11650,359.8,41.6
38.524258,-76.834167,11450,357.8,41.5
38.530636,-76.827026,11250,356.4,41.5
38.537018,-76.81981,11050,355.6,41.6
38.543427,-76.812585,10850,354.2,41.6
38.54907,-76.806274,10650,352.9,41.3
38.555237,-76.79933,10475,352.9,41.3
38.560135,-76.793837,10350,350.8,41.2
38.56271,-76.790955,10275,349.4,41.2
38.565876,-76.787415,10250,347.9,41.4
38.567645,-76.7854,10225,346.5,41.4
38.577118,-76.77479,10200,336.5,41.5
38.590222,-76.760071,10200,331.6,41.3
38.599869,-76.749234,10025,329.4,41.4
38.604584,-76.74392,9975,324.5,41.5
38.609253,-76.738606,9950,321.6,41.5
38.613739,-76.733531,9925,316.7,41.5
38.618134,-76.728575,9900,313.1,41.6
38.622669,-76.72345,9850,308.8,41.8
38.627655,-76.717768,9825,303.9,41.7
38.632166,-76.712646,9800,300.3,41.8
38.636902,-76.707259,9775,296.1,41.7
38.643571,-76.699707,9725,291.2,41.5
38.647659,-76.695139,9675,287.7,41.3
38.651951,-76.690308,9575,286.3,41.3
38.659241,-76.682122,9400,284.9,41.3
38.66629,-76.674181,9225,284.1,41.4
38.673843,-76.665702,9050,281.9,41.5
38.680999,-76.657593,8875,280.5,41.5
38.688029,-76.649658,8700,279.9,41.4
38.695312,-76.641461,8525,279.2,41.2
38.70232,-76.633606,8350,277.8,41.2
38.709549,-76.625519,8175,277.7,41.5
38.716644,-76.617458,8000,277.0,41.6
38.723694,-76.609457,7825,276.2,41.8
38.730857,-76.601318,7650,274.9,41.5
38.7377,-76.593628,7450,274.9,41.5
38.744476,-76.585872,7250,275.5,41.6
38.751572,-76.577881,7050,275.5,41.6
38.755017,-76.573975,6950,276.3,41.5
38.758462,-76.570068,6850,276.3,41.5
38.761628,-76.566528,6750,276.3,41.5
38.765076,-76.562586,6650,277.0,41.6
38.768797,-76.558411,6550,277.0,41.6
38.772242,-76.554504,6450,277.7,41.5
38.775742,-76.550525,6350,278.5,41.4
38.779083,-76.546823,6250,278.5,41.1
38.78183,-76.543838,6175,278.8,40.5
38.788023,-76.53717,6075,276.8,40.0
38.794214,-76.530579,5975,276.9,39.7
38.800278,-76.524194,5875,275.5,39.7
38.80632,-76.517805,5775,274.9,39.5
38.812225,-76.511536,5675,274.9,39.5
38.817956,-76.505493,5575,274.9,39.5
38.823542,-76.499573,5475,274.9,39.5
38.828979,-76.493802,5375,274.1,39.7
38.834016,-76.488464,5275,274.1,39.7
38.838392,-76.483826,5175,274.1,39.7
38.843536,-76.478398,5075,274.1,39.7
38.848587,-76.473328,4975,274.0,36.2
38.853382,-76.46936,4900,272.7,32.1
38.85672,-76.467232,4850,271.9,27.1
38.860245,-76.465501,4775,271.7,21.4
38.863266,-76.464426,4725,270.7,17.6
38.865829,-76.463769,4675,270.9,9.8
38.869675,-76.463232,4575,270.7,4.2
38.874331,-76.463196,4500,271.2,2.3
38.877496,-76.463562,4425,270.7,353.6
38.882105,-76.464661,4325,271.2,348.7
38.885468,-76.465918,4275,270.9,343.7
38.889313,-76.467769,4200,270.4,338.8
38.89351,-76.470276,4150,269.2,333.5
38.898926,-76.47386,4050,268.3,333.0
38.905746,-76.478099,3950,267.5,334.3
38.913025,-76.482398,3850,266.7,335.6
38.919766,-76.486328,3750,266.3,335.8
38.922684,-76.487951,3725,265.4,335.8
38.928192,-76.49115,3700,264.1,335.9
38.93779,-76.496668,3700,262.8,336.0
38.940948,-76.49846,3650,262.8,336.0
38.946487,-76.501564,3550,261.5,336.1
38.954315,-76.506042,3450,258.7,335.8
38.963013,-76.511108,3375,253.7,335.6
38.971252,-76.515894,3300,249.3,335.6
38.978934,-76.520386,3250,244.8,335.6
38.987503,-76.525388,3175,239.8,335.4
38.992264,-76.528135,3175,235.4,335.4
38.996841,-76.530821,3150,230.5,335.7
38.999929,-76.532593,3150,226.0,335.7
39.004072,-76.535034,3125,221.6,335.8
39.007424,-76.536926,3100,218.0,335.9
39.012172,-76.539673,3025,213.0,335.6
39.018814,-76.543599,2950,208.1,335.3
39.02504,-76.547301,2875,203.1,335.0
39.031444,-76.551147,2775,198.2,334.6
39.03653,-76.554287,2675,196.4,334.4
39.041453,-76.557312,2575,194.1,334.4
39.046248,-76.560242,2475,193.7,334.6
39.051369,-76.563354,2375,192.4,334.8
39.057467,-76.567017,2275,188.8,334.9
39.064178,-76.571065,2200,184.3,333.6
39.067932,-76.573632,2125,182.8,329.8
39.071686,-76.576737,2075,181.7,326.2
39.075119,-76.579902,1975,181.0,323.8
39.079102,-76.583663,1875,180.2,323.6
39.083084,-76.587425,1775,179.6,323.8
39.087296,-76.591425,1675,179.4,323.4
39.091869,-76.595642,1575,178.7,324.8
39.096176,-76.599546,1475,177.3,324.9
39.100525,-76.603546,1375,174.6,323.9
39.103787,-76.606506,1325,170.1,324.8
39.107162,-76.609636,1225,166.2,324.3
39.111049,-76.613159,1125,162.1,324.5
39.115723,-76.617458,1025,157.6,324.3
39.119888,-76.62128,950,152.6,324.3
39.122873,-76.624023,850,149.0,324.3
39.127716,-76.628624,750,145.8,323.4
39.132248,-76.632863,650,147.4,323.8
39.135773,-76.636147,550,146.8,324.1
39.139446,-76.639526,450,147.6,324.4
39.144008,-76.643738,375,145.4,324.2
39.147453,-76.646851,275,144.0,324.3
39.152341,-76.651367,175,145.7,324.8
39.156623,-76.655334,75,145.4,324.2
39.160904,-76.659314,-25,144.0,324.3
39.164677,-76.662842,-100,141.0,323.9
39.167749,-76.665649,-175,141.2,324.5
39.170589,-76.668274,-175,134.8,324.7
39.173264,-76.670778,-225,117.4,324.0
39.173708,-76.671143,-225,109.6,324.3
39.181149,-76.676345,-50.0,11.2,0.0
39.180805,-76.676002,-50.0,12.2,0.0
39.179981,-76.674683,-50.0,10.2,59.1
39.180748,-76.674898,-50.0,10.8,323.4
39.181482,-76.67514,-50.0,10.8,33.8
39.181549,-76.675047,-50.0,10.8,45.0
39.182556,-76.673659,-50.0,0.4,151.9
39.182553,-76.67366,-50.0,0.4,151.9
39.181583,-76.675017,-50.0,10.8,233.4
39.181549,-76.675062,-50.0,10.8,233.4
39.180817,-76.674957,-50.0,11.8,143.4
39.180668,-76.674805,-50.0,12.2,143.4
39.180004,-76.674674,-50.0,11.2,208.1
39.179236,-76.674561,-50.0,12.8,143.4
39.179015,-76.674362,-50.0,14.8,143.4
39.175093,-76.670609,-50.0,17.5,129.4
39.174992,-76.670419,-50.0,17.5,123.8
39.174923,-76.670255,-50.0,17.5,118.1
39.17486,-76.67009,-50.0,17.5,115.3
39.17479,-76.669876,-50.0,17.5,109.7
39.17474,-76.669628,-50.0,17.5,104.1
39.174706,-76.669404,-50.0,17.5,98.4
39.174683,-76.669076,-50.0,18.5,95.6
39.174674,-76.668793,-50.0,18.5,92.8
39.174637,-76.66827,-50.0,19.5,95.6
39.174603,-76.667762,-50.0,20.5,92.8
39.174591,-76.667359,-50.0,20.5,92.8
39.174558,-76.666855,-50.0,20.5,95.6
39.174523,-76.666321,-50.0,20.5,95.6
39.1745,-76.665833,-50.0,20.5,95.6
39.174476,-76.665344,-50.0,16.5,87.2
39.174522,-76.665105,-50.0,16.5,73.1
39.17458,-76.664971,-50.0,16.5,59.1
39.174767,-76.664734,-50.0,16.5,36.6
39.175023,-76.664536,-50.0,16.5,30.9
39.175255,-76.664299,-50.0,13.8,47.8
39.175279,-76.66423,-50.0,13.8,59.1
39.175303,-76.663864,-50.0,13.8,104.1
39.175209,-76.663681,-50.0,14.2,120.9
39.174992,-76.66324,-50.0,14.8,123.8
39.174756,-76.662781,-50.0,17.5,123.8
39.174558,-76.662003,-50.0,19.5,95.6
39.174534,-76.66153,-50.0,19.5,92.8
39.174511,-76.66118,-50.0,19.5,92.8
39.1745,-76.660828,-50.0,19.5,95.6
39.174465,-76.660263,-50.0,20.5,95.6
39.174431,-76.659702,-50.0,20.5,95.6
39.174395,-76.659149,-50.0,21.5,95.6
39.174395,-76.659088,-50.0,21.5,95.6
39.17429,-76.657135,-50.0,22.5,92.8
39.174259,-76.656433,-50.0,20.5,92.8
39.174209,-76.655823,-50.0,17.5,101.2
39.174162,-76.655624,-50.0,17.5,109.7
39.173904,-76.655283,-50.0,16.5,151.9
39.17347,-76.655179,-50.0,17.5,180.0
39.17308,-76.655194,-50.0,13.8,182.8
39.172987,-76.655212,-50.0,11.2,191.2
39.172932,-76.655254,-50.0,9.2,199.7
39.172859,-76.655319,-50.0,8.2,222.2
39.172824,-76.65538,-50.0,8.2,236.2
39.172812,-76.655487,-50.0,7.8,253.1
39.172812,-76.655533,-50.0,7.2,261.6
39.172812,-76.655624,-50.0,5.8,270.0
39.172824,-76.65567,-50.0,1.4,272.8
39.172824,-76.655746,-50.0,4.2,272.8
39.172824,-76.655914,-50.0,14.8,272.8
39.172897,-76.657119,-50.0,43.5,275.6
39.172943,-76.657985,-50.0,56.5,272.8
39.173045,-76.65976,-50.0,73.0,275.6
39.173115,-76.660965,-50.0,85.0,275.6
39.173149,-76.66153,-50.0,89.0,272.8
39.173172,-76.661807,-50.0,89.0,272.8
39.173218,-76.662777,-50.0,97.0,272.8
39.173243,-76.663391,-100,101.2,274.0
39.173522,-76.668091,-100,105.3,274.4
39.173615,-76.669556,-100,130.4,274.4
39.174174,-76.679199,-75,163.4,274.2
39.174271,-76.681704,-25,164.4,273.8
39.174316,-76.682301,25,165.4,273.8
39.174453,-76.685303,125,164.3,273.5
39.174545,-76.687078,225,163.4,273.9
39.174686,-76.689026,300,162.5,274.6
39.174774,-76.690959,400,162.4,274.2
39.174918,-76.693359,500,161.4,274.3
39.175012,-76.694824,550,162.4,274.2
39.175198,-76.697693,625,164.5,274.5
39.175461,-76.700751,725,168.0,276.1
39.175756,-76.703247,800,172.1,279.0
39.176175,-76.706238,900,174.3,281.2
39.176501,-76.708252,975,174.2,282.6
39.176781,-76.709778,1050,174.2,282.6
39.177109,-76.711439,1150,174.6,283.2
39.177619,-76.714111,1250,174.1,284.0
39.17807,-76.716156,1350,174.9,284.9
39.178757,-76.719261,1450,176.2,286.5
39.179489,-76.722306,1525,179.3,287.5
39.180588,-76.726784,1625,183.8,286.8
39.181458,-76.730486,1700,187.9,286.7
39.182367,-76.734497,1750,192.0,286.6
39.183197,-76.738248,1825,195.6,286.0
39.18381,-76.74115,1850,200.1,285.4
39.18457,-76.744756,1900,204.0,285.1
39.185393,-76.748413,2000,206.7,285.7
39.186356,-76.752817,2100,210.2,286.0
39.18718,-76.756399,2200,212.1,285.9
39.187958,-76.760101,2300,214.7,285.4
39.188736,-76.763744,2400,215.7,285.3
39.18935,-76.766785,2500,216.1,284.7
39.189972,-76.769893,2600,216.8,284.4
39.190659,-76.773118,2700,215.9,284.5
39.191116,-76.775506,2800,215.9,284.5
39.191574,-76.777775,2900,215.9,284.5
39.192215,-76.78094,3000,215.1,284.8
39.192795,-76.783569,3100,215.7,285.3
39.193353,-76.786194,3200,216.9,285.5
39.194284,-76.790344,3300,218.1,285.7
39.19519,-76.794553,3375,221.6,286.0
39.195727,-76.796936,3425,224.4,285.8
39.196564,-76.800942,3475,228.3,285.5
39.197113,-76.803509,3500,231.5,285.5
39.197754,-76.806316,3550,234.9,285.8
39.198474,-76.809631,3575,238.0,285.9
39.199265,-76.813049,3625,242.7,286.3
39.200383,-76.817993,3725,246.4,286.7
39.201127,-76.821106,3775,249.6,286.8
39.202291,-76.826111,3875,254.4,286.4
39.203476,-76.831453,3975,258.2,286.2
39.204665,-76.836731,4075,261.1,286.0
39.205643,-76.841064,4175,262.4,286.2
39.206543,-76.844887,4275,263.3,286.1
39.207412,-76.848877,4375,264.3,286.0
39.20811,-76.85199,4475,264.3,286.0
39.208878,-76.855396,4575,263.6,286.3
39.209564,-76.858381,4675,263.6,286.3
39.210251,-76.861367,4775,263.3,286.1
39.210892,-76.864233,4875,263.3,286.1
39.211487,-76.866979,4975,263.3,286.1
39.212082,-76.869726,5075,263.0,285.9
39.212765,-76.872742,5175,263.5,285.4
39.213364,-76.875637,5275,264.9,284.9
39.213836,-76.87793,5350,265.3,284.4
39.214302,-76.880615,5450,266.8,283.0
39.214691,-76.882862,5550,267.2,282.3
39.215186,-76.886047,5650,269.1,281.1
39.215698,-76.889893,5750,270.3,280.2
39.216117,-76.893311,5850,272.0,278.5
39.216385,-76.895878,5950,272.5,277.8
39.21666,-76.899043,6050,272.9,276.7
39.216843,-76.901491,6150,273.7,276.3
39.217095,-76.904785,6250,273.9,274.6
39.217209,-76.907521,6350,274.7,274.2
39.217346,-76.910089,6425,275.4,273.1
39.217421,-76.912842,6525,275.3,272.7
39.217529,-76.916239,6625,277.2,272.1
39.217575,-76.918806,6725,278.2,272.3
39.2177,-76.922791,6825,279.2,272.3
39.217804,-76.925852,6925,280.2,272.2
39.217941,-76.932419,7125,282.1,271.6
39.218072,-76.937805,7325,283.1,271.4
39.218166,-76.943176,7500,283.1,271.4
39.218259,-76.948059,7700,283.1,271.4
39.218398,-76.954224,7900,283.1,271.6
39.218491,-76.959229,8100,284.1,271.6
39.218674,-76.965976,8300,285.1,271.8
39.218857,-76.972066,8500,286.2,272.2
39.219003,-76.9776,8700,287.3,272.4
39.219269,-76.984067,8900,287.3,272.6
39.219469,-76.989502,9100,287.3,272.8
39.219702,-76.995911,9300,288.3,272.8
39.21991,-77.002039,9500,289.2,272.4
39.220074,-77.008301,9700,290.1,271.8
39.220167,-77.01416,9875,291.1,271.4
39.22026,-77.020874,10075,292.0,271.0
39.220322,-77.026639,10225,294.0,271.0
39.220447,-77.03241,10350,298.1,271.1
39.220642,-77.043716,10550,305.1,271.3
39.220917,-77.057329,10750,314.2,271.8
39.221283,-77.070943,10950,323.2,271.8
39.221564,-77.085022,11125,332.1,271.0
39.221424,-77.094177,11200,338.1,268.3
39.220819,-77.102112,11250,345.3,263.4
39.219888,-77.108704,11300,350.3,259.1
39.218352,-77.115906,11375,357.3,253.8
39.216815,-77.121582,11425,361.7,249.6
39.215512,-77.125549,11475,363.0,248.2
39.214814,-77.127502,11525,364.7,245.2
39.21365,-77.130371,11575,365.8,243.7
39.21167,-77.13489,11675,366.7,240.8
39.20839,-77.141174,11875,368.9,235.5
39.20406,-77.148254,12075,371.1,230.9
39.198939,-77.155334,12275,373.4,226.3
39.194331,-77.160706,12425,375.5,221.3
39.189194,-77.165819,12600,377.8,216.2
39.181915,-77.172029,12875,378.4,212.3
39.17557,-77.177063,13100,379.1,211.9
39.162186,-77.18809,13500,383.6,213.2
39.148499,-77.199734,13900,387.5,213.5
39.134558,-77.211609,14300,390.2,213.6
39.122128,-77.222229,14700,393.3,213.5
39.109177,-77.233111,15100,393.9,213.1
39.098806,-77.24176,15450,394.2,212.9
39.087708,-77.250486,15750,397.7,210.7
39.08349,-77.253601,15875,398.2,209.7
39.072327,-77.261353,16275,397.8,208.4
39.057514,-77.271729,16675,399.2,208.8
39.045135,-77.280459,17075,399.7,208.9
39.030029,-77.291087,17475,402.8,208.8
39.016175,-77.300903,17875,402.8,208.8
39.002396,-77.310547,18275,404.1,208.5
38.985855,-77.322016,18675,407.2,208.4
38.971802,-77.331808,19025,409.4,208.4
38.956787,-77.342257,19425,409.9,208.6
38.940249,-77.353821,19825,413.0,208.5
38.923965,-77.365126,20225,414.4,208.5
38.907243,-77.376709,20625,416.1,208.4
38.889313,-77.389128,21025,419.2,208.3
38.872469,-77.400818,21425,421.1,208.5
38.855759,-77.412415,21825,422.0,208.4
38.837128,-77.425371,22225,423.8,208.6
38.81868,-77.438268,22625,426.0,208.6
38.806551,-77.446716,22850,426.9,208.6
38.803199,-77.449036,22900,427.8,208.5
38.797892,-77.452698,22950,429.1,208.5
38.792313,-77.456599,23000,430.0,208.5
38.7836,-77.462646,23000,430.9,208.4
38.762745,-77.477356,23000,431.0,210.1
38.752178,-77.48584,23000,429.4,213.0
38.742279,-77.494752,23000,429.1,215.8
38.733124,-77.503828,23000,427.3,219.0
38.722617,-77.515259,23000,426.5,221.4
38.712655,-77.527283,23000,425.7,224.2
38.703856,-77.539001,23000,423.9,227.2
38.683228,-77.568731,23000,423.6,228.4
38.670456,-77.587061,23050,424.9,228.2
38.665451,-77.594238,23100,426.4,228.2
38.661354,-77.600037,23150,426.4,228.2
38.658282,-77.604431,23200,427.1,228.3
38.65237,-77.612915,23350,427.1,228.3
38.638218,-77.633301,23750,428.6,228.5
38.622995,-77.655212,24100,432.2,228.6
38.608238,-77.676514,24475,434.2,228.4
38.592407,-77.699313,24825,436.4,228.5
38.576523,-77.722241,25175,440.0,228.6
38.563614,-77.74093,25425,441.4,228.6
38.550201,-77.760335,25675,445.0,228.6
38.533289,-77.784729,26000,448.4,228.5
38.516785,-77.80834,26375,449.8,228.3
38.499213,-77.833313,26725,451.7,227.9
38.481569,-77.858093,27050,453.8,227.8
38.464783,-77.881543,27400,455.2,227.8
38.452381,-77.899475,27650,454.8,229.7
38.443359,-77.913845,27850,454.8,232.3
38.434086,-77.929993,28075,454.4,234.9
38.420074,-77.955444,28425,454.4,234.9
38.404953,-77.98271,28750,455.6,234.7
38.39987,-77.991824,28900,454.8,234.7
38.388428,-78.012338,29300,451.2,234.6
38.376892,-78.033025,29700,448.4,234.7
38.366353,-78.05195,30050,446.2,234.7
38.352997,-78.075919,30425,444.0,234.6
38.339218,-78.100579,30800,443.4,234.7
38.323242,-78.129331,31125,444.2,234.8
38.306076,-78.160245,31425,446.4,234.9
38.288589,-78.191743,31700,449.8,234.7
38.271423,-78.222539,32000,451.4,234.8
38.254953,-78.252033,32325,452.0,234.7
38.240067,-78.278698,32650,451.2,234.6
38.225647,-78.304528,33000,449.8,234.7
38.210541,-78.331468,33325,449.0,234.6
38.195663,-78.358232,33675,446.9,235.2
38.187452,-78.374196,33875,445.3,237.8
38.18424,-78.380883,33950,445.0,238.9
38.181564,-78.386691,33975,444.1,239.9
38.177536,-78.395808,34000,443.6,241.0
38.171127,-78.411761,34000,442.3,243.8
38.164688,-78.429665,34000,439.8,246.4
38.158493,-78.449278,34000,437.5,248.8
38.143926,-78.496419,34000,437.3,248.5
38.129169,-78.543469,34000,436.6,248.1
38.12349,-78.559829,34000,438.1,245.3
38.117615,-78.574686,34000,439.2,242.3
38.106358,-78.600311,34000,439.7,240.6
38.087128,-78.644052,34000,440.0,241.1
38.068046,-78.687903,34000,439.0,241.3
38.048859,-78.732118,34000,438.2,241.2
38.029678,-78.77618,34000,438.2,241.2
38.01059,-78.820067,34000,437.3,241.1
37.991328,-78.864222,34000,436.4,241.1
37.972229,-78.907958,34000,436.4,241.1
37.952829,-78.952172,34000,436.9,241.0
37.943802,-78.972765,34025,439.1,241.0
37.941742,-78.977499,34025,439.1,241.0
37.93959,-78.982349,34075,440.0,241.1
37.937048,-78.988117,34125,439.1,241.0
37.924665,-79.016299,34475,437.8,241.0
37.91163,-79.045974,34775,436.9,241.0
37.899294,-79.073977,35125,434.7,241.0
37.887889,-79.099891,35475,431.5,240.9
37.876204,-79.126401,35850,428.8,241.0
37.864194,-79.153688,36200,425.7,240.9
37.852844,-79.179402,36550,423.5,240.9
37.840942,-79.206342,36900,419.9,240.9
37.828954,-79.233637,37225,417.7,240.9
37.815353,-79.264546,37525,416.3,241.0
37.799998,-79.299316,37800,416.3,241.0
37.787155,-79.328418,38000,416.8,240.9
37.784682,-79.333947,38025,418.1,240.8
37.765968,-79.376161,38000,419.5,240.8
37.747301,-79.418196,38000,419.5,240.8
37.728634,-79.459991,38000,420.9,240.7
37.709885,-79.501979,38000,420.9,240.7
37.691066,-79.54412,38000,421.4,240.6
37.672394,-79.585779,38000,420.0,240.6
37.65358,-79.627621,38000,419.1,240.6
37.634738,-79.669687,38000,417.8,240.6
37.615952,-79.711479,38000,416.9,240.5
37.597217,-79.753398,38000,416.4,240.7
37.578598,-79.794753,38000,416.5,240.4
37.559556,-79.83687,38000,416.5,240.4
37.540842,-79.878368,38000,416.9,240.5
37.522385,-79.919343,38000,416.9,240.5
37.503845,-79.960249,38000,416.5,240.4
37.484979,-80.001844,38000,416.5,240.4
37.4664,-80.043056,38000,416.0,240.5
37.44754,-80.084664,38000,415.6,240.3
37.428909,-80.125512,38000,415.6,240.3
37.410004,-80.167003,38000,415.1,240.4
37.391502,-80.207719,38000,414.3,240.3
37.373068,-80.248141,38000,413.4,240.3
37.354294,-80.289196,38000,413.4,240.3
37.335571,-80.330278,38000,412.5,240.2
37.316803,-80.371302,38000,412.5,240.2
37.297886,-80.412637,38000,411.7,240.1
37.278946,-80.453874,38000,411.7,240.1
37.26004,-80.495015,38000,410.8,240.1
37.241043,-80.536213,38000,410.3,240.2
37.222458,-80.576711,38000,409.9,240.0
37.203781,-80.617033,38000,409.1,239.9
37.185043,-80.657501,38000,408.6,240.1
37.166655,-80.697207,38000,407.7,240.0
37.147987,-80.737689,38000,407.7,240.0
37.129134,-80.778351,38000,407.7,240.0
37.11058,-80.818468,38000,408.2,239.9
37.091812,-80.858791,38000,408.2,239.9
37.073131,-80.898902,38000,409.1,239.9
37.054367,-80.939201,38000,409.6,239.8
37.03589,-80.978792,38000,409.6,239.8
37.016876,-81.019553,38000,409.6,239.8
36.99781,-81.060353,38000,410.9,239.8
36.97879,-81.100899,38000,411.4,239.6
36.959777,-81.141497,38000,412.3,239.7
36.94043,-81.182654,38000,412.3,239.7
36.921661,-81.222684,38000,412.3,239.7
36.902704,-81.263063,38000,412.8,239.6
36.883757,-81.303247,38000,412.0,239.5
36.86467,-81.343884,38000,412.3,239.7
36.845491,-81.38444,38000,412.5,239.4
36.826172,-81.424996,38000,412.5,239.4
36.806946,-81.465569,38000,412.8,239.6
36.787906,-81.505815,38000,412.8,239.6
36.768677,-81.546535,38000,412.0,239.5
36.7495,-81.586869,38000,411.6,239.3
36.730088,-81.627541,38000,408.9,239.4
36.716675,-81.654968,38000,407.9,238.0
36.698456,-81.690044,38000,406.9,236.9
36.678223,-81.728668,38000,406.9,236.9
36.657944,-81.767578,38000,406.7,237.2
36.638101,-81.806128,38000,405.6,237.5
36.617981,-81.845341,38000,405.0,237.6
36.598618,-81.883163,38000,404.2,237.5
36.578933,-81.921484,38000,403.3,237.4
36.559195,-81.959586,38000,402.2,237.2
36.539062,-81.998749,38000,402.3,237.7
36.519439,-82.037016,38000,402.0,237.5
36.499608,-82.075468,38000,401.7,237.3
36.479691,-82.113819,38000,401.4,237.1
36.459824,-82.151985,38000,400.8,237.2
36.440114,-82.189714,38000,400.5,237.0
36.420236,-82.227874,38000,399.4,237.3
36.400406,-82.266083,38000,398.1,237.3
36.38062,-82.304252,38000,395.8,237.3
36.361162,-82.341653,38000,395.5,237.1
36.341583,-82.378979,38000,394.7,237.0
36.321854,-82.416515,38025,393.9,236.9
36.302413,-82.453503,38000,393.3,237.0
36.28314,-82.490143,38000,393.3,237.0
36.263914,-82.526842,38000,391.9,237.1
36.244583,-82.563629,38000,391.1,237.0
36.225357,-82.600136,38000,391.1,237.0
36.206085,-82.636814,38000,391.1,237.0
36.186544,-82.673814,38000,389.4,236.8
36.167084,-82.7108,38000,390.0,237.2
36.147673,-82.747738,38000,391.1,237.0
36.128357,-82.784271,38000,391.6,236.9
36.108616,-82.821545,37975,391.6,236.9
36.088715,-82.859001,38000,391.6,236.9
36.069512,-82.895177,38000,392.2,236.8
36.04982,-82.932168,38025,395.0,236.7
36.029756,-82.96986,38000,396.6,236.8
36.009842,-83.007317,38000,396.6,236.8
35.989838,-83.044853,38000,397.7,236.6
35.96975,-83.082353,38000,398.6,236.7
35.949826,-83.119754,38000,399.4,236.8
35.929596,-83.157692,38000,399.4,236.8
35.913376,-83.188418,38000,399.8,238.0
35.894348,-83.2271,38000,399.2,238.9
35.875305,-83.265953,38000,398.7,239.1
35.856722,-83.303833,38000,398.4,238.9
35.837635,-83.342402,38000,398.1,238.7
35.818771,-83.380508,38000,398.1,238.7
35.79982,-83.418674,38000,397.2,238.6
35.780795,-83.457057,38000,396.7,238.7
35.761895,-83.495334,38000,395.3,238.8
35.74324,-83.532944,38000,395.0,238.6
35.732712,-83.553371,38000,395.2,236.9
35.712782,-83.590179,38000,395.2,236.4
35.692578,-83.627345,38000,394.4,236.3
35.672933,-83.663577,38000,394.7,236.5
35.653152,-83.700142,38000,393.8,236.4
35.632898,-83.737325,38000,394.4,236.3
35.612869,-83.7743,38000,394.1,236.6
35.592957,-83.811191,38000,393.8,236.4
35.572952,-83.848,38000,393.8,236.4
35.552765,-83.885078,38000,394.4,236.3
35.532764,-83.921872,38000,393.3,236.5
35.51284,-83.958513,38000,393.8,236.4
35.492776,-83.995212,38000,393.6,236.2
35.472748,-84.031792,38000,393.6,236.2
35.452744,-84.068241,38000,394.9,236.1
35.432373,-84.105263,38000,396.3,236.1
35.412008,-84.142359,38000,396.3,236.1
35.392084,-84.178707,38000,396.3,236.1
35.371582,-84.215984,38000,395.5,236.0
35.351537,-84.252456,38000,394.9,236.1
35.331566,-84.288804,38000,394.9,236.1
35.31134,-84.325676,38000,395.8,236.2
35.291199,-84.362183,38000,395.5,236.0
35.270862,-84.39896,38000,396.1,235.9
35.250332,-84.436126,38000,395.5,236.0
35.230225,-84.472446,38000,395.5,236.0
35.209808,-84.509302,38000,394.7,235.9
35.19,-84.545059,38000,394.7,235.9
35.169571,-84.581722,38000,393.8,235.9
35.149221,-84.618359,38000,393.8,235.9
35.128784,-84.655094,38000,393.8,235.9
35.108627,-84.691372,38000,393.3,236.0
35.088842,-84.727077,38000,393.8,235.9
35.068546,-84.763355,38000,393.6,235.7
35.048528,-84.799118,38000,393.0,235.8
35.028214,-84.835585,38000,393.0,235.8
35.00826,-84.871216,38000,392.2,235.7
34.987976,-84.907332,38000,392.2,235.7
34.96776,-84.943256,38000,391.4,235.6
34.947836,-84.978619,38000,391.4,235.6
34.927414,-85.014842,38000,391.4,235.6
34.907547,-85.050323,38000,390.8,235.7
34.88768,-85.085804,38000,390.8,235.7
34.867626,-85.121384,38000,391.4,235.6
34.847562,-85.156918,38000,391.1,235.4
34.827347,-85.192529,38000,391.1,235.4
34.806875,-85.228729,38000,390.5,235.5
34.786606,-85.264556,38000,391.1,235.4
34.778961,-85.277112,38000,391.0,232.7
34.756739,-85.311298,38000,391.7,231.8
34.734879,-85.34516,38000,391.9,232.1
34.71254,-85.379632,38000,391.7,231.8
34.690309,-85.413837,38000,391.7,231.8
34.667964,-85.44817,38000,391.7,231.8
34.645981,-85.481929,38000,392.3,231.7
34.624065,-85.515518,38000,393.7,231.7
34.601395,-85.550201,38000,393.7,231.7
34.578956,-85.584526,38000,395.1,231.7
34.556717,-85.618585,38000,395.9,231.8
34.534378,-85.652721,38000,396.5,231.7
34.511627,-85.687474,38000,397.2,231.5
34.488831,-85.722227,38000,398.6,231.5
34.466299,-85.756474,38000,400.7,231.6
34.443466,-85.791227,38000,402.2,231.6
34.420864,-85.825653,38000,402.9,231.6
34.397781,-85.860845,38000,403.6,231.5
34.374591,-85.896034,38000,405.7,231.6
34.351129,-85.931683,38000,407.1,231.6
34.327881,-85.967009,38000,407.8,231.5
34.304577,-86.00235,38000,409.2,231.4
34.28144,-86.037254,38000,410.6,231.4
34.258438,-86.072107,38000,410.6,231.4
34.235229,-86.107028,38000,411.8,231.2
34.211472,-86.142734,38000,413.4,231.4
34.187943,-86.178103,38000,414.8,231.4
34.164505,-86.213416,38000,414.8,231.4
34.140946,-86.248798,38000,414.8,231.4
34.11739,-86.284161,38000,415.4,231.2
34.093788,-86.319408,38000,416.0,231.1
34.070279,-86.354599,38000,416.0,231.1
34.046539,-86.390094,38000,417.6,231.3
34.022889,-86.425667,38000,418.4,231.4
33.998636,-86.462002,38000,419.0,231.3
33.974987,-86.497536,38000,419.0,231.3
33.950873,-86.533413,38000,419.5,231.0
33.927038,-86.568775,38000,420.1,230.9
33.902802,-86.60472,38000,420.3,231.1
33.878632,-86.640706,38000,420.9,231.0
33.854279,-86.676748,38000,420.9,231.0
33.829977,-86.712856,38000,423.9,231.1
33.805344,-86.749448,38000,428.9,231.1
33.78067,-86.785882,38000,432.3,231.0
33.755356,-86.82327,38000,435.7,230.9
33.72995,-86.860489,38000,438.6,230.8
33.704361,-86.898268,38000,440.1,231.0
33.679321,-86.935487,38000,440.9,231.1
33.654007,-86.972762,38000,441.5,231.0
33.628406,-87.01046,38000,442.1,230.9
33.602921,-87.047929,38000,442.9,231.0
33.577524,-87.085361,38000,444.3,230.9
33.552109,-87.122703,38000,444.2,230.8
33.526316,-87.160539,38000,445.0,230.8
33.500381,-87.198431,38000,445.6,230.7
33.474364,-87.236434,38000,445.6,230.7
33.448608,-87.274127,38000,446.4,230.8
33.423064,-87.311545,38000,445.6,230.7
33.397202,-87.349219,38000,444.7,230.5
33.371841,-87.385968,38000,443.4,230.7
33.34584,-87.423761,38000,442.0,230.7
33.320023,-87.461334,38000,441.2,230.6
33.294114,-87.498929,38000,441.2,230.6
33.268707,-87.535767,38000,441.9,230.5
33.243139,-87.57275,38000,441.9,230.5
33.217804,-87.60954,38000,442.6,230.6
33.192025,-87.646852,38000,443.3,230.5
33.166002,-87.684463,38000,443.3,230.5
33.140259,-87.72157,38000,442.5,230.4
33.114702,-87.758341,38000,441.9,230.5
33.088898,-87.795538,38000,441.1,230.4
33.063122,-87.832667,38000,441.9,230.5
33.037658,-87.869325,38000,442.5,230.4
33.011868,-87.90632,38000,442.6,230.6
32.985938,-87.943539,38000,442.5,230.4
32.960148,-87.980309,38000,443.0,230.1
32.934079,-88.017584,38000,443.1,230.3
32.908848,-88.053682,38000,443.1,230.3
32.882639,-88.091182,38000,444.5,230.3
32.85643,-88.128737,38000,445.3,230.4
32.830673,-88.165558,38000,446.0,230.3
32.80499,-88.20211,38000,447.4,230.3
32.779013,-88.238992,38000,448.0,230.2
32.752533,-88.27652,38000,448.0,230.2
32.726303,-88.313763,38000,448.8,230.2
32.700256,-88.350677,38000,448.6,230.1
32.674118,-88.387592,38000,449.4,230.1
32.647934,-88.424725,38000,449.4,230.1
32.621567,-88.462079,38000,450.8,230.1
32.595062,-88.499487,38000,451.5,230.0
32.568318,-88.537249,38000,452.2,230.1
32.562918,-88.544872,37950,452.2,230.1
32.542947,-88.573067,37675,453.6,230.1
32.521207,-88.603783,37400,454.3,230.0
32.498955,-88.635005,37150,456.3,229.9
32.477122,-88.665666,36900,457.1,230.0
32.454963,-88.696831,36625,458.5,229.9
32.43313,-88.72738,36375,455.6,229.8
32.411251,-88.757984,36125,453.5,229.9
32.392071,-88.784609,35875,453.5,228.8
32.382249,-88.796941,35775,454.0,226.1
32.371216,-88.809686,35675,454.1,223.4
32.359406,-88.822211,35550,455.0,221.1
32.33812,-88.842975,35350,456.7,219.6
32.311066,-88.869397,35075,456.7,219.6
32.300995,-88.87923,35000,456.8,219.4
32.292618,-88.887305,34975,456.8,219.4
32.286118,-88.893632,34975,457.5,219.5
32.277972,-88.901535,34900,457.5,219.5
32.253904,-88.925021,34625,457.3,219.7
32.227695,-88.950638,34375,458.0,219.8
32.201254,-88.976422,34125,458.8,219.7
32.174973,-89.002057,33850,457.3,219.7
32.148193,-89.028204,33600,457.3,219.7
32.124117,-89.051813,33325,459.4,219.8
32.103494,-89.072048,33000,462.2,219.8
32.08136,-89.093628,32675,464.4,219.8
32.058334,-89.11582,32350,468.4,219.2
32.035126,-89.138123,32025,470.4,219.3
32.012903,-89.159378,31700,472.6,219.2
31.990232,-89.181014,31400,474.9,219.0
31.969191,-89.201137,31075,476.2,219.2
31.945999,-89.223376,30750,477.6,219.2
31.923476,-89.24497,30425,477.5,219.4
31.900955,-89.266663,30100,481.1,219.4
31.877762,-89.288916,29800,483.2,219.3
31.855545,-89.310333,29475,481.7,219.4
31.832653,-89.3323,29150,481.1,219.4
31.809448,-89.354663,28825,480.9,219.5
31.785828,-89.377405,28525,480.4,219.3
31.763942,-89.398334,28200,478.2,219.3
31.751233,-89.410474,28025,476.2,219.2
31.746964,-89.414547,28000,474.8,219.2
31.739874,-89.421295,27975,472.0,219.1
31.712036,-89.447552,28000,475.9,218.0
31.699793,-89.458044,28000,480.0,215.2
31.686851,-89.467987,28000,481.3,212.7
31.673813,-89.477126,28000,481.8,210.3
31.635504,-89.502704,28000,482.9,209.8
31.596912,-89.528632,28000,484.7,209.9
31.558685,-89.5543,28000,485.6,209.9
31.520101,-89.580212,28000,484.7,209.9
31.481186,-89.606377,28000,484.7,209.9
31.457163,-89.622565,27975,484.7,209.9
31.445245,-89.630585,27900,484.7,209.9
31.416275,-89.650215,27625,476.3,210.1
31.388172,-89.669202,27350,467.4,210.2
31.359356,-89.688593,27075,460.5,210.0
31.328888,-89.70897,26800,457.8,209.9
31.306824,-89.723726,26575,458.3,210.0
31.29895,-89.729058,26450,457.4,210.0
31.285858,-89.73789,26175,455.7,210.2
31.26709,-89.7506,25775,451.3,210.2
31.248322,-89.763309,25375,447.7,210.2
31.229057,-89.776318,24975,444.9,210.1
31.2116,-89.788074,24575,443.9,209.9
31.194992,-89.799015,24175,441.5,209.3
31.176173,-89.811255,23775,439.2,209.3
31.159601,-89.822131,23375,438.3,209.4
31.141725,-89.833887,22975,436.6,209.5
31.124359,-89.845384,22575,435.4,209.7
31.107559,-89.856639,22175,433.3,210.1
31.089679,-89.868658,21775,431.9,210.0
31.073572,-89.879425,21375,430.0,209.8
31.056152,-89.891106,20975,428.8,210.1
31.039449,-89.902277,20575,425.6,209.9
31.022644,-89.913428,20175,421.8,209.5
31.005699,-89.924524,19775,418.6,209.3
30.989545,-89.935071,19375,415.5,209.4
30.972507,-89.946222,18975,412.0,209.7
30.955994,-89.957132,18575,409.3,209.6
30.940063,-89.967633,18200,406.7,209.8
30.923584,-89.97862,17800,403.6,209.9
30.90889,-89.988367,17400,401.4,209.9
30.894486,-89.997858,17000,400.3,209.3
30.881032,-90.006757,16600,399.1,209.9
30.86581,-90.016974,16200,396.5,210.1
30.850204,-90.02752,15800,393.5,210.2
30.834961,-90.037806,15400,390.9,210.4
30.820095,-90.04801,15000,388.8,210.8
30.805757,-90.058008,14600,386.7,211.1
30.789929,-90.069049,14200,384.5,211.2
30.775079,-90.079541,13800,381.1,211.5
30.760071,-90.090206,13400,378.9,211.5
30.745379,-90.100635,13000,377.2,211.7
30.730948,-90.110962,12600,374.9,211.7
30.716098,-90.121564,12200,373.6,211.6
30.708481,-90.126935,12000,372.5,211.4
30.701431,-90.13189,11800,372.0,211.2
30.696808,-90.135121,11700,371.0,211.0
30.693008,-90.137769,11625,370.4,210.9
30.690075,-90.139746,11575,369.1,210.8
30.685745,-90.142712,11550,366.3,210.7
30.673875,-90.150897,11475,356.9,210.7
30.660095,-90.160325,11375,347.5,210.6
30.647736,-90.16878,11300,338.0,210.6
30.634119,-90.178033,11225,328.6,210.6
30.619828,-90.187756,11125,319.2,210.5
30.604797,-90.198077,11025,309.4,210.7
30.590872,-90.207642,10950,300.0,210.7
30.586624,-90.210517,10900,297.7,210.7
30.583051,-90.21297,10850,296.4,210.6
30.578955,-90.215771,10750,295.5,210.7
30.574113,-90.219122,10625,296.9,210.8
30.568588,-90.222958,10425,299.1,210.8
30.562568,-90.227087,10225,301.8,210.9
30.556412,-90.231359,10025,304.1,210.9
30.548742,-90.236591,9825,305.3,210.5
30.539886,-90.242561,9625,305.1,210.1
30.530773,-90.248676,9450,302.9,210.1
30.521118,-90.255163,9275,301.2,210.3
30.512432,-90.261035,9075,300.3,210.4
30.507111,-90.26448,9000,299.1,209.2
30.502609,-90.267078,8950,299.7,205.3
30.49935,-90.268561,8925,300.0,200.5
30.494602,-90.270209,8850,301.3,195.0
30.490585,-90.27105,8800,302.0,189.3
30.485001,-90.271642,8725,302.9,184.4
30.470901,-90.272558,8575,298.6,183.6
30.459874,-90.273395,8400,295.8,184.3
30.448975,-90.274443,8225,293.2,185.3
30.441055,-90.275304,8100,292.3,185.5
30.43306,-90.276251,7900,291.4,185.7
30.428358,-90.276801,7825,290.7,186.1
30.421417,-90.277728,7700,288.8,186.4
30.413086,-90.278805,7500,288.1,187.0
30.404755,-90.280205,7300,287.4,188.8
30.395874,-90.281875,7100,286.1,189.7
30.391388,-90.28279,7000,284.8,190.5
30.388184,-90.283502,6900,285.4,191.1
30.384109,-90.28446,6800,285.7,191.5
30.380782,-90.28526,6700,286.5,191.3
30.376639,-90.286084,6600,286.9,189.4
30.372986,-90.286614,6500,288.5,185.8
30.369656,-90.286853,6400,289.4,183.0
30.365982,-90.286829,6325,291.0,179.4
30.361954,-90.286668,6225,290.2,177.6
30.357422,-90.286398,6125,290.4,177.0
30.352431,-90.286084,6025,289.4,176.8
30.348633,-90.28586,5925,289.4,177.0
30.34552,-90.285698,5825,289.4,177.0
30.341537,-90.285429,5725,290.3,177.2
30.337162,-90.285205,5625,290.4,177.0
30.332973,-90.28493,5525,290.3,177.2
30.329016,-90.284711,5425,289.3,177.2
30.324051,-90.28446,5325,289.3,177.2
30.319752,-90.284216,5225,288.3,177.2
30.315353,-90.283975,5125,287.3,177.4
30.310674,-90.283777,5025,287.3,177.6
30.305786,-90.28349,4950,286.3,177.4
30.299408,-90.283173,4850,283.3,177.4
30.294707,-90.282898,4775,282.3,177.2
30.290424,-90.282623,4675,281.6,176.1
30.285919,-90.28209,4575,282.1,173.1
30.281891,-90.281228,4475,282.6,168.6
30.278274,-90.280096,4375,284.8,163.5
30.274084,-90.278284,4275,285.6,158.6
30.271362,-90.276759,4200,285.8,153.6
30.26766,-90.274384,4100,286.8,148.7
30.264175,-90.271588,4000,287.3,144.2
30.260956,-90.268671,3900,286.6,141.1
30.257232,-90.265045,3800,286.4,139.0
30.253555,-90.26131,3750,284.9,138.7
30.25146,-90.259222,3700,283.4,138.7
30.246991,-90.254718,3675,278.5,138.9
30.243266,-90.250928,3675,275.7,139.0
30.240147,-90.247852,3675,270.7,138.9
30.235107,-90.242722,3650,266.3,138.4
30.231949,-90.239222,3625,261.6,135.6
30.229534,-90.236041,3625,258.7,131.1
30.227718,-90.233295,3600,255.6,125.9
30.225632,-90.229474,3575,253.3,120.6
30.224087,-90.225934,3550,250.9,115.8
30.222336,-90.220911,3500,248.3,111.5
30.221247,-90.217694,3450,247.1,110.1
30.219681,-90.212672,3350,247.3,109.6
30.218128,-90.207587,3275,246.7,109.9
30.216033,-90.20105,3175,244.6,110.6
30.214404,-90.196161,3125,240.5,110.7
30.212357,-90.189945,3075,235.9,111.1
30.211441,-90.187414,3050,231.8,112.6
30.209381,-90.18219,2975,228.2,114.9
30.207825,-90.178474,2925,223.6,116.6
30.205652,-90.174078,2875,219.9,121.2
30.204069,-90.171552,2825,217.2,126.8
30.202194,-90.169157,2775,213.7,133.1
30.200363,-90.167165,2725,211.0,137.7
30.198716,-90.165729,2700,208.8,142.2
30.19693,-90.164364,2650,206.8,148.9
30.194138,-90.162748,2625,204.4,152.9
30.192078,-90.161779,2600,201.5,158.1
30.189331,-90.16081,2550,199.6,163.1
30.186752,-90.160126,2550,196.1,168.2
30.184238,-90.159741,2550,192.4,173.1
30.181412,-90.159625,2525,190.1,177.9
30.178802,-90.159733,2525,187.2,182.8
30.176278,-90.160126,2500,185.8,188.0
30.17395,-90.160675,2500,183.6,192.9
30.171478,-90.161564,2475,181.2,198.3
30.169155,-90.162653,2475,179.6,203.3
30.166809,-90.164095,2450,178.1,208.1
30.164407,-90.165839,2425,177.0,213.2
30.155731,-90.172388,2375,175.0,212.9
30.148812,-90.177649,2300,173.4,214.4
30.140305,-90.184398,2250,173.6,214.0
30.132705,-90.190173,2175,173.9,213.5
30.124372,-90.1966,2125,175.0,214.1
30.117063,-90.202258,2050,175.8,213.9
30.108673,-90.208794,2000,175.0,214.1
30.104828,-90.211648,1975,176.0,211.5
30.101898,-90.213426,1925,175.8,206.7
30.098815,-90.214893,1875,177.7,201.8
30.09581,-90.216064,1825,179.7,196.8
30.091553,-90.217303,1725,181.2,193.7
30.086711,-90.218738,1625,180.2,195.1
30.080985,-90.22066,1550,175.3,196.6
30.077354,-90.221869,1475,171.2,196.6
30.072885,-90.223407,1375,167.4,195.9
30.068509,-90.22478,1275,165.0,195.5
30.063766,-90.226243,1175,161.6,195.1
30.061203,-90.227051,1150,157.4,195.1
30.057129,-90.228289,1075,153.1,194.8
30.053467,-90.229474,975,148.5,195.6
30.048889,-90.230874,875,147.0,195.0
30.043533,-90.232544,775,147.5,195.7
30.03804,-90.234375,700,145.6,195.9
30.0342,-90.235602,600,144.1,195.3
30.029312,-90.23714,500,141.9,195.1
30.024261,-90.238737,400,140.9,195.2
30.019775,-90.240191,300,142.2,195.5
30.014557,-90.241807,200,142.9,195.0
30.009155,-90.243457,100,142.4,195.9
30.003571,-90.245307,0,143.4,195.8
29.999891,-90.246533,-75,142.7,196.3
29.995609,-90.247906,-125,132.4,194.9
29.990499,-90.249513,-50.0,71.0,196.9
29.989929,-90.249692,-50.0,59.5,194.1
29.98979,-90.249733,-50.0,54.5,194.1
29.98922,-90.249912,-50.0,44.5,196.9
29.988917,-90.250008,-50.0,36.5,194.1
29.988441,-90.250141,-50.0,23.5,196.9
29.98823,-90.250269,-50.0,19.5,213.8
29.99377,-90.26039,-50.0,22.5,284.1
29.993889,-90.260845,-50.0,24.5,284.1
29.994072,-90.261625,-50.0,25.5,286.9
29.994189,-90.262134,-50.0,25.5,286.9
29.994305,-90.262587,-50.0,25.5,284.1
29.99441,-90.263054,-50.0,25.5,284.1
29.994484,-90.263362,-50.0,26.5,284.1
29.994587,-90.263766,-50.0,26.5,286.9
29.994736,-90.2644,-50.0,26.5,284.1
29.994839,-90.26483,-50.0,26.5,286.9
29.994953,-90.265288,-50.0,26.5,284.1
29.995159,-90.266136,-50.0,26.5,284.1
29.995228,-90.266432,-50.0,26.5,284.1
29.995329,-90.266858,-50.0,26.5,286.9
29.995446,-90.267311,-50.0,26.5,284.1
29.995548,-90.267724,-50.0,26.5,284.1
29.995674,-90.26825,-50.0,26.5,284.1
29.99576,-90.268602,-50.0,26.5,284.1
29.995846,-90.269003,-50.0,26.5,284.1
29.995949,-90.269407,-50.0,26.5,284.1
29.996063,-90.269906,-50.0,26.5,284.1
29.996201,-90.270484,-50.0,27.5,284.1
29.996295,-90.270868,-50.0,27.5,286.9
29.996412,-90.271321,-50.0,26.5,286.9
29.996555,-90.271939,-50.0,26.5,284.1
29.996633,-90.272269,-50.0,26.5,284.1
29.996738,-90.272693,-50.0,27.5,286.9
29.996933,-90.273473,-50.0,27.5,284.1
29.997036,-90.273931,-50.0,27.5,286.9
29.997133,-90.274342,-50.0,27.5,284.1
29.997308,-90.275043,-50.0,27.5,284.1
29.997727,-90.276801,-50.0,27.5,284.1
29.99825,-90.278957,-50.0,22.5,286.9
29.998437,-90.279684,-50.0,19.5,286.9
29.998565,-90.28022,-50.0,17.5,286.9
29.998611,-90.28044,-50.0,15.5,284.1
29.998634,-90.280577,-50.0,14.8,275.6
29.998634,-90.280673,-50.0,14.2,267.2
29.998018,-90.281181,-50.0,15.5,194.1
29.997505,-90.281336,-50.0,16.5,194.1
29.997311,-90.28139,-50.0,16.5,196.9
29.996947,-90.281511,-50.0,13.2,194.1
29.996761,-90.281565,-50.0,8.2,191.2
29.996691,-90.281566,-50.0,7.8,182.8
29.996598,-90.281497,-50.0,7.2,149.1
29.996575,-90.281456,-50.0,6.8,137.8
29.996555,-90.281417,-50.0,6.8,126.6
29.99654,-90.281374,-50.0,6.8,118.1
29.996532,-90.281309,-50.0,6.2,109.7
29.996505,-90.281223,-50.0,1.6,106.9
29.99651,-90.281228,-50.0,0.1,104.1
29.996516,-90.281223,-50.0,0.1,104.1
29.99651,-90.281228,-50.0,0.0,104.1
29.996516,-90.281223,-50.0,0.0,104.1
29.996304,-90.280299,-50.0,38.5,106.9
29.996237,-90.280069,-50.0,45.5,106.9
29.996212,-90.279949,-50.0,51.5,106.9
29.996075,-90.279424,-50.0,58.5,106.9
29.996039,-90.279286,-50.0,64.5,106.9
29.995865,-90.278558,-50.0,77.0,106.9
29.995422,-90.276651,-50,77.0,0.0
29.994781,-90.273958,-50,120.3,105.4
29.994461,-90.272666,-50,130.8,105.5
29.994186,-90.271588,-50,140.2,105.7
29.993933,-90.270483,-50,145.3,105.6
29.993607,-90.269165,-75,150.4,105.4
29.993328,-90.267902,-75,163.7,105.2
29.992859,-90.266041,-50,167.6,104.9
29.992767,-90.265664,-50,171.0,105.3
29.992443,-90.264221,0,176.1,105.1
29.992257,-90.263342,25,178.3,105.3
29.991977,-90.262299,50,179.3,105.2
29.991623,-90.260764,125,180.2,105.1
29.991302,-90.259471,200,180.2,105.1
29.991028,-90.258125,275,180.2,105.1
29.990799,-90.257209,350,180.0,104.8
29.990616,-90.256402,400,178.8,104.6
29.990395,-90.255487,500,177.8,104.7
29.990162,-90.254443,575,176.6,104.4
29.989976,-90.253455,650,176.6,104.4
29.989696,-90.252191,775,176.3,104.1
29.98938,-90.250693,875,175.8,103.5
29.989138,-90.2495,975,175.2,102.5
29.988968,-90.248646,1050,175.9,102.1
29.988812,-90.247632,1125,175.5,101.5
29.988579,-90.246313,1225,176.3,101.1
29.988419,-90.245307,1300,176.1,100.8
29.988281,-90.244392,1375,176.9,100.4
29.988067,-90.243018,1450,177.9,100.4
29.987869,-90.241968,1500,179.9,100.2
29.987732,-90.240999,1550,181.8,100.1
29.987369,-90.238513,1650,186.0,100.2
29.986996,-90.236426,1700,190.1,100.3
29.986679,-90.234267,1775,194.4,100.7
29.986298,-90.232141,1850,197.7,101.1
29.985972,-90.230219,1900,200.8,101.2
29.985489,-90.227482,2000,205.1,101.5
29.984985,-90.224735,2100,209.3,101.6
29.984343,-90.221375,2200,213.8,102.2
29.983924,-90.219067,2300,216.2,102.6
29.983365,-90.216376,2400,217.4,102.8
29.983272,-90.215826,2425,217.4,102.8
29.983154,-90.215203,2475,218.3,102.7
29.982807,-90.213409,2575,218.3,102.7
29.982434,-90.211487,2675,218.6,103.0
29.982101,-90.209925,2775,218.3,102.7
29.981783,-90.208246,2875,218.6,103.0
29.98141,-90.206433,2975,219.8,103.2
29.981038,-90.20462,3075,219.8,103.2
29.980712,-90.202917,3175,221.9,103.3
29.980179,-90.2005,3275,221.9,103.3
29.979827,-90.198798,3375,223.9,103.2
29.979492,-90.197,3475,223.7,102.9
29.979176,-90.195337,3575,223.7,102.9
29.978803,-90.193524,3675,225.6,102.8
29.978477,-90.191931,3750,226.8,103.0
29.97821,-90.190645,3800,228.0,103.2
29.978105,-90.190009,3825,230.0,103.1
29.977798,-90.188706,3875,231.2,103.2
29.97757,-90.187522,3925,233.3,103.4
29.977341,-90.186283,3950,235.5,103.5
29.976608,-90.18289,4025,239.9,103.8
29.976057,-90.180341,4050,244.7,103.5
29.975777,-90.178857,4075,246.7,103.4
29.975464,-90.177397,4125,252.0,103.5
29.974869,-90.174704,4175,255.2,103.6
29.974319,-90.17185,4225,259.0,103.4
29.973633,-90.168672,4325,262.4,103.7
29.973038,-90.165764,4375,267.1,103.2
29.972798,-90.164465,4425,267.6,102.7
29.972658,-90.163751,4450,269.1,102.2
29.972519,-90.162982,4475,269.1,102.2
29.972426,-90.162378,4500,270.2,101.3
29.972214,-90.161025,4550,270.2,101.3
29.972031,-90.159679,4600,270.6,99.4
29.971802,-90.158063,4675,270.7,98.1
29.971681,-90.1565,4750,270.9,96.8
29.971541,-90.154633,4850,271.2,95.3
29.971481,-90.153001,4925,271.6,93.8
29.971436,-90.151493,5000,271.2,92.3
29.971436,-90.149231,5100,272.0,90.8
29.971588,-90.146173,5200,275.7,86.1
29.971848,-90.144007,5300,277.3,82.5
29.972168,-90.141691,5375,278.7,80.7
29.972658,-90.139307,5475,279.4,76.8
29.973031,-90.137714,5550,279.7,74.9
29.973633,-90.135498,5650,280.3,73.0
29.974365,-90.13329,5750,281.2,68.7
29.975281,-90.131028,5850,281.8,66.8
29.976289,-90.12876,5950,283.1,63.3
29.977203,-90.126881,6050,282.7,60.1
29.977982,-90.125427,6125,283.1,58.7
29.979126,-90.123488,6225,282.4,55.2
29.980293,-90.121619,6325,281.8,53.7
29.981131,-90.12041,6400,281.6,52.4
29.982388,-90.118707,6500,282.2,49.3
29.983704,-90.117026,6600,282.2,49.3
29.985041,-90.115521,6700,282.9,45.9
29.986531,-90.113928,6800,283.1,42.4
29.988486,-90.112061,6900,283.0,39.0
29.98965,-90.111072,7000,282.6,37.2
29.991419,-90.109698,7125,281.2,33.7
29.994398,-90.107666,7325,278.9,30.6
29.997345,-90.105878,7525,279.1,27.8
29.999566,-90.104755,7625,279.6,23.2
30.003204,-90.103347,7825,279.6,17.3
30.007141,-90.10227,8025,278.5,11.4
30.010738,-90.101733,8225,277.3,5.6
30.014183,-90.101624,8400,277.1,1.6
30.017488,-90.101788,8575,276.7,355.9
30.021259,-90.102448,8750,277.2,350.0
30.023758,-90.103078,8875,275.3,345.9
30.026705,-90.104205,9050,274.2,342.2
30.029545,-90.105524,9225,273.8,337.0
30.031314,-90.106458,9350,273.4,335.6
30.033005,-90.107494,9425,274.1,333.8
30.034293,-90.10827,9500,275.4,330.6
30.037552,-90.110797,9650,276.3,324.9
30.040113,-90.113214,9800,277.2,320.9
30.041382,-90.114602,9900,277.0,318.7
30.042252,-90.115626,9950,276.5,314.6
30.044128,-90.118049,10125,275.0,311.2
30.046118,-90.121014,10300,275.8,307.8
30.047142,-90.122772,10400,276.3,304.4
30.048119,-90.12464,10475,276.6,302.6
30.048752,-90.125912,10525,278.5,299.2
30.049842,-90.128375,10625,279.5,297.5
30.05072,-90.130543,10700,282.5,294.0
30.051819,-90.133882,10775,285.5,290.7
30.052963,-90.138298,10850,290.8,286.4
30.054125,-90.144196,10925,298.9,281.4
30.05473,-90.149579,10975,304.3,277.0
30.055009,-90.153699,11025,310.6,273.7
30.055069,-90.155586,11050,311.4,273.0
30.055149,-90.157269,11100,313.3,272.4
30.055161,-90.158225,11125,314.2,272.0
30.055195,-90.158917,11125,314.2,272.0
30.055206,-90.160433,11175,315.1,271.6
30.055242,-90.161279,11200,315.1,271.1
30.055252,-90.16221,11250,315.1,271.1
30.055252,-90.163826,11300,315.0,270.5
30.055252,-90.165226,11350,315.0,270.5
30.055252,-90.166087,11400,314.0,270.2
30.055252,-90.167057,11450,314.0,269.8
30.055242,-90.168475,11525,313.0,269.6
30.055242,-90.169409,11575,311.0,269.5
30.055206,-90.172604,11750,310.0,269.5
30.055161,-90.175997,11950,307.0,269.4
30.055161,-90.179282,12125,307.0,269.4
30.055115,-90.181598,12250,307.0,269.4
30.055115,-90.182513,12275,306.0,269.4
30.055102,-90.184021,12350,307.0,269.4
30.055102,-90.185559,12425,307.0,269.4
30.055069,-90.187468,12475,307.0,269.4
30.055056,-90.188361,12525,308.0,269.4
30.055069,-90.190107,12550,309.0,269.3
30.055056,-90.191766,12600,311.0,269.3
30.055009,-90.195282,12650,314.0,269.3
30.054823,-90.207971,12875,322.1,268.8
30.054776,-90.208905,12900,323.1,268.6
30.05473,-90.210608,12950,324.1,268.6
30.054703,-90.213102,13000,324.1,268.6
30.054683,-90.213904,13025,324.1,268.6
30.054657,-90.215741,13100,324.1,268.6
30.054611,-90.216657,13125,324.1,268.6
30.054565,-90.218272,13200,324.1,268.8
30.054565,-90.219188,13250,323.1,268.8
30.054497,-90.222363,13375,322.1,268.9
30.054451,-90.230164,13750,320.0,270.0
30.05452,-90.235344,13950,320.2,272.1
30.054963,-90.241315,14175,320.6,275.7
30.055573,-90.245954,14325,321.3,278.2
30.056499,-90.250928,14475,322.5,282.4
30.05777,-90.255755,14575,324.6,286.6
30.059097,-90.26001,14675,326.5,289.9
30.061798,-90.267873,14775,329.6,292.3
30.063994,-90.273944,14850,330.4,292.6
30.066696,-90.281175,14925,330.1,293.4
30.070511,-90.290973,14950,330.3,294.3
30.083038,-90.322481,14950,331.6,294.4
30.088899,-90.337335,14950,331.6,294.4
30.090179,-90.340522,14975,332.5,294.3
30.091232,-90.343269,15000,332.5,294.3
30.09253,-90.346619,15025,332.9,294.5
30.093842,-90.349893,15100,332.9,294.5
30.096085,-90.35544,15200,332.0,294.6
30.098831,-90.362441,15400,332.0,294.6
30.101329,-90.368701,15575,331.6,294.4
30.105606,-90.379621,15975,331.6,294.4
30.108994,-90.388022,16275,332.5,294.7
30.112106,-90.395131,16475,334.6,298.2
30.11467,-90.39987,16625,336.6,302.1
30.117343,-90.404187,16800,337.2,306.8
30.120508,-90.408417,16950,338.8,311.2
30.123767,-90.412207,17125,340.1,315.6
30.127398,-90.415833,17275,341.2,319.6
30.131262,-90.419128,17425,342.8,323.9
30.136551,-90.42292,17625,345.7,329.2
30.143505,-90.427203,17900,347.1,332.5
30.148626,-90.43017,18100,347.9,333.7
30.156307,-90.434015,18350,351.0,337.4
30.163755,-90.437476,18575,352.5,338.5
30.174136,-90.442145,18975,352.5,338.5
30.185588,-90.447308,19375,354.0,338.8
30.192478,-90.450385,19650,354.5,339.0
30.193828,-90.450989,19700,354.5,339.0
30.195374,-90.451678,19725,355.8,338.9
30.197021,-90.452378,19775,356.8,339.0
30.207514,-90.457031,19975,361.4,339.3
30.211258,-90.458625,20075,361.4,339.3
30.223016,-90.463733,20475,361.4,339.3
30.230465,-90.467029,20725,362.4,339.3
30.2444,-90.473058,21100,366.8,339.2
30.255844,-90.478067,21400,369.4,339.1
30.267563,-90.483291,21775,370.7,339.0
30.269336,-90.484058,21800,372.9,338.9
30.286469,-90.491638,22150,380.7,339.2
30.300107,-90.497461,22350,388.5,340.0
30.305972,-90.499933,22500,389.4,340.0
30.315702,-90.503998,22725,392.2,340.2
30.321567,-90.506415,22825,394.5,340.1
30.326921,-90.508667,22900,397.3,340.3
30.333531,-90.511359,22950,399.5,340.2
30.340747,-90.51438,23000,400.4,340.3
30.375137,-90.528852,23000,397.1,339.5
30.40862,-90.543384,23000,394.9,339.5
30.442138,-90.557666,23000,393.6,339.6
30.475891,-90.572474,23000,395.7,338.8
30.49649,-90.581791,23000,397.0,338.7
30.500887,-90.583759,23025,397.4,338.6
30.521072,-90.592885,23175,405.9,338.6
30.532542,-90.59848,23225,414.0,335.6
30.545297,-90.605786,23300,419.9,333.0
30.552792,-90.610291,23325,424.5,332.4
30.561265,-90.615729,23350,430.3,329.6
30.564056,-90.617712,23375,431.5,329.0
30.570007,-90.621966,23450,433.6,327.8
30.577837,-90.627704,23600,434.7,327.6
30.588405,-90.635779,23825,435.2,325.6
30.594223,-90.6406,24000,433.6,323.8
30.60022,-90.64577,24175,432.2,323.2
30.611076,-90.655115,24575,429.6,323.4
30.620865,-90.66338,24925,428.0,323.9
30.624622,-90.666541,25050,428.3,324.1
30.627502,-90.668981,25125,428.3,324.1
30.629837,-90.67092,25175,428.3,324.1
30.6427,-90.68196,25400,429.2,322.4
30.653205,-90.691974,25675,428.4,319.5
30.657074,-90.695855,25775,429.0,319.2
30.675783,-90.714771,26100,432.9,318.6
30.695297,-90.734576,26425,437.9,318.7
30.699326,-90.738723,26475,439.3,318.7
30.712792,-90.753003,26625,443.5,316.5
30.734625,-90.777557,26900,450.5,315.8
30.757324,-90.803079,27175,456.8,315.7
30.777314,-90.825623,27500,461.1,315.7
30.798294,-90.849286,27800,465.3,315.5
30.809875,-90.862965,28000,466.7,314.1
30.813531,-90.867371,28000,468.2,314.0
30.820235,-90.875446,28025,469.6,313.8
30.849838,-90.911273,28000,466.1,313.7
30.878906,-90.946494,28000,461.9,313.7
30.902772,-90.975641,28000,457.2,312.5
30.910309,-90.985969,28000,455.3,309.6
30.924884,-91.007501,28000,453.3,307.8
30.947067,-91.040739,28000,450.6,307.0
30.953247,-91.051079,27975,450.1,303.6
30.955516,-91.055347,28000,450.1,301.9
30.956589,-91.057434,28000,449.5,301.1
30.957657,-91.059576,28025,449.5,300.3
30.95874,-91.06185,28050,449.1,299.5
30.95929,-91.063089,28075,448.4,298.8
30.964508,-91.075152,28300,445.1,295.4
30.967621,-91.083123,28400,444.9,294.1
30.972228,-91.096271,28525,446.4,291.3
30.97558,-91.107147,28650,446.8,288.8
30.979304,-91.12132,28850,446.6,286.1
30.982516,-91.136151,29075,446.6,283.1
30.987963,-91.164111,29425,446.3,283.0
30.992664,-91.187183,29825,444.1,283.4
30.996342,-91.205035,30150,441.4,283.6
30.999787,-91.22157,30550,436.1,283.5
31.002161,-91.232886,30775,433.2,283.6
31.003418,-91.238983,30950,429.1,283.6
31.006302,-91.252872,31350,421.8,283.6
31.008678,-91.264252,31650,415.7,283.6
31.010925,-91.27506,31900,410.6,283.7
31.014032,-91.28985,32175,404.6,283.7
31.018547,-91.311383,32575,395.1,283.6
31.023102,-91.333223,32950,385.9,283.6
31.025391,-91.344177,33125,384.9,283.7
31.026508,-91.349451,33225,383.7,283.6
31.03006,-91.366828,33625,380.3,283.4
31.03125,-91.372645,33725,380.3,283.4
31.03228,-91.37774,33800,380.3,283.4
31.03418,-91.387078,33900,379.1,283.3
31.036423,-91.39801,33975,379.1,283.3
31.040085,-91.416052,34025,379.1,283.3
31.042568,-91.428168,34025,380.3,283.4
31.043564,-91.433123,34075,380.1,283.2
31.044617,-91.43824,34125,380.1,283.2
31.046265,-91.446533,34250,380.1,283.2
31.05098,-91.469691,34600,380.1,283.2
31.055557,-91.49231,34950,380.1,283.2
31.060364,-91.515952,35300,379.3,283.4
31.065426,-91.540558,35650,378.4,283.5
31.07036,-91.564508,36000,378.1,283.3
31.075248,-91.588458,36350,377.2,283.3
31.079996,-91.611749,36700,375.2,283.4
31.084605,-91.634326,37075,373.0,283.3
31.088928,-91.655704,37450,369.9,283.3
31.093124,-91.676404,37825,366.7,283.2
31.094334,-91.682446,37925,366.7,283.2
31.095245,-91.686886,37975,365.8,283.3
31.096429,-91.692828,38000,365.8,283.3
31.098175,-91.701588,38000,366.7,283.2
31.105786,-91.738971,38000,366.0,283.4
31.113467,-91.776379,37975,360.9,283.5
31.120834,-91.81296,38000,358.1,282.9
31.128038,-91.849933,38000,357.8,282.8
31.135347,-91.887286,38000,357.3,283.1
31.142749,-91.924255,38000,358.5,283.2
31.150177,-91.960898,38000,359.7,283.3
31.157776,-91.998435,38000,360.5,283.1
31.165283,-92.035594,38000,361.4,283.1
31.172836,-92.073292,38000,362.4,283.1
31.180206,-92.110883,38000,362.9,282.7
31.187485,-92.14885,38000,362.7,282.6
31.194855,-92.186656,38000,363.1,282.9
31.202196,-92.224017,38000,364.3,283.0
31.209831,-92.262085,38000,366.7,283.2
31.217422,-92.300236,38000,370.4,283.0
31.225113,-92.339226,38000,374.5,283.0
31.232712,-92.378163,38000,376.3,282.7
31.240415,-92.417542,38000,377.2,282.7
31.248093,-92.456845,38000,377.5,282.9
31.251541,-92.47533,38000,376.2,281.2
31.253265,-92.487488,38000,373.9,278.3
31.254614,-92.501587,38000,372.8,275.7
31.255312,-92.513782,38000,370.5,272.9
31.255498,-92.527679,38000,369.0,270.2
31.255172,-92.541907,38000,368.3,267.5
31.253906,-92.580279,38000,366.2,268.1
31.252752,-92.619086,38000,365.3,267.8
31.251434,-92.657722,38000,365.3,267.6
31.250098,-92.696759,38000,364.3,267.6
31.248688,-92.735111,38000,363.4,267.5
31.247177,-92.773455,38000,362.4,267.3
31.245621,-92.811908,38000,362.3,267.8
31.245667,-92.821709,38000,363.2,271.7
31.246353,-92.831511,38000,364.6,275.4
31.247726,-92.843089,38000,366.0,278.5
31.252121,-92.874487,38000,367.3,279.7
31.257935,-92.912562,38000,368.0,280.3
31.263977,-92.950798,38000,368.1,280.5
31.269974,-92.989197,38000,368.6,280.0
31.27565,-93.027595,38000,368.1,279.5
31.281235,-93.06637,38000,369.1,279.5
31.286774,-93.10493,38000,371.2,279.6
31.2926,-93.144232,38000,373.7,280.0
31.298652,-93.183508,38000,374.9,280.1
31.304751,-93.223059,38000,377.0,280.2
31.310989,-93.262775,38000,378.2,280.4
31.317087,-93.301831,38000,379.0,280.2
31.323278,-93.342041,38000,380.9,280.1
31.329191,-93.381042,38000,380.9,280.1
31.335429,-93.420868,38000,380.5,280.6
31.341992,-93.460803,38000,378.9,281.0
31.348663,-93.500438,38000,380.1,281.1
31.35526,-93.540179,38000,379.9,280.9
31.361824,-93.580334,38000,380.7,280.8
31.368108,-93.61983,38000,380.0,280.2
31.374207,-93.659847,38000,380.8,280.0
31.380203,-93.699754,38000,380.8,280.0
31.386108,-93.739821,38000,380.4,279.7
31.392036,-93.780176,38000,380.4,279.7
31.397995,-93.820276,38000,379.6,279.9
31.403953,-93.860651,38000,379.4,279.7
31.408935,-93.895367,38000,379.3,278.6
31.410238,-93.908167,38000,379.0,275.9
31.412612,-93.940961,38000,378.3,274.7
31.415405,-93.980841,38000,378.3,274.7
31.418198,-94.020612,38000,378.3,274.7
31.421082,-94.061118,38000,378.4,274.9
31.424017,-94.101196,38000,378.4,274.9
31.426987,-94.141199,38000,378.4,275.0
31.429962,-94.180998,38000,378.4,274.9
31.43263,-94.217981,38000,378.8,273.8
31.432862,-94.228418,38000,378.0,270.0
31.43249,-94.241437,38000,377.5,267.1
31.431519,-94.257094,38000,377.5,264.8
31.429871,-94.27352,38000,377.3,262.4
31.427881,-94.288074,38000,378.0,259.8
31.421082,-94.327752,38000,382.0,259.0
31.414381,-94.367834,38025,389.3,258.9
31.407394,-94.408803,38000,392.6,258.7
31.400345,-94.449786,38000,392.8,258.5
31.393112,-94.491362,38000,393.8,258.6
31.385925,-94.53283,38000,393.8,258.6
31.378784,-94.573759,38000,392.8,258.5
31.3716,-94.614917,38000,390.9,258.5
31.364502,-94.655457,38000,388.9,258.4
31.357355,-94.695721,38000,387.1,258.2
31.350046,-94.736481,38000,387.1,258.2
31.342784,-94.77724,38000,386.2,258.2
31.335617,-94.817289,38000,385.2,258.2
31.328399,-94.85755,38000,385.2,258.2
31.321198,-94.897587,38000,385.2,258.2
31.313919,-94.938139,38000,384.2,258.1
31.306732,-94.977991,38000,384.2,258.1
31.299637,-95.017305,38000,385.2,258.2
31.292358,-95.05775,38000,384.2,258.1
31.28508,-95.097818,38000,384.4,258.0
31.277704,-95.138306,38000,384.4,258.0
31.270302,-95.178735,38000,385.4,258.0
31.262924,-95.219044,38000,385.2,258.2
31.255731,-95.259045,38000,385.4,258.0
31.248413,-95.299072,38000,386.4,258.0
31.241067,-95.339136,38000,386.6,257.9
31.233673,-95.379208,38000,387.6,257.9
31.226257,-95.419545,38000,387.6,257.9
31.218815,-95.45993,38000,387.6,257.9
31.211426,-95.500111,38000,386.6,257.9
31.203872,-95.540955,38000,387.8,257.8
31.19633,-95.581274,38000,386.8,257.8
31.188766,-95.621769,38000,386.6,257.9
31.181442,-95.661944,38000,387.4,258.1
31.174026,-95.702174,38000,388.0,257.6
31.166397,-95.742499,38000,388.0,257.6
31.15892,-95.782255,38000,388.0,257.6
31.151276,-95.823077,38000,388.0,257.6
31.143631,-95.863522,38000,388.0,257.6
31.136045,-95.903888,38000,388.0,257.6
31.13031,-95.933748,38000,389.0,256.3
31.127106,-95.947266,38000,389.8,253.6
31.123057,-95.961566,38000,390.6,250.9
31.118637,-95.975055,38000,392.2,248.1
31.11384,-95.987769,38000,393.4,245.5
31.108521,-96.00042,38000,394.9,242.7
31.095405,-96.028418,38000,395.1,241.4
31.078367,-96.065002,38000,394.2,241.7
31.061096,-96.102151,38000,394.2,241.7
31.044159,-96.138665,38000,393.3,241.6
31.026901,-96.175663,38000,392.9,241.4
31.009552,-96.212499,38000,393.4,241.3
30.992478,-96.248749,38000,392.9,241.4
30.975161,-96.285663,38000,392.9,241.4
30.957916,-96.322416,38000,392.9,241.4
30.940479,-96.359326,38000,393.4,241.3
30.922989,-96.396143,38000,393.9,241.2
30.905411,-96.433195,38000,393.9,241.2
30.887922,-96.469904,38000,395.2,241.1
30.870232,-96.507092,38000,396.1,241.2
30.852722,-96.544082,38000,396.1,241.2
30.835085,-96.581195,38000,396.1,241.2
30.817749,-96.617647,38000,396.6,241.0
30.800171,-96.654376,38000,396.6,241.0
30.782639,-96.691266,38000,397.5,241.1
30.764931,-96.728412,38000,396.1,241.2
30.747391,-96.765155,38000,396.6,241.0
30.730017,-96.801471,38000,395.7,241.0
30.712653,-96.837836,38000,395.7,241.0
30.69516,-96.874318,38000,395.7,241.0
30.677599,-96.91095,38000,395.7,241.0
30.660049,-96.947369,38000,396.2,240.9
30.642452,-96.983899,38000,397.1,240.9
30.624893,-97.020371,38000,397.1,240.9
30.614685,-97.041644,38000,394.8,240.9
30.612076,-97.047083,37950,394.3,241.0
30.610153,-97.051068,37925,393.0,241.1
30.606857,-97.057962,37825,392.1,241.0
30.603674,-97.064703,37725,391.6,241.1
30.594818,-97.083381,37325,390.3,241.2
30.586212,-97.101369,36925,388.5,241.1
30.578384,-97.11774,36525,389.4,241.1
30.57074,-97.133735,36125,390.4,240.9
30.563644,-97.148438,35725,394.8,240.9
30.557144,-97.161955,35325,400.2,241.0
30.549953,-97.176929,34925,406.5,240.9
30.543365,-97.190498,34525,409.2,240.7
30.537011,-97.203625,34125,412.3,240.8
30.530777,-97.216564,33725,414.1,241.0
30.524597,-97.229381,33350,415.0,240.7
30.518372,-97.242252,32950,416.4,240.7
30.512525,-97.254218,32575,418.1,240.8
30.509266,-97.260974,32375,418.1,240.8
30.505914,-97.26795,32200,418.1,240.8
30.496371,-97.287616,31800,415.0,240.7
30.488388,-97.303916,31400,411.6,240.4
30.479782,-97.321526,31000,409.3,240.4
30.470907,-97.339636,30600,406.6,240.5
30.46225,-97.357339,30200,403.0,240.6
30.453729,-97.374902,29800,399.8,240.8
30.444884,-97.393195,29400,396.2,240.9
30.43634,-97.410871,29000,393.1,240.8
30.427194,-97.429614,28600,389.1,240.6
30.418582,-97.447357,28200,386.9,240.6
30.410294,-97.464241,27800,383.8,240.5
30.401413,-97.48239,27400,381.9,240.7
30.394608,-97.495807,27100,381.6,238.4
30.390185,-97.503387,26925,382.8,235.1
30.38418,-97.512561,26725,383.9,231.9
30.378594,-97.520142,26525,384.8,228.7
30.371937,-97.528162,26325,386.1,225.4
30.365001,-97.535577,26100,386.7,221.6
30.356415,-97.543676,25875,388.6,218.5
30.349503,-97.549438,25700,390.3,214.7
30.34084,-97.555792,25475,391.6,211.7
30.325058,-97.56678,25075,390.3,211.2
30.309603,-97.577545,24675,387.6,211.1
30.293243,-97.588968,24275,385.0,211.3
30.277588,-97.5999,23875,382.3,211.2
30.260788,-97.611587,23475,379.5,211.1
30.2444,-97.62295,23075,376.8,211.0
30.228835,-97.63374,22675,375.4,210.9
30.21286,-97.644761,22275,373.2,211.0
30.196388,-97.656152,21875,376.3,210.9
30.183168,-97.665216,21475,379.4,210.8
30.169785,-97.674435,21075,381.6,210.7
30.156281,-97.683644,20675,381.6,210.7
30.14276,-97.692902,20275,383.0,210.8
30.131122,-97.700867,19950,383.8,210.7
30.114166,-97.712456,19550,380.7,210.8
30.097275,-97.724035,19150,376.8,211.0
30.080706,-97.735474,18775,372.3,211.0
30.064545,-97.746708,18375,367.9,211.1
30.048538,-97.757776,18000,364.3,211.1
30.033142,-97.768357,17625,361.5,211.0
30.017212,-97.779397,17250,359.3,211.0
30.001556,-97.790222,16875,356.2,211.1
29.985306,-97.801478,16525,353.5,211.0
29.969772,-97.812213,16150,353.5,211.0
29.954544,-97.82275,15775,356.2,211.1
29.95015,-97.825766,15700,357.1,211.0
29.945798,-97.828748,15650,358.8,210.9
29.922801,-97.844568,15375,361.0,211.8
29.91768,-97.848413,15300,360.1,214.7
29.912466,-97.852972,15175,358.9,218.2
29.908081,-97.857496,15050,357.3,223.1
29.903366,-97.8632,14900,356.0,227.6
29.899246,-97.868958,14775,354.7,231.9
29.895428,-97.875151,14600,353.1,236.1
29.891983,-97.881936,14425,351.5,240.5
29.889144,-97.888561,14250,350.3,244.8
29.886723,-97.895346,14100,348.9,248.7
29.880936,-97.913642,13700,347.4,249.8
29.875504,-97.930352,13300,346.6,249.2
29.874115,-97.934559,13225,345.6,249.1
29.871733,-97.941661,13150,344.7,249.1
29.869499,-97.948447,13100,342.5,249.1
29.866147,-97.958518,13025,340.6,249.0
29.860328,-97.975751,12975,331.5,248.8
29.859467,-97.978345,12975,330.2,248.9
29.858,-97.982752,12925,326.7,249.0
29.856557,-97.987007,12850,325.7,248.9
29.852234,-98.000001,12600,324.4,249.1
29.846329,-98.017696,12225,323.5,249.0
29.842778,-98.028205,12025,327.4,248.7
29.839645,-98.037344,11825,329.6,248.6
29.836726,-98.04587,11625,331.5,248.8
29.833653,-98.055079,11425,332.4,248.8
29.830767,-98.063534,11225,333.3,248.9
29.827698,-98.072733,11025,333.3,248.9
29.824677,-98.081659,10825,333.3,248.9
29.821472,-98.091325,10625,333.0,249.1
29.818909,-98.099089,10425,332.6,249.2
29.817081,-98.104625,10325,332.6,249.2
29.815963,-98.10791,10275,332.3,249.4
29.8148,-98.111518,10225,331.3,249.3
29.813589,-98.115181,10200,329.1,249.4
29.809525,-98.127453,10175,319.6,249.3
29.802246,-98.149479,10150,310.5,249.1
29.79744,-98.164004,10025,304.4,249.4
29.795425,-98.170289,9950,302.8,249.7
29.791718,-98.181698,9750,300.6,249.8
29.788218,-98.192462,9550,299.7,249.1
29.784531,-98.203407,9375,298.2,248.8
29.781281,-98.213073,9175,296.9,248.9
29.778163,-98.22219,8975,295.4,248.6
29.774858,-98.231776,8775,293.2,248.6
29.772079,-98.24001,8575,291.6,248.9
29.769225,-98.248363,8400,290.1,248.6
29.76578,-98.258649,8200,285.8,249.1
29.762242,-98.269151,8025,283.0,248.9
29.760659,-98.27389,7950,281.2,248.7
29.757706,-98.282582,7750,279.1,249.2
29.754142,-98.293331,7575,277.6,248.9
29.750839,-98.303446,7375,277.2,249.7
29.747578,-98.313311,7200,275.1,249.1
29.744156,-98.323728,7025,274.6,250.0
29.742644,-98.328498,6925,275.9,249.9
29.741107,-98.333345,6850,276.6,249.5
29.739761,-98.337461,6750,276.2,249.7
29.738314,-98.341962,6675,276.8,249.9
29.73757,-98.344385,6650,276.1,250.3
29.736592,-98.347455,6600,275.2,250.2
29.733519,-98.356934,6550,270.2,249.4
29.730447,-98.366143,6475,265.9,248.8
29.727493,-98.37491,6400,261.5,248.9
29.724335,-98.384153,6325,257.0,249.0
29.720671,-98.39517,6250,252.9,248.9
29.71843,-98.4019,6175,250.4,249.2
29.716295,-98.408311,6075,248.7,249.5
29.71463,-98.41352,6050,246.5,249.6
29.712616,-98.419911,6025,242.2,251.0
29.71106,-98.426038,6025,238.7,254.4
29.709638,-98.431953,6000,236.1,254.0
29.708405,-98.436338,5950,235.0,252.4
29.706802,-98.441726,5850,234.4,250.6
29.704834,-98.447747,5750,234.2,249.2
29.702842,-98.453764,5650,234.6,249.0
29.70084,-98.459796,5550,234.2,249.2
29.699071,-98.465074,5450,235.1,249.3
29.697348,-98.470351,5350,234.8,249.6
29.695859,-98.474875,5250,234.8,249.6
29.69395,-98.480691,5150,235.1,249.3
29.692135,-98.486185,5050,234.2,249.2
29.690231,-98.492168,4950,234.4,249.8
29.688224,-98.498733,4850,234.6,251.1
29.686523,-98.504527,4750,235.0,251.6
29.684779,-98.510473,4650,235.0,251.6
29.68301,-98.516558,4550,235.0,251.6
29.681241,-98.522536,4450,235.0,251.6
29.679611,-98.527979,4350,235.4,249.9
29.677872,-98.532574,4300,232.6,245.1
29.676086,-98.53643,4225,230.5,241.2
29.674026,-98.540147,4150,227.7,236.1
29.671745,-98.54354,4100,224.6,230.8
29.6689,-98.547152,4025,221.4,226.3
29.665833,-98.550487,3950,218.8,221.9
29.662714,-98.553395,3875,214.4,218.0
29.659874,-98.555765,3775,209.4,214.3
29.656289,-98.558296,3675,205.3,210.4
29.652519,-98.560558,3575,201.2,206.6
29.649167,-98.562227,3500,198.5,202.8
29.645325,-98.56379,3425,195.1,198.5
29.641951,-98.564812,3325,191.4,193.6
29.637863,-98.565744,3250,188.7,189.8
29.634521,-98.566167,3200,184.1,186.2
29.631244,-98.566374,3150,180.0,181.3
29.627014,-98.566325,3075,175.2,177.4
29.623191,-98.565943,2975,172.2,173.3
29.619746,-98.565297,2900,168.7,169.8
29.616348,-98.564371,2825,164.9,166.0
29.612763,-98.563143,2750,161.6,162.4
29.609116,-98.561624,2675,157.7,158.8
29.60582,-98.559934,2600,154.4,155.1
29.602753,-98.558086,2550,151.2,151.6
29.600659,-98.55668,2525,146.8,148.4
29.598006,-98.554634,2475,142.6,144.4
29.595166,-98.552156,2375,140.9,141.3
29.592728,-98.54974,2325,138.8,137.9
29.590118,-98.546782,2250,135.8,134.4
29.587601,-98.543613,2175,134.6,131.4
29.58432,-98.539124,2075,131.5,129.1
29.581421,-98.535215,2025,132.5,131.6
29.578221,-98.531315,1925,135.1,132.9
29.574869,-98.527006,1825,131.1,131.0
29.571471,-98.522536,1725,126.9,130.9
29.568166,-98.518336,1650,126.8,131.5
29.564861,-98.513973,1550,131.0,131.6
29.562286,-98.51076,1450,132.4,132.2
29.559554,-98.507188,1350,129.6,131.6
29.556152,-98.502784,1250,127.5,131.8
29.552804,-98.498517,1175,129.0,131.2
29.549685,-98.49437,1075,129.7,130.9
29.546082,-98.489896,1000,131.7,131.9
29.543747,-98.486833,925,131.0,131.6
29.541352,-98.483761,850,131.0,131.6
29.540607,-98.482792,825,128.2,131.5
29.538162,-98.479649,775,124.7,131.8
29.537022,-98.47816,-50.0,97.0,132.2
29.536487,-98.477474,-50.0,95.0,132.2
29.536022,-98.476863,-50.0,89.0,132.2
29.535725,-98.476494,-50.0,85.0,132.2
29.535473,-98.476163,-50.0,83.0,132.2
29.535242,-98.475871,-50.0,79.0,132.2
29.533717,-98.473906,-50.0,62.5,132.2
29.533333,-98.473408,-50.0,56.5,132.2
29.533054,-98.473044,-50.0,54.5,132.2
29.532821,-98.472748,-50.0,52.5,132.2
29.532589,-98.472453,-50.0,52.5,132.2
29.532509,-98.472347,-50.0,51.5,132.2
29.530936,-98.470634,-50.0,17.5,171.6
29.530773,-98.470634,-50.0,16.5,185.6
29.530563,-98.470723,-50.0,15.5,205.3
29.530459,-98.470809,-50.0,13.2,213.8
29.530307,-98.470917,-50.0,12.2,208.1
29.53022,-98.470948,-50.0,12.2,196.9
29.530128,-98.470948,-50.0,12.8,185.6
29.53004,-98.47093,-50.0,12.8,171.6
29.529888,-98.470849,-50.0,12.8,149.1
29.529819,-98.470782,-50.0,13.2,140.6
29.529155,-98.46992,-50.0,18.5,132.2
29.528876,-98.46957,-50.0,19.5,132.2
29.528606,-98.469218,-50.0,19.5,129.4
29.528389,-98.46894,-50.0,19.5,132.2
29.528103,-98.468558,-50.0,17.5,132.2
29.527828,-98.468184,-50.0,14.8,132.2
29.527619,-98.467941,-50.0,11.2,135.0
29.527554,-98.467871,-50.0,9.8,140.6
29.527491,-98.467834,-50.0,9.8,149.1
29.527428,-98.467818,-50.0,9.2,160.3
29.52737,-98.467805,-50.0,9.8,168.8
29.527302,-98.467818,-50.0,9.8,182.8
29.52721,-98.467871,-50.0,10.2,202.5
29.527176,-98.467897,-50.0,10.2,213.8
29.527142,-98.467941,-50.0,10.2,225.0
29.527095,-98.468049,-50.0,10.2,244.7
29.527084,-98.468122,-50.0,10.2,255.9
29.527084,-98.468224,-50.0,10.2,267.2
29.527072,-98.468534,-50.0,10.8,264.4
29.527039,-98.46865,-50.0,10.8,255.9
29.527014,-98.468736,-50.0,10.2,247.5
29.526967,-98.468843,-50.0,9.8,241.9
29.526867,-98.46902,-50.0,9.2,239.1
29.526723,-98.469261,-50.0,7.2,236.2
29.526653,-98.469395,-50.0,5.2,239.1
29.526638,-98.469455,-50.0,5.2,247.5
29.526627,-98.469495,-50.0,4.2,253.1
29.52663,-98.469543,-50.0,4.2,261.6
29.526638,-98.469587,-50.0,3.8,270.0
29.526649,-98.469627,-50.0,3.8,278.4
29.526661,-98.469653,-50.0,3.8,286.9
29.526672,-98.46968,-50.0,3.8,295.3
29.526695,-98.469706,-50.0,3.8,300.9
29.526723,-98.469732,-50.0,3.8,309.4
29.526752,-98.469759,-50.0,4.2,315.0
29.526816,-98.469813,-50.0,5.2,320.6
29.526958,-98.469944,-50.0,4.2,323.4
29.527039,-98.47001,-50.0,0.1,323.4
29.527039,-98.470009,-50.0,0.1,323.4
29.527037,-98.470015,-50.0,0.0,323.4
29.527037,-98.470015,-50.0,0.0,323.4
29.527037,-98.470015,-50.0,0.0,323.4
29.527039,-98.47001,-50.0,0.0,323.4
29.527039,-98.47001,-50.0,0.0,323.4
29.527037,-98.470015,-50.0,0.0,323.4
29.527039,-98.47001,-50.0,0.0,323.4
29.527039,-98.47001,-50.0,0.0,323.4
29.527039,-98.47001,-50.0,0.0,323.4
29.527039,-98.47001,-50.0,0.0,323.4
29.527037,-98.470015,-50.0,0.0,323.4
29.527037,-98.470001,-50.0,0.0,323.4
29.527039,-98.47001,-50.0,0.0,323.4
29.527039,-98.47001,-50.0,0.0,323.4
29.527037,-98.470001,-50.0,0.0,323.4
29.527027,-98.47001,-50.0,0.0,323.4
29.527039,-98.469997,-50.0,0.0,323.4
29.527039,-98.47001,-50.0,0.0,323.4
29.527037,-98.470015,-50.0,0.0,323.4
29.527039,-98.47001,-50.0,0.0,323.4
29.527039,-98.47001,-50.0,0.0,323.4
29.527016,-98.469984,-50.0,0.0,323.4
29.527016,-98.469984,-50.0,0.0,323.4
29.52699,-98.469961,-50.0,0.0,320.6
29.52697,-98.469944,-50.0,1.4,317.8
29.526921,-98.469907,-50.0,2.2,315.0
29.526901,-98.469891,-50.0,2.8,309.4
29.526874,-98.469867,-50.0,2.8,303.8
29.526855,-98.469825,-50.0,2.8,298.1
29.526828,-98.469786,-50.0,2.8,295.3
29.52681,-98.469746,-50.0,2.8,289.7
29.526793,-98.469692,-50.0,2.8,286.9
29.526781,-98.469638,-50.0,2.8,281.2
29.526764,-98.469574,-50.0,3.2,278.4
29.526752,-98.469548,-50.0,3.2,275.6
29.526746,-98.46949,-50.0,3.2,270.0
29.526741,-98.469429,-50.0,3.2,264.4
29.526741,-98.469376,-50.0,3.2,261.6
29.526752,-98.469323,-50.0,3.2,255.9
29.526769,-98.469207,-50.0,3.2,253.1
29.526793,-98.469113,-50.0,2.8,250.3
29.526821,-98.469046,-50.0,1.4,247.5
29.526839,-98.468991,-50.0,2.2,247.5
29.526839,-98.468951,-50.0,2.2,241.9
29.526851,-98.468938,-50.0,1.9,236.2
29.526851,-98.468924,-50.0,2.2,230.6
29.526855,-98.468901,-50.0,1.1,225.0
29.526862,-98.468884,-50.0,0.8,222.2
29.52689,-98.468874,-50.0,0.0,222.2
29.526874,-98.468884,-50.0,0.0,222.2
29.526804,-98.468951,-50.0,4.2,219.4
29.526665,-98.469072,-50.0,7.2,216.6
29.526595,-98.469113,-50.0,8.2,208.1
29.526502,-98.469153,-50.0,9.2,199.7
29.52642,-98.469166,-50.0,10.2,188.4
29.526374,-98.469166,-50.0,10.2,182.8
29.526304,-98.469153,-50.0,10.8,177.2
29.526192,-98.469125,-50.0,10.8,168.8
29.526025,-98.469099,-50.0,10.8,171.6
29.525931,-98.469099,-50.0,10.8,180.0
29.52585,-98.469113,-50.0,10.2,188.4
29.525768,-98.469152,-50.0,10.2,202.5
29.525677,-98.469218,-50.0,10.2,210.9
29.525559,-98.469315,-50.0,10.8,216.6
29.525291,-98.46957,-50.0,11.8,219.4
29.524965,-98.46988,-50.0,11.8,219.4
29.524624,-98.470208,-50.0,11.8,219.4
29.524349,-98.470459,-50.0,12.2,216.6
29.524258,-98.470525,-50.0,12.2,208.1
29.524189,-98.470551,-50.0,12.2,196.9
29.524109,-98.470551,-50.0,12.2,188.4
29.524023,-98.47054,-50.0,12.2,177.2
29.523953,-98.470526,-50.0,11.8,168.8
29.52388,-98.470485,-50.0,11.8,157.5
29.523813,-98.470446,-50.0,11.8,149.1
29.523709,-98.470351,-50.0,11.8,140.6
29.523628,-98.470261,-50.0,11.8,135.0
29.523537,-98.470129,-50.0,11.2,129.4
29.523502,-98.47005,-50.0,10.8,120.9
29.523487,-98.469988,-50.0,10.8,112.5
29.523468,-98.469918,-50.0,10.8,101.2
29.523476,-98.469853,-50.0,10.8,92.8
29.523487,-98.469786,-50.0,10.8,81.6
29.523511,-98.469732,-50.0,10.8,73.1
29.523546,-98.469678,-50.0,12.8,64.7
29.523581,-98.469611,-50.0,13.8,53.4
29.52365,-98.46953,-50.0,14.8,45.0
29.52379,-98.469382,-50.0,17.5,42.2
29.523906,-98.469274,-50.0,21.5,42.2
29.523994,-98.469178,-50.0,26.5,42.2
29.524109,-98.469072,-50.0,30.5,42.2
29.524174,-98.469005,-50.0,35.5,42.2
29.524686,-98.468493,-50.0,49.5,42.2
29.525093,-98.468089,-50.0,58.5,42.2
29.52521,-98.467968,-50.0,63.5,42.2
29.525562,-98.46762,-50.0,67.5,42.2
29.526134,-98.467052,-50.0,77.0,42.2
29.526855,-98.466352,-50.0,89.0,42.2
29.527118,-98.466083,-50.0,89.0,42.2
29.527691,-98.46552,-50.0,97.0,42.2
29.528,-98.465177,875,97.0,0.0
29.528364,-98.464858,875,105.0,40.4
29.53516,-98.45818,825,131.9,40.7
29.535645,-98.457677,850,158.1,40.6
29.53679,-98.456565,850,161.7,40.5
29.537384,-98.455987,875,167.4,40.6
29.538093,-98.455272,900,168.8,40.7
29.538885,-98.454518,925,169.5,40.5
29.539536,-98.453874,950,170.3,40.2
29.541092,-98.452342,1050,169.5,40.5
29.542562,-98.450964,1150,169.5,40.5
29.544098,-98.449456,1250,170.4,39.8
29.54599,-98.447694,1350,171.1,40.0
29.547543,-98.446171,1450,172.5,40.1
29.54908,-98.44477,1550,173.2,39.8
29.55098,-98.44294,1650,175.4,39.7
29.552673,-98.441303,1750,176.8,39.7
29.554666,-98.439439,1850,177.6,39.5
29.55629,-98.437923,1950,179.0,39.6
29.557785,-98.436477,2050,180.3,40.0
29.559368,-98.434915,2150,180.3,40.0
29.56095,-98.433407,2250,180.9,40.3
29.56258,-98.431845,2350,181.7,40.1
29.564484,-98.43,2450,183.1,40.1
29.565536,-98.428996,2500,184.5,40.2
29.567093,-98.427464,2575,186.7,40.0
29.568725,-98.425921,2600,191.7,39.9
29.570494,-98.424252,2650,195.4,39.4
29.571899,-98.422975,2675,199.8,39.1
29.573426,-98.421613,2700,204.4,38.0
29.575009,-98.42032,2725,207.6,36.0
29.576266,-98.419351,2750,211.4,32.6
29.578995,-98.417693,2825,215.6,27.0
29.580921,-98.416712,2875,219.0,23.4
29.581992,-98.416227,2900,220.8,21.8
29.583109,-98.415797,2900,223.3,19.9
29.583994,-98.415473,2925,226.1,18.0
29.586135,-98.414935,2925,230.7,13.8
29.58847,-98.414471,2950,235.3,9.5
29.590325,-98.414289,2975,240.1,5.5
29.592606,-98.414181,2975,244.1,1.9
29.59377,-98.414181,3000,247.0,0.0
29.596207,-98.414365,3025,250.5,356.3
29.598378,-98.41472,3050,254.2,352.5
29.601171,-98.415366,3100,257.9,348.8
29.604058,-98.416281,3150,261.6,342.9
29.605774,-98.417059,3200,263.8,340.7
29.607834,-98.418063,3275,264.7,336.6
29.61058,-98.4197,3375,265.8,331.2
29.613052,-98.421496,3475,266.3,327.3
29.615433,-98.423609,3575,267.2,323.2
29.617813,-98.425985,3675,268.3,317.6
29.61969,-98.428257,3775,268.0,313.9
29.621841,-98.431199,3875,267.7,308.3
29.623284,-98.433569,3975,266.8,304.5
29.624588,-98.436074,4075,266.9,300.9
29.625984,-98.439169,4175,266.6,297.2
29.62706,-98.44199,4275,266.0,293.5
29.628032,-98.444717,4375,267.0,291.8
29.628891,-98.447377,4450,266.7,290.4
29.629615,-98.449563,4550,267.3,289.5
29.630493,-98.452553,4650,267.5,289.0
29.631454,-98.455723,4750,267.8,288.5
29.632416,-98.45905,4850,268.5,288.2
29.632594,-98.459634,4875,269.4,288.2
29.633525,-98.462919,4925,271.6,288.2
29.634736,-98.467282,5000,275.8,288.2
29.635895,-98.471251,5050,279.9,288.1
29.636877,-98.47466,5125,284.0,288.0
29.637909,-98.478329,5200,284.9,288.0
29.638553,-98.48053,5250,285.6,288.4
29.639374,-98.4834,5350,285.6,288.4
29.640043,-98.485754,5425,285.2,288.2
29.640648,-98.487908,5525,284.9,288.0
29.641439,-98.490762,5625,285.6,287.7
29.642184,-98.493401,5725,285.0,287.4
29.642899,-98.496076,5825,283.7,287.2
29.643441,-98.498194,5925,283.1,286.8
29.644226,-98.500988,6025,282.5,287.1
29.644837,-98.50331,6125,281.8,287.3
29.645443,-98.505518,6225,282.1,287.5
29.646048,-98.507672,6300,282.4,287.7
29.646698,-98.509915,6400,282.4,287.7
29.647247,-98.511816,6475,283.0,288.1
29.647842,-98.513982,6575,283.0,288.1
29.648608,-98.516558,6675,282.4,288.4
29.649124,-98.518419,6775,282.4,288.4
29.649865,-98.520975,6875,282.4,288.4
29.650656,-98.523667,6975,282.4,288.4
29.652054,-98.528401,7175,282.4,288.4
29.653357,-98.532876,7375,282.4,288.4
29.6548,-98.537939,7575,282.4,288.4
29.656265,-98.542821,7775,282.5,289.6
29.658012,-98.547902,7975,283.9,292.1
29.660019,-98.552645,8175,285.4,297.5
29.662295,-98.557111,8350,286.1,301.9
29.664642,-98.561043,8550,285.9,305.8
29.668207,-98.566105,8750,288.3,309.6
29.671921,-98.570762,8950,290.7,314.0
29.676041,-98.575252,9150,291.6,317.5
29.680298,-98.57953,9350,293.0,319.6
29.684174,-98.583338,9550,293.6,319.4
29.688457,-98.587539,9750,293.4,318.9
29.692017,-98.591203,9950,293.9,318.2
29.695952,-98.595348,10150,293.8,317.6
29.69957,-98.599126,10350,294.4,317.2
29.701166,-98.600841,10425,295.1,317.3
29.703074,-98.602833,10500,297.2,317.2
29.704611,-98.604449,10550,297.2,317.2
29.7061,-98.606065,10575,300.0,317.2
29.707581,-98.60763,10600,301.4,317.1
29.713669,-98.614179,10700,311.3,316.8
29.720671,-98.621683,10825,320.5,316.6
29.727493,-98.629127,10925,329.6,316.5
29.73555,-98.637895,11050,339.5,316.4
29.743156,-98.64624,11175,348.7,316.3
29.752167,-98.656065,11275,358.6,316.2
29.760727,-98.665466,11400,367.1,316.4
29.762056,-98.66692,11425,369.2,316.3
29.763748,-98.668741,11450,369.9,316.4
29.765547,-98.670744,11500,370.6,316.3
29.770752,-98.6764,11675,371.3,316.4
29.776016,-98.682104,11875,372.1,316.5
29.786499,-98.693513,12275,374.2,316.6
29.798227,-98.706234,12675,377.0,316.6
29.80926,-98.71819,13075,378.5,316.6
29.821518,-98.73149,13475,381.3,316.6
29.829941,-98.740628,13775,381.3,316.6
29.839845,-98.751418,14175,381.3,316.6
29.850831,-98.763266,14550,381.3,316.6
29.860747,-98.774037,14950,381.3,316.6
29.870802,-98.784916,15350,381.3,316.8
29.880718,-98.795848,15750,380.5,316.1
29.887421,-98.803819,16050,377.8,313.1
29.895568,-98.814482,16375,378.0,310.6
29.904465,-98.827039,16775,377.6,308.9
29.913584,-98.840039,17175,377.5,309.1
29.923127,-98.853387,17575,378.7,309.3
29.932298,-98.866241,17975,378.7,309.3
29.94198,-98.879919,18375,378.9,309.1
29.948684,-98.889368,18650,379.7,309.0
29.958925,-98.90387,19050,381.7,309.1
29.969696,-98.919014,19450,382.3,309.3
29.981224,-98.935236,19850,385.3,309.1
29.992905,-98.951649,20250,387.3,309.2
30.005385,-98.969238,20650,390.1,309.3
30.017761,-98.986709,21050,393.1,309.1
30.029572,-99.00335,21450,394.5,309.1
30.041382,-99.019991,21850,396.5,309.3
30.052826,-99.036147,22250,397.3,309.2
30.065277,-99.053758,22650,398.7,309.2
30.07695,-99.070237,23050,398.9,309.0
30.089127,-99.087578,23450,399.7,308.9
30.102539,-99.106643,23825,402.5,309.0
30.11554,-99.125115,24200,403.1,309.1
30.125955,-99.139911,24475,404.5,309.1
30.140014,-99.159851,24850,406.7,309.0
30.146118,-99.168522,25025,408.1,309.0
30.161381,-99.190173,25350,410.9,309.1
30.176045,-99.210992,25700,413.1,309.0
30.191116,-99.232339,26050,415.1,309.1
30.206451,-99.254043,26400,417.3,309.1
30.222132,-99.276251,26750,419.5,309.0
30.237494,-99.298114,27100,420.9,309.0
30.253098,-99.320338,27425,423.1,309.0
30.26857,-99.342418,27750,425.3,308.9
30.284838,-99.36568,28075,426.7,308.9
30.301829,-99.38996,28375,429.5,309.0
30.307159,-99.397565,28525,428.1,308.9
30.320124,-99.416052,28925,425.9,309.0
30.33409,-99.435883,29300,424.5,309.0
30.348288,-99.456097,29675,423.1,309.0
30.362766,-99.476752,30050,421.7,308.9
30.376266,-99.495978,30450,418.9,308.9
30.389832,-99.515345,30850,416.0,308.9
30.403381,-99.534733,31225,413.2,308.8
30.41629,-99.553259,31600,411.1,308.9
30.42915,-99.571674,31975,409.6,308.9
30.443069,-99.591669,32325,408.2,308.8
30.457535,-99.612445,32675,407.6,308.7
30.472916,-99.634633,33000,409.0,308.8
30.488571,-99.657198,33325,409.8,308.7
30.50489,-99.680658,33625,410.4,308.8
30.520811,-99.703619,33925,411.2,308.7
30.535858,-99.72527,34275,410.4,308.8
30.549408,-99.744819,34650,407.6,308.7
30.562568,-99.763715,35025,404.0,308.8
30.575272,-99.782033,35400,401.2,308.7
30.58901,-99.801782,35750,399.0,308.8
30.602463,-99.821131,36100,396.8,308.9
30.616608,-99.84138,36450,394.0,308.8
30.631,-99.862097,36775,391.8,308.9
30.645152,-99.882422,37100,390.4,308.9
30.660461,-99.90439,37400,389.0,308.8
30.675705,-99.926471,37700,387.2,308.5
30.689667,-99.946774,37975,385.8,308.5
30.693194,-99.951855,38000,387.2,308.5
30.698868,-99.96013,38000,387.8,308.6
30.720753,-99.991901,38000,388.6,308.5
30.743098,-100.02442,38000,390.0,308.5
30.765629,-100.056995,38000,390.6,308.7
30.787881,-100.089294,38000,390.6,308.7
30.810319,-100.121979,38000,391.4,308.6
30.832851,-100.154718,38000,392.2,308.5
30.85524,-100.187342,38000,392.2,308.5
30.877487,-100.219655,38000,392.6,308.8
30.899826,-100.251967,38000,392.8,308.6
30.921998,-100.284302,38000,392.9,308.4
30.939828,-100.310394,37975,392.9,308.4
30.943552,-100.315778,37925,393.6,308.5
30.960709,-100.340935,37650,393.7,308.3
30.979164,-100.368073,37400,397.3,308.2
30.997785,-100.395428,37150,400.7,308.4
31.016464,-100.422686,36900,398.6,308.5
31.035187,-100.449991,36650,395.0,308.5
31.053182,-100.476343,36375,394.3,308.4
31.071338,-100.50293,36125,394.5,308.2
31.083069,-100.520217,35975,395.1,308.3
31.08609,-100.524741,35975,395.1,308.3
31.108383,-100.55743,35975,395.1,308.3
31.130585,-100.59012,36000,395.3,308.1
31.153244,-100.62351,36025,395.7,308.4
31.175949,-100.656846,36000,395.9,308.2
31.198332,-100.689862,36000,395.9,308.2
31.220535,-100.722495,36000,395.1,308.3
31.242828,-100.7554,36000,393.7,308.3
31.26503,-100.788251,36000,391.7,308.2
31.287369,-100.821318,36000,389.5,308.2
31.30894,-100.853174,36000,388.9,308.1
31.331006,-100.886078,36000,388.3,308.0
31.352699,-100.918268,36000,388.7,308.3
