lat,lon,alt,gs,track,vs
18.13797,-65.489213,75,101.6,36.2,704
18.138565,-65.488876,75,102.9,26.6,768
18.139297,-65.488635,100,103.7,19.1,1088
18.140011,-65.488472,150,101.6,10.2,1856
18.1409,-65.488442,200,99.0,1.2,1984
18.141733,-65.488521,250,96.9,352.3,1792
18.14285,-65.488815,300,95.6,344.2,1536
18.143595,-65.489159,350,94.9,336.4,1344
18.144516,-65.489743,400,94.9,327.5,1024
18.144992,-65.490091,425,95.0,323.1,960
18.145752,-65.490803,450,94.8,315.9,896
18.146481,-65.491709,475,96.5,310.0,768
18.147308,-65.492923,500,100.7,304.5,64
18.148157,-65.494358,500,105.2,302.2,192
18.149368,-65.496393,525,107.4,302.1,64
18.149551,-65.496682,525,113.0,300.9,-192
18.150192,-65.497838,525,117.7,301.8,-128
18.151183,-65.499507,500,121.8,302.2,-192
18.152626,-65.501862,525,126.8,302.4,64
18.154587,-65.505018,500,131.5,303.2,-384
18.158399,-65.511131,475,134.3,301.9,256
18.164963,-65.522461,475,137.4,301.6,-192
18.167895,-65.527169,475,137.0,303.7,128
18.172119,-65.533495,500,134.8,305.3,192
18.178789,-65.543158,500,134.5,304.4,-128
18.182739,-65.549445,475,135.9,303.0,-256
18.187088,-65.556548,475,135.2,301.7,0
18.190566,-65.562761,425,138.4,299.9,0
18.194412,-65.570134,450,134.2,298.5,128
18.197617,-65.576117,475,132.6,299.9,64
18.201324,-65.582935,475,132.9,298.3,-128
18.203979,-65.588379,475,134.2,296.6,192
18.206589,-65.594215,500,132.0,294.6,-64
18.209839,-65.601425,450,135.5,295.8,-256
18.214075,-65.609652,450,134.5,304.4,-320
18.217667,-65.61506,475,132.3,303.0,256
18.221989,-65.622237,425,133.5,302.1,-192
18.225586,-65.628351,450,132.2,300.4,128
18.228195,-65.63306,425,128.1,300.0,-192
18.229298,-65.635121,425,123.2,299.7,-512
18.230322,-65.636819,375,121.8,304.0,-768
18.231628,-65.638504,325,120.0,309.9,-448
18.232929,-65.639915,300,116.0,315.0,-320
18.233688,-65.640613,325,112.8,319.7,128
18.234977,-65.641613,300,108.2,324.4,-128
18.237122,-65.64282,275,102.9,334.7,-960
18.238003,-65.643161,225,102.5,339.4,-1216
18.238953,-65.643409,175,101.4,347.5,-1216
18.240656,-65.64356,125,101.8,352.7,-1024
18.241401,-65.64351,125,98.2,3.5,-832
18.24234,-65.64336,75,96.3,9.6,-896
18.243988,-65.64282,25,91.7,18.4,-640
18.24857,-65.637518,25,96.9,68.2,832
18.248896,-65.636369,75,95.3,74.8,1152
18.24939,-65.634384,150,90.7,76.0,1472
18.249756,-65.632815,225,86.4,76.6,1216
18.250339,-65.630377,325,83.7,75.5,768
18.250991,-65.62748,425,83.0,77.5,832
18.251689,-65.624284,525,85.1,77.1,704
18.252274,-65.621681,550,89.7,75.8,192
18.252823,-65.619523,550,94.4,74.6,128
18.25383,-65.615894,650,95.2,72.9,768
18.254425,-65.61354,725,90.7,76.0,1152
18.254948,-65.61125,825,87.3,76.8,1088
18.255786,-65.607805,900,88.8,75.7,576
18.256577,-65.604159,1000,90.5,76.6,576
18.257508,-65.600214,1050,94.6,76.6,-128
18.25795,-65.598139,1025,99.5,77.2,-256
18.258346,-65.596319,1025,104.3,77.8,-320
18.258812,-65.593822,1000,109.0,78.9,-384
18.261017,-65.583425,1000,112.4,78.2,128
18.261932,-65.579207,1000,110.4,75.8,192
18.263653,-65.572698,975,114.3,74.3,-64
18.265686,-65.565622,1025,110.7,73.2,64
18.268169,-65.557168,1025,113.2,72.5,192
18.269852,-65.551889,1050,111.3,70.6,64
18.272126,-65.544683,1025,112.6,71.9,128
18.273148,-65.541393,1075,108.2,72.2,576
18.2745,-65.537093,1125,103.4,73.1,448
18.275152,-65.534346,1150,102.8,76.5,128
18.276595,-65.527804,1175,105.5,75.2,64
18.277222,-65.525796,1175,106.9,70.9,64
18.278,-65.523736,1175,108.5,67.2,-128
18.27887,-65.521921,1150,110.9,63.2,-128
18.281342,-65.516821,1175,111.8,64.6,0
18.282181,-65.514671,1175,111.8,68.5,0
18.282786,-65.512873,1150,110.4,73.7,0
18.283205,-65.510875,1150,109.4,77.9,-192
18.283722,-65.507747,1150,110.5,80.6,-128
18.283997,-65.505582,1150,110.6,84.3,-256
18.284509,-65.49884,1125,109.3,85.8,-128
18.284729,-65.493867,1050,112.1,87.9,-448
18.284974,-65.487954,1025,113.2,86.5,64
18.285324,-65.484107,1025,112.6,83.9,-256
18.286011,-65.478859,1025,112.1,81.8,-64
18.287064,-65.471845,975,114.4,80.9,-192
18.28786,-65.466081,975,111.9,82.8,64
18.288712,-65.458112,950,111.6,83.8,-320
18.289032,-65.453551,925,114.3,86.0,-64
18.289676,-65.443559,900,112.4,84.9,-256
18.290085,-65.440113,900,112.1,81.8,256
18.2907,-65.436518,900,112.0,79.2,-128
18.292145,-65.429077,950,108.3,78.3,512
18.293167,-65.423684,975,105.7,79.7,0
18.293793,-65.419121,950,107.2,81.4,-192
18.294571,-65.41451,950,109.8,79.5,-64
18.295303,-65.41093,925,109.9,76.8,64
18.296612,-65.405606,950,107.7,74.9,-128
18.299033,-65.395469,925,110.4,75.8,0
18.301392,-65.385279,925,111.1,76.5,0
18.30336,-65.37699,950,108.4,75.6,64
18.304619,-65.372498,975,108.5,73.4,128
18.305876,-65.368403,975,106.9,70.9,128
18.3069,-65.365107,975,107.6,73.2,-192
18.307526,-65.362522,975,107.9,76.6,0
18.308157,-65.359164,950,107.9,79.3,-192
18.309042,-65.353771,950,108.3,81.0,0
18.309631,-65.349181,925,109.8,83.2,-256
18.310364,-65.342315,875,111.6,83.8,-320
18.310997,-65.336492,850,110.9,82.8,-128
18.311234,-65.335105,800,106.5,80.3,-576
18.311691,-65.332947,775,103.1,76.0,-320
18.312698,-65.32917,775,98.2,75.3,320
18.312999,-65.327853,775,93.9,75.8,192
18.313293,-65.326522,775,90.0,77.8,-64
18.313477,-65.325443,775,86.0,81.3,64
18.313557,-65.324557,775,81.6,83.0,-64
18.313843,-65.322108,700,79.1,80.5,-576
18.314072,-65.321029,675,77.9,74.4,-576
18.314529,-65.319655,625,77.5,70.4,-832
18.31517,-65.317742,575,76.0,73.9,-768
18.315559,-65.316018,500,74.7,77.6,-768
18.315857,-65.314309,425,71.9,81.2,-1216
18.315885,-65.313521,400,71.0,88.4,-1408
18.315857,-65.312053,300,73.0,90.0,-1728
18.315857,-65.311857,275,73.0,89.2,-1920
18.310181,-65.300135,150,67.5,140.4,640
18.309554,-65.299688,150,69.1,145.6,576
18.308949,-65.299389,200,69.8,152.7,896
18.308441,-65.299154,225,70.0,158.2,1088
18.307645,-65.298939,225,72.5,164.8,384
18.3069,-65.298839,275,74.5,173.1,832
18.30583,-65.298789,300,76.0,178.5,640
18.304526,-65.298839,325,78.2,184.4,576
18.303502,-65.299039,350,82.6,191.2,448
18.302385,-65.299389,375,84.5,196.5,640
18.301407,-65.299738,400,84.3,202.3,1024
18.300569,-65.300188,450,83.7,207.8,768
18.299698,-65.300822,500,86.3,214.6,832
18.299011,-65.30141,500,89.2,222.3,640
18.298288,-65.302235,525,90.6,226.8,576
18.297636,-65.303084,575,93.6,233.2,640
18.296906,-65.304304,600,96.4,239.4,512
18.296054,-65.30603,625,98.8,242.9,640
18.29461,-65.309076,725,97.5,243.2,1024
18.293839,-65.310876,800,94.9,246.4,896
18.293028,-65.313022,850,98.1,249.7,576
18.292236,-65.315486,925,98.4,252.9,832
18.291817,-65.317366,950,103.2,258.2,384
18.291166,-65.321161,1000,107.7,259.8,704
18.29068,-65.324069,1025,112.5,260.8,0
18.290514,-65.325256,1025,115.4,261.0,-384
18.290268,-65.326669,1000,120.4,261.4,-448
18.289444,-65.332015,1000,125.1,259.4,128
18.28786,-65.340238,1000,128.7,258.3,-64
18.286789,-65.344963,1000,130.0,255.8,0
18.2845,-65.353889,1000,131.7,254.6,128
18.281716,-65.364108,975,134.1,255.8,128
18.280924,-65.367903,1000,132.6,258.7,-64
18.280151,-65.372674,1000,132.7,260.9,320
18.27832,-65.385377,1025,133.4,261.8,-64
18.277359,-65.394156,1000,136.9,263.3,0
18.276627,-65.399993,975,137.6,261.2,-128
18.275208,-65.409263,975,138.2,262.5,64
18.274429,-65.416963,950,138.7,264.2,128
18.274017,-65.422995,925,138.3,266.3,-128
18.273376,-65.433786,925,139.1,267.5,-128
18.27315,-65.441462,900,140.0,268.8,-256
18.273193,-65.446783,875,141.0,271.2,-64
18.273383,-65.4505,900,140.3,273.7,320
18.273755,-65.455944,925,135.3,273.8,128
18.274063,-65.462576,850,140.1,272.5,-448
18.274292,-65.470374,875,137.0,270.8,-64
18.274292,-65.479104,825,139.0,270.0,-256
18.274155,-65.485725,825,138.1,267.9,64
18.273802,-65.492548,850,135.3,266.2,-64
18.273243,-65.49934,825,137.7,264.2,128
18.272507,-65.506815,875,133.5,265.3,256
18.272095,-65.513289,850,134.2,267.0,-128
18.271707,-65.518416,875,133.5,264.8,128
18.270822,-65.528254,900,132.3,266.1,-64
18.270124,-65.540489,875,134.5,265.3,-64
18.269565,-65.546082,875,135.0,263.2,-64
18.269053,-65.549577,875,134.0,260.1,0
18.268204,-65.553949,875,132.0,257.8,64
18.267191,-65.558117,875,132.7,254.7,128
18.26532,-65.564935,925,130.7,253.1,0
18.263947,-65.569104,900,130.3,250.7,-128
18.262536,-65.572948,875,131.9,247.7,-384
18.257584,-65.585142,850,132.6,246.9,-64
18.254576,-65.592574,800,135.7,246.1,-384
18.25209,-65.598384,725,134.7,245.9,-576
18.250946,-65.601082,700,129.8,245.4,-320
18.249115,-65.605202,650,125.2,244.5,-448
18.24733,-65.608831,625,120.8,242.4,-320
18.245544,-65.612049,600,117.3,240.4,-128
18.244055,-65.614596,575,112.7,238.4,-192
18.242844,-65.616893,600,108.3,241.3,448
18.242239,-65.618342,625,104.8,246.4,256
18.241425,-65.620602,600,102.5,249.4,-512
18.240417,-65.623153,550,99.8,245.8,-512
18.238934,-65.626531,475,96.3,246.1,-448
18.23777,-65.629478,425,95.3,249.1,-640
18.23703,-65.631785,375,94.6,252.1,-512
18.23656,-65.633523,350,94.4,254.6,-448
18.236252,-65.63512,350,94.7,259.0,-64
18.236069,-65.636591,325,94.6,263.3,-640
18.235862,-65.639266,300,94.3,265.7,-384
18.235886,-65.640515,275,93.1,271.9,-576
18.236141,-65.641613,250,93.3,274.9,-576
18.236298,-65.642182,250,93.3,287.5,-448
18.236653,-65.642961,225,93.5,296.0,-576
18.237122,-65.643654,200,92.7,304.9,-768
18.240967,-65.645616,75,93.7,309.8,-768
18.241541,-65.645558,50,93.7,309.8,-768
18.24182,-65.645558,50,86.5,6.0,-704
18.243301,-65.645027,0,84.9,12.2,-704
18.249115,-65.636689,0,97.1,69.5,1024
18.249269,-65.63582,50,91.8,78.7,1728
18.249362,-65.635271,100,87.6,83.4,1920
18.249344,-65.634335,150,83.0,91.4,1472
18.249222,-65.633473,200,81.1,99.2,1216
18.248989,-65.632524,225,78.3,104.0,1088
18.248566,-65.631294,275,78.2,111.0,832
18.248108,-65.630264,325,78.7,115.6,960
18.24722,-65.628579,400,80.6,119.7,640
18.24614,-65.626782,450,81.8,122.5,1024
18.245041,-65.625114,525,81.6,126.0,896
18.243589,-65.623186,600,83.2,128.7,640
18.24202,-65.621338,650,85.7,131.7,384
18.239958,-65.618991,750,84.2,133.6,704
18.238541,-65.617561,800,83.4,135.0,832
18.237808,-65.616924,825,83.9,140.8,576
18.235675,-65.615196,900,84.4,143.7,448
18.234232,-65.614247,925,84.9,148.0,576
18.232681,-65.613098,975,87.4,144.3,384
18.231532,-65.612149,975,90.1,139.9,256
18.230275,-65.610901,1000,94.1,136.3,128
18.229019,-65.609518,1000,97.7,131.7,64
18.227509,-65.607507,1000,101.8,128.2,-192
18.225677,-65.605006,975,106.6,126.2,-256
18.222734,-65.600564,925,111.5,124.4,-384
18.219754,-65.596169,925,113.0,126.4,-192
18.217438,-65.593087,900,113.1,128.9,320
18.213656,-65.588379,925,112.0,130.7,64
18.207139,-65.580639,950,109.8,131.7,128
18.203508,-65.576544,950,108.9,133.5,-64
18.196385,-65.568853,950,110.3,133.5,-128
18.189821,-65.561662,975,109.0,132.8,256
18.186051,-65.557431,950,111.7,134.3,-192
18.182785,-65.554119,925,112.5,136.1,-256
18.175157,-65.546444,900,113.9,136.1,-256
18.170425,-65.541639,850,116.7,136.0,-384
18.166825,-65.53796,775,116.0,136.4,-512
18.162914,-65.534085,700,116.0,136.4,-576
18.159576,-65.530652,625,117.4,134.3,-384
18.154907,-65.525689,575,113.8,135.4,-448
18.152573,-65.523473,550,111.9,138.6,-192
18.150857,-65.521921,525,107.2,139.9,-448
18.149135,-65.520499,500,102.6,142.1,-128
18.147629,-65.519425,475,100.1,146.0,-384
18.146347,-65.518702,475,96.7,151.6,64
18.144898,-65.517998,475,92.2,155.7,64
18.143781,-65.517507,475,88.4,158.1,0
18.141873,-65.516723,475,83.6,159.0,0
18.139917,-65.515889,425,80.1,155.7,-320
18.138288,-65.515055,400,79.6,153.1,-768
18.137283,-65.514414,350,79.6,147.3,-896
18.13624,-65.513584,300,79.8,142.1,-896
18.135452,-65.512824,250,80.7,137.0,-640
18.134811,-65.512053,250,79.9,133.5,-512
18.134378,-65.511377,225,77.7,124.5,-576
18.134052,-65.51069,200,76.9,117.9,-576
18.133633,-65.509709,175,75.4,111.8,-384
18.133255,-65.508535,150,75.0,106.3,-640
18.132935,-65.507138,125,75.5,101.5,-384
18.132751,-65.505596,100,75.5,96.8,-704
18.132702,-65.504069,75,76.2,93.8,-384
18.132748,-65.503235,75,74.2,86.1,-320
18.132889,-65.501982,25,73.0,80.5,-576
18.133255,-65.500392,0,73.8,77.5,-576
18.133759,-65.49832,-50,69.4,75.0,-128
18.134285,-65.495976,-25,66.0,76.0,-64
18.134564,-65.494701,-25,50.5,76.2,-64
18.134657,-65.494407,-25,49.2,77.1,-64
18.134983,-65.492935,-50,82.6,258.8,128
18.13489,-65.494259,-25,86.5,264.0,448
18.134995,-65.495959,25,89.0,271.3,704
18.135169,-65.496761,50,90.8,281.4,896
18.135448,-65.497595,50,92.7,288.2,320
18.136505,-65.499621,100,95.7,296.0,512
18.136642,-65.499765,100,97.1,304.5,768
18.138474,-65.502352,200,100.0,306.9,1024
18.140259,-65.504632,300,99.4,310.1,832
18.141966,-65.506717,375,98.5,311.3,832
18.143455,-65.508287,450,99.0,315.0,896
18.145317,-65.510101,500,101.9,317.4,448
18.14653,-65.511185,500,106.4,319.6,256
18.148204,-65.512505,550,108.6,323.2,512
18.150558,-65.514221,650,108.5,325.1,1152
18.152533,-65.515791,700,110.1,320.5,384
18.153837,-65.517115,675,111.3,319.0,64
18.154037,-65.517305,700,116.7,314.6,-256
18.155228,-65.518702,675,121.2,311.3,-512
18.15784,-65.52202,625,125.9,308.9,-256
18.159795,-65.524472,625,130.5,310.6,-128
18.163193,-65.528677,625,130.3,308.5,0
18.167942,-65.535066,625,131.2,307.6,0
18.172411,-65.541344,600,132.0,307.3,-192
18.176647,-65.547278,600,133.2,305.8,-128
18.178757,-65.550409,600,133.1,304.3,128
18.183164,-65.557186,650,129.5,304.3,256
18.189835,-65.56778,625,132.9,303.3,0
18.19455,-65.575136,625,131.7,304.2,0
18.200203,-65.583635,625,131.5,303.2,256
18.205789,-65.592674,650,129.5,304.3,0
18.208649,-65.59706,675,127.9,303.2,128
18.213051,-65.604509,625,132.3,303.0,-384
18.216248,-65.609518,600,133.7,304.6,-192
18.220453,-65.615845,550,135.6,303.6,-128
18.222315,-65.619041,575,133.3,301.2,384
18.224762,-65.623643,625,129.4,299.1,64
18.226225,-65.626681,550,127.0,296.2,-896
18.227097,-65.628891,525,124.2,292.2,-384
18.228241,-65.631834,500,119.2,292.7,-192
18.229202,-65.63409,500,114.2,293.2,64
18.229763,-65.63562,475,109.9,291.9,-128
18.230741,-65.637767,450,106.0,296.3,-448
18.231537,-65.639093,425,102.4,301.8,-768
18.232224,-65.640074,400,101.7,309.0,-768
18.233348,-65.641263,350,100.4,315.8,-640
18.234238,-65.642084,325,99.4,319.9,-640
18.235199,-65.642771,300,98.7,326.1,-640
18.2367,-65.64361,250,98.0,332.6,-960
18.238236,-65.644209,200,97.4,342.7,-768
18.239136,-65.64439,175,96.3,347.4,-640
18.240237,-65.644459,150,94.1,357.0,-768
18.241075,-65.644459,100,92.1,1.9,-960
18.242006,-65.644359,100,91.7,6.9,-640
18.242612,-65.644209,50,92.0,11.9,-960
18.243775,-65.64371,25,91.1,17.2,-576
18.247147,-65.639632,0,80.4,73.4,832
18.24722,-65.639066,25,78.8,82.0,832
18.24722,-65.637967,50,80.0,88.6,384
18.247127,-65.637318,75,79.9,98.6,640
18.246801,-65.636169,75,81.5,104.2,448
18.24646,-65.634973,100,85.4,106.3,256
18.245731,-65.632075,175,88.8,104.3,576
18.244753,-65.62803,250,92.4,105.7,832
18.244288,-65.626681,300,89.9,110.8,1152
18.243822,-65.625483,350,89.9,115.7,1024
18.24317,-65.624384,400,90.2,121.4,896
18.24234,-65.623104,450,90.4,125.1,1088
18.24061,-65.620689,550,92.2,126.6,1024
18.238189,-65.617193,600,96.8,125.3,192
18.235153,-65.612755,650,101.0,125.7,-64
18.233999,-65.611101,625,105.0,126.9,-192
18.231905,-65.608404,625,109.5,129.1,-64
18.229437,-65.605208,600,114.5,129.0,-448
18.228333,-65.603681,550,119.2,127.2,-704
18.22641,-65.600935,525,121.8,125.7,-320
18.223526,-65.596815,500,121.8,125.7,-320
18.220592,-65.592923,500,119.0,127.8,192
18.216356,-65.58743,500,116.5,129.4,0
18.213842,-65.584384,500,115.4,131.8,128
18.211375,-65.581787,500,113.8,134.6,-64
18.206223,-65.576461,475,116.7,136.0,-64
18.202391,-65.572599,500,113.1,135.0,512
18.199923,-65.569852,525,111.1,133.2,64
18.193268,-65.562237,525,113.9,133.9,-128
18.19038,-65.559315,500,114.6,136.4,-64
18.183426,-65.552481,475,115.4,137.5,-256
18.180278,-65.549632,450,115.6,139.6,64
18.176651,-65.54665,475,113.2,141.8,192
18.171526,-65.542276,450,114.3,140.3,-64
18.166592,-65.53791,450,113.4,138.6,-64
18.164337,-65.535664,450,113.9,136.1,-128
18.159888,-65.531142,425,117.4,136.4,-64
18.157561,-65.529033,425,117.8,139.8,0
18.152527,-65.524485,375,114.9,139.2,-256
18.150904,-65.523049,375,110.1,140.5,-128
18.148716,-65.521235,375,106.0,141.5,-64
18.146947,-65.519812,375,102.0,142.6,0
18.144992,-65.518292,375,98.0,143.7,0
18.142044,-65.516004,350,93.0,143.8,-128
18.140442,-65.514848,350,90.1,146.3,192
18.137962,-65.513142,350,85.7,145.9,192
18.136047,-65.511667,300,83.6,143.3,-640
18.135216,-65.510886,275,84.9,136.9,-704
18.134583,-65.510077,225,84.4,130.7,-832
18.134191,-65.509415,225,84.3,123.9,-640
18.133773,-65.50863,200,85.0,116.6,-768
18.133209,-65.507138,150,85.1,113.6,-576
18.132981,-65.506325,125,83.7,104.5,-576
18.132797,-65.50521,100,84.2,99.6,-512
18.132748,-65.504363,75,84.3,94.8,-576
18.132751,-65.503331,75,85.0,91.3,-576
18.132797,-65.502705,50,85.1,86.6,-576
18.13298,-65.501645,50,83.5,79.0,-384
18.133493,-65.499262,-25,79.3,76.1,-768
18.133773,-65.498183,-50,75.2,76.2,-192
18.133987,-65.49726,-50,72.3,75.6,-64
18.134033,-65.497115,-50,68.9,76.6,-64
18.135448,-65.490875,25,93.4,77.0,-64
18.135914,-65.488717,50,97.5,77.0,384
18.136276,-65.487189,100,92.7,76.3,1728
18.136426,-65.486559,150,90.0,75.2,1984
18.136551,-65.486033,200,85.4,73.7,1856
18.136892,-65.484843,250,80.7,72.7,1600
18.137264,-65.483764,350,77.5,70.4,1408
18.137741,-65.48266,350,79.3,67.0,384
18.138062,-65.482178,350,82.9,56.3,256
18.138567,-65.481556,375,83.5,46.9,768
18.139266,-65.481017,400,83.7,40.2,896
18.139778,-65.480674,425,84.3,33.9,960
18.140523,-65.48033,475,84.6,24.4,960
18.141035,-65.480134,475,84.8,19.3,768
18.141632,-65.480009,500,86.5,10.7,576
18.142456,-65.479961,500,88.3,4.6,576
18.143097,-65.480009,525,90.3,355.5,704
18.143921,-65.480202,550,91.0,348.0,1024
18.144805,-65.480477,575,91.4,340.2,960
18.145615,-65.480925,625,93.1,331.8,832
18.146439,-65.481551,625,94.4,323.6,576
18.147125,-65.482178,675,94.9,318.4,768
18.147675,-65.482901,675,95.0,310.7,832
18.148157,-65.483616,725,96.0,305.7,960
18.148636,-65.484442,750,95.9,300.0,896
18.149088,-65.485431,775,95.8,294.7,832
18.150055,-65.488008,825,98.8,291.4,448
18.151462,-65.491807,925,102.0,291.3,768
18.15303,-65.495766,975,106.2,292.7,-64
18.15358,-65.497067,975,111.0,294.5,-128
18.154312,-65.498561,975,112.7,295.2,-192
18.154674,-65.499311,975,117.6,297.9,64
18.156071,-65.501862,975,121.4,300.1,0
18.15933,-65.507453,1000,125.7,301.7,-128
18.161331,-65.511082,1025,126.3,299.4,384
18.166033,-65.51996,1000,128.6,300.4,-256
18.171713,-65.530063,975,133.5,299.6,-64
18.177764,-65.540804,950,134.5,300.4,-192
18.181778,-65.547903,900,135.8,300.5,-128
18.182831,-65.549879,875,137.1,299.7,-256
18.188049,-65.559147,875,136.6,299.4,-192
18.194011,-65.569652,825,134.5,300.4,-128
18.199085,-65.580289,850,131.9,297.5,-128
18.202111,-65.586082,800,134.3,299.4,-320
18.204532,-65.590277,750,135.2,301.7,-320
18.209932,-65.599016,700,137.2,300.7,-512
18.211701,-65.602411,700,137.8,297.7,-192
18.21524,-65.609959,650,138.2,296.2,0
18.218491,-65.616924,625,136.9,295.1,-512
18.220779,-65.622466,625,137.1,293.2,-256
18.222967,-65.62798,575,132.4,291.7,-384
18.224363,-65.631425,550,127.8,292.5,-128
18.224875,-65.632774,550,124.6,292.7,128
18.225527,-65.634322,550,120.4,294.0,64
18.227017,-65.637368,525,114.0,296.6,-192
18.228227,-65.639266,500,105.8,306.5,-384
18.229111,-65.640364,475,102.7,311.5,-384
18.229935,-65.641202,450,101.1,315.4,-576
18.23204,-65.642869,400,99.6,326.5,-576
18.233394,-65.64366,375,98.4,332.1,-512
18.234787,-65.644291,350,97.3,337.6,-512
18.235955,-65.644659,325,95.6,344.2,-704
18.237167,-65.644929,275,94.4,350.2,-704
18.238701,-65.645108,250,93.3,355.1,-768
18.240144,-65.645108,200,92.0,0.6,-704
18.241262,-65.645008,175,91.6,6.3,-640
18.242565,-65.644709,125,90.6,10.8,-832
18.243356,-65.644409,100,90.1,17.4,-768
18.245865,-65.642182,25,84.4,31.4,-512
18.245963,-65.642062,0,77.6,51.8,-384
18.249893,-65.636395,50,105.7,57.4,64
18.250671,-65.634826,50,107.2,59.1,192
18.250854,-65.634335,50,106.8,68.0,704
18.251224,-65.633123,125,102.9,74.2,1600
18.251503,-65.631925,175,98.0,75.8,1728
18.251724,-65.631,250,93.6,76.4,1920
18.251907,-65.630166,300,89.5,76.4,1728
18.252155,-65.628978,375,85.1,77.1,1536
18.25264,-65.626684,475,82.0,77.3,1024
18.253189,-65.623888,575,79.2,79.8,1024
18.253647,-65.620553,650,82.0,80.9,768
18.254059,-65.618444,750,82.6,78.8,960
18.254608,-65.615943,850,81.3,76.5,768
18.255227,-65.613048,950,82.0,77.3,704
18.255844,-65.609959,1050,80.1,77.0,960
18.256484,-65.607106,1125,82.4,79.5,384
18.256668,-65.60579,1125,87.0,81.4,-256
18.25681,-65.604709,1100,91.8,82.5,-512
18.256903,-65.60396,1075,94.9,82.1,-512
18.257172,-65.602308,1075,101.1,81.5,-256
18.257538,-65.599807,1050,105.4,80.7,-384
18.257812,-65.597992,1025,110.3,81.1,-512
18.258207,-65.59522,1000,115.0,82.5,-320
18.259138,-65.586481,950,118.7,83.7,-64
18.259644,-65.582052,975,113.7,83.4,384
18.26001,-65.577589,1025,109.3,85.8,64
18.26033,-65.573616,1000,109.8,83.2,0
18.260953,-65.569752,1000,109.5,80.5,64
18.261745,-65.565158,1025,109.0,78.9,0
18.262527,-65.561649,1000,112.3,76.1,-256
18.263489,-65.558117,1000,111.7,73.3,64
18.265503,-65.551202,1050,108.2,73.9,512
18.266464,-65.548014,1050,106.6,71.4,-64
18.269669,-65.538303,1075,109.7,71.4,-64
18.271133,-65.533447,1100,108.5,73.4,320
18.273848,-65.524109,1125,108.2,73.9,-64
18.274453,-65.521612,1100,111.1,76.5,-320
18.27585,-65.51507,1150,107.0,76.5,-64
18.276874,-65.510975,1125,109.2,74.1,-64
18.278641,-65.504412,1125,111.6,75.5,128
18.279327,-65.501273,1125,111.4,78.1,0
18.279714,-65.49874,1125,110.2,81.7,-64
18.280563,-65.492445,1175,106.5,80.3,256
18.282321,-65.482161,1150,108.7,79.9,-64
18.283905,-65.472091,1175,108.7,79.9,128
18.284881,-65.46693,1175,110.4,78.0,-320
18.285812,-65.462835,1150,111.6,75.5,0
18.287018,-65.458407,1175,110.7,73.2,-64
18.288254,-65.453845,1150,111.8,75.0,-192
18.289676,-65.447854,1125,112.1,76.6,-64
18.291491,-65.439165,1125,113.8,77.3,-192
18.292374,-65.434619,1100,114.0,79.4,-64
18.292969,-65.430647,1100,114.1,81.9,-64
18.294205,-65.421279,1075,114.4,80.9,-64
18.295076,-65.416393,1050,115.1,79.0,-192
18.2961,-65.411499,1025,114.0,76.8,-64
18.298599,-65.400925,1000,113.3,76.2,64
18.299731,-65.396518,975,113.3,74.1,-320
18.3013,-65.390576,950,114.5,75.8,0
18.302711,-65.384483,950,113.8,77.3,192
18.30336,-65.381012,950,110.6,80.1,256
18.304092,-65.375568,975,108.0,82.0,0
18.304899,-65.37025,950,109.5,80.5,0
18.306519,-65.360756,950,111.8,79.7,64
18.307388,-65.355753,950,111.2,81.7,-64
18.30835,-65.349132,975,110.5,80.6,192
18.309631,-65.341579,1000,114.0,79.4,0
18.310485,-65.337441,975,109.7,77.4,-320
18.310867,-65.335693,950,104.9,79.0,0
18.311096,-65.33432,950,100.6,79.7,-192
18.311602,-65.332048,900,96.8,76.2,-640
18.312114,-65.3302,850,94.6,72.1,-576
18.312927,-65.327797,800,90.5,70.0,-512
18.313293,-65.326669,800,86.3,71.8,-256
18.313743,-65.324907,775,83.4,76.1,-192
18.314442,-65.321611,700,83.2,76.8,-640
18.314954,-65.319164,625,79.2,79.8,-704
18.315308,-65.316811,575,75.0,80.8,-576
18.315559,-65.315518,525,70.2,79.3,-896
18.315857,-65.313623,450,67.6,82.3,-1152
18.315978,-65.312322,375,68.4,84.1,-1536
18.309833,-65.298839,175,76.3,124.3,1216
18.308212,-65.296309,275,79.1,124.7,768
18.306388,-65.293746,375,78.6,126.7,768
18.303967,-65.29035,450,82.6,128.1,768
18.302628,-65.288511,550,80.8,126.4,1152
18.301392,-65.286598,625,80.2,123.3,832
18.300011,-65.284207,725,81.6,121.0,832
18.298567,-65.281661,800,83.7,119.3,576
18.298141,-65.280664,825,85.0,115.1,640
18.297869,-65.279863,875,83.5,106.7,1024
18.297776,-65.279064,900,82.4,100.5,1024
18.297729,-65.278315,925,83.0,90.0,640
18.297821,-65.277623,925,83.3,85.2,576
18.297962,-65.277066,950,84.9,75.0,384
18.298233,-65.276495,950,85.8,68.8,256
18.298416,-65.276102,950,87.3,60.5,320
18.29894,-65.275368,950,89.5,50.4,256
18.299469,-65.274876,975,92.1,41.5,256
18.300201,-65.274337,975,94.6,33.3,192
18.300848,-65.27407,975,98.0,24.7,0
18.301529,-65.273846,975,99.6,19.3,128
18.302199,-65.27372,975,103.4,9.5,256
18.303223,-65.27372,1000,106.1,2.2,320
18.304014,-65.27382,1000,108.8,353.1,448
18.304779,-65.273993,1025,110.6,347.5,512
18.30574,-65.274386,1050,112.5,337.5,576
18.306656,-65.274925,1050,114.2,330.1,576
18.307552,-65.275618,1075,115.0,323.1,640
18.308297,-65.276417,1100,115.3,314.6,832
18.308945,-65.27723,1125,114.8,307.6,960
18.309554,-65.278265,1150,114.8,303.3,768
18.310112,-65.279463,1175,116.4,294.4,320
18.310593,-65.280909,1200,117.7,289.4,256
18.311371,-65.283606,1200,122.1,286.6,64
18.312207,-65.286654,1200,126.4,285.1,-64
18.313202,-65.291012,1200,131.0,282.3,0
18.313976,-65.295394,1200,132.0,280.0,64
18.314758,-65.300625,1200,130.3,277.9,192
18.31528,-65.305481,1275,125.6,275.5,768
18.315373,-65.307928,1300,124.0,270.9,448
18.31528,-65.311324,1300,125.1,268.2,64
18.315047,-65.314819,1325,126.4,265.5,0
18.314758,-65.318282,1275,130.5,265.2,-640
18.314438,-65.322402,1225,135.2,266.6,-448
18.314209,-65.328238,1225,135.0,268.7,64
18.313934,-65.337704,1200,134.1,267.9,256
18.313743,-65.339988,1200,132.7,264.0,128
18.313371,-65.342135,1200,130.8,258.1,128
18.312698,-65.344767,1225,130.1,253.9,64
18.311509,-65.348428,1200,131.2,250.9,-192
18.308297,-65.357666,1200,131.0,249.9,0
18.306621,-65.362011,1200,130.0,247.4,0
18.302105,-65.373646,1175,132.2,247.3,-128
18.299377,-65.380669,1150,134.3,248.6,-128
18.296494,-65.388712,1125,133.7,248.0,-64
18.293679,-65.395419,1125,133.5,249.4,0
18.292648,-65.398669,1125,132.9,252.9,320
18.290451,-65.406369,1175,130.4,253.5,0
18.289352,-65.410636,1175,130.0,255.8,128
18.28814,-65.416193,1200,128.9,257.9,128
18.287209,-65.421287,1200,130.1,259.8,-128
18.286469,-65.42638,1175,132.2,262.2,0
18.285233,-65.435846,1200,131.7,260.8,192
18.284229,-65.441562,1175,132.6,258.7,-320
18.282578,-65.449873,1175,132.2,257.3,128
18.279739,-65.462379,1175,133.0,257.9,192
18.277588,-65.472875,1125,134.5,258.9,-256
18.275245,-65.485757,1125,136.3,259.4,-128
18.27388,-65.492837,1125,134.0,257.9,0
18.271381,-65.504583,1100,134.5,258.9,-128
18.269845,-65.512873,1050,137.3,257.4,-384
18.268616,-65.517851,1025,137.8,254.9,-128
18.267052,-65.523959,1025,135.8,256.4,-64
18.266281,-65.527905,1025,136.3,259.4,-128
18.265137,-65.534772,1000,137.6,261.2,-64
18.263855,-65.542962,975,136.1,259.9,-320
18.262985,-65.547327,925,139.5,257.2,-640
18.261093,-65.555819,950,134.6,256.7,448
18.259184,-65.563909,900,137.5,255.3,0
18.255844,-65.576559,875,136.6,255.1,-64
18.253372,-65.586858,825,139.0,254.6,-192
18.252319,-65.590292,825,136.0,251.6,-320
18.251083,-65.593774,775,130.4,249.3,-256
18.249939,-65.596815,750,126.1,248.1,-320
18.249082,-65.598966,725,121.9,246.8,128
18.248477,-65.600414,750,117.9,247.6,320
18.247238,-65.603779,725,113.1,248.2,-128
18.246196,-65.606406,725,108.9,246.7,0
18.245361,-65.608243,725,104.2,244.4,0
18.242844,-65.613797,675,100.2,245.2,-320
18.242111,-65.61555,650,100.8,247.2,-320
18.241058,-65.618493,625,100.0,250.1,-384
18.239502,-65.622956,575,99.7,248.8,-512
18.237808,-65.627125,500,99.9,247.0,-384
18.236115,-65.631589,475,96.6,248.8,-128
18.235291,-65.633992,475,94.9,251.6,64
18.234741,-65.635954,475,96.0,255.5,-256
18.234375,-65.637817,450,97.9,258.8,-256
18.234232,-65.638816,450,98.7,263.0,-192
18.234283,-65.639828,450,98.1,272.3,-256
18.234558,-65.641363,425,98.5,275.8,-320
18.234787,-65.642035,400,97.5,291.0,-384
18.235199,-65.642869,400,97.1,298.9,-512
18.235768,-65.64366,375,96.6,306.2,-576
18.238403,-65.645567,300,90.1,340.6,-640
18.239167,-65.645708,275,88.6,348.9,-640
18.240005,-65.645812,250,88.6,348.9,-640
18.240417,-65.645763,250,86.0,359.3,-704
18.241541,-65.645558,200,85.1,12.9,-896
18.242249,-65.645272,175,84.9,21.4,-1024
18.243073,-65.644782,150,84.6,29.0,-768
18.245865,-65.642133,50,83.2,35.2,-768
18.246185,-65.64179,25,76.5,48.2,-512
18.248384,-65.638616,75,86.3,55.4,1280
18.248757,-65.638017,100,82.4,56.9,1536
18.249269,-65.637068,175,77.8,62.5,1088
18.249573,-65.636199,200,78.2,69.0,768
18.249827,-65.63537,225,77.9,74.4,704
18.249939,-65.634678,250,77.9,81.1,640
18.249967,-65.633673,275,78.0,88.5,576
18.24992,-65.632524,275,78.2,93.7,512
18.249734,-65.631425,325,77.1,99.7,704
18.249435,-65.630068,350,77.4,104.2,704
18.248978,-65.628548,400,79.1,108.4,512
18.248244,-65.626531,400,81.7,111.5,256
18.246801,-65.622936,475,85.2,112.1,640
18.245865,-65.620651,550,86.8,114.5,832
18.2444,-65.617365,650,87.3,113.6,512
18.24331,-65.614946,700,90.8,116.8,512
18.241681,-65.61145,775,91.7,116.6,448
18.240237,-65.608554,800,93.5,118.8,-64
18.239539,-65.607355,800,97.2,120.3,-512
18.238794,-65.606107,775,101.6,122.1,-320
18.236526,-65.602504,750,105.7,124.6,-128
18.233917,-65.598679,775,107.2,126.7,192
18.231998,-65.596219,800,105.8,130.0,256
18.230834,-65.594871,800,106.1,133.5,64
18.229577,-65.593622,800,107.1,139.2,-128
18.228367,-65.592723,800,108.8,144.0,64
18.222794,-65.588673,800,108.4,142.5,128
18.220596,-65.586711,800,107.8,139.5,-192
18.215239,-65.581737,825,107.0,138.4,192
18.212677,-65.579256,825,107.5,135.8,64
18.211329,-65.577692,825,106.3,131.2,-128
18.205902,-65.571115,825,107.2,130.1,0
18.202789,-65.567044,850,106.8,128.2,192
18.198761,-65.561845,850,106.0,128.5,0
18.194663,-65.556668,800,110.8,129.9,-256
18.192102,-65.553273,775,111.8,128.1,-128
18.188004,-65.547278,775,111.0,125.8,-64
18.184662,-65.542313,800,109.2,127.2,128
18.183118,-65.540412,800,109.1,131.3,-64
18.180558,-65.537518,775,110.3,133.5,-384
18.178162,-65.535134,750,113.9,136.8,-256
18.175949,-65.533104,725,115.7,140.3,-256
18.173342,-65.530946,700,116.4,143.0,-128
18.170883,-65.529159,700,116.2,146.6,-64
18.168547,-65.52766,700,117.0,149.7,-64
18.166077,-65.526316,700,116.3,153.4,0
18.161983,-65.524325,650,117.3,155.8,-256
18.15715,-65.52222,625,119.8,157.9,-320
18.153138,-65.520548,600,114.9,158.6,-128
18.150787,-65.519618,575,109.9,158.1,-64
18.147171,-65.518028,550,104.9,157.6,-192
18.14447,-65.517016,525,100.9,160.3,-128
18.142319,-65.516245,525,97.4,160.8,64
18.140895,-65.515742,525,93.0,161.2,192
18.139312,-65.515202,525,88.5,161.6,-320
18.138009,-65.514663,475,88.4,158.1,-640
18.137078,-65.514172,450,87.2,153.4,-512
18.136276,-65.513691,425,86.6,148.7,-512
18.135635,-65.513161,425,86.2,142.1,-576
18.134857,-65.512438,400,86.4,137.8,-704
18.134331,-65.511769,375,85.1,130.2,-640
18.133726,-65.510886,350,85.2,125.9,-640
18.133026,-65.509499,325,84.2,119.9,-512
18.132748,-65.508777,300,81.7,111.5,-640
18.132477,-65.507861,275,80.5,104.4,-640
18.132339,-65.50709,250,80.9,98.5,-640
18.132294,-65.505933,225,79.1,92.2,-640
18.132339,-65.504921,200,79.2,85.7,-704
18.132516,-65.503823,150,78.9,81.2,-832
18.132888,-65.502254,100,74.0,76.7,-640
18.13354,-65.499164,25,71.1,76.2,-256
18.133866,-65.49784,25,69.9,76.8,-128
