lat,lon,alt,gs,track
45.321533,12.061942,225,69.8,52.0
45.321899,12.062727,250,72.2,59.2
45.32222,12.063838,275,76.1,65.1
45.322357,12.064623,300,78.6,75.3
45.322403,12.065473,325,77.4,84.1
45.322403,12.066454,375,76.1,92.3
45.322328,12.067142,400,75.8,98.3
45.322141,12.067946,425,76.2,109.2
45.321862,12.068682,450,78.0,120.8
45.321536,12.069352,475,79.4,126.3
45.320801,12.070312,525,83.5,134.0
45.320068,12.071163,550,86.2,142.1
45.318231,12.07297,600,90.4,144.9
45.316881,12.074109,650,94.5,150.2
45.314758,12.075609,725,94.8,153.7
45.313483,12.076319,750,96.2,159.3
45.310271,12.078061,850,93.1,159.2
45.30835,12.07901,850,96.8,160.1
45.305988,12.080272,900,101.6,159.2
45.30304,12.081691,950,103.1,161.9
45.299652,12.083064,975,106.0,164.1
45.297236,12.083822,1025,107.3,168.2
45.293,12.084961,1100,104.9,169.0
45.290909,12.085353,1125,108.0,172.0
45.2883,12.085615,1150,109.3,175.8
45.286057,12.08568,1150,111.0,180.0
45.283356,12.085549,1175,114.2,183.0
45.281021,12.085157,1175,114.9,187.0
45.278458,12.084569,1225,116.1,190.9
45.276055,12.083688,1225,116.9,194.9
45.273588,12.082482,1250,116.7,198.0
45.271167,12.081143,1275,117.5,202.0
45.269398,12.079937,1275,119.0,204.8
45.267396,12.078396,1275,121.3,209.1
45.265411,12.07659,1275,122.9,213.0
45.263253,12.074377,1250,124.6,215.9
45.261703,12.072601,1250,127.6,221.2
45.258957,12.068874,1250,129.4,224.1
45.257108,12.066003,1225,130.3,228.1
45.255246,12.062787,1225,132.4,231.8
45.253784,12.059719,1200,134.0,235.9
45.252267,12.056222,1175,135.3,239.8
45.250854,12.052264,1175,136.0,243.8
45.249756,12.048667,1175,137.1,246.8
45.247844,12.04182,1125,137.1,246.8
45.247147,12.0401,1125,135.5,238.9
45.245982,12.037599,1125,136.0,234.0
45.244492,12.035188,1100,135.4,228.9
45.24353,12.033822,1100,135.1,222.9
45.241974,12.032057,1100,135.0,216.9
45.240396,12.030632,1075,135.7,212.1
45.238907,12.029506,1075,136.9,206.0
45.236299,12.027886,1050,135.0,202.2
45.233597,12.026563,1050,132.5,198.0
45.229889,12.024863,1050,132.0,195.8
45.227509,12.024078,1075,131.4,191.0
45.224899,12.023555,1075,132.0,187.0
45.220658,12.022995,1075,129.3,184.0
45.218628,12.022901,1075,130.0,180.0
45.214885,12.023062,1075,132.2,177.0
45.210463,12.023464,1075,133.5,174.8
45.207413,12.024013,1100,132.2,172.2
45.203154,12.025005,1050,134.0,170.1
45.194123,12.027417,1050,133.4,169.2
45.190306,12.028623,1050,129.8,166.2
45.183509,12.031101,1050,125.2,165.2
45.180313,12.032318,1050,122.4,162.9
45.174911,12.034803,1050,123.7,161.1
45.169739,12.037419,1075,123.1,159.1
45.164062,12.040231,1075,125.9,161.0
45.154088,12.045035,1075,124.3,160.2
45.147477,12.048318,1075,126.8,161.1
45.139238,12.052136,1050,125.6,160.0
45.134164,12.054548,1050,127.1,162.1
45.126157,12.058299,1050,124.9,160.8
45.115402,12.063511,1050,125.9,161.0
45.104324,12.068682,1075,129.3,162.0
45.098924,12.071295,1075,128.8,160.0
45.091965,12.074694,1050,124.6,161.3
45.08142,12.07987,1050,120.5,161.1
45.07132,12.084699,1050,120.2,160.1
45.063858,12.088361,1050,121.8,160.8
45.058182,12.091108,1050,120.0,159.0
45.053675,12.093402,1075,121.4,161.3
45.047856,12.096014,1075,123.4,163.0
45.042642,12.098359,1075,122.7,161.0
45.037445,12.100656,1075,125.6,162.9
45.031888,12.103115,1050,122.7,161.0
45.021332,12.107849,1050,122.1,161.9
45.011033,12.112293,1050,124.9,160.8
45.006088,12.114585,1075,126.5,163.0
44.995102,12.119424,1075,127.1,162.1
44.984219,12.124485,1050,126.8,161.1
44.979051,12.127098,1050,123.1,159.1
44.968763,12.132323,1050,122.4,159.9
44.95816,12.137473,1075,122.4,159.9
44.94722,12.142574,1075,124.9,160.8
44.938551,12.146793,1050,120.5,161.1
44.930099,12.150683,1075,121.8,160.8
44.920116,12.155501,1050,121.5,159.8
44.916458,12.157418,1075,120.9,159.2
44.907578,12.162258,1075,124.1,159.2
44.902725,12.164808,1075,128.8,160.0
44.895309,12.168536,1050,125.6,160.0
44.891464,12.170497,1050,125.6,160.0
44.888397,12.172198,1050,119.8,157.9
44.8805,12.176603,1050,115.3,158.1
44.874262,12.180488,1050,115.8,153.9
44.86579,12.186049,1050,115.0,154.8
44.861206,12.189004,1025,116.7,153.0
44.856293,12.193015,950,120.4,147.9
44.85336,12.195762,975,119.9,144.9
44.849962,12.199112,975,117.8,142.9
44.846375,12.203129,875,120.9,141.0
44.84436,12.205222,850,122.4,144.0
44.839691,12.209734,800,123.1,145.9
44.836304,12.213135,775,122.1,145.0
44.806824,12.272709,675,93.0,121.8
44.806808,12.273604,675,93.0,90.0
44.806669,12.275681,725,91.2,93.8
44.806436,12.277758,750,90.5,95.7
44.806274,12.278268,775,84.1,108.0
44.805817,12.279772,825,80.2,112.7
44.805267,12.280949,875,75.2,125.8
44.80481,12.281669,900,75.2,125.8
44.804214,12.282453,925,75.0,135.0
44.803689,12.28305,900,78.8,144.3
44.802898,12.283653,900,80.8,148.7
44.801781,12.283988,875,86.7,163.2
44.801268,12.284055,875,90.5,174.3
44.799454,12.283761,875,95.2,189.1
44.798584,12.283369,875,97.8,196.0
44.797256,12.282453,875,99.0,203.2
44.796148,12.281241,900,101.5,219.8
44.79451,12.278791,875,106.3,228.8
44.793823,12.277352,875,109.9,235.0
44.792725,12.274606,875,109.9,238.8
44.792005,12.272331,900,111.4,243.9
44.791626,12.270486,875,113.9,253.2
44.79112,12.266503,900,115.1,262.0
44.790802,12.261265,950,113.6,263.9
44.789537,12.250962,1000,113.9,262.9
44.789429,12.249037,1000,114.4,265.0
44.788746,12.242052,1100,114.4,265.0
44.788699,12.241784,1100,114.4,265.0
44.796427,12.218137,1100,120.9,314.0
44.797485,12.212939,1125,120.9,314.0
44.796381,12.206949,1100,116.7,244.1
44.79517,12.204404,1050,118.6,233.2
44.793823,12.202475,975,123.0,225.0
44.790189,12.199179,900,123.0,225.0
44.790188,12.199179,900,123.0,234.0
44.794006,12.252837,900,95.0,59.7
44.795059,12.255838,925,94.8,63.7
44.795517,12.257407,950,93.6,66.7
44.796936,12.2629,975,93.1,69.2
44.797498,12.265498,975,92.1,72.9
44.798987,12.272666,1025,92.1,72.9
44.800896,12.281375,1075,92.7,71.8
44.802572,12.288677,1125,92.0,71.0
44.804901,12.298606,1150,96.1,71.2
44.80732,12.309377,1150,100.9,72.1
44.808624,12.315741,1150,102.5,73.0
44.811127,12.327837,1150,106.3,71.9
44.814148,12.341047,1150,107.8,71.1
44.81691,12.352585,1150,106.9,70.9
44.820122,12.365447,1150,107.8,71.1
44.822571,12.376164,1150,106.3,71.9
44.823614,12.381123,1150,107.0,74.3
44.825429,12.390568,1150,107.3,73.8
44.827617,12.400751,1150,107.6,73.2
44.829945,12.411536,1150,108.8,72.9
44.83287,12.424622,1150,109.4,71.9
44.835764,12.437662,1150,108.2,72.2
44.83873,12.450714,1150,108.2,72.2
44.840093,12.455616,1150,108.3,68.9
44.841862,12.459099,1150,109.7,61.1
44.842421,12.459903,1150,109.7,61.1
44.84317,12.461046,1150,110.3,45.0
44.845679,12.464257,1150,110.5,42.1
44.847774,12.466669,1150,111.7,38.8
44.853928,12.473341,1150,111.8,38.1
44.85769,12.477253,1150,112.4,36.0
44.866287,12.485897,1150,113.8,36.1
44.870166,12.489713,1150,114.5,34.0
44.872238,12.491586,1150,115.4,31.9
44.876312,12.494921,1150,116.8,28.1
44.885513,12.501918,1150,114.1,27.7
44.891785,12.506757,1150,113.3,29.0
44.895583,12.509609,1150,113.6,27.2
44.899726,12.51249,1150,112.7,25.2
44.903641,12.514997,1150,112.9,22.9
44.906204,12.516371,1150,114.2,18.9
44.910713,12.518519,1150,115.1,17.2
44.918564,12.521929,1150,114.6,16.2
44.921585,12.523106,1150,113.5,14.3
44.923462,12.523629,1125,113.8,10.1
44.926075,12.524079,1125,113.6,6.1
44.928497,12.524349,1150,113.2,3.0
44.933533,12.52461,1150,114.0,1.0
44.942001,12.524872,1150,115.0,0.0
44.94423,12.524682,1150,116.3,356.0
44.946716,12.524414,1150,115.6,354.0
44.949875,12.523826,1150,115.1,352.0
44.955139,12.522648,1150,114.8,350.0
44.965622,12.520098,1150,116.1,349.1
44.969974,12.518921,1150,116.5,348.1
44.971417,12.518318,1150,118.0,343.2
44.97377,12.517155,1150,117.7,339.1
44.97691,12.515303,1150,117.3,335.8
44.983055,12.511418,1150,118.1,335.0
44.98515,12.50981,1150,117.7,331.0
44.988235,12.507215,1150,117.7,328.2
44.990131,12.505389,1150,118.8,323.9
44.991667,12.50358,1150,118.3,318.8
44.994141,12.500349,1150,118.1,316.0
44.997952,12.494939,1150,119.5,314.0
45.005035,12.484785,1150,116.7,314.0
45.00975,12.478245,1150,114.6,315.0
45.017364,12.468009,1150,116.0,315.0
45.024952,12.457491,1150,117.4,315.0
45.031981,12.447912,1150,114.6,315.0
45.033325,12.44581,1150,114.1,311.1
45.034681,12.443289,1150,115.0,306.9
45.037195,12.438399,1150,116.3,305.2
45.041519,12.429461,1150,116.8,303.8
45.047297,12.417632,1150,114.5,304.0
45.052185,12.407718,1125,118.2,304.0
45.057399,12.396999,1075,122.9,303.0
45.062101,12.387152,1050,121.8,304.0
45.065186,12.381069,1025,122.4,306.0
45.069397,12.37309,975,123.8,306.1
45.073792,12.364851,950,122.6,307.7
45.075897,12.36145,950,121.9,311.0
45.079651,12.355801,950,120.3,313.0
45.083038,12.351118,950,118.8,315.0
45.085144,12.348437,950,118.3,318.8
45.087708,12.345494,950,118.2,321.9
45.090079,12.343073,950,117.4,324.0
45.093018,12.340262,950,115.9,325.9
45.09613,12.337581,950,115.8,328.8
45.09819,12.336012,950,115.4,332.1
45.099564,12.335227,950,114.6,339.0
45.101212,12.334638,950,112.8,345.1
45.103638,12.333919,950,113.2,348.8
45.106837,12.333292,950,113.1,351.9
45.112005,12.332488,950,112.6,353.9
45.122107,12.331081,950,111.6,353.8
45.131929,12.329809,950,110.7,353.8
45.140867,12.328603,950,110.5,354.8
45.150969,12.327732,950,109.3,355.8
45.160931,12.326928,950,110.3,355.8
45.168007,12.326124,950,110.5,354.8
45.178249,12.324918,950,111.5,354.9
45.188211,12.323646,950,109.6,354.2
45.197056,12.32244,950,108.8,353.1
45.206459,12.3211,950,108.6,354.2
45.216282,12.319827,950,108.6,354.2
45.226104,12.318688,950,109.5,354.8
45.235973,12.317617,950,109.5,354.8
45.246002,12.316393,950,109.5,354.8
45.255991,12.315339,950,109.5,354.8
45.265045,12.314431,950,110.3,355.8
45.269714,12.31417,950,110.1,357.9
45.2742,12.31417,950,110.0,0.0
45.278641,12.314301,950,109.1,2.1
45.2845,12.314758,950,109.2,3.2
45.288116,12.315216,950,108.6,5.8
45.297003,12.316813,950,108.8,6.9
45.303381,12.318152,950,109.0,7.9
45.310043,12.319728,950,109.3,8.9
45.312691,12.320497,950,109.4,12.1
45.315205,12.321368,950,108.2,16.1
45.317672,12.322574,950,107.8,18.9
45.32135,12.32465,950,107.0,20.8
45.325493,12.327196,950,105.3,22.9
45.329916,12.330144,950,104.7,24.9
45.337006,12.335031,950,104.7,26.1
45.34552,12.341178,950,105.5,27.0
45.354076,12.347494,950,104.7,27.3
45.360966,12.352518,950,104.2,26.8
45.361804,12.353255,950,104.6,31.7
45.362735,12.35426,950,104.0,35.2
45.363247,12.354997,950,104.0,43.0
45.36497,12.357609,950,102.6,47.0
45.366852,12.360796,950,102.8,49.3
45.36902,12.36471,950,102.6,52.1
45.371394,12.369266,950,103.0,53.7
45.373123,12.37296,950,102.3,56.2
45.374792,12.376769,950,102.7,58.9
45.378433,12.385385,950,102.4,58.2
45.380905,12.390812,950,102.3,56.2
45.386078,12.401995,950,101.2,57.1
45.389968,12.410598,950,101.2,57.1
45.392487,12.416055,950,101.5,55.8
45.397649,12.426743,950,102.7,54.9
45.400256,12.43237,950,102.6,56.9
45.402351,12.43726,950,103.6,59.2
45.405899,12.445548,950,103.8,58.0
45.408188,12.450649,950,105.1,55.9
45.412546,12.459903,950,104.8,57.1
45.417801,12.471706,950,105.2,57.8
45.422601,12.48288,950,104.8,57.1
45.426,12.490249,950,105.1,55.9
45.42856,12.495474,950,105.2,53.9
45.433029,12.504451,950,104.9,55.1
45.435425,12.509635,950,104.8,57.1
45.438629,12.51709,950,103.8,58.0
45.443298,12.527945,950,106.2,56.9
45.446064,12.533793,950,105.1,55.9
45.449158,12.540109,950,106.0,54.2
45.453964,12.549918,950,106.3,55.0
45.457535,12.557635,950,106.0,56.2
45.462799,12.569275,950,105.1,55.9
45.468176,12.580752,950,106.3,55.0
45.473602,12.591902,950,106.3,55.0
45.478271,12.601253,950,106.6,53.8
45.480559,12.606008,950,106.0,56.2
45.485001,12.615378,950,106.3,55.0
45.490288,12.626239,950,104.9,55.1
45.493927,12.63395,950,105.1,55.9
45.496536,12.639771,950,105.2,57.8
45.501554,12.651494,950,105.2,57.8
45.504868,12.658931,950,105.8,59.3
45.507047,12.664624,950,105.2,61.0
45.509235,12.67072,950,104.7,62.7
45.512261,12.679094,950,105.1,62.2
45.515579,12.688032,950,104.7,62.7
45.518313,12.696109,950,104.7,63.9
45.521478,12.70522,950,104.2,63.2
45.52469,12.714062,950,104.7,62.7
45.526291,12.718571,950,104.7,62.7
45.529312,12.727203,950,104.7,63.9
45.532516,12.73662,950,104.7,63.9
45.533954,12.740724,950,104.2,62.0
45.535816,12.745815,950,104.2,62.0
45.53847,12.753117,950,104.2,62.0
45.539978,12.757416,950,104.2,63.2
45.543963,12.769195,950,104.7,63.9
45.547222,12.77861,950,104.7,62.7
45.548264,12.781722,950,104.7,62.7
45.551468,12.7911,950,104.7,63.9
45.554672,12.800747,950,100.0,65.0
45.556439,12.805252,900,101.1,62.9
45.557739,12.807379,850,100.3,51.1
45.563644,12.81113,725,100.3,51.1
45.570511,12.812604,675,100.0,9.0
45.576595,12.813423,650,95.3,4.8
45.581298,12.813698,575,95.3,4.8
45.586838,12.813423,525,98.0,358.2
45.593494,12.813354,475,95.0,358.8
45.597702,12.813408,425,97.0,0.0
45.605026,12.812604,375,100.6,353.7
45.60732,12.812325,350,100.6,353.7
45.611835,12.812393,350,97.0,1.2
45.617706,12.812136,475,90.0,352.0
45.622055,12.807982,550,90.0,352.0
45.622192,12.807781,550,88.5,317.3
45.623707,12.805458,575,90.0,311.0
45.625057,12.803055,600,91.2,307.9
45.6259,12.801551,575,96.2,307.8
45.627571,12.798317,600,97.7,305.0
45.628781,12.795502,650,95.3,298.2
45.629013,12.793981,675,91.5,285.9
45.62883,12.791569,750,91.5,285.9
45.628464,12.790096,750,84.7,247.1
45.627457,12.788086,750,85.0,233.1
45.626816,12.787081,775,84.9,226.9
45.624252,12.785205,850,83.6,221.1
45.623291,12.785004,875,74.3,190.9
45.622238,12.785205,875,71.9,171.2
45.622147,12.785205,875,71.9,171.2
45.619629,12.788086,800,71.6,131.0
45.618121,12.79248,700,71.6,131.0
45.617888,12.793236,675,58.3,112.2
45.617157,12.796527,525,60.1,108.4
45.61702,12.797264,500,56.0,105.5
45.616165,12.800514,400,53.9,111.8
45.616165,12.800652,400,53.9,111.8
45.61491,12.80484,175,50.0,112.0
45.614025,12.807793,175,50.0,112.0
45.607361,12.822786,350,84.5,154.0
45.604294,12.82426,425,84.5,154.0
45.59848,12.825198,525,92.0,168.1
45.594681,12.825333,575,100.0,178.9
45.592438,12.825333,575,100.0,178.9
45.589828,12.824997,575,100.0,185.0
45.587582,12.824341,675,90.0,192.0
45.583719,12.82283,725,90.0,192.0
45.581996,12.822075,750,98.4,197.1
45.579901,12.821045,750,99.0,198.2
45.575729,12.818432,750,100.0,208.0
45.572639,12.81514,825,100.0,224.0
45.568451,12.806977,875,100.0,227.0
45.566355,12.802231,925,100.0,239.0
45.564697,12.798804,975,100.0,239.0
45.561187,12.791725,975,107.2,233.3
45.56012,12.789895,975,108.1,231.0
45.556672,12.784721,1050,104.7,225.8
45.554123,12.780717,1050,105.5,227.7
45.552338,12.777636,1075,107.9,230.3
45.550853,12.774834,1100,108.8,234.0
45.549689,12.772362,1075,112.1,237.0
45.547641,12.767281,1025,120.0,241.1
45.546341,12.764171,1000,120.2,238.9
45.544601,12.760489,1000,120.4,236.2
45.543823,12.759146,1000,120.4,232.1
45.541306,12.755258,975,121.6,225.0
45.53833,12.750876,975,120.9,226.0
45.535812,12.746756,950,121.9,229.0
45.532464,12.740255,975,119.5,235.9
45.529718,12.734092,950,119.5,235.9
45.526154,12.725503,950,120.2,238.9
45.521013,12.713325,950,118.9,239.1
45.516218,12.700463,950,118.7,240.2
45.513797,12.694233,975,117.6,242.1
45.511423,12.687266,975,116.7,244.1
45.508942,12.680381,1000,115.8,242.8
45.507094,12.675744,1000,114.2,240.1
45.503835,12.667839,1000,116.6,239.0
45.501709,12.662005,1000,116.8,241.9
45.499741,12.656577,1000,116.7,243.0
45.49783,12.651628,1025,115.6,239.9
45.495758,12.646048,1000,116.8,241.9
45.494156,12.641275,1000,118.1,243.9
45.492966,12.637286,1025,117.4,246.9
45.49173,12.632708,1025,116.1,249.9
45.490173,12.626038,1050,115.7,251.9
45.488985,12.62108,1075,113.9,250.0
45.487747,12.616752,1100,114.2,246.8
45.485825,12.610212,1050,118.3,247.1
45.485001,12.606877,1050,120.5,251.1
45.482979,12.597366,1100,119.9,252.0
45.482002,12.593615,1125,115.9,248.8
45.479907,12.586514,1125,117.4,246.9
45.476898,12.577122,1175,116.0,246.1
45.474335,12.568686,1225,117.4,246.9
45.472916,12.563128,1200,117.7,249.1
45.472549,12.561297,1200,120.2,253.1
45.470444,12.550964,1150,123.8,254.1
45.46788,12.53867,1175,122.3,254.8
45.466736,12.531477,1175,123.2,256.9
45.46582,12.526441,1125,125.2,255.2
45.464813,12.521602,1100,126.2,252.0
45.463707,12.517045,1100,126.5,250.1
45.462403,12.512423,1075,127.6,248.9
45.461146,12.508403,1050,127.0,244.9
45.45961,12.503915,1025,127.9,242.0
45.457809,12.499433,1000,127.3,239.8
45.454862,12.491991,1000,125.8,241.0
45.453278,12.487466,1000,124.3,244.3
45.451813,12.482561,950,128.2,247.0
45.448883,12.472752,875,131.6,245.8
45.445679,12.462289,825,133.5,247.1
45.44192,12.44972,775,131.3,247.1
45.439819,12.442278,675,135.8,247.0
45.43808,12.436066,725,131.7,249.1
45.437358,12.433375,750,128.3,248.0
45.435608,12.427172,775,123.4,250.1
45.434472,12.422121,825,120.8,252.2
45.433365,12.417559,850,119.3,249.9
45.432358,12.414158,875,116.0,246.1
45.430562,12.408857,925,114.5,244.1
45.428187,12.40189,975,113.1,243.2
45.426682,12.397875,1000,111.9,241.1
45.425674,12.395652,1025,109.9,235.0
45.424137,12.392779,1050,110.4,232.0
45.422555,12.3901,1050,111.3,229.0
45.420776,12.387347,1050,112.5,226.1
45.419266,12.385319,1050,113.9,223.2
45.417023,12.382442,1050,115.5,221.1
45.414505,12.37963,1050,116.8,218.1
45.407146,12.37161,1050,117.8,217.1
45.402283,12.36642,1025,121.0,215.9
45.398712,12.362954,1000,123.1,214.1
45.394763,12.359284,975,124.0,212.1
45.386948,12.352491,950,126.1,211.0
45.380611,12.347025,900,128.3,211.0
45.377352,12.344278,875,128.0,209.0
45.369858,12.338584,875,126.6,207.8
45.360547,12.331684,875,125.7,207.0
45.357195,12.329407,875,124.9,204.1
45.348724,12.324044,850,122.8,203.0
45.340157,12.319023,875,123.9,201.8
45.329404,12.312659,875,123.9,201.8
45.319069,12.30663,875,122.9,202.0
45.30954,12.301025,875,122.2,201.1
45.300888,12.296513,875,120.2,199.9
45.290346,12.291089,875,120.2,199.9
45.280384,12.285997,875,119.5,199.0
45.270081,12.280818,875,119.5,199.0
45.264862,12.278268,875,119.9,198.0
45.263718,12.277892,875,118.7,192.2
45.261658,12.277483,875,117.8,186.8
45.259156,12.277222,875,117.2,182.9
45.256596,12.277155,875,117.0,179.0
45.251149,12.277423,875,118.2,177.1
45.240326,12.278203,875,117.2,177.1
45.229431,12.278987,875,118.3,176.1
45.225639,12.279231,875,117.1,178.0
45.224102,12.279164,875,117.3,183.9
45.223032,12.278829,850,118.3,191.2
45.221878,12.278268,850,118.6,199.2
45.220688,12.277418,850,119.0,207.0
45.219177,12.276175,850,118.9,210.9
45.217392,12.274344,875,119.3,214.8
45.216751,12.273494,875,120.5,221.0
45.215816,12.271929,850,121.1,228.0
45.215211,12.270523,850,121.5,237.1
45.213163,12.265565,875,121.4,239.9
45.211853,12.26205,875,121.2,243.0
45.211161,12.259469,875,122.8,247.0
45.210882,12.257929,875,123.8,254.1
45.210695,12.255986,850,125.6,260.8
45.210571,12.253156,850,126.3,265.9
45.210602,12.251699,850,126.0,270.9
45.210846,12.24956,850,127.3,278.1
45.211166,12.248252,850,128.3,284.9
45.211487,12.247009,850,128.3,292.0
45.212311,12.244917,850,129.3,298.1
45.213582,12.241918,875,128.5,302.0
45.217026,12.23478,875,129.0,303.9
45.22316,12.221898,875,130.1,303.1
45.228424,12.210323,875,130.7,301.9
45.234879,12.195871,875,130.7,301.9
45.240967,12.181811,875,130.5,300.9
45.247006,12.167559,875,130.4,299.9
45.253052,12.152775,875,131.6,299.1
45.258132,12.139692,850,127.9,298.0
45.260972,12.132189,850,123.4,297.0
45.26445,12.122825,800,121.2,298.0
45.265441,12.120466,800,121.5,302.9
45.266418,12.118724,775,121.4,307.0
45.26738,12.117266,775,119.5,314.0
45.268387,12.116089,750,118.6,320.1
45.271167,12.113164,700,120.6,322.8
45.273376,12.110661,650,123.3,319.0
45.278732,12.104252,600,121.1,318.0
45.280151,12.102225,575,120.3,313.0
45.282945,12.098024,575,117.4,315.0
45.284434,12.096282,575,113.7,320.7
45.287109,12.093331,600,109.9,319.1
45.288116,12.091958,625,106.8,313.9
45.289627,12.089473,650,104.4,310.0
45.290222,12.088361,675,103.7,304.0
45.290672,12.087038,700,101.6,295.0
45.290909,12.085942,725,99.3,287.0
45.291092,12.084699,750,98.2,278.8
45.291138,12.08313,750,98.0,271.8
45.291046,12.081299,750,99.4,264.8
45.290863,12.079729,750,100.5,260.3
45.290672,12.078865,750,101.0,253.9
45.290268,12.077571,775,98.5,246.0
45.290067,12.076989,800,95.8,241.3
45.289673,12.076394,825,92.7,235.1
45.289307,12.075871,825,87.7,223.1
45.288903,12.075448,850,85.0,216.9
45.288528,12.075152,875,82.0,210.0
45.288205,12.074979,875,80.2,202.7
45.287786,12.074912,875,75.8,188.3
45.287227,12.074845,900,75.8,188.3
45.286948,12.074912,900,73.4,173.8
45.286377,12.075152,875,72.7,161.6
45.285736,12.075544,875,72.9,154.8
45.285324,12.076002,875,73.6,148.9
45.284993,12.07652,875,73.7,138.3
45.284667,12.077123,850,73.6,132.8
45.284388,12.078061,850,74.4,126.2
45.284295,12.078865,850,75.4,104.6
45.284271,12.079533,825,76.2,93.8
45.284295,12.080674,825,79.2,86.4
45.284853,12.082951,800,82.6,68.7
45.285095,12.083588,800,83.4,59.7
45.286011,12.085026,850,82.7,55.3
45.286715,12.085698,850,80.0,36.9
45.287018,12.085876,875,80.5,28.2
45.287888,12.086334,875,81.0,20.2
45.288577,12.086502,875,84.3,10.2
45.289627,12.086596,850,87.1,3.3
45.290497,12.086465,850,91.2,356.2
45.291277,12.086234,825,94.7,349.0
45.292053,12.085942,825,96.8,343.8
45.293564,12.085092,825,100.1,338.3
45.29425,12.084634,825,101.4,329.1
45.295029,12.083784,825,102.7,324.9
45.295578,12.083064,825,104.0,317.0
45.296219,12.082018,825,105.3,308.8
45.296722,12.080841,825,106.3,301.1
45.297134,12.079533,825,107.4,294.2
45.297455,12.07816,825,108.8,287.1
45.297684,12.07646,800,110.0,281.0
45.297729,12.075021,800,111.3,274.1
45.297729,12.073844,800,111.1,267.9
45.297546,12.072405,800,111.6,260.2
45.297134,12.07077,800,110.4,252.1
45.296677,12.069528,825,107.8,243.0
45.296127,12.068416,825,105.4,234.6
45.295578,12.067631,850,103.2,225.0
45.294983,12.066977,850,100.4,215.3
45.294342,12.06652,850,100.4,215.3
45.293976,12.066323,850,97.7,202.9
45.293233,12.06607,850,93.7,191.1
45.292786,12.066062,850,92.3,185.0
45.292282,12.066127,850,91.1,178.1
45.291824,12.066258,850,89.1,171.0
45.291277,12.066539,850,88.1,164.9
45.290719,12.067008,875,85.9,152.2
45.290405,12.06737,875,85.4,145.0
45.289993,12.068024,875,83.5,133.1
45.289601,12.068816,875,82.6,128.1
45.289215,12.069855,850,82.0,120.0
45.289089,12.070357,850,81.3,110.9
45.288903,12.071362,850,81.8,102.0
45.288857,12.072233,850,81.6,97.0
45.288895,12.072994,850,82.3,85.1
45.289089,12.074176,850,83.2,74.0
45.289261,12.074694,850,83.2,74.0
45.289927,12.076051,825,85.4,51.7
45.290393,12.076654,825,86.5,41.2
45.291091,12.077257,825,86.5,41.2
45.291641,12.077637,825,89.6,23.7
45.293093,12.078128,800,96.5,10.1
45.29435,12.078329,775,101.2,4.0
45.295761,12.078291,775,102.0,358.9
45.296631,12.078195,775,103.8,352.8
45.297867,12.077768,750,104.8,346.8
45.29989,12.076989,725,108.2,342.2
45.305923,12.074302,675,108.8,341.2
45.309494,12.072536,675,108.3,338.9
45.311621,12.071228,675,108.3,334.9
45.313203,12.070089,650,108.8,330.8
45.314786,12.068682,650,110.9,326.0
45.316974,12.066472,600,112.8,322.9
45.318649,12.064427,600,112.7,319.0
45.319839,12.062792,600,112.5,313.2
45.320652,12.061314,625,111.0,305.8
45.321164,12.060041,650,111.0,299.1
45.321487,12.058803,650,109.4,289.8
45.321671,12.057691,650,108.7,284.9
45.321762,12.05658,675,108.4,274.8
45.321629,12.055016,675,108.4,265.2
45.32135,12.053677,675,108.7,255.1
45.321071,12.052605,650,109.2,245.1
45.320572,12.051479,650,111.2,236.7
45.319674,12.049992,625,112.7,229.0
45.319016,12.049125,600,113.2,222.9
45.31581,12.044901,575,116.0,225.0
45.313889,12.042258,575,115.5,221.1
45.313202,12.041604,575,110.7,214.7
45.312784,12.041284,600,106.2,209.9
45.312332,12.041016,625,101.6,203.8
45.311829,12.040754,650,97.7,197.9
45.311434,12.040681,675,92.8,191.2
45.311005,12.040689,675,87.1,183.3
45.310643,12.040815,700,82.5,173.7
45.310038,12.04115,725,73.4,155.9
45.309586,12.041735,750,73.4,155.9
45.309526,12.041953,750,67.2,135.6
45.309357,12.042454,775,62.2,113.7
45.309494,12.044024,775,54.4,69.6
45.309677,12.044351,775,54.4,69.6
45.309852,12.044633,750,54.0,51.0
45.310317,12.045169,725,53.9,40.5
45.311325,12.046378,625,58.1,42.2
45.312133,12.047447,600,53.8,42.0
45.313065,12.048601,500,49.6,41.7
45.31339,12.049121,475,47.4,47.6
45.313622,12.04959,425,45.8,53.9
45.314072,12.050498,350,48.3,56.0
45.314529,12.051413,250,48.6,53.4
45.315345,12.052672,150,48.6,53.4
45.315582,12.052983,125,48.6,53.4
45.322083,12.060896,225,69.1,14.2
45.322723,12.061026,250,69.1,14.2
45.323073,12.061046,250,73.1,3.1
45.323817,12.060912,275,79.2,349.8
45.324516,12.060577,300,81.5,345.8
45.325121,12.060242,300,87.5,337.8
45.325726,12.059773,325,92.1,327.9
45.326378,12.058969,350,92.8,322.9
45.32689,12.058232,375,96.2,313.3
45.327402,12.05716,400,98.0,306.3
45.327805,12.056122,425,99.4,298.9
45.328125,12.054945,450,100.0,289.9
45.328333,12.053476,500,100.2,282.1
45.328426,12.052203,525,100.4,275.1
45.328379,12.050863,525,102.0,268.9
45.328286,12.049456,550,103.9,262.3
45.328007,12.048184,575,105.5,255.2
45.327635,12.046844,575,104.5,248.1
45.327209,12.045789,600,103.8,241.2
45.326611,12.044633,625,101.6,233.8
45.326065,12.043697,650,102.0,228.2
45.325333,12.042847,650,102.1,221.0
45.32428,12.041735,650,101.5,214.2
45.322815,12.040558,650,101.1,208.3
45.320847,12.039185,675,97.1,205.0
45.32014,12.038738,700,93.1,204.1
45.318324,12.037666,700,88.3,199.9
45.316727,12.036961,675,84.9,195.0
45.315811,12.036765,675,83.2,189.7
45.315298,12.036728,675,80.1,182.9
45.314529,12.036765,675,75.2,176.2
45.313889,12.036961,675,70.2,169.3
45.313293,12.037223,650,65.5,161.3
45.312738,12.037599,625,61.7,155.1
45.31192,12.038269,575,60.0,150.0
45.310226,12.039642,500,60.7,147.1
45.309448,12.040492,450,57.0,142.1
45.3092,12.040815,450,55.2,133.5
45.308853,12.041408,425,51.9,124.0
45.308716,12.041931,400,51.0,118.1
45.308624,12.043501,375,45.3,83.7
45.30899,12.044416,375,45.3,83.7
45.309433,12.044901,350,49.0,39.2
45.310226,12.045855,300,53.6,36.7
45.311188,12.046901,275,56.1,39.9
45.312924,12.049255,200,58.0,45.0
