lat,lon,alt,gs,track,vs
42.69841,-78.915232,550,65.1,183.5,832
42.69754,-78.915294,625,59.3,185.8,1216
42.695431,-78.915753,700,58.6,187.9,384
42.694565,-78.915981,700,62.2,191.1,384
42.692093,-78.916668,800,65.5,192.3,640
42.690765,-78.917105,800,71.1,193.8,0
42.689193,-78.917669,825,75.4,194.6,320
42.687657,-78.918372,875,76.5,197.5,576
42.685593,-78.919414,950,76.9,200.6,576
42.684586,-78.919914,975,76.9,200.6,576
42.683328,-78.920735,1050,75.6,205.9,896
42.68161,-78.921973,1125,73.8,208.3,896
42.679779,-78.923409,1175,74.8,209.6,896
42.678207,-78.924759,1225,76.0,212.6,896
42.675926,-78.926931,1300,77.7,214.5,896
42.675228,-78.927825,1325,79.5,219.9,896
42.673831,-78.929805,1400,77.8,227.1,896
42.672913,-78.931212,1425,80.9,230.0,320
42.671923,-78.933063,1475,82.4,234.4,704
42.670395,-78.936081,1575,81.3,235.5,768
42.669362,-78.937917,1625,82.6,231.9,256
42.668385,-78.939642,1625,86.8,231.6,256
42.666848,-78.942261,1700,86.1,231.1,256
42.666383,-78.943091,1750,86.1,231.1,1216
42.665726,-78.944258,1775,82.2,233.4,1216
42.66466,-78.946349,1850,79.9,235.7,960
42.663404,-78.948968,1925,80.8,238.7,576
42.662842,-78.950313,1900,83.9,239.1,576
42.66243,-78.95125,1900,86.5,240.2,-192
42.66156,-78.953309,1925,85.6,239.8,-192
42.661448,-78.953503,1950,85.6,239.8,576
42.660645,-78.955494,1975,83.9,239.1,576
42.660416,-78.955931,1975,83.9,239.1,0
42.657631,-78.962573,1975,88.0,238.5,384
42.65744,-78.962985,1975,89.4,238.3,-384
42.656234,-78.965639,2000,89.4,238.3,-384
42.655838,-78.966481,2025,89.4,238.3,448
42.654326,-78.969854,2075,89.6,240.6,576
42.653767,-78.971196,2050,91.8,240.6,-256
42.652863,-78.973409,2075,93.5,241.2,-256
42.652679,-78.973909,2075,93.5,241.2,448
42.64995,-78.980713,2125,98.0,241.3,0
42.647827,-78.986268,2175,97.5,243.2,384
42.64595,-78.991574,2200,97.1,245.0,0
42.643158,-78.999877,2175,100.2,243.9,256
42.642269,-79.001983,2200,96.9,238.9,256
42.641058,-79.00473,2200,99.3,237.8,256
42.640919,-79.005049,2200,99.3,237.8,-256
42.638917,-79.009073,2175,100.7,235.5,-128
42.637427,-79.011883,2200,99.4,233.6,128
42.634122,-79.017824,2200,99.9,235.2,-128
42.630386,-79.02522,2200,101.0,236.3,64
42.627823,-79.030651,2225,99.0,234.9,128
42.626953,-79.032131,2225,98.1,230.8,128
42.624481,-79.036394,2225,100.0,233.1,0
42.622763,-79.039669,2225,99.3,235.7,128
42.620865,-79.043635,2250,98.8,238.2,0
42.618896,-79.048067,2250,99.5,239.8,0
42.616805,-79.053146,2275,98.0,241.3,256
42.614227,-79.059615,2275,99.0,240.3,-64
42.613174,-79.061924,2275,97.6,237.1,64
42.611544,-79.064643,2325,93.4,226.7,320
42.609729,-79.066815,2325,93.0,220.2,64
42.608379,-79.06822,2325,93.0,216.2,0
42.606889,-79.069562,2325,94.0,212.9,0
42.604701,-79.071286,2350,93.5,207.4,128
42.60377,-79.071861,2350,93.1,204.1,128
42.601135,-79.07316,2350,94.0,200.6,-128
42.599068,-79.074352,2350,96.3,203.9,-192
42.596089,-79.076268,2350,96.2,206.6,128
42.591797,-79.079278,2375,95.3,208.2,64
42.589339,-79.081123,2375,96.9,211.1,-64
42.587616,-79.08272,2350,97.7,215.0,64
42.582403,-79.08783,2375,96.6,216.2,64
42.580399,-79.089952,2375,98.1,219.2,-64
42.578659,-79.092137,2375,98.4,222.9,-64
42.575978,-79.095814,2325,102.5,225.4,-448
42.575089,-79.097068,2325,101.8,225.0,192
42.57244,-79.100732,2375,96.9,227.1,192
42.571564,-79.102187,2375,97.2,229.6,64
42.569824,-79.105058,2375,99.0,232.0,-128
42.568158,-79.108142,2350,101.3,235.1,-192
42.567581,-79.10924,2375,99.3,235.7,-192
42.567398,-79.109677,2375,99.3,235.7,512
42.564992,-79.114401,2400,96.5,236.0,256
42.563921,-79.116892,2375,100.3,240.1,-192
42.562912,-79.119353,2375,100.7,242.2,-128
42.561594,-79.12296,2400,97.9,244.0,320
42.560715,-79.125595,2425,97.7,247.1,192
42.559937,-79.128404,2400,99.6,250.7,192
42.559499,-79.130497,2400,101.0,253.9,192
42.558838,-79.134334,2400,102.6,257.0,192
42.557078,-79.145763,2425,101.2,258.0,-64
42.556778,-79.148254,2400,102.3,261.0,-192
42.556566,-79.151704,2400,104.2,266.7,64
42.556549,-79.15562,2425,103.0,269.4,192
42.556412,-79.162424,2425,103.1,267.8,-128
42.556091,-79.16979,2400,104.2,266.1,0
42.555588,-79.181463,2400,104.1,267.2,-64
42.555267,-79.188829,2400,102.3,265.5,64
42.554564,-79.201142,2400,101.4,264.9,128
42.554192,-79.205422,2400,101.8,262.7,-320
42.553633,-79.209893,2350,105.5,260.2,-256
42.552889,-79.215194,2375,103.0,258.8,384
42.5522,-79.219166,2400,99.0,256.0,192
42.551538,-79.222412,2400,100.3,253.2,-192
42.551585,-79.222029,2400,100.3,253.2,-192
42.550282,-79.227267,2375,99.7,248.8,-64
42.549454,-79.22984,2375,98.8,244.2,-128
42.547256,-79.23577,2300,97.6,245.8,-704
42.546066,-79.239516,2200,99.2,248.1,-320
42.545334,-79.242075,2225,94.3,248.9,0
42.544137,-79.246365,2125,94.3,248.9,-960
42.54277,-79.251126,2050,95.6,248.5,-320
42.542267,-79.252437,2025,92.6,242.3,-256
42.541763,-79.253374,2025,90.2,234.0,-256
42.541064,-79.254413,2000,88.4,223.6,-384
42.540273,-79.255307,1975,87.8,217.1,-512
42.539435,-79.25601,1975,87.7,212.4,-512
42.53869,-79.256521,1950,87.7,205.7,-576
42.53734,-79.257223,1925,87.3,200.1,-448
42.535263,-79.258243,1875,87.9,199.3,-448
42.53215,-79.259613,1825,80.0,198.0,-448
42.528671,-79.261116,1775,83.0,198.0,-448
42.526108,-79.262238,1700,80.0,199.0,-640
42.520767,-79.264694,1600,80.0,199.0,-640
42.513179,-79.268721,1525,88.4,201.9,-640
42.512807,-79.268976,1550,81.9,203.8,-640
42.509688,-79.270956,1500,85.4,205.7,-192
42.508713,-79.271601,1500,85.4,205.7,-128
42.506653,-79.24401,875,65.2,324.4,-512
42.506882,-79.247631,825,72.2,280.4,-384
42.504986,-79.25403,700,69.4,233.8,-576
42.504364,-79.254934,675,70.2,229.0,-640
42.503403,-79.256201,625,74.3,224.4,-704
42.502612,-79.257351,600,74.4,228.8,-448
42.501262,-79.259587,550,70.2,229.0,-768
42.500153,-79.261176,475,69.4,227.3,-1088
42.499028,-79.2631,425,70.3,230.2,-1280
42.496994,-79.266295,400,46.4,232.9,0
42.496124,-79.267606,400,40.4,228.0,0
42.495209,-79.269042,400,57.4,228.5,0
42.493255,-79.272106,450,68.7,227.9,64
42.492691,-79.272974,475,73.2,231.1,512
42.491043,-79.275783,575,73.9,230.5,960
42.490043,-79.277535,650,71.6,234.1,896
42.489112,-79.279388,700,71.3,235.9,832
42.488022,-79.281588,775,71.3,235.9,832
42.487157,-79.283476,825,71.3,238.8,960
42.485138,-79.288268,1000,68.9,242.3,960
42.48381,-79.291763,1100,70.2,242.0,384
42.481613,-79.295384,1200,70.2,242.0,384
42.50145,-79.233528,975,68.0,8.0,-1408
42.504566,-79.235062,950,76.0,331.0,576
42.507111,-79.238144,900,76.4,317.1,-704
42.509399,-79.242949,950,77.4,295.2,-704
42.509688,-79.244704,925,76.9,285.8,-704
42.506882,-79.250752,800,75.8,228.7,-704
42.505033,-79.25371,725,73.8,229.4,-704
42.503357,-79.256432,675,68.9,230.3,-832
42.502213,-79.25818,600,67.9,227.4,-832
42.50089,-79.260098,500,66.5,226.2,-896
42.500052,-79.261567,425,65.0,233.1,-768
42.499603,-79.26205,425,63.7,223.7,-448
42.497771,-79.264952,400,46.9,230.2,64
42.496933,-79.266294,400,41.4,232.9,0
42.496374,-79.267188,400,35.5,229.6,0
42.493698,-79.271351,450,54.5,230.6,0
42.493057,-79.27235,500,65.2,228.7,704
42.491867,-79.27441,550,66.2,231.8,576
42.491226,-79.275596,625,66.2,231.8,576
42.490229,-79.277471,675,70.8,233.6,576
42.489029,-79.279841,775,70.7,236.5,1024
42.488553,-79.280729,825,69.1,235.6,1024
42.485527,-79.287883,1050,68.0,241.9,896
42.484876,-79.288713,1075,64.5,220.6,448
42.4832,-79.288841,1100,66.5,186.9,640
42.477493,-79.280777,1375,66.5,129.0,640
42.476963,-79.275299,1525,80.0,98.0,640
42.478081,-79.273064,1550,80.0,56.0,640
42.507966,-79.248792,925,68.3,309.0,-256
42.507919,-79.249048,925,62.2,265.4,-512
42.507547,-79.250325,875,62.3,240.1,-512
42.507221,-79.2509,875,61.9,230.9,-512
42.506802,-79.251539,850,62.9,224.4,-704
42.504913,-79.25406,775,65.1,225.0,-576
42.504009,-79.255371,725,65.1,227.5,-576
42.502286,-79.25799,625,66.5,227.4,-384
42.500797,-79.260226,525,63.0,228.2,0
42.499772,-79.261886,450,61.0,229.0,0
42.498981,-79.2631,400,60.9,227.7,0
42.496747,-79.266549,400,41.2,230.9,0
42.49656,-79.266932,400,36.2,230.6,0
42.494293,-79.270477,400,43.5,230.6,0
42.492696,-79.273,500,69.0,231.5,1024
42.491684,-79.274847,575,69.0,231.5,1024
42.490265,-79.277718,700,66.4,233.0,1024
42.489205,-79.279771,825,66.4,233.0,1024
42.485092,-79.287269,1100,59.1,236.0,1408
42.479004,-79.282341,1350,70.0,152.0,1408
42.478226,-79.280899,1400,70.0,126.0,1408
42.506988,-79.248664,850,66.4,264.0,-512
42.505783,-79.252562,725,68.8,237.5,-576
42.502147,-79.258309,575,64.4,226.9,-512
42.501448,-79.259459,525,62.0,232.2,-512
42.501114,-79.259803,500,61.6,223.0,-512
42.500424,-79.260737,450,60.8,225.0,-512
42.498825,-79.263236,400,61.2,231.6,-512
42.497631,-79.265208,400,61.2,231.6,-640
42.497026,-79.26623,400,39.7,229.1,0
42.496628,-79.266794,400,40.4,228.0,0
42.496328,-79.267252,400,46.1,229.4,0
42.496095,-79.267571,400,51.1,229.8,0
42.495397,-79.268721,375,54.7,230.2,64
42.494279,-79.270445,450,63.1,229.5,64
42.49386,-79.271084,450,69.0,231.5,448
42.492836,-79.273,525,70.0,233.1,832
42.491905,-79.274853,625,67.7,235.8,1024
42.490183,-79.278174,725,67.4,234.7,704
42.488553,-79.281432,800,68.8,234.5,448
42.484222,-79.289579,1075,70.2,237.2,448
42.477539,-79.277596,1525,80.0,102.0,768
42.484085,-79.267235,1600,80.0,45.0,0
42.489304,-79.257866,1550,80.0,59.0,0
42.491043,-79.253937,1525,80.0,59.0,0
42.50592,-79.239141,1050,70.1,312.1,-448
42.506477,-79.249878,825,69.5,263.4,-192
42.502379,-79.257926,575,63.7,227.5,-704
42.500936,-79.260098,475,62.3,227.6,-832
42.498734,-79.263424,375,61.6,228.3,-896
42.497818,-79.264922,400,47.5,229.3,0
42.496607,-79.266805,400,50.3,229.0,0
42.496467,-79.26706,400,53.2,228.8,0
42.496216,-79.267481,400,56.1,230.1,0
42.495909,-79.26789,400,59.6,229.1,0
42.495255,-79.268917,425,63.0,228.2,128
42.494698,-79.26987,450,67.5,230.4,576
42.493302,-79.272234,550,67.0,232.3,640
42.491812,-79.274661,650,67.6,231.6,896
42.490128,-79.277781,750,67.4,234.7,704
42.489019,-79.279899,800,71.9,235.2,512
42.484589,-79.288455,1050,66.6,234.2,384
42.482437,-79.293012,1175,66.6,234.2,384
42.481018,-79.295384,1225,70.2,221.0,896
42.480872,-79.295484,1250,69.9,213.9,896
42.505737,-79.252687,725,69.0,240.5,-576
42.503869,-79.255435,650,68.7,227.9,-640
42.50224,-79.257798,575,68.7,227.9,-640
42.500471,-79.260737,475,66.6,228.6,-704
42.499633,-79.262014,425,63.0,228.2,-576
42.497584,-79.265272,400,42.2,233.7,0
42.496902,-79.26642,400,37.6,230.4,0
42.496281,-79.267316,400,39.6,227.1,0
42.496216,-79.267419,400,46.0,227.6,0
42.495909,-79.26789,400,51.1,229.8,0
42.49535,-79.268785,400,56.1,230.1,0
42.495026,-79.269291,400,61.7,229.6,0
42.494326,-79.270381,400,67.3,228.0,0
42.493534,-79.271595,450,73.8,229.4,576
42.491952,-79.274278,550,73.9,230.5,640
42.490974,-79.275939,575,76.8,231.3,704
42.490322,-79.277088,625,77.2,233.4,1024
42.48793,-79.281339,800,72.6,231.7,1408
42.485962,-79.284585,875,77.6,231.8,768
42.481896,-79.290566,1125,73.8,212.8,384
42.506744,-79.246445,850,68.3,275.0,-256
42.503906,-79.255371,625,68.0,234.0,-512
42.502853,-79.257119,575,67.5,230.4,-704
42.501495,-79.259267,475,68.8,229.1,-704
42.500061,-79.261426,425,65.2,228.7,-768
42.498459,-79.263923,400,50.5,230.6,0
42.497678,-79.265144,425,46.1,229.4,0
42.497119,-79.265974,400,49.7,229.9,0
42.496811,-79.266482,400,54.6,228.7,0
42.496536,-79.266919,400,57.4,228.5,0
42.496445,-79.267106,400,61.1,230.3,0
42.493744,-79.271289,475,75.9,229.8,576
42.492231,-79.273831,575,77.6,231.8,768
42.490906,-79.276283,650,77.8,232.8,768
42.489258,-79.279404,700,78.8,234.3,512
42.487576,-79.282837,825,78.2,237.5,1088
42.486053,-79.285771,900,75.7,236.3,896
42.483444,-79.290015,1075,76.0,234.6,640
42.476032,-79.284561,1425,80.0,110.0,960
42.506744,-79.253311,900,61.4,263.5,-896
42.506561,-79.253623,850,61.4,263.5,-896
42.501355,-79.259267,525,64.4,237.1,-1408
42.50075,-79.260289,500,71.2,231.8,-640
42.500005,-79.261375,450,70.7,226.1,-896
42.499633,-79.261886,450,70.7,226.1,-896
42.496979,-79.266294,425,51.2,231.3,0
42.496653,-79.266805,425,47.5,229.3,0
42.495862,-79.268018,425,44.6,227.7,0
42.495346,-79.268792,425,56.0,228.6,0
42.49498,-79.269354,425,58.1,229.2,0
42.494279,-79.270381,400,63.0,228.2,0
42.494156,-79.27054,400,70.0,226.7,0
42.493255,-79.271914,450,73.1,230.0,0
42.491952,-79.27415,525,74.8,232.1,512
42.490265,-79.277281,625,76.6,234.0,896
42.489345,-79.278877,675,75.6,232.5,832
42.488068,-79.281152,775,75.6,232.5,832
42.483398,-79.288829,1025,75.6,233.0,832
42.482874,-79.289288,1050,77.0,217.6,832
42.4805,-79.290374,1150,77.0,217.6,832
42.502567,-79.238571,1250,60.0,345.0,0
42.507385,-79.245633,1075,60.0,345.0,0
42.507407,-79.246301,1050,60.0,345.0,0
42.502853,-79.257244,675,64.0,270.0,-1024
42.50224,-79.258118,625,63.8,228.8,-1408
42.501938,-79.258617,600,69.4,227.3,-1024
42.500702,-79.260427,500,70.3,230.2,-640
42.499819,-79.261758,475,67.2,226.8,-768
42.496811,-79.266607,400,50.3,229.0,0
42.495955,-79.26789,425,46.0,227.6,0
42.495024,-79.269296,425,48.9,229.1,0
42.494843,-79.269603,425,56.0,228.6,64
42.494372,-79.270318,425,61.7,229.6,0
42.492828,-79.2726,425,75.7,226.6,384
42.492096,-79.273786,450,77.2,227.6,384
42.49144,-79.274917,500,78.9,230.7,896
42.490555,-79.27645,575,77.0,232.4,1152
42.488297,-79.28059,675,79.8,232.1,704
42.487564,-79.281776,725,78.9,230.7,960
42.483627,-79.287706,950,79.4,229.1,768
42.505096,-79.242949,975,70.9,319.6,-960
42.506607,-79.247007,850,72.3,310.5,-256
42.504776,-79.253873,700,73.0,270.8,-384
42.504272,-79.254684,675,71.6,234.1,-640
42.501914,-79.258437,550,70.3,230.2,-768
42.500381,-79.260802,450,70.2,229.0,-640
42.497635,-79.265234,400,68.1,229.8,-128
42.496902,-79.26642,425,47.0,231.9,-128
42.496765,-79.266607,425,41.1,228.9,-128
42.496048,-79.267699,425,45.3,228.6,-128
42.495758,-79.268168,425,48.2,228.4,-128
42.495397,-79.268657,425,53.2,228.8,-128
42.495117,-79.269168,400,61.0,229.0,-128
42.494652,-79.269807,400,65.9,228.1,-128
42.493744,-79.271226,425,72.9,227.8,-128
42.492371,-79.273411,475,78.7,229.6,448
42.490648,-79.276194,575,82.3,229.9,704
42.48995,-79.277408,600,82.3,229.9,704
42.486832,-79.283024,775,78.6,233.3,704
42.484634,-79.287144,925,78.2,234.9,832
42.483479,-79.289288,1000,78.2,234.9,768
42.481888,-79.291951,1075,75.1,221.8,832
42.481431,-79.292354,1100,75.5,214.7,832
42.476395,-79.290078,1275,78.1,189.6,960
42.475845,-79.289204,1300,78.1,189.6,960
42.475616,-79.288829,1325,78.6,131.4,960
42.474518,-79.286645,1400,78.2,128.8,1024
42.474335,-79.285708,1425,76.6,113.9,1024
42.47438,-79.284647,1450,78.1,92.2,448
42.475479,-79.281276,1475,82.6,73.1,128
42.475571,-79.281027,1475,88.6,61.7,384
42.475983,-79.279903,1500,89.5,62.0,832
42.476807,-79.277843,1600,86.8,61.1,1280
42.477585,-79.276095,1650,83.9,59.2,1024
42.478134,-79.274972,1675,85.4,57.4,576
42.479324,-79.272662,1700,90.2,54.0,256
42.481293,-79.268917,1750,94.9,55.3,384
42.482574,-79.266233,1825,95.2,58.3,832
42.483627,-79.263985,1900,90.7,58.1,1216
42.484596,-79.261758,1975,86.1,59.3,832
42.485367,-79.25999,2000,86.5,60.2,256
42.485962,-79.258555,2025,90.4,60.9,128
42.486649,-79.256744,2050,91.2,64.0,768
42.489075,-79.248692,2250,90.3,63.7,448
42.489441,-79.247319,2275,90.4,72.0,448
42.490036,-79.244322,2325,91.0,75.3,640
42.490631,-79.241388,2350,94.4,74.6,512
42.492045,-79.233526,2500,93.9,75.8,256
42.492743,-79.229438,2550,96.3,77.4,384
42.494293,-79.220165,2700,96.3,77.4,704
42.495071,-79.214921,2775,95.7,79.2,576
42.49585,-79.208929,2850,97.5,80.0,512
42.49656,-79.203697,2925,97.5,80.0,576
42.496933,-79.200823,2975,96.5,79.8,576
42.497681,-79.197693,3050,96.5,79.8,832
42.498001,-79.196881,3075,95.3,63.2,832
42.499028,-79.194308,3100,96.3,60.8,576
42.501022,-79.189828,3200,96.0,58.6,704
42.502991,-79.185208,3275,97.6,60.5,320
42.504521,-79.181469,3325,94.8,62.3,448
42.505737,-79.178217,3300,97.1,62.4,448
42.505829,-79.17803,3300,97.1,62.4,-320
42.506744,-79.175845,3275,99.9,60.6,-320
42.50798,-79.173161,3275,100.4,56.8,64
42.509874,-79.16978,3350,96.0,51.3,512
42.511085,-79.167672,3350,97.0,52.5,512
42.51155,-79.166906,3325,100.0,53.1,-512
42.512062,-79.166011,3300,103.6,53.2,-512
42.512621,-79.164926,3275,106.4,53.0,-512
42.514157,-79.162243,3275,107.0,52.6,-768
42.514481,-79.161613,3300,107.0,52.6,576
42.518998,-79.153364,3325,102.2,53.3,192
42.522858,-79.146194,3375,101.6,53.8,0
42.524445,-79.14225,3325,104.7,63.9,64
42.525609,-79.13944,3375,101.6,57.9,512
42.527298,-79.136082,3400,98.5,55.3,128
42.52924,-79.132541,3400,100.0,53.1,0
42.531056,-79.129475,3400,100.8,49.8,-64
42.532964,-79.126665,3425,100.5,46.6,64
42.536087,-79.122349,3450,99.7,44.6,192
42.537945,-79.119958,3450,100.6,41.8,64
42.540738,-79.116765,3450,102.3,39.5,-64
42.547582,-79.109227,3450,102.2,40.2,320
42.550421,-79.105778,3450,103.3,42.7,64
42.552109,-79.103685,3450,98.4,42.9,64
42.55275,-79.102873,3450,93.4,42.4,64
42.553168,-79.102393,3450,89.9,42.8,64
42.553757,-79.101625,3475,83.5,43.1,448
42.554489,-79.100751,3475,79.2,43.0,448
42.55513,-79.099877,3500,75.0,42.8,192
42.55632,-79.098379,3475,70.0,44.4,192
42.556426,-79.098241,3450,70.0,44.4,-320
42.557497,-79.0969,3475,70.9,40.4,-320
42.560028,-79.094134,3450,71.8,38.8,0
42.565063,-79.088828,3450,71.8,38.8,-128
42.566482,-79.087127,3475,70.1,42.1,128
42.567459,-79.085977,3475,66.0,40.7,256
42.568542,-79.084771,3500,61.1,39.7,192
42.569412,-79.083835,3475,64.4,36.2,192
42.569508,-79.083742,3475,65.2,35.6,-640
42.572394,-79.080867,3450,68.0,36.0,-256
42.574582,-79.078823,3425,68.5,33.7,-128
42.575653,-79.077993,3450,66.2,28.9,-128
42.576462,-79.07753,3450,65.0,22.6,64
42.57692,-79.077343,3450,64.6,16.2,64
42.577332,-79.07728,3450,65.2,4.4,64
42.577701,-79.07729,3425,66.0,0.9,64
42.577835,-79.07728,3425,66.0,0.9,-576
42.578492,-79.077354,3400,70.6,352.7,-576
42.58068,-79.077737,3375,75.2,355.4,-320
42.58136,-79.077717,3375,75.2,3.8,-320
42.58255,-79.077405,3375,74.7,7.7,0
42.583054,-79.077218,3350,76.2,16.8,0
42.583557,-79.076906,3350,77.4,25.2,0
42.584358,-79.076268,3325,78.6,31.5,-384
42.585205,-79.07547,3300,80.0,36.9,-384
42.586121,-79.074471,3300,83.4,37.7,-384
42.586732,-79.073841,3275,87.6,38.0,-384
42.588222,-79.072244,3300,91.7,39.2,-64
42.589339,-79.070903,3300,95.0,40.7,256
42.59024,-79.069914,3300,99.2,40.9,256
42.590515,-79.069602,3300,100.7,41.0,-256
42.593307,-79.066107,3325,102.6,43.0,192
42.594553,-79.064516,3375,98.3,43.8,576
42.595763,-79.062855,3350,99.7,45.4,576
42.595963,-79.062611,3350,99.7,45.4,-320
42.598343,-79.05924,3325,99.8,47.8,-128
42.599255,-79.057809,3300,97.1,48.8,-128
42.599854,-79.056931,3300,92.1,48.5,-64
42.600279,-79.056212,3325,87.1,48.3,-64
42.600744,-79.055509,3325,82.8,47.5,-64
42.602097,-79.053497,3300,77.9,48.1,-384
42.60363,-79.051102,3250,73.1,50.0,-64
42.604655,-79.049441,3275,68.7,48.0,64
42.606191,-79.047333,3250,72.1,45.0,-256
42.608053,-79.044715,3250,70.0,46.7,-64
42.608798,-79.043501,3250,68.3,51.0,0
42.610107,-79.041138,3250,66.8,51.1,0
42.610565,-79.040513,3250,67.2,45.6,-64
42.611032,-79.039988,3225,68.8,40.9,-64
42.611684,-79.039349,3225,69.1,34.4,-128
42.613083,-79.038266,3225,68.6,30.7,-64
42.61441,-79.03708,3200,70.5,34.6,-256
42.615326,-79.036144,3200,69.7,39.2,-256
42.616516,-79.034708,3200,67.9,42.6,128
42.617875,-79.033026,3200,68.1,40.2,0
42.618484,-79.032336,3200,68.0,36.0,-128
42.619217,-79.031774,3200,68.1,30.0,-128
42.620132,-79.03115,3200,72.5,28.0,-128
42.620728,-79.030651,3175,74.8,29.6,-128
42.621368,-79.030089,3175,79.6,32.7,-384
42.621925,-79.029577,3175,84.1,34.8,-384
42.622763,-79.028746,3175,88.6,36.7,-384
42.62352,-79.027904,3150,92.5,38.8,-192
42.624802,-79.026406,3150,97.2,40.4,0
42.626129,-79.024658,3175,99.7,44.6,0
42.627605,-79.022486,3200,102.7,48.5,384
42.630203,-79.018666,3225,105.4,46.2,320
42.6324,-79.015716,3275,101.1,43.8,448
42.633424,-79.014566,3300,98.9,38.8,448
42.634415,-79.013672,3325,97.4,33.7,640
42.635612,-79.012778,3350,94.8,27.6,448
42.637024,-79.011924,3350,94.5,23.0,448
42.637614,-79.011564,3375,95.6,21.5,448
42.6378,-79.0115,3350,95.6,21.5,-64
42.640081,-79.01035,3325,100.0,19.9,-64
42.646691,-79.007029,3325,99.4,20.6,256
42.647095,-79.006805,3325,96.0,22.0,-320
42.648926,-79.005744,3275,93.9,25.2,-320
42.650574,-79.004621,3250,89.0,26.0,-256
42.651393,-79.004091,3250,85.9,26.3,-256
42.652451,-79.003372,3225,81.0,25.6,-256
42.654602,-79.001999,3175,77.4,25.2,-192
42.654739,-79.001936,3150,77.4,25.2,-896
42.656421,-79.000833,3125,75.2,25.2,-896
42.656607,-79.000769,3125,73.4,24.1,-256
42.659134,-78.99919,3025,72.9,25.2,-704
42.661102,-78.997879,2925,76.9,26.2,-1024
42.663437,-78.996318,2875,72.5,26.2,-640
42.66568,-78.994758,2775,71.6,28.4,-832
42.665909,-78.994571,2775,68.5,28.8,-832
42.666138,-78.994383,2800,66.2,28.9,-832
42.666367,-78.994196,2825,54.7,30.8,-832
42.666641,-78.993946,2850,48.6,32.4,-832
42.666733,-78.993884,2850,48.6,32.4,512
42.667236,-78.993447,2750,52.2,32.5,512
42.669083,-78.99221,2650,52.2,32.5,512
42.6698,-78.991637,2625,94.0,29.3,512
42.672134,-78.989764,2650,97.9,32.1,512
42.674881,-78.98733,2600,97.1,34.5,512
42.676987,-78.98527,2500,97.2,36.6,512
42.679417,-78.982629,2425,95.9,39.5,-704
42.681656,-78.980089,2325,94.5,39.4,-768
42.683899,-78.977529,2225,95.8,40.3,-1088
42.685776,-78.975469,2150,97.5,38.8,-1088
42.687285,-78.974006,2075,97.6,32.9,-896
42.690262,-78.971537,1975,97.1,32.4,-576
42.693197,-78.96896,1875,92.1,32.1,-1088
42.694748,-78.967542,1800,93.2,35.4,-832
42.696735,-78.965703,1750,91.8,33.0,-512
42.699554,-78.963235,1675,89.1,34.9,-576
42.701889,-78.960987,1575,91.6,36.1,-960
42.704649,-78.958165,1550,95.4,38.2,-128
42.706284,-78.956306,1500,99.5,39.3,-1024
42.70697,-78.955369,1475,102.5,44.6,-448
42.707535,-78.954461,1475,101.7,51.0,-64
42.70816,-78.953247,1475,100.1,56.0,128
42.708652,-78.951906,1475,96.6,62.9,128
42.709167,-78.950188,1475,93.8,68.1,-192
42.709676,-78.947946,1450,93.0,73.1,-128
42.710049,-78.946029,1450,94.6,76.6,-448
42.710189,-78.944816,1425,95.5,84.0,-704
42.710142,-78.943155,1400,95.3,85.2,-704
42.710095,-78.942516,1375,97.9,97.6,-384
42.709351,-78.939015,1400,92.1,107.1,512
42.709167,-78.938266,1425,88.2,107.8,896
42.708893,-78.93708,1450,85.4,108.4,704
42.708652,-78.936193,1450,81.0,110.2,640
42.708252,-78.934957,1475,77.9,114.3,128
42.70784,-78.933896,1475,80.1,117.5,-768
42.707302,-78.93268,1400,84.6,122.9,-832
42.705963,-78.930525,1375,90.6,136.8,-320
42.705394,-78.929933,1350,90.8,139.5,-192
42.704865,-78.929527,1375,88.2,150.8,640
42.704178,-78.929152,1400,83.9,158.3,1024
42.703811,-78.928975,1425,81.9,162.2,1088
42.703113,-78.928783,1475,77.7,168.1,1152
42.70274,-78.928783,1475,75.2,175.4,640
42.701297,-78.928783,1475,76.0,181.5,-192
42.700319,-78.928783,1450,81.0,181.4,-384
42.697266,-78.928715,1450,77.0,179.3,-384
42.694407,-78.928592,1375,76.1,177.7,-320
42.693008,-78.928653,1350,73.1,182.4,-256
42.691009,-78.928592,1300,73.0,181.6,-576
42.68898,-78.927654,1300,72.3,174.4,-384
42.688588,-78.927314,1300,64.1,149.0,-192
42.687285,-78.925398,1200,69.8,128.0,-1088
42.686508,-78.923097,1150,71.3,124.1,-832
42.686354,-78.922268,1125,74.2,104.0,-576
42.686188,-78.917978,1025,72.8,81.3,-448
42.6866,-78.916917,1000,69.4,61.6,-896
42.687195,-78.915919,925,69.1,55.6,-1152
42.688216,-78.915114,875,71.6,33.0,-1024
42.688542,-78.914987,875,72.4,17.7,-640
42.689054,-78.914923,850,72.2,10.4,-576
42.689612,-78.914923,850,72.0,359.2,-704
42.690869,-78.91505,800,72.3,355.2,-768
42.692964,-78.915178,725,72.1,357.6,-896
42.694611,-78.915294,625,72.1,357.6,-1024
42.69635,-78.915294,550,73.0,0.8,-960
42.696945,-78.915232,525,73.0,0.8,-896
42.695023,-78.915294,650,71.0,180.0,448
42.693375,-78.915357,675,75.0,181.5,192
42.69045,-78.915498,775,78.0,181.5,832
42.687843,-78.915625,850,77.1,182.2,0
42.684677,-78.915794,925,78.1,182.2,0
42.682068,-78.915981,1025,80.1,182.9,0
42.679045,-78.916072,1125,78.0,181.5,0
42.676346,-78.916043,1200,78.0,179.3,0
42.673553,-78.915919,1300,79.0,178.6,896
42.670944,-78.915794,1400,75.1,176.9,704
42.667686,-78.915561,1500,76.1,177.0,512
42.664148,-78.915306,1600,79.1,177.1,832
42.661423,-78.915045,1700,79.1,177.1,832
42.658329,-78.914795,1775,78.2,176.3,640
42.656793,-78.914667,1825,77.1,177.0,768
42.654053,-78.914545,1925,77.1,177.0,640
42.651306,-78.914358,2025,74.1,177.7,832
42.648879,-78.914156,2100,71.2,176.0,512
42.647919,-78.913983,2100,74.3,174.6,64
42.646957,-78.913859,2100,79.3,174.9,0
42.643852,-78.913517,2175,80.3,175.0,512
42.640965,-78.91307,2200,82.6,173.1,704
42.634355,-78.911921,2250,81.6,173.0,704
42.631714,-78.911362,2250,79.9,171.4,704
42.630305,-78.91109,2250,78.1,170.4,704
42.628722,-78.910835,2250,79.2,176.4,128
42.62537,-78.91141,2275,82.2,193.4,384
42.623154,-78.912236,2300,85.4,196.3,384
42.618201,-78.914284,2350,86.0,197.6,384
42.614291,-78.916072,2375,87.9,199.3,384
42.608891,-78.918755,2400,85.4,200.6,128
42.603973,-78.921287,2450,87.1,201.6,-128
42.60228,-78.922204,2425,87.1,201.6,-128
42.600837,-78.922524,2425,86.6,194.0,0
42.598649,-78.921949,2475,80.4,169.2,512
42.59688,-78.92016,2475,79.1,145.3,-128
42.595779,-78.918478,2475,82.1,132.0,-128
42.594367,-78.916264,2500,84.4,130.7,256
42.591992,-78.912495,2550,86.6,130.3,192
42.591156,-78.911112,2600,86.8,128.4,320
42.589096,-78.907242,2700,85.6,127.4,320
42.586853,-78.903122,2775,82.2,126.6,320
42.584497,-78.898699,2775,84.6,125.4,320
42.580124,-78.890013,2725,86.8,125.2,-512
42.578259,-78.886307,2725,88.5,124.4,64
42.576397,-78.882347,2775,87.7,122.4,320
42.574265,-78.877591,2775,88.8,121.2,128
42.572525,-78.873409,2775,84.6,119.0,192
42.570328,-78.868228,2775,84.7,120.5,-64
42.568204,-78.863185,2775,85.5,118.7,128
42.567398,-78.861237,2775,81.5,119.4,-256
42.566435,-78.859161,2725,76.9,122.2,-320
42.565551,-78.857436,2700,67.7,124.2,-512
42.564423,-78.855119,2650,64.9,123.7,-512
42.563095,-78.85231,2625,61.6,122.4,-256
42.561584,-78.849002,2575,59.7,121.3,-448
42.559204,-78.843509,2550,61.4,120.3,-64
42.558708,-78.842234,2550,63.6,114.2,-192
42.558105,-78.839951,2550,63.2,108.4,192
42.557683,-78.837635,2525,62.6,106.7,0
42.557556,-78.835831,2500,64.8,98.9,-320
42.557683,-78.834569,2500,65.0,89.1,-384
42.557916,-78.832589,2475,63.4,78.2,-64
42.558197,-78.831024,2475,60.9,75.7,-128
42.558746,-78.82834,2450,59.2,78.3,0
42.558801,-78.82684,2425,56.1,86.9,-256
42.558754,-78.826074,2425,56.4,97.1,-256
42.558521,-78.824796,2425,57.6,107.2,0
42.558289,-78.824158,2425,56.9,113.9,192
42.557556,-78.82266,2425,57.1,122.9,-256
42.556915,-78.821786,2400,56.6,135.0,-256
42.556426,-78.82122,2400,57.4,138.5,-192
42.555402,-78.820325,2375,58.3,145.5,-320
42.554443,-78.819726,2375,58.3,145.5,-320
42.553959,-78.819495,2375,62.0,159.2,64
42.553391,-78.819289,2375,61.4,163.9,-256
42.552004,-78.818856,2375,61.6,166.9,-384
42.550644,-78.81854,2375,60.7,171.5,0
42.548126,-78.818165,2350,61.4,173.4,0
42.545242,-78.817728,2350,65.5,173.0,64
42.543671,-78.817515,2350,71.3,174.4,0
42.542787,-78.817387,2350,74.4,173.8,-192
42.542414,-78.817323,2350,78.5,173.4,-192
42.539994,-78.817004,2350,87.4,174.8,384
42.537735,-78.816667,2425,86.4,174.7,704
42.534268,-78.812533,2575,86.4,174.7,704
42.534164,-78.811486,2600,85.9,102.1,576
42.534348,-78.809613,2600,85.9,102.1,576
42.534547,-78.808956,2625,87.5,67.8,192
42.535492,-78.807366,2650,88.6,49.1,320
42.536502,-78.806465,2650,89.3,34.0,320
42.537666,-78.805954,2675,89.3,34.0,320
42.537992,-78.80589,2675,89.6,10.9,384
42.539658,-78.805618,2725,87.6,6.6,768
42.541437,-78.805507,2775,86.1,2.7,576
42.543732,-78.805431,2775,88.0,359.4,256
42.547814,-78.80557,2850,92.1,358.1,320
42.551559,-78.80593,2850,93.1,356.9,128
42.553726,-78.806273,2850,97.9,352.4,0
42.560942,-78.807487,2850,97.6,353.5,0
42.565783,-78.808061,2850,95.3,355.2,128
42.567535,-78.80824,2825,91.3,355.6,-320
42.569321,-78.808381,2800,85.1,358.0,-576
42.571426,-78.808365,2775,81.0,1.4,-512
42.574489,-78.808253,2675,80.1,2.2,-448
42.576553,-78.808178,2700,77.0,0.0,448
42.578958,-78.808125,2600,73.0,0.8,-1024
42.58223,-78.808053,2525,68.0,1.7,-704
42.583985,-78.807934,2425,72.1,2.4,-1088
42.586349,-78.807741,2325,74.1,3.1,-896
42.589758,-78.807614,2250,72.0,1.6,-448
42.593017,-78.807423,2200,68.0,1.7,-384
42.595276,-78.807429,2150,69.0,0.0,-192
42.596368,-78.807487,2150,73.0,359.2,64
42.597486,-78.80755,2150,79.1,357.1,-256
42.599442,-78.807741,2125,81.1,357.9,-128
42.600037,-78.807803,2125,94.4,354.5,0
42.6026,-78.80824,2175,94.9,352.1,576
42.605988,-78.808989,2275,91.2,350.5,832
42.609787,-78.809988,2350,92.8,348.8,576
42.613312,-78.810987,2425,92.4,346.9,448
42.616525,-78.812086,2500,89.3,344.4,640
42.619949,-78.813421,2575,90.8,343.4,448
42.622717,-78.814449,2625,89.7,345.8,448
42.62471,-78.815044,2700,89.4,349.7,960
42.626862,-78.815606,2750,91.2,347.3,256
42.629048,-78.816365,2825,86.8,345.3,960
42.631668,-78.817416,2850,87.0,342.6,-64
42.636932,-78.819788,2850,91.1,342.8,128
42.640872,-78.821347,2825,86.1,344.5,-512
42.642929,-78.822035,2825,81.8,348.0,-64
42.644897,-78.822472,2825,80.9,351.5,64
42.647873,-78.823097,2800,76.7,352.5,64
42.650043,-78.823391,2775,75.2,355.4,-320
42.652091,-78.823647,2700,79.6,352.8,-768
42.654785,-78.82422,2675,75.0,350.8,-256
42.656421,-78.824477,2625,72.3,354.5,-192
42.660187,-78.825094,2575,68.5,353.3,-768
42.661789,-78.825344,2500,72.6,352.9,-768
42.662796,-78.825531,2500,77.5,353.3,512
42.664102,-78.825691,2525,81.6,353.0,192
42.665498,-78.825946,2550,86.6,353.4,0
42.668884,-78.82653,2625,87.8,352.1,1088
42.671829,-78.827096,2725,88.1,350.9,576
42.673325,-78.827529,2725,89.7,345.8,512
42.674057,-78.827965,2750,88.8,337.5,768
42.674652,-78.828402,2775,87.1,328.1,896
42.675088,-78.828948,2800,86.6,319.7,960
42.675522,-78.829651,2825,85.1,310.2,704
42.675833,-78.83029,2850,84.4,301.4,448
42.676208,-78.831524,2875,84.7,292.9,704
42.676483,-78.832772,2875,84.9,285.0,320
42.676624,-78.833739,2900,85.0,278.8,320
42.67662,-78.834582,2900,85.0,269.3,192
42.676483,-78.835643,2900,85.2,260.5,384
42.676117,-78.837703,2950,85.6,255.8,576
42.674809,-78.844725,2950,86.1,257.2,-192
42.672993,-78.854945,2950,86.4,256.6,64
42.672155,-78.860055,2975,85.7,258.6,64
42.671585,-78.864545,2975,88.1,260.9,64
42.671038,-78.869572,2975,83.7,262.5,-128
42.670715,-78.872223,2925,79.4,259.1,-192
42.670386,-78.874554,2925,75.3,259.3,-64
42.669983,-78.877841,2875,70.7,261.9,-576
42.669781,-78.880495,2825,72.3,265.2,-384
42.669595,-78.883497,2775,71.3,264.4,-512
42.669502,-78.884327,2775,70.6,257.7,-448
42.66925,-78.885394,2750,69.9,250.8,-640
42.668976,-78.886143,2725,68.0,243.8,-320
42.668655,-78.88683,2700,66.0,238.0,-384
42.668243,-78.887454,2700,63.0,228.2,-384
42.667557,-78.888141,2675,61.6,212.4,-640
42.667053,-78.888453,2650,61.3,204.1,-640
42.666755,-78.888543,2625,61.4,196.1,-640
42.66601,-78.888734,2625,61.8,189.3,-576
42.664536,-78.889015,2575,60.3,185.7,-384
42.662613,-78.889202,2550,58.1,183.0,-384
42.661926,-78.889139,2500,59.1,177.1,-384
42.66156,-78.889015,2500,59.4,167.4,-704
42.661029,-78.888734,2475,59.2,158.2,-704
42.660461,-78.888265,2450,59.4,147.4,-704
42.660285,-78.888032,2450,60.9,137.7,-704
42.659912,-78.887454,2425,61.6,133.0,-704
42.659729,-78.886955,2400,63.6,120.2,-704
42.659493,-78.886243,2375,65.4,113.4,-704
42.659447,-78.885541,2350,66.5,105.7,-704
42.659409,-78.884645,2300,70.3,94.9,-1088
42.659447,-78.883944,2300,73.2,85.3,-1088
42.659637,-78.881898,2250,72.6,82.9,-512
42.659866,-78.879776,2250,68.1,79.8,-512
42.660238,-78.877237,2200,72.4,78.8,-320
42.660471,-78.875832,2200,77.3,79.6,-320
42.660553,-78.875032,2200,81.4,79.4,-320
42.66075,-78.87366,2200,85.7,78.6,-320
42.661029,-78.871935,2225,86.7,78.7,-320
42.661029,-78.871744,2250,86.7,78.7,512
42.661728,-78.867209,2325,86.7,78.7,832
42.661835,-78.866355,2325,87.7,78.8,832
42.661867,-78.866123,2325,88.6,78.9,64
42.662247,-78.863546,2375,88.8,78.3,64
42.662286,-78.863249,2375,88.8,78.3,704
42.662888,-78.858802,2475,87.3,80.1,768
42.66359,-78.854115,2525,90.0,77.8,320
42.66394,-78.85206,2575,86.9,78.0,320
42.663986,-78.851686,2575,87.1,77.4,896
42.66466,-78.847791,2675,86.4,76.6,640
42.665452,-78.84332,2750,84.2,76.9,576
42.665591,-78.841979,2800,81.5,83.7,576
42.665634,-78.840762,2825,80.0,90.7,576
42.665498,-78.839679,2825,78.1,99.6,640
42.665359,-78.83904,2850,75.6,107.7,640
42.665126,-78.838402,2875,73.8,114.8,640
42.66481,-78.837766,2900,72.7,124.3,704
42.664444,-78.837204,2900,71.5,133.3,704
42.664009,-78.836805,2925,70.0,143.1,704
42.663543,-78.836422,2950,68.5,151.2,704
42.663078,-78.83623,2950,69.1,157.9,448
42.662613,-78.836143,2950,68.9,166.6,448
42.662292,-78.83608,2950,69.2,175.9,448
42.661635,-78.836166,2975,69.4,185.8,448
42.661194,-78.83633,2975,68.3,197.9,448
42.660233,-78.836892,3000,69.9,203.6,448
42.658356,-78.838015,3000,74.8,202.8,256
42.653961,-78.84045,3050,76.7,202.2,-64
42.649112,-78.843192,3075,81.5,203.1,0
42.647278,-78.844133,3075,83.8,199.5,256
42.645434,-78.845108,3100,82.1,202.2,384
42.642967,-78.84645,3125,82.9,199.8,128
42.642083,-78.846705,3125,82.6,191.2,128
42.641281,-78.846817,3150,83.3,184.8,192
42.640045,-78.846879,3150,83.0,180.7,192
42.637344,-78.846817,3175,86.0,179.3,128
42.635742,-78.846692,3175,87.3,175.4,384
42.632172,-78.846193,3225,83.5,173.8,576
42.631439,-78.84613,3200,80.3,175.0,-320
42.630212,-78.846003,3200,77.1,177.0,-320
42.629886,-78.846003,3200,75.1,177.7,-320
42.629746,-78.846003,3200,73.1,177.6,256
42.628235,-78.845881,3225,69.1,176.7,256
42.627914,-78.845818,3200,69.1,176.7,-256
42.625184,-78.845683,3125,71.1,177.6,-448
42.624207,-78.845556,3100,70.9,171.1,-512
42.623611,-78.845319,3075,70.9,163.6,-512
42.623089,-78.845045,3075,70.8,156.7,-512
42.622559,-78.84457,3050,70.7,146.5,-576
42.621786,-78.843448,3025,73.0,131.1,-576
42.621507,-78.842681,3025,74.3,115.5,-320
42.62132,-78.841851,3025,73.8,105.7,-320
42.621185,-78.840824,3000,73.2,100.2,-256
42.621181,-78.839871,3000,74.1,92.3,-256
42.621181,-78.837571,2950,75.0,88.5,-704
42.621227,-78.836358,2925,75.2,86.2,-512
42.621323,-78.835706,2900,75.3,79.3,-512
42.621597,-78.834707,2875,75.7,77.8,-512
42.621786,-78.83425,2875,76.7,59.4,-704
42.622101,-78.833646,2850,76.4,53.0,-704
42.622577,-78.833036,2825,77.8,45.0,-704
42.623016,-78.832585,2800,78.6,36.7,-704
42.623741,-78.832014,2775,77.8,27.5,-704
42.624573,-78.831586,2775,75.9,18.4,-704
42.625231,-78.831375,2750,73.8,12.5,-704
42.626022,-78.831248,2725,71.3,5.6,-576
42.62686,-78.831184,2700,70.0,0.8,-576
42.628396,-78.831312,2675,67.1,357.4,-448
42.630072,-78.831439,2575,69.3,355.0,-768
42.631622,-78.831711,2525,73.6,353.0,-896
42.632307,-78.831823,2525,81.9,351.6,-896
42.633098,-78.832014,2500,86.0,351.3,-640
42.634262,-78.83227,2475,90.3,350.4,-640
42.63496,-78.832461,2500,93.6,349.5,-640
42.635147,-78.83246,2475,94.7,349.0,-64
42.639662,-78.833803,2525,98.3,347.7,320
42.641098,-78.834333,2550,97.8,344.0,320
42.642083,-78.834889,2575,98.2,337.9,384
42.643014,-78.835527,2600,97.6,330.5,384
42.643799,-78.836268,2600,97.0,322.5,576
42.64441,-78.83706,2625,97.0,317.9,576
42.645108,-78.838018,2650,95.5,312.9,512
42.645667,-78.83904,2675,92.4,305.8,512
42.646086,-78.839935,2725,89.3,304.0,512
42.646408,-78.840575,2750,87.9,303.9,1216
42.647278,-78.842385,2775,86.3,302.2,1216
42.647415,-78.842697,2800,86.3,302.2,640
42.648331,-78.84482,2800,84.6,299.0,640
42.648414,-78.845045,2800,84.6,299.0,64
42.649704,-78.848065,2800,87.5,301.0,0
42.650711,-78.850125,2800,89.9,304.6,64
42.651859,-78.852198,2850,91.1,308.8,64
42.651993,-78.852373,2850,91.7,309.2,704
42.653255,-78.854242,2850,93.4,313.3,704
42.653441,-78.854498,2850,93.4,314.1,704
42.653549,-78.854682,2875,93.4,314.1,0
42.655289,-78.857054,2875,93.4,316.7,128
42.656374,-78.858394,2875,88.5,317.3,128
42.657303,-78.859489,2850,85.0,318.8,-192
42.657817,-78.860119,2850,81.6,319.5,-192
42.658562,-78.860885,2825,76.7,320.3,-128
42.659447,-78.861971,2800,76.5,318.2,-128
42.659772,-78.862354,2775,76.5,318.2,-704
42.662018,-78.865107,2700,80.1,318.5,-576
42.664627,-78.868103,2650,75.3,320.4,-128
42.665312,-78.86887,2625,75.3,320.4,-128
42.665451,-78.869039,2625,76.1,320.9,-704
42.667831,-78.871599,2550,77.0,322.4,-640
42.668701,-78.872535,2525,73.4,322.2,-256
42.670486,-78.874533,2475,72.3,319.5,-640
42.672854,-78.877237,2400,76.7,320.3,-192
42.674017,-78.878451,2375,79.7,321.1,-192
42.675293,-78.879838,2350,84.2,322.7,-512
42.678067,-78.88273,2275,87.5,321.0,-704
42.680255,-78.885157,2200,86.7,320.6,-704
42.68235,-78.887393,2100,87.5,321.0,-1024
42.684166,-78.889373,2000,87.0,322.5,-768
42.686142,-78.891449,1900,88.7,320.0,-1088
42.687881,-78.893571,1850,87.0,317.3,-640
42.690216,-78.89663,1750,84.9,316.9,-640
42.69136,-78.897941,1700,85.3,320.7,-896
42.692638,-78.899274,1625,85.4,325.0,-960
42.694611,-78.900625,1575,83.7,332.2,-576
42.695801,-78.901187,1550,83.5,343.3,-576
42.697769,-78.901874,1500,87.6,346.1,-576
42.699234,-78.902248,1475,90.4,349.8,-576
42.701065,-78.902623,1450,91.6,353.7,-192
42.702787,-78.902787,1450,89.2,356.1,-192
42.704132,-78.902747,1450,89.0,1.3,-64
42.705276,-78.902747,1425,88.0,1.3,-64
42.706604,-78.902685,1400,83.1,2.1,-384
42.708069,-78.902498,1400,78.3,5.1,-384
42.710495,-78.902123,1325,73.6,7.0,-512
42.711502,-78.901998,1300,72.4,6.3,-512
42.712982,-78.902212,1275,66.3,348.7,-64
42.71347,-78.902498,1275,63.7,337.9,-64
42.714285,-78.903234,1250,61.7,319.6,-576
42.715073,-78.90437,1175,64.2,307.4,-576
42.715439,-78.905307,1150,66.0,302.0,-896
42.715576,-78.905744,1125,67.2,292.8,-896
42.715775,-78.906938,1125,65.8,278.8,-384
42.715759,-78.908241,1100,66.0,269.1,-512
42.715668,-78.909614,1050,66.0,269.1,-576
42.715073,-78.91236,1000,64.0,243.0,-512
42.713837,-78.913796,950,67.7,211.1,-832
42.713379,-78.914046,925,67.7,211.1,-832
42.712889,-78.91422,925,70.6,195.6,-832
42.711777,-78.91442,875,70.6,192.3,-576
42.710747,-78.914476,850,72.0,181.6,-832
42.707721,-78.914476,750,72.0,180.0,-768
42.706375,-78.914545,700,75.0,180.8,-384
42.705394,-78.914539,725,81.1,182.1,64
42.703903,-78.914608,725,86.0,181.3,0
42.702805,-78.91467,725,91.1,181.9,256
42.699783,-78.914857,800,92.1,182.5,640
42.697403,-78.91492,900,90.0,181.3,832
42.694565,-78.914982,975,89.0,178.7,704
42.691177,-78.914732,1050,91.2,176.2,576
42.687241,-78.91442,1150,91.1,177.5,704
42.684911,-78.913773,1225,90.6,169.2,1024
42.682297,-78.909739,1325,88.7,150.3,384
42.682118,-78.908663,1325,91.1,109.2,384
42.682114,-78.90668,1375,92.0,91.2,896
42.682257,-78.905086,1450,86.0,81.3,1536
42.682663,-78.903933,1500,80.5,65.0,1472
42.682955,-78.903361,1525,78.5,55.9,1472
42.683487,-78.902685,1525,79.5,50.1,1472
42.683945,-78.90231,1525,82.1,34.1,1472
42.684677,-78.901811,1550,83.8,23.2,1472
42.685272,-78.901561,1550,83.8,17.4,1472
42.685795,-78.901381,1550,83.7,14.5,1472
42.685959,-78.901374,1550,83.2,13.2,64
42.687195,-78.901124,1550,83.5,6.2,64
42.688495,-78.901062,1550,85.0,0.7,-192
42.689896,-78.901124,1525,86.1,357.3,-192
42.69191,-78.901374,1500,88.5,354.2,-320
42.699947,-78.902595,1475,90.5,354.3,-64
42.701431,-78.902685,1475,91.2,356.2,-256
42.704835,-78.902531,1450,85.1,2.0,-320
42.707794,-78.90231,1375,80.2,4.3,-320
42.70949,-78.90202,1375,74.4,6.2,-256
42.711352,-78.901828,1325,74.2,3.9,-640
42.713745,-78.901686,1250,73.1,3.1,-448
42.715449,-78.902212,1225,67.4,339.1,-256
42.716008,-78.902595,1225,66.2,335.0,-256
42.717171,-78.904192,1175,65.0,306.9,-768
42.717682,-78.905744,1125,65.2,302.5,-768
42.717682,-78.906181,1125,65.2,302.5,-256
42.717728,-78.906555,1125,65.4,276.1,-256
42.717636,-78.907429,1125,64.8,261.1,-256
42.717499,-78.908053,1100,65.3,254.9,-256
42.717087,-78.909177,1075,65.9,247.7,-640
42.716659,-78.910388,1050,66.2,243.1,-448
42.715914,-78.912112,1000,64.0,241.0,-448
42.715495,-78.912879,1000,64.5,229.4,-448
42.714432,-78.913859,950,66.7,207.7,-512
42.713028,-78.914284,925,67.3,191.1,-512
42.711685,-78.914358,875,70.0,180.0,-640
42.709763,-78.914358,800,70.0,180.0,-576
42.708847,-78.914483,800,69.5,186.6,-640
42.707245,-78.91467,725,69.2,184.1,-768
42.70544,-78.914731,650,70.0,180.8,-768
42.705276,-78.914732,675,70.0,180.8,-256
42.704556,-78.914731,700,74.0,180.0,-256
42.703629,-78.914732,700,75.0,180.8,-256
42.703159,-78.914731,725,78.0,180.0,320
42.700738,-78.914795,750,79.0,180.0,256
42.700226,-78.914795,750,86.0,180.7,256
42.697128,-78.914795,850,87.0,180.7,704
42.694382,-78.914732,950,85.0,179.3,768
42.691727,-78.914608,1025,82.1,177.9,768
42.689301,-78.914358,1100,82.2,175.8,768
42.687471,-78.914028,1175,81.5,173.7,768
42.685135,-78.913546,1225,84.0,171.1,768
42.683514,-78.913198,1275,84.2,170.4,768
42.681015,-78.911923,1350,84.2,170.4,704
42.679278,-78.907641,1450,84.2,170.4,768
42.679321,-78.905806,1475,84.2,170.4,768
42.679417,-78.905086,1475,87.9,78.2,768
42.679743,-78.903872,1525,86.7,71.2,768
42.680069,-78.903106,1550,86.7,71.2,768
42.681519,-78.901187,1575,88.6,36.7,768
42.682114,-78.90075,1575,89.2,30.3,768
42.682755,-78.9005,1575,89.8,18.8,768
42.683514,-78.900296,1600,91.0,12.1,768
42.684352,-78.900232,1625,90.3,4.4,768
42.68533,-78.900232,1650,87.0,358.7,768
42.686633,-78.900359,1650,82.3,355.1,768
42.689752,-78.90087,1575,84.6,353.2,-448
42.692592,-78.90119,1550,84.2,355.9,-384
42.69464,-78.901318,1500,86.1,358.0,-320
42.699646,-78.901561,1425,85.1,357.3,-320
42.704649,-78.901892,1350,83.1,357.9,-448
42.706604,-78.901936,1325,79.0,0.0,-256
42.708664,-78.901874,1300,76.0,0.0,-256
42.711166,-78.901892,1225,72.0,358.4,-768
42.712144,-78.902084,1200,72.4,353.7,-640
42.712656,-78.902212,1175,71.8,347.1,-448
42.713058,-78.902435,1175,70.6,339.2,-384
42.713494,-78.902723,1175,69.8,332.7,-320
42.714066,-78.903309,1150,67.2,323.5,-192
42.714518,-78.903936,1150,63.7,312.5,-192
42.714752,-78.904433,1150,63.0,302.7,-384
42.71503,-78.90515,1125,62.7,294.5,-704
42.71517,-78.905725,1100,62.6,289.6,-768
42.715263,-78.906427,1075,64.5,277.1,-576
42.715263,-78.907449,1050,64.5,277.1,-576
42.715073,-78.908802,1025,64.9,260.2,-448
42.714798,-78.910113,1000,63.8,256.4,-384
42.714564,-78.911154,975,63.9,252.7,-640
42.714239,-78.912048,950,65.0,247.4,-448
42.713745,-78.91286,925,66.5,227.4,-768
42.712702,-78.913837,875,69.1,211.4,-640
42.711823,-78.914358,850,70.8,198.9,-704
42.710953,-78.914545,825,71.8,192.9,-576
42.710358,-78.914545,800,71.8,192.9,-576
42.7099,-78.914545,800,72.0,180.8,-896
42.708001,-78.914539,700,72.0,179.2,-832
42.707108,-78.914608,675,70.1,183.3,-768
42.703491,-78.914795,675,73.0,181.6,512
42.702667,-78.914795,675,77.0,180.0,192
42.701431,-78.914795,675,84.0,180.0,-64
42.698135,-78.914732,750,86.0,180.7,448
42.696716,-78.914732,800,89.0,179.4,704
42.693616,-78.914731,875,88.0,179.4,1152
42.691772,-78.91467,925,90.0,178.7,704
42.689484,-78.914483,1025,87.2,176.1,0
42.687836,-78.914296,1100,85.4,174.6,0
42.685089,-78.913796,1175,83.9,171.8,0
42.682536,-78.912879,1225,84.0,171.1,0
42.681793,-78.912236,1250,88.1,153.7,0
42.680255,-78.908727,1300,89.1,133.2,0
42.680557,-78.90462,1350,91.1,98.8,0
42.681015,-78.903621,1375,94.5,60.2,0
42.681838,-78.902276,1400,94.8,46.7,0
42.6828,-78.901312,1400,95.4,35.2,0
42.6837,-78.900743,1425,94.9,32.5,0
42.685143,-78.900296,1450,94.3,21.1,512
42.685593,-78.900188,1450,93.8,7.3,640
42.686874,-78.900126,1500,92.0,0.6,704
42.688728,-78.900232,1525,88.1,356.8,128
42.693104,-78.900423,1475,90.1,358.1,-192
42.700413,-78.900551,1425,91.1,358.1,-256
42.70423,-78.900807,1400,87.1,356.7,-256
42.705533,-78.90087,1375,83.1,357.9,-448
42.707382,-78.900875,1350,80.0,0.7,-256
42.708513,-78.90087,1325,76.0,1.5,-64
42.711399,-78.900743,1250,72.0,0.8,-512
42.713308,-78.900807,1200,70.1,357.5,-448
42.714518,-78.901318,1175,69.9,336.4,-448
42.71521,-78.901936,1175,66.2,321.8,-448
42.715668,-78.902685,1150,64.5,310.6,-448
42.715821,-78.903042,1150,64.1,301.0,-320
42.716034,-78.903809,1125,64.3,291.0,-320
42.716147,-78.90432,1100,66.0,284.0,-320
42.716171,-78.906056,1075,67.0,271.7,-512
42.716034,-78.907928,1050,65.4,263.9,-320
42.715942,-78.909052,1025,63.8,261.0,-320
42.715728,-78.910132,1000,63.9,252.7,-448
42.714981,-78.911611,950,64.2,232.6,-832
42.714471,-78.912176,925,66.5,222.6,-832
42.713447,-78.913006,900,69.1,211.4,-640
42.712326,-78.913859,850,70.7,206.9,-640
42.711319,-78.914358,800,72.6,202.7,-768
42.709676,-78.914731,775,72.0,189.6,-384
42.707768,-78.914731,725,68.0,180.0,-256
42.705231,-78.914732,650,64.0,178.2,-384
42.704315,-78.91467,650,71.0,178.4,128
42.702694,-78.914667,650,79.0,180.7,192
42.701437,-78.914731,675,80.0,180.7,192
42.699947,-78.914795,675,87.1,182.0,64
42.698685,-78.914795,700,89.1,181.9,320
42.696213,-78.914857,775,90.0,180.6,1024
42.694839,-78.91492,825,88.0,181.3,1088
42.692219,-78.914923,925,88.0,181.3,896
42.689333,-78.914859,1025,84.0,179.3,832
42.686493,-78.914667,1100,83.2,176.6,512
42.683607,-78.914284,1175,84.4,174.6,704
42.682526,-78.913859,1225,84.2,170.4,704
42.679371,-78.908024,1350,88.1,102.5,512
42.67965,-78.904767,1425,88.9,73.0,512
42.680145,-78.903559,1425,89.3,68.3,512
42.681093,-78.902212,1450,89.6,51.3,512
42.681885,-78.901637,1500,87.8,30.1,512
42.682536,-78.901254,1500,88.2,23.4,512
42.683281,-78.901062,1500,87.9,17.2,128
42.684073,-78.90087,1475,87.3,9.9,128
42.684957,-78.900807,1475,87.3,4.6,128
42.686234,-78.900812,1475,87.0,358.7,-192
42.688065,-78.900937,1475,87.1,356.7,-192
42.693146,-78.901437,1425,89.1,356.8,-256
42.695709,-78.901499,1400,90.0,0.0,-256
42.70015,-78.901561,1400,85.0,358.6,128
42.702255,-78.901749,1425,80.1,357.1,256
42.704602,-78.901956,1400,79.3,354.9,0
42.705626,-78.902148,1375,79.4,354.2,-576
42.70697,-78.902248,1350,78.2,355.6,-576
42.709071,-78.902339,1300,76.0,359.2,-576
42.710907,-78.902435,1250,78.1,357.1,-640
42.712189,-78.902623,1225,77.5,353.3,-384
42.713882,-78.903559,1200,71.3,328.8,-128
42.715077,-78.905214,1175,69.6,305.1,-448
42.715309,-78.905853,1150,69.4,298.4,-448
42.715622,-78.907304,1125,70.0,279.9,-448
42.715668,-78.907991,1100,70.2,274.1,-768
42.715542,-78.909302,1075,71.0,269.2,-768
42.715439,-78.909926,1075,69.6,257.6,-768
42.715164,-78.910925,1050,69.6,249.0,-768
42.714564,-78.912432,1025,70.7,241.3,-768
42.71402,-78.913546,975,70.8,233.6,-768
42.713494,-78.914156,950,71.5,223.3,-448
42.71315,-78.914483,925,71.9,214.8,-448
42.71283,-78.91467,925,71.7,210.1,-448
42.712372,-78.91492,900,72.8,200.9,-448
42.709909,-78.914859,825,72.6,172.9,-768
42.708326,-78.914667,750,74.2,176.1,-768
42.703997,-78.914731,675,73.0,180.8,128
42.702647,-78.914795,675,82.1,182.1,-256
42.700878,-78.914859,700,89.1,181.9,256
42.697998,-78.91492,750,91.0,181.3,640
42.695343,-78.915045,850,90.1,181.9,832
42.691681,-78.915107,950,88.0,180.0,640
42.689612,-78.91505,1050,85.0,179.3,1024
42.685749,-78.914923,1125,86.0,178.7,640
42.680878,-78.911174,1325,85.9,165.1,576
42.68074,-78.910675,1325,85.9,104.8,576
42.680832,-78.907804,1375,86.7,78.7,448
42.681061,-78.907117,1400,86.9,67.0,512
42.681512,-78.906108,1400,86.9,67.0,512
42.682071,-78.905342,1425,87.8,52.9,512
42.682938,-78.904558,1450,87.9,41.3,576
42.683899,-78.903996,1475,89.5,18.2,448
42.685097,-78.903617,1500,89.5,18.2,448
42.686096,-78.903434,1525,89.7,7.1,512
42.68775,-78.903298,1525,90.3,4.4,512
42.688522,-78.903247,1500,89.1,1.9,-128
42.691009,-78.903234,1500,89.0,358.7,-192
42.694361,-78.903361,1450,88.0,0.6,-320
42.696595,-78.903234,1425,85.1,2.7,128
42.697619,-78.903106,1425,85.2,4.0,-384
42.701809,-78.902723,1400,82.2,3.5,-64
42.705551,-78.90256,1350,78.1,2.9,-384
42.708435,-78.902373,1300,75.1,3.0,-576
42.71098,-78.902212,1225,76.0,1.5,-576
42.712889,-78.902531,1175,73.2,345.8,-448
42.713633,-78.902978,1175,73.4,342.5,-448
42.714006,-78.903298,1150,71.6,331.6,-448
42.714523,-78.903933,1150,71.6,331.6,-448
42.714798,-78.90437,1125,68.7,312.0,-448
42.714981,-78.904745,1125,69.1,304.4,-448
42.715302,-78.905681,1100,69.8,297.3,-448
42.715439,-78.906305,1100,70.2,287.4,-448
42.715495,-78.907194,1075,70.2,274.1,-448
42.715402,-78.907897,1075,70.0,269.2,-448
42.715347,-78.908241,1075,67.9,256.4,-448
42.715077,-78.90943,1050,67.1,252.6,-448
42.714661,-78.910862,1025,68.0,250.2,-448
42.714425,-78.91141,1000,69.4,241.6,-448
42.714052,-78.912112,975,70.6,232.5,-448
42.713287,-78.913047,950,70.8,222.7,-448
42.712563,-78.913645,900,70.8,222.7,-448
42.711868,-78.914046,875,76.2,203.2,-896
42.711026,-78.914348,850,78.6,194.7,-448
42.7099,-78.914608,825,78.6,194.7,-448
42.709351,-78.91467,850,75.3,185.3,64
42.706787,-78.914732,800,72.1,183.2,-448
42.705597,-78.91467,800,86.1,178.0,-256
42.704132,-78.914608,800,92.1,178.1,-64
42.703019,-78.914603,800,97.0,178.2,64
42.701111,-78.914545,800,101.0,179.4,-192
42.699342,-78.914539,800,105.0,180.6,128
42.695711,-78.914667,875,104.0,181.6,1344
42.694336,-78.914795,950,99.1,182.3,1536
42.692871,-78.914859,1000,95.1,182.4,1216
42.690125,-78.914859,1075,93.0,180.0,768
42.686912,-78.914731,1175,92.0,179.4,768
42.685593,-78.91467,1225,92.0,179.4,768
42.684166,-78.914539,1250,90.2,176.2,576
42.682723,-78.914284,1300,90.3,170.4,768
42.681233,-78.913581,1325,90.0,167.8,704
42.679557,-78.911793,1400,90.4,144.9,640
42.677835,-78.9063,1450,90.4,144.9,0
42.677856,-78.905993,1450,96.3,94.2,0
42.678254,-78.902914,1500,96.3,94.2,0
42.678635,-78.902061,1500,93.2,56.8,0
42.679278,-78.901062,1500,92.1,48.5,0
42.679883,-78.900423,1500,90.4,38.3,0
42.680349,-78.90004,1500,89.2,30.3,0
42.681015,-78.899626,1500,88.6,25.4,0
42.681559,-78.899401,1500,87.6,18.6,0
42.682251,-78.899252,1500,88.0,8.5,0
42.683075,-78.899189,1475,88.3,4.6,0
42.683807,-78.899189,1475,88.0,1.3,0
42.685004,-78.899274,1475,88.1,357.4,0
42.689758,-78.899626,1425,90.1,356.8,-320
42.692638,-78.899912,1450,85.1,356.6,128
42.700226,-78.900551,1425,84.2,356.6,-192
42.705002,-78.900875,1375,82.1,357.9,-384
42.707907,-78.900998,1350,78.0,358.5,-128
42.710999,-78.901187,1275,74.1,356.9,-640
42.712609,-78.901381,1225,75.3,354.7,-448
42.713354,-78.901573,1225,73.4,349.0,-320
42.713791,-78.901811,1200,72.1,340.6,-320
42.714066,-78.902061,1200,71.2,330.5,-384
42.714471,-78.902467,1200,70.3,320.2,-512
42.71489,-78.903184,1175,70.0,314.4,-576
42.715027,-78.903559,1175,70.0,301.0,-512
42.715256,-78.90437,1150,69.6,288.4,-576
42.715402,-78.905533,1125,69.5,276.6,-384
42.715356,-78.906491,1125,69.1,267.5,-192
42.715216,-78.907641,1125,66.5,263.1,-64
42.714981,-78.90899,1100,63.6,257.3,-256
42.714661,-78.910363,1075,62.6,253.3,-448
42.714332,-78.911537,1050,61.9,247.2,-704
42.713959,-78.912559,1025,62.3,240.1,-512
42.713516,-78.913297,975,63.0,234.0,-640
42.712921,-78.913921,950,62.7,213.9,-832
42.712283,-78.914284,900,63.7,202.1,-1152
42.711632,-78.914476,875,66.8,188.6,-960
42.710933,-78.914539,850,68.2,184.2,-896
42.709909,-78.914539,800,69.0,180.0,-832
42.707565,-78.914545,700,69.0,181.7,-576
42.705917,-78.914732,650,71.1,183.2,-704
42.703812,-78.914795,650,82.0,180.7,64
42.703252,-78.914795,650,85.0,181.4,128
42.701576,-78.914859,675,88.0,180.6,320
42.699295,-78.914859,775,90.0,180.6,960
42.697037,-78.914857,875,80.0,178.6,960
42.693057,-78.914603,975,84.1,177.9,640
42.69104,-78.914483,1025,85.0,178.6,640
42.689117,-78.91442,1100,84.0,178.6,832
42.686028,-78.914284,1200,83.0,178.6,832
42.684166,-78.914156,1250,84.2,175.9,704
42.681792,-78.913837,1350,83.3,175.2,832
42.680099,-78.913297,1400,80.8,167.9,896
42.67965,-78.912879,1425,79.6,154.7,768
42.678114,-78.90943,1500,79.6,154.7,0
42.678021,-78.908663,1500,83.0,99.0,0
42.678085,-78.906618,1475,85.1,86.6,0
42.678314,-78.905244,1475,84.8,72.8,0
42.679092,-78.903434,1475,84.6,61.0,0
42.679871,-78.902623,1475,86.0,35.5,0
42.68114,-78.90202,1475,85.8,31.6,0
42.681519,-78.901998,1475,85.4,5.4,0
42.682526,-78.901998,1500,85.1,358.0,0
42.686261,-78.902339,1500,85.2,356.0,0
42.688728,-78.902595,1475,87.4,354.8,-192
42.690582,-78.90256,1475,89.0,359.4,-64
42.691521,-78.902403,1475,89.5,5.8,-192
42.693569,-78.902212,1450,91.1,2.5,-320
42.696316,-78.902212,1450,92.0,359.4,64
42.698876,-78.902276,1425,89.1,358.1,-64
42.70018,-78.902339,1425,85.1,358.0,128
42.701669,-78.902403,1425,81.1,357.9,-64
42.705347,-78.902659,1350,79.2,356.4,-448
42.707245,-78.902747,1325,77.0,358.5,-384
42.708984,-78.90281,1275,72.0,0.0,-512
42.712097,-78.902787,1200,70.0,358.4,-512
42.713354,-78.902978,1150,69.4,345.0,-704
42.714066,-78.903309,1150,69.1,337.9,-576
42.714471,-78.903681,1125,68.5,331.2,-576
42.714661,-78.903933,1125,66.8,321.1,-448
42.715027,-78.904495,1100,67.2,315.6,-448
42.715118,-78.904683,1100,65.6,307.6,-320
42.715347,-78.905244,1100,65.7,296.2,-576
42.715495,-78.905853,1075,66.5,285.7,-704
42.71553,-78.90668,1050,68.1,273.4,-960
42.715495,-78.907386,1025,69.4,264.2,-1088
42.715393,-78.908116,1000,71.3,255.4,-768
42.714704,-78.910962,950,66.4,251.6,-704
42.714294,-78.91236,925,64.5,246.2,-512
42.713913,-78.913198,900,64.5,240.3,-320
42.713196,-78.914233,850,63.2,235.3,-576
42.712784,-78.914545,825,63.2,214.7,-640
42.712097,-78.914795,800,65.9,189.6,-832
42.711365,-78.914795,775,65.9,189.6,-832
42.71084,-78.914795,775,66.3,174.8,-448
42.709118,-78.914603,675,66.2,175.7,-960
42.708094,-78.914603,675,70.0,181.6,-512
42.706375,-78.91467,650,71.1,182.4,-256
42.703995,-78.91467,675,85.0,180.0,0
42.703019,-78.914731,675,90.0,180.6,256
42.700552,-78.914795,775,88.1,181.9,1088
42.698504,-78.914859,825,86.0,181.3,896
42.696396,-78.914795,925,84.1,177.9,960
42.694702,-78.914732,975,84.1,177.9,640
42.692459,-78.914545,1050,84.1,177.9,704
42.688868,-78.914156,1150,85.1,176.6,704
42.684494,-78.913921,1250,87.1,178.0,576
42.681702,-78.913859,1350,87.0,179.3,832
42.679278,-78.913837,1450,84.0,179.3,1280
42.675414,-78.913581,1600,81.2,176.5,640
42.673552,-78.91339,1650,80.2,176.4,832
42.67034,-78.913134,1750,79.2,176.4,768
42.669571,-78.913047,1750,82.3,175.1,192
42.666662,-78.912687,1825,84.4,174.6,832
42.664169,-78.912298,1925,81.4,174.4,1024
42.661926,-78.912048,2025,77.5,173.3,768
42.658795,-78.91141,2100,78.8,172.0,576
42.655676,-78.910707,2200,77.1,170.3,768
42.652359,-78.909864,2300,77.5,168.8,768
42.649996,-78.909174,2400,74.7,167.6,832
42.647017,-78.90828,2475,75.0,166.9,576
42.644852,-78.907554,2525,78.3,166.0,0
42.642197,-78.906618,2625,80.5,165.6,320
42.641384,-78.9063,2650,74.5,165.2,768
42.638498,-78.905214,2725,75.7,164.7,512
42.635705,-78.904128,2825,75.6,162.3,640
42.632996,-78.90281,2900,75.3,160.6,704
42.630432,-78.901437,2975,73.2,158.3,832
42.627651,-78.899848,3075,74.8,157.2,640
42.624939,-78.898315,3150,74.7,155.5,640
42.62281,-78.897038,3225,73.9,156.9,704
42.619904,-78.895506,3300,74.3,156.2,256
42.61862,-78.894802,3300,74.7,159.6,256
42.617432,-78.894445,3325,76.1,170.2,192
42.615827,-78.894164,3325,76.5,173.2,-128
42.614136,-78.893883,3325,80.4,174.3,-64
42.611498,-78.893589,3350,80.3,175.0,128
42.611312,-78.893525,3350,72.2,176.0,-640
42.60997,-78.893446,3250,74.0,178.4,-2560
42.60965,-78.893446,3200,77.1,177.8,-2944
42.60917,-78.893397,3175,80.1,177.1,-3072
42.608551,-78.893384,3100,84.2,175.9,-3200
42.608185,-78.893322,3050,88.4,174.8,-3264
42.607262,-78.893206,2950,92.5,173.8,-3072
42.606171,-78.89301,2825,96.7,172.9,-2944
42.604422,-78.892631,2650,99.3,170.7,-2816
42.603882,-78.892448,2600,99.3,170.7,-2816
42.603241,-78.89226,2500,99.3,170.7,-2816
42.602979,-78.892184,2500,105.1,168.5,-1856
42.601117,-78.891545,2450,104.8,164.5,-2112
42.60022,-78.891199,2375,104.4,163.3,-2624
42.599301,-78.890842,2225,107.3,163.8,-2304
42.595779,-78.889576,2325,102.6,164.7,1536
42.594772,-78.889202,2375,96.8,166.2,1280
42.593901,-78.888926,2425,93.4,167.0,1472
42.592691,-78.888543,2500,87.8,165.5,1408
42.589385,-78.887393,2575,86.6,166.0,896
42.586965,-78.886435,2675,85.4,163.7,704
42.584427,-78.885394,2725,85.1,162.2,576
42.581658,-78.884135,2825,84.1,162.0,832
42.579563,-78.883113,2900,85.4,159.4,832
42.578247,-78.882398,2950,84.3,157.7,1152
42.572813,-78.879153,3125,84.3,157.7,1152
42.571976,-78.878652,3150,80.6,156.6,1152
42.570159,-78.878067,3250,77.1,170.3,1152
42.569601,-78.878067,3250,75.0,178.5,1152
42.56749,-78.878965,3325,74.4,186.2,1152
42.567123,-78.879339,3350,73.5,213.9,1152
42.566528,-78.880111,3375,71.5,226.7,1152
42.565644,-78.882475,3425,73.7,249.4,512
42.565365,-78.883305,3450,74.7,242.1,512
42.564468,-78.88452,3500,72.1,213.7,832
42.562408,-78.885581,3575,73.1,196.7,640
42.559359,-78.885349,3675,79.1,166.8,1088
42.556799,-78.882155,3725,87.4,123.3,0
42.55517,-78.878451,3800,91.9,120.8,0
42.553986,-78.875469,3850,90.4,117.7,0
42.553307,-78.871424,3925,90.6,100.8,0
42.553401,-78.87085,3925,92.2,80.6,0
42.553757,-78.869476,3950,92.3,67.1,0
42.554718,-78.867853,3975,94.1,43.7,0
42.555402,-78.867209,3975,94.9,32.5,0
42.556194,-78.866698,3975,95.5,22.8,0
42.557497,-78.866378,4000,95.5,17.7,192
42.557922,-78.866355,4000,95.2,3.6,384
42.559662,-78.866355,4025,95.0,358.8,256
42.564201,-78.866634,4050,98.1,357.1,64
42.567552,-78.866953,4050,94.2,356.4,-128
42.568344,-78.867017,4025,91.1,357.5,-640
42.569595,-78.867042,4025,86.0,359.3,-256
42.570877,-78.867042,4000,82.0,359.3,-128
42.571603,-78.867081,4000,77.0,358.5,-512
42.573092,-78.867209,3900,76.2,355.5,-1664
42.574081,-78.867416,3825,80.6,348.5,-2368
42.577003,-78.868614,3600,88.9,343.0,-1216
42.577835,-78.869039,3550,86.8,335.5,-1984
42.578772,-78.8697,3475,88.6,333.1,-2112
42.579609,-78.870339,3375,90.9,330.3,-1856
42.580719,-78.871287,3325,90.7,325.8,-1600
42.582356,-78.873021,3175,90.9,320.4,-2112
42.583191,-78.873971,3075,93.1,320.7,-2240
42.584015,-78.875032,3025,101.8,315.8,-1280
42.586349,-78.878278,3025,97.6,314.2,704
42.589385,-78.882539,3050,100.5,312.6,960
42.59024,-78.883833,3100,96.3,311.6,1152
42.591019,-78.885082,3125,91.4,311.0,640
42.592255,-78.887142,3125,88.9,309.1,-64
42.592712,-78.888203,3125,88.6,296.9,320
42.592941,-78.889264,3150,87.6,288.6,256
42.593063,-78.890076,3150,86.1,279.4,192
42.593124,-78.891636,3150,86.1,272.7,0
42.59317,-78.895382,3125,90.0,270.0,-448
42.59317,-78.898815,3100,85.0,270.0,-320
42.593156,-78.902148,3000,82.0,270.7,-1152
42.59317,-78.904433,2900,81.0,268.6,-1408
42.593079,-78.906493,2825,82.1,267.2,-1536
42.593033,-78.908178,2725,84.1,268.0,-1664
42.593017,-78.90994,2625,86.1,268.0,-1728
42.59297,-78.911601,2575,90.0,268.7,-1024
42.59297,-78.913198,2575,94.0,270.0,-512
42.592987,-78.918291,2650,96.0,270.0,832
42.59297,-78.919138,2650,91.0,270.0,640
42.59297,-78.920799,2650,88.0,270.6,384
42.593017,-78.921566,2650,84.0,271.4,-256
42.59311,-78.923929,2625,79.2,273.6,-448
42.593216,-78.926655,2550,75.0,271.5,-1664
42.593203,-78.92757,2500,79.1,267.1,-1792
42.593063,-78.928783,2425,81.1,260.8,-1344
42.592941,-78.930276,2350,83.2,266.5,-1408
42.592877,-78.932424,2250,85.0,269.3,-1792
42.592877,-78.93434,2150,87.0,270.0,-1728
42.592877,-78.936768,2050,86.0,269.3,-1216
42.592712,-78.939452,1950,84.2,265.9,-1344
42.592621,-78.9412,1875,83.3,265.2,-1344
42.592346,-78.947317,1800,83.2,265.9,-320
42.592272,-78.95082,1875,89.0,269.4,704
42.59283,-78.956121,1975,89.0,269.4,704
42.593536,-78.957866,2000,90.6,292.0,704
42.594041,-78.958676,2025,90.4,308.3,704
42.594925,-78.95989,2050,91.2,315.4,704
42.59837,-78.962573,2100,91.9,329.2,704
42.598709,-78.962735,2125,93.9,345.8,704
42.599534,-78.962892,2125,94.1,351.4,704
42.600558,-78.962892,2175,93.0,358.8,704
42.602966,-78.962798,2250,90.1,1.9,704
42.605255,-78.96261,2300,87.4,5.2,768
42.605896,-78.962486,2325,87.1,9.2,832
42.606796,-78.962126,2375,85.7,17.0,832
42.60796,-78.961487,2400,86.0,23.3,448
42.609496,-78.960465,2425,88.1,27.7,320
42.610931,-78.959302,2450,89.9,32.3,576
42.613686,-78.956888,2550,88.2,33.0,768
42.616516,-78.954308,2625,88.5,34.4,512
42.619458,-78.951522,2725,88.2,35.3,704
42.622467,-78.94869,2800,88.8,33.5,576
42.626441,-78.945327,2825,86.3,32.2,-192
42.630445,-78.941941,2825,87.5,31.0,0
42.631189,-78.94143,2825,88.2,23.4,128
42.631795,-78.941239,2825,87.6,13.9,192
42.632492,-78.941137,2825,88.1,3.2,0
42.633098,-78.941239,2825,88.8,352.2,-128
42.633728,-78.941512,2825,88.6,343.6,-256
42.634262,-78.941877,2800,89.6,330.6,-320
42.634964,-78.942573,2800,89.5,320.4,-320
42.635379,-78.943219,2800,89.9,311.9,-320
42.635834,-78.944196,2775,89.9,302.3,-256
42.63617,-78.945135,2775,88.2,293.4,-64
42.63631,-78.945902,2775,86.5,280.7,-128
42.636357,-78.946732,2775,85.0,270.7,-64
42.636246,-78.947754,2775,83.9,261.8,64
42.636063,-78.948503,2775,81.9,250.0,0
42.635696,-78.949314,2775,80.6,240.3,-192
42.635426,-78.94967,2775,79.8,232.1,-256
42.635056,-78.950126,2750,79.2,217.3,-448
42.634598,-78.950438,2750,79.9,211.7,-448
42.634048,-78.95075,2750,80.1,200.5,-256
42.632353,-78.950884,2750,79.4,185.8,-64
42.631981,-78.95082,2750,79.4,185.8,-64
42.631302,-78.950563,2750,78.3,169.7,256
42.630249,-78.950064,2775,75.4,158.2,192
42.628257,-78.948904,2750,79.2,155.4,-512
42.626674,-78.947882,2700,82.9,156.5,-512
42.624985,-78.94688,2675,85.0,154.9,-64
42.62267,-78.943858,2725,83.0,143.8,384
42.622467,-78.943447,2725,79.9,124.3,64
42.621832,-78.941622,2725,80.1,114.3,-128
42.621507,-78.940345,2725,80.8,111.8,-128
42.621185,-78.938828,2700,82.7,104.7,-192
42.620762,-78.936129,2675,82.5,104.0,-192
42.620728,-78.933771,2700,84.2,85.9,320
42.621231,-78.931774,2725,83.0,81.0,384
42.621414,-78.931337,2725,83.0,81.0,384
42.621646,-78.930891,2725,81.8,57.5,256
42.621972,-78.930316,2725,82.4,54.4,128
42.622604,-78.929339,2725,83.4,45.0,-64
42.623462,-78.928336,2725,84.5,39.7,0
42.624207,-78.927654,2725,84.1,34.8,0
42.630524,-78.921724,2725,86.8,35.2,64
42.637102,-78.91537,2700,86.8,35.2,-128
42.641602,-78.911112,2650,89.3,34.0,-256
42.647964,-78.905244,2650,90.4,35.1,-128
42.652176,-78.901249,2600,88.8,35.8,-192
42.656754,-78.89663,2550,89.4,36.4,-128
42.658722,-78.894757,2550,89.6,33.2,-320
42.660005,-78.89378,2525,91.7,28.0,-448
42.661194,-78.893072,2500,92.9,22.1,-192
42.662292,-78.892573,2500,93.7,16.1,-128
42.663264,-78.892311,2500,92.6,10.6,-128
42.664102,-78.892247,2475,91.4,5.0,-256
42.665359,-78.892247,2450,91.0,358.7,-448
42.66655,-78.892448,2450,89.8,352.3,-448
42.668793,-78.892885,2400,88.6,353.5,-448
42.669434,-78.892822,2400,89.1,358.1,-384
42.67006,-78.892695,2400,90.3,4.4,-192
42.670712,-78.892439,2400,92.1,21.0,192
42.671643,-78.8918,2400,92.2,28.5,256
42.672272,-78.891137,2425,92.4,35.8,384
42.673226,-78.890076,2450,91.4,41.0,512
42.67392,-78.889015,2475,89.9,48.2,512
42.674716,-78.887648,2500,90.2,54.0,320
42.675461,-78.885988,2500,90.2,58.6,320
42.676346,-78.883833,2525,90.8,63.2,192
42.677261,-78.881087,2525,94.5,67.0,128
42.677856,-78.87884,2550,93.3,70.6,512
42.678533,-78.875832,2600,92.7,73.7,320
42.679779,-78.869726,2650,91.9,75.5,512
42.68114,-78.862865,2725,94.4,74.6,320
42.681699,-78.86063,2725,94.6,70.2,448
42.682114,-78.859614,2750,94.8,62.3,448
42.682583,-78.858714,2750,95.4,54.8,576
42.683121,-78.857866,2775,94.8,46.7,576
42.684212,-78.856733,2800,95.0,40.7,512
42.684631,-78.85643,2800,95.0,30.3,512
42.685364,-78.855993,2825,95.9,23.4,320
42.686371,-78.855556,2825,96.8,16.2,256
42.687331,-78.855328,2850,97.9,7.6,320
42.688889,-78.855182,2875,97.1,2.4,576
42.690869,-78.8552,2900,95.0,358.8,448
42.69329,-78.855328,2925,96.2,356.4,320
42.694382,-78.855556,2950,94.2,347.7,704
42.695152,-78.855903,2975,94.3,342.7,640
42.695709,-78.856243,2975,91.7,333.4,640
42.696304,-78.856742,3000,89.0,321.8,640
42.697014,-78.857692,3025,87.7,315.0,576
42.697433,-78.858394,3025,85.8,306.5,576
42.697678,-78.859052,3050,84.2,299.9,576
42.697899,-78.859863,3075,81.9,287.8,512
42.697998,-78.861049,3075,81.6,281.3,384
42.697998,-78.861549,3075,79.0,270.0,320
42.697815,-78.862298,3075,78.5,259.0,192
42.697632,-78.862922,3075,78.8,246.0,0
42.69734,-78.863568,3075,78.5,235.9,64
42.696968,-78.864079,3100,78.6,227.6,192
42.696549,-78.86459,3100,78.2,218.8,384
42.69603,-78.865044,3125,77.4,212.9,576
42.694826,-78.865931,3150,75.6,207.6,256
42.692093,-78.867853,3075,75.2,208.6,-576
42.691315,-78.86854,3050,74.1,214.6,-768
42.690674,-78.869289,3000,73.8,220.6,-896
42.689941,-78.870288,2950,75.7,227.7,-1216
42.689473,-78.871105,2925,77.2,233.4,-1280
42.689117,-78.871973,2875,79.7,241.5,-1280
42.688843,-78.872972,2825,80.1,245.7,-1280
42.688705,-78.873659,2800,83.4,256.1,-1024
42.688635,-78.874746,2775,83.5,263.8,-640
42.688614,-78.876031,2750,82.0,271.4,-768
42.688705,-78.877279,2725,82.7,277.6,-1152
42.688934,-78.87859,2675,84.6,284.4,-1088
42.689255,-78.879838,2625,85.8,291.2,-1216
42.689758,-78.881212,2575,87.2,296.6,-1472
42.690353,-78.88271,2475,91.6,301.6,-1600
42.691544,-78.885019,2375,95.4,305.2,-2112
42.692312,-78.886435,2275,99.2,307.2,-1984
42.693197,-78.888032,2175,100.0,306.9,-1600
42.694702,-78.890637,2075,95.9,309.5,-896
42.695847,-78.89251,2000,91.6,310.1,-1088
42.697154,-78.894483,1900,89.2,312.3,-1408
42.698457,-78.896335,1800,89.8,314.5,-1472
42.6996,-78.897566,1700,90.0,319.0,-1536
42.700506,-78.898315,1650,90.0,319.0,-1536
42.700882,-78.898503,1625,91.2,334.0,-1024
42.701569,-78.898815,1600,90.8,343.4,-832
42.703033,-78.899314,1575,88.6,348.9,-640
42.704695,-78.899593,1525,88.6,353.5,-448
42.70665,-78.899876,1500,84.2,356.6,-320
42.708559,-78.899912,1450,80.0,0.0,-640
42.710328,-78.899912,1425,75.0,1.5,-128
42.712283,-78.899848,1400,71.0,0.8,-576
42.712967,-78.899938,1375,70.3,355.1,-768
42.71347,-78.900063,1350,70.2,349.3,-768
42.714111,-78.900313,1325,70.6,344.4,-768
42.714518,-78.900615,1300,69.9,336.4,-576
42.71503,-78.901126,1300,68.6,329.3,-512
42.715309,-78.901573,1300,65.8,313.1,-256
42.715622,-78.902186,1275,64.1,304.2,-384
42.715775,-78.902723,1250,62.2,293.7,-704
42.715897,-78.903309,1225,62.6,286.7,-960
42.715961,-78.903745,1225,63.0,280.1,-1088
42.715988,-78.904495,1175,65.0,270.9,-1152
42.715868,-78.90598,1125,65.4,263.9,-832
42.715775,-78.907449,1100,61.3,264.4,-448
42.715635,-78.908982,1050,60.4,263.4,-768
42.715495,-78.909685,1050,62.1,255.1,-640
42.715123,-78.910962,975,62.0,249.2,-1024
42.714564,-78.912304,925,62.1,236.8,-704
42.714249,-78.912797,925,63.6,225.0,-512
42.713261,-78.913645,875,66.2,206.9,-896
42.711914,-78.914171,800,68.4,195.3,-704
42.711259,-78.914284,800,68.7,188.4,-576
42.710095,-78.914476,750,68.2,184.2,-896
42.707565,-78.914608,675,67.1,183.4,-640
42.704636,-78.914795,575,65.0,181.8,-576
42.704269,-78.914857,750,64.1,3.6,896
42.705597,-78.914608,775,64.6,8.0,512
42.708206,-78.914108,850,68.6,7.5,320
42.709164,-78.913965,850,71.5,6.4,320
42.710468,-78.913837,875,74.2,3.9,320
42.713261,-78.913709,975,76.1,2.3,768
42.715576,-78.913609,1050,74.0,0.8,640
42.71759,-78.913671,1100,77.1,357.8,320
42.720062,-78.913671,1150,82.0,0.0,448
42.7229,-78.913734,1225,81.1,357.9,576
42.726016,-78.914028,1300,84.2,355.9,448
42.726837,-78.914108,1325,85.4,354.6,448
42.727971,-78.914412,1350,86.9,348.0,576
42.728763,-78.914795,1350,88.0,338.7,384
42.729492,-78.915357,1375,89.1,331.1,512
42.730133,-78.916106,1400,89.2,317.7,768
42.730672,-78.916967,1425,88.9,309.1,832
42.731184,-78.917989,1450,88.0,301.5,704
42.731509,-78.919011,1475,88.8,292.5,512
42.731781,-78.920351,1500,89.7,284.2,512
42.731918,-78.921474,1500,89.8,277.7,384
42.731918,-78.92266,1525,90.0,269.4,640
42.731827,-78.924096,1550,89.7,263.0,768
42.731644,-78.925157,1575,88.6,258.9,768
42.73137,-78.926484,1600,88.2,252.2,704
42.730957,-78.927779,1625,88.1,245.2,512
42.730545,-78.928715,1650,87.1,235.8,576
42.72988,-78.929678,1675,86.4,227.8,640
42.729218,-78.930401,1700,85.4,218.4,640
42.728394,-78.931087,1725,86.1,210.7,576
42.727459,-78.931785,1750,85.4,207.2,512
42.726854,-78.932041,1750,85.4,196.3,448
42.725597,-78.932424,1800,85.7,191.4,576
42.722106,-78.93351,1900,83.0,192.5,576
42.718568,-78.934468,2000,83.5,191.0,768
42.717133,-78.93477,2025,83.2,189.7,448
42.712921,-78.935457,2100,87.8,187.9,448
42.710999,-78.935706,2150,85.3,184.7,832
42.708373,-78.935937,2225,85.1,182.0,384
42.705505,-78.935894,2250,88.0,179.4,448
42.702209,-78.935831,2350,85.0,178.6,896
42.700319,-78.935682,2425,80.1,177.1,960
42.69722,-78.935457,2525,77.2,176.3,768
42.694826,-78.935107,2600,75.4,173.9,704
42.692093,-78.934583,2700,73.8,171.4,576
42.688797,-78.933834,2775,76.3,169.4,512
42.685776,-78.933022,2850,74.7,167.6,576
42.683716,-78.932273,2925,75.7,164.7,448
42.681702,-78.931462,2950,71.5,162.1,320
42.678543,-78.929964,3000,71.2,160.3,64
42.67723,-78.92923,2975,75.4,158.2,-320
42.673462,-78.927217,2975,79.9,157.9,128
42.671597,-78.926101,2975,83.8,156.8,-512
42.669502,-78.924759,2950,88.6,154.6,-384
42.667145,-78.923284,2900,93.0,154.5,-320
42.664614,-78.921757,2900,95.1,157.8,-64
42.661835,-78.920226,2925,90.6,158.0,384
42.659088,-78.918852,2950,90.1,160.6,-128
42.655676,-78.91735,2925,91.1,162.8,64
42.650509,-78.91537,2975,88.6,163.6,128
42.644829,-78.913326,2925,91.5,164.1,-256
42.642151,-78.91236,2925,91.4,166.7,64
42.636475,-78.910862,2950,91.0,167.9,-192
42.633682,-78.910176,2925,93.2,170.7,0
42.630212,-78.909557,2950,90.7,173.0,192
42.623703,-78.90849,2950,90.8,172.4,-64
42.616991,-78.907194,2950,92.7,173.2,0
42.608425,-78.905853,2950,92.5,173.8,64
42.603211,-78.905086,2975,91.4,175.0,0
42.597794,-78.904558,2950,92.5,173.8,-64
42.595949,-78.904192,2950,92.6,169.4,128
42.594972,-78.903809,2950,92.0,161.0,320
42.592712,-78.900937,2950,94.3,124.2,-640
42.592163,-78.899002,2925,99.0,108.2,-448
42.591527,-78.895824,2925,99.2,104.6,320
42.591015,-78.893142,2975,94.4,105.4,512
42.589645,-78.886767,2975,95.2,107.1,-192
42.590881,-78.877903,2900,108.8,54.0,-384
42.592026,-78.876905,2900,111.5,32.5,-192
42.593216,-78.876343,2875,111.5,32.5,-192
42.593761,-78.876215,2875,114.0,10.6,-384
42.595996,-78.876534,2850,114.4,355.5,-192
42.596832,-78.877029,2850,113.3,336.6,0
42.598068,-78.878215,2850,113.0,329.1,0
42.598434,-78.878715,2850,113.0,329.1,0
42.598603,-78.878962,2850,111.1,313.2,0
42.59903,-78.879838,2850,109.3,304.6,0
42.599348,-78.88075,2850,108.8,299.2,-64
42.599533,-78.881461,2850,107.9,293.5,-64
42.599716,-78.882523,2850,106.5,282.5,-64
42.599762,-78.883709,2850,105.3,274.4,0
42.59972,-78.884646,2850,104.3,265.6,128
42.59958,-78.885668,2850,102.2,258.1,64
42.599348,-78.886499,2850,101.5,251.0,-64
42.599022,-78.887393,2850,101.1,242.9,-192
42.59851,-78.888351,2850,100.4,234.7,-320
42.597473,-78.889888,2825,100.5,227.4,-256
42.5961,-78.891699,2825,99.7,223.8,256
42.594273,-78.893908,2850,95.7,221.2,384
42.592644,-78.895697,2875,92.6,218.0,0
42.590317,-78.897932,2850,95.4,215.2,-384
42.584823,-78.90317,2850,91.0,215.6,128
42.581611,-78.906236,2825,93.5,214.5,-384
42.58049,-78.906992,2800,94.0,203.8,-256
42.580032,-78.907179,2800,94.7,201.7,-256
42.579237,-78.907386,2775,94.4,192.9,-256
42.575559,-78.904383,2725,98.2,123.4,64
42.57518,-78.903247,2750,98.2,123.4,64
42.575089,-78.902747,2750,98.4,107.2,64
42.574951,-78.901499,2725,99.0,98.1,-192
42.57486,-78.899876,2750,99.1,92.3,-192
42.574722,-78.895631,2750,96.3,94.8,128
42.574535,-78.894291,2750,93.4,103.0,256
42.574256,-78.893206,2775,91.6,111.8,256
42.573837,-78.892247,2775,88.2,125.3,256
42.573166,-78.891324,2775,88.4,133.6,192
42.572662,-78.890825,2750,89.6,144.5,192
42.571835,-78.890267,2725,92.7,159.8,-832
42.57106,-78.890013,2700,94.2,167.7,-832
42.569321,-78.890201,2700,94.6,173.3,-320
42.567993,-78.891012,2675,96.2,206.6,-320
42.565225,-78.892886,2675,93.9,205.2,64
42.564387,-78.893269,2675,92.3,197.6,64
42.562851,-78.893397,2650,93.0,178.8,-320
42.561996,-78.893197,2625,94.6,166.6,-320
42.559313,-78.89014,2550,101.2,122.9,-640
42.558894,-78.88899,2550,101.7,120.1,-640
42.558884,-78.884583,2525,103.1,92.8,-512
42.560616,-78.880558,2500,105.7,72.9,128
42.561493,-78.878965,2500,105.2,53.9,128
42.562897,-78.876534,2525,100.9,50.6,256
42.564061,-78.874682,2550,97.3,50.4,512
42.565842,-78.871973,2600,94.8,47.6,448
42.56781,-78.869164,2650,93.3,45.0,576
42.570419,-78.865793,2750,89.9,42.8,768
42.573185,-78.862482,2850,89.3,41.4,576
42.575932,-78.859352,2925,90.8,40.5,640
42.577881,-78.857117,2925,95.8,40.3,640
42.580773,-78.853859,2950,99.0,38.0,640
42.583054,-78.851624,2950,100.4,35.3,640
42.584358,-78.850474,2925,102.2,30.6,640
42.585205,-78.850001,2925,102.5,24.8,640
42.586173,-78.849771,2950,102.3,9.0,-64
42.58786,-78.849876,2925,103.3,4.4,-192
42.588638,-78.850188,2925,107.6,343.2,-448
42.589279,-78.850562,2900,108.5,337.2,-320
42.590515,-78.851686,2900,107.9,330.6,-192
42.590881,-78.852185,2900,108.2,316.1,-448
42.591387,-78.853093,2875,108.2,305.6,-448
42.591713,-78.853923,2875,107.9,299.4,-448
42.592026,-78.854807,2875,107.7,291.8,-320
42.592255,-78.855993,2875,107.0,283.5,-128
42.592346,-78.857429,2875,105.4,274.9,128
42.5923,-78.858615,2875,103.1,267.2,256
42.592179,-78.859799,2875,101.2,258.0,0
42.591806,-78.861396,2875,100.6,250.8,-256
42.591293,-78.862547,2850,100.3,240.1,-384
42.589462,-78.866542,2875,98.4,242.1,256
42.58905,-78.868415,2875,98.6,247.3,128
42.590103,-78.873409,2825,108.0,300.6,256
42.593436,-78.876598,2775,113.4,318.6,-832
42.594553,-78.876918,2775,114.2,346.3,-832
42.595391,-78.876982,2775,113.4,354.9,-832
42.596322,-78.876918,2775,112.3,4.1,-832
42.59729,-78.876717,2775,111.0,10.9,-832
42.59823,-78.876279,2775,110.1,17.5,-832
42.599115,-78.875768,2775,109.2,24.9,-832
42.600037,-78.875032,2775,108.5,33.0,-832
42.600698,-78.874299,2775,108.9,38.7,-832
42.601456,-78.873284,2750,108.2,44.6,-832
42.602966,-78.870912,2750,107.7,48.8,-832
42.605306,-78.867145,2750,106.7,51.1,-832
42.606995,-78.864046,2750,103.8,54.0,64
42.608565,-78.860949,2750,104.8,57.1,-64
42.610428,-78.856805,2750,103.1,59.7,128
42.612625,-78.851311,2775,101.1,61.7,-64
42.613586,-78.848752,2750,102.0,64.4,-128
42.613872,-78.847536,2750,101.2,73.3,64
42.613953,-78.846942,2750,99.6,79.6,64
42.613953,-78.846068,2750,98.0,89.4,64
42.613861,-78.845381,2750,96.7,97.1,0
42.613732,-78.844853,2750,96.1,102.0,-64
42.613593,-78.84447,2750,95.3,110.9,-64
42.613037,-78.843446,2750,94.2,120.7,-64
42.612762,-78.843197,2750,93.4,136.7,-192
42.612382,-78.842809,2750,93.2,144.6,-256
42.61201,-78.842553,2750,92.9,157.9,-448
42.611405,-78.842362,2725,93.4,164.5,-576
42.610474,-78.842385,2700,93.4,170.1,-640
42.609868,-78.842681,2675,97.1,198.6,-1216
42.609055,-78.843446,2625,102.5,218.7,-1280
42.608332,-78.844789,2600,107.1,237.2,-832
42.607774,-78.847408,2550,109.9,256.9,-576
42.608286,-78.850154,2550,109.9,256.9,-576
42.609263,-78.851815,2525,114.5,304.0,-512
42.611252,-78.853247,2500,115.8,340.3,-192
42.611984,-78.853434,2500,114.9,349.5,128
42.612894,-78.853476,2500,113.1,357.5,512
42.613686,-78.853412,2525,108.9,7.4,768
42.614663,-78.853093,2550,107.4,14.6,576
42.615362,-78.852646,2550,105.2,24.1,384
42.61592,-78.852135,2550,104.0,35.2,192
42.616287,-78.851624,2550,102.7,41.5,128
42.616562,-78.851124,2550,101.9,46.6,128
42.616791,-78.850562,2550,100.7,60.9,-128
42.616944,-78.849963,2550,100.2,64.0,-256
42.617037,-78.849324,2550,100.0,78.5,-512
42.61702,-78.848752,2525,100.1,87.7,-640
42.616928,-78.847878,2525,100.1,98.6,-768
42.616712,-78.846961,2500,101.0,111.5,-640
42.616293,-78.84613,2500,101.6,122.1,-448
42.616013,-78.845693,2500,100.9,129.4,-384
42.614914,-78.844632,2475,100.3,150.1,-64
42.613861,-78.844133,2475,98.3,167.7,192
42.613267,-78.844086,2500,98.3,170.6,192
42.612568,-78.84415,2500,98.0,180.6,64
42.612103,-78.844278,2500,97.3,192.5,-64
42.611252,-78.84482,2475,98.8,205.8,-256
42.610008,-78.845811,2475,99.6,211.5,-128
42.606843,-78.84843,2500,95.2,211.7,640
42.604934,-78.850027,2525,91.3,208.8,320
42.604282,-78.850346,2550,89.5,200.3,320
42.60363,-78.850602,2550,89.3,192.9,256
42.603012,-78.850625,2550,88.1,182.6,256
42.60228,-78.8505,2550,88.0,171.5,256
42.601768,-78.850282,2550,87.3,166.8,256
42.601227,-78.849938,2550,87.7,154.3,256
42.600791,-78.849516,2550,88.5,147.9,64
42.599906,-78.848174,2550,88.2,141.4,64
42.59972,-78.847791,2550,90.2,126.0,64
42.598206,-78.844882,2550,93.6,126.8,-192
42.597153,-78.843259,2525,94.9,131.6,-192
42.595917,-78.841574,2525,95.5,135.4,-128
42.59418,-78.839487,2550,92.9,138.9,256
42.592598,-78.837635,2575,91.6,139.9,320
42.590881,-78.83402,2525,97.9,101.2,-768
42.590968,-78.832206,2475,103.8,79.4,-960
42.5923,-78.829963,2450,108.7,39.4,-192
42.593529,-78.829204,2450,108.0,36.3,-192
42.594041,-78.829076,2425,109.6,14.8,-192
42.595717,-78.829395,2425,109.9,346.9,-256
42.596368,-78.829779,2425,110.1,339.3,-256
42.597336,-78.830837,2400,109.5,320.9,-256
42.597794,-78.831773,2400,108.7,304.1,-256
42.598044,-78.832717,2400,107.3,291.3,-256
42.59816,-78.833271,2400,106.4,279.2,-256
42.598114,-78.834582,2400,106.4,279.2,-256
42.598022,-78.835394,2400,103.8,259.5,192
42.597748,-78.836205,2400,102.2,250.0,192
42.597486,-78.836805,2400,101.1,245.5,192
42.597206,-78.837252,2425,99.8,232.3,192
42.596832,-78.837703,2400,98.0,220.0,-64
42.595963,-78.83839,2400,97.5,208.1,-64
42.595139,-78.838827,2425,94.2,199.2,-64
42.594925,-78.838913,2450,94.2,199.2,-64
42.594786,-78.838976,2450,93.3,197.5,640
42.592667,-78.839763,2475,91.0,194.6,256
42.585708,-78.84217,2500,91.0,194.6,256
42.585022,-78.842572,2500,89.6,203.7,256
42.584311,-78.843256,2500,90.1,210.0,256
42.584061,-78.843571,2500,89.5,219.6,0
42.583706,-78.844214,2500,91.4,228.1,0
42.583328,-78.845319,2475,95.3,249.1,0
42.58366,-78.848494,2400,105.3,288.3,-1088
42.585568,-78.850474,2375,109.6,308.3,-192
42.58608,-78.850665,2375,109.6,308.3,-192
42.586853,-78.850812,2375,111.2,356.9,-192
42.587803,-78.850665,2375,109.5,5.2,-192
42.588268,-78.85041,2375,108.9,13.3,64
42.588776,-78.850063,2375,107.4,29.0,64
42.589371,-78.849439,2375,106.5,34.3,64
42.589851,-78.848685,2375,104.6,51.6,64
42.590037,-78.84811,2375,103.4,60.5,0
42.590317,-78.846577,2375,101.6,76.9,0
42.590057,-78.844695,2375,99.2,94.0,-128
42.589804,-78.84415,2375,98.4,110.8,-128
42.589554,-78.843696,2350,97.7,125.0,-128
42.588226,-78.84251,2350,97.4,146.3,-192
42.587769,-78.842385,2350,97.1,161.4,-192
42.586441,-78.842635,2300,100.2,192.1,-192
42.58487,-78.843575,2325,101.2,200.2,-192
42.584218,-78.844023,2350,93.5,206.0,-192
42.583786,-78.844258,2375,91.7,205.2,1216
42.582868,-78.844853,2425,85.5,204.2,1216
42.582047,-78.845319,2475,83.3,204.1,1280
42.581726,-78.845569,2500,77.9,204.3,1280
42.579529,-78.846879,2600,73.8,204.8,832
42.577328,-78.848174,2650,74.8,202.8,512
42.575327,-78.84926,2725,72.8,200.9,768
42.572161,-78.850793,2800,75.3,199.4,384
42.569275,-78.852123,2875,75.9,198.4,640
42.56569,-78.853668,2950,78.7,197.7,384
42.562897,-78.854881,2975,80.7,199.6,-64
42.561172,-78.855743,2950,85.4,200.6,-320
42.559662,-78.856492,2925,86.7,196.8,-320
42.559021,-78.856617,2950,86.9,192.0,192
42.557465,-78.856118,2950,83.8,160.5,128
42.556961,-78.855619,2950,85.4,147.4,128
42.556101,-78.853284,2875,96.5,103.2,-896
42.556147,-78.852071,2850,96.5,103.2,-896
42.55632,-78.851374,2850,101.4,75.1,-896
42.55719,-78.849564,2850,105.0,53.1,-192
42.557739,-78.848939,2850,106.7,38.9,-192
42.558382,-78.848494,2850,106.5,28.0,-192
42.559545,-78.848047,2850,107.5,18.4,-320
42.560058,-78.847983,2825,109.6,5.8,-320
42.561035,-78.848128,2825,111.5,354.9,-320
42.561454,-78.848366,2825,111.6,347.6,-320
42.562478,-78.849069,2825,111.0,327.9,-320
42.563049,-78.849751,2825,110.5,318.7,-320
42.563507,-78.8505,2800,109.6,305.7,-320
42.563875,-78.851432,2800,109.1,297.3,-384
42.564102,-78.852685,2775,109.1,283.8,-384
42.564108,-78.853412,2775,108.2,273.7,-384
42.564061,-78.854115,2750,107.7,259.8,-384
42.563782,-78.855137,2725,107.2,250.4,-832
42.563409,-78.855903,2725,106.2,236.9,-832
42.562944,-78.856542,2725,104.0,223.8,-832
42.562271,-78.857179,2750,100.4,215.3,-832
42.561733,-78.857628,2800,96.6,211.9,-832
42.560944,-78.85824,2825,91.8,209.4,-832
42.560577,-78.85849,2850,89.1,208.9,1088
42.558894,-78.859736,2875,86.4,208.4,1088
42.558746,-78.859863,2875,86.4,208.4,320
42.555635,-78.862163,2875,89.1,208.9,-64
42.554031,-78.863858,2900,89.1,226.8,320
42.553391,-78.865544,2900,88.4,232.4,320
42.553307,-78.867017,2875,93.6,256.4,-832
42.553574,-78.86829,2825,93.6,256.4,-832
42.554052,-78.869253,2800,107.6,305.2,-832
42.555682,-78.870466,2725,114.2,336.8,-1152
42.556101,-78.87053,2725,115.7,353.5,-1152
42.556915,-78.870537,2700,116.0,0.5,-1152
42.557776,-78.870275,2725,113.6,12.2,-1152
42.558517,-78.869913,2750,110.4,17.9,768
42.559592,-78.869381,2775,107.0,20.8,768
42.560895,-78.868678,2800,102.9,21.1,576
42.562912,-78.867604,2800,103.2,21.6,576
42.56313,-78.867464,2800,103.6,22.1,-192
42.570811,-78.863312,2800,105.1,21.2,-64
42.572891,-78.862423,2800,104.4,16.7,-64
42.580354,-78.85948,2800,105.0,17.7,0
42.586499,-78.856606,2800,103.7,19.1,128
42.589153,-78.855392,2775,99.0,18.2,128
42.59285,-78.853933,2675,94.9,16.5,128
42.595139,-78.852934,2650,90.4,18.0,128
42.5961,-78.852497,2650,85.7,19.1,0
42.597198,-78.851998,2625,81.6,19.3,0
42.600092,-78.850474,2525,82.6,21.3,-128
42.603195,-78.848815,2450,84.7,22.9,-128
42.60526,-78.847536,2350,86.8,24.5,-128
42.608053,-78.845811,2300,81.9,25.3,-128
42.610939,-78.843959,2225,81.0,25.6,-768
42.61336,-78.842298,2125,79.6,26.9,-704
42.614502,-78.841636,2100,80.3,18.9,-768
42.615222,-78.841404,2075,80.7,17.3,-768
42.615829,-78.841261,2050,80.9,8.5,-768
42.616425,-78.841324,2025,82.0,0.7,-704
42.616974,-78.841449,2025,82.4,349.5,-832
42.617661,-78.841823,1975,83.8,336.8,-1024
42.618759,-78.842884,1925,87.2,319.2,-1088
42.619179,-78.843512,1900,88.5,311.8,-960
42.619551,-78.844278,1875,89.7,300.9,-704
42.619904,-78.845256,1850,89.0,297.4,-704
42.620087,-78.846068,1850,89.2,289.6,-768
42.620224,-78.846817,1825,89.3,283.0,-640
42.620343,-78.847983,1800,89.5,275.8,-448
42.620296,-78.84926,1800,89.1,267.4,-384
42.620132,-78.850188,1775,88.6,258.9,-256
42.619995,-78.850874,1775,88.2,252.2,-64
42.619644,-78.851815,1800,87.2,243.4,256
42.619039,-78.853029,1800,86.5,236.3,192
42.618484,-78.853871,1800,88.6,229.1,-320
42.61734,-78.855556,1775,91.9,225.0,-128
42.615463,-78.857866,1800,90.6,222.3,448
42.614319,-78.859177,1825,89.0,218.2,128
42.612429,-78.861141,1825,91.4,221.0,0
42.610153,-78.863796,1800,95.4,218.2,-192
42.609217,-78.864654,1800,96.3,212.7,-128
42.608368,-78.865107,1800,96.7,204.4,-64
42.608006,-78.865229,1800,95.3,195.2,64
42.607407,-78.865356,1800,95.2,189.1,-128
42.605912,-78.865548,1825,94.1,183.0,384
42.598975,-78.865931,1825,94.1,182.4,-256
42.591293,-78.866355,1825,94.1,182.4,-256
42.588455,-78.866667,1850,93.3,184.3,-256
42.587036,-78.866855,1850,91.6,186.3,128
42.585754,-78.867167,1875,92.0,191.9,128
42.584916,-78.867592,1850,92.3,197.6,128
42.58366,-78.868422,1825,95.4,209.5,128
42.582825,-78.869227,1825,97.2,216.6,128
42.582001,-78.870413,1825,98.7,230.3,128
42.581285,-78.872446,1800,99.8,241.9,128
42.581131,-78.873659,1800,99.7,256.7,128
42.581177,-78.875157,1800,100.0,270.0,128
42.58231,-78.878131,1775,100.0,270.0,128
42.582458,-78.87834,1775,97.6,313.3,128
42.586639,-78.880303,1725,98.5,350.1,-256
42.587616,-78.880367,1725,98.5,350.1,-256
42.589292,-78.880558,1750,93.5,353.9,704
42.590782,-78.881069,1775,91.1,342.8,192
42.593156,-78.882922,1750,94.8,322.3,-320
42.594589,-78.885706,1750,97.6,299.5,-64
42.594832,-78.887393,1750,96.5,276.0,-64
42.594646,-78.889437,1750,95.8,256.1,192
42.594367,-78.890203,1750,95.5,252.3,192
42.593668,-78.891545,1750,95.0,233.1,-256
42.592411,-78.892758,1725,95.3,219.0,-192
42.585892,-78.894196,1725,93.2,183.7,-64
42.58352,-78.894994,1725,94.6,199.8,0
42.582733,-78.895694,1725,95.4,209.5,-256
42.581239,-78.898699,1700,98.8,238.2,-320
42.581726,-78.903871,1700,98.7,287.7,-64
42.584473,-78.907741,1650,98.1,293.4,-128
42.585846,-78.908241,1650,97.3,345.1,-128
42.589618,-78.908663,1625,96.5,354.0,-64
42.590881,-78.909114,1625,96.5,346.8,-64
42.593389,-78.911537,1600,101.1,314.6,-192
42.594087,-78.912879,1600,101.1,314.6,64
42.594406,-78.913734,1600,99.4,298.9,64
42.594599,-78.914539,1625,97.7,289.7,64
42.594786,-78.915753,1625,97.7,289.7,64
42.594818,-78.916605,1650,94.9,277.9,512
42.594727,-78.917978,1650,93.0,268.8,512
42.591341,-78.923482,1650,93.2,209.6,192
42.590332,-78.924033,1650,91.8,203.8,192
42.585571,-78.925469,1675,90.5,200.0,64
42.583145,-78.928153,1675,94.0,231.9,-64
42.582687,-78.929527,1650,94.4,244.2,-64
42.586487,-78.939639,1600,94.4,244.2,-128
42.58786,-78.940014,1600,94.9,341.6,-320
42.589966,-78.939889,1600,92.7,6.8,-192
42.591061,-78.939259,1600,92.7,6.8,256
42.591385,-78.939015,1600,88.2,29.2,256
42.593033,-78.934895,1625,82.6,83.1,0
42.592941,-78.933334,1625,83.4,95.5,0
42.592758,-78.93246,1625,83.8,107.3,0
42.592365,-78.931338,1600,85.0,116.6,-128
42.589572,-78.929103,1600,89.0,158.9,128
42.583799,-78.928783,1600,89.2,176.1,0
42.581818,-78.921973,1575,86.5,84.0,-64
42.583969,-78.918915,1575,90.0,36.9,-192
42.585754,-78.917861,1575,91.9,22.4,0
42.591667,-78.916839,1600,87.3,23.6,256
42.592438,-78.915856,1625,87.3,23.6,256
42.59285,-78.914795,1600,85.1,60.4,256
42.592877,-78.912495,1600,86.0,88.7,256
42.5923,-78.910987,1575,87.2,116.6,256
42.591797,-78.910176,1600,87.8,132.2,256
42.59079,-78.909052,1600,89.1,145.1,0
42.589645,-78.908365,1575,89.2,149.7,-256
42.582962,-78.905369,1575,90.0,167.8,-64
42.582728,-78.902531,1575,90.0,167.8,-64
42.583786,-78.900313,1575,87.0,47.3,-64
42.585022,-78.899377,1575,88.1,26.3,0
42.591015,-78.898507,1600,85.6,22.7,384
42.591899,-78.897485,1575,83.7,40.2,384
42.592318,-78.896591,1575,83.7,40.2,384
42.592504,-78.895888,1575,83.8,72.7,384
42.592575,-78.894695,1575,84.4,84.6,384
42.592458,-78.893908,1575,84.4,84.6,384
42.591888,-78.892323,1575,86.3,116.9,384
42.591201,-78.891353,1550,87.8,132.2,384
42.585526,-78.889139,1575,82.7,145.4,576
42.58548,-78.883709,1550,82.7,145.4,512
42.585663,-78.883459,1575,82.8,47.5,512
42.586578,-78.882772,1575,82.3,25.9,512
42.587173,-78.882523,1600,81.7,14.9,512
42.589432,-78.882091,1650,76.5,6.8,512
42.592458,-78.881708,1725,76.3,5.3,512
42.594367,-78.881517,1750,80.3,5.0,192
42.597748,-78.881212,1850,82.2,3.5,448
42.600791,-78.881069,1950,81.0,1.4,576
42.604515,-78.880878,2025,84.0,1.4,512
42.607401,-78.880686,2075,88.1,2.6,512
42.610148,-78.880495,2175,85.2,4.0,512
42.613495,-78.880151,2250,85.2,4.0,512
42.616758,-78.879856,2350,86.2,4.0,640
42.620203,-78.879536,2425,86.2,4.0,576
42.624067,-78.879153,2525,86.3,4.7,704
42.627365,-78.878777,2600,85.4,5.4,576
42.630615,-78.87834,2700,86.4,5.3,576
42.634308,-78.877876,2750,89.2,3.9,576
42.637846,-78.87762,2850,88.2,3.9,576
42.641785,-78.877154,2900,92.3,4.3,0
42.643572,-78.877045,2900,97.2,3.5,-128
42.646179,-78.876842,2900,102.1,2.8,64
42.653732,-78.876343,2900,98.1,2.3,-64
42.655722,-78.876215,2900,93.1,3.1,-320
42.658676,-78.875843,2825,89.5,5.8,-576
42.662007,-78.875321,2750,86.8,7.9,-384
42.665312,-78.874618,2700,81.9,8.4,-384
42.666941,-78.874363,2700,77.6,7.4,64
42.6698,-78.873846,2625,75.7,7.6,-640
42.672761,-78.873277,2550,78.8,8.0,-640
42.675064,-78.87291,2500,75.4,6.1,-192
42.676811,-78.872702,2450,71.3,5.6,-384
42.679367,-78.872473,2400,70.1,3.3,-576
42.680511,-78.872473,2375,74.0,358.5,-320
42.681559,-78.87251,2375,78.1,357.8,-64
42.682443,-78.872574,2375,82.2,355.8,-128
42.683235,-78.872702,2375,86.5,354.0,-320
42.684305,-78.87283,2350,90.7,353.0,-64
42.686096,-78.873159,2375,94.6,353.3,64
42.68779,-78.873534,2350,98.8,348.9,0
42.688477,-78.873783,2375,99.3,343.0,320
42.689072,-78.87422,2375,97.9,334.0,768
42.689575,-78.87472,2400,96.8,324.7,896
42.689987,-78.875282,2400,95.5,314.6,640
42.690357,-78.876023,2425,94.0,302.9,576
42.690582,-78.876717,2425,92.7,293.5,768
42.690776,-78.877748,2475,89.5,283.6,1024
42.690823,-78.878514,2500,86.3,274.6,1216
42.690765,-78.879526,2525,81.4,264.4,1344
42.690683,-78.880239,2550,79.6,258.4,1216
42.690491,-78.880775,2575,77.3,248.8,1024
42.690218,-78.881517,2600,75.3,239.7,832
42.689752,-78.882219,2625,75.3,230.4,320
42.689287,-78.882922,2625,76.4,222.9,0
42.688868,-78.883305,2625,77.9,213.5,-128
42.688293,-78.883709,2625,79.2,206.2,-128
42.687607,-78.884021,2625,81.3,198.7,-64
42.684911,-78.885094,2700,80.1,195.9,1088
42.683716,-78.885519,2750,76.0,196.1,1152
42.681152,-78.886518,2850,73.2,194.2,640
42.678393,-78.887457,2925,74.2,194.0,448
42.675461,-78.888287,2950,77.7,191.9,-128
42.672363,-78.889202,2925,76.2,193.7,-256
42.671036,-78.889764,2900,71.8,196.2,-384
42.668381,-78.890887,2825,68.3,197.9,-448
42.66629,-78.891864,2750,67.1,200.1,-576
42.663757,-78.893197,2675,65.9,202.3,-768
42.66156,-78.894445,2625,61.3,204.1,-384
42.659454,-78.895694,2575,61.5,202.0,-256
42.658795,-78.89608,2575,65.6,201.5,-256
42.657623,-78.896692,2575,70.6,200.8,-64
42.656982,-78.897005,2575,74.1,201.4,-128
42.656158,-78.897442,2575,77.8,200.3,-256
42.655197,-78.897941,2550,81.9,200.0,-64
42.652084,-78.899501,2625,82.9,199.8,896
42.650253,-78.900313,2700,78.4,199.4,832
42.647964,-78.901437,2800,76.6,199.9,832
42.645767,-78.902373,2875,72.1,196.9,576
42.642827,-78.903617,2950,75.0,196.3,448
42.639954,-78.90462,2975,76.4,194.4,-192
42.639038,-78.904932,2950,79.6,194.6,-384
42.634506,-78.906368,2950,75.9,192.9,-192
42.632912,-78.906938,2900,71.6,195.4,-256
42.63089,-78.907741,2850,67.4,198.2,-640
42.6297,-78.908428,2825,66.9,202.0,-320
42.628555,-78.909052,2800,62.2,203.7,-192
42.62807,-78.909366,2800,58.7,203.1,-128
42.626907,-78.910004,2775,53.9,201.8,-384
42.625463,-78.910771,2675,57.9,201.2,-960
42.623245,-78.911923,2600,55.7,201.0,-384
42.62132,-78.912943,2525,59.6,202.7,-1152
42.620296,-78.913581,2450,64.5,203.8,-960
42.618527,-78.914731,2425,60.4,206.6,-256
42.616104,-78.916231,2400,60.8,205.3,-320
42.615555,-78.916543,2400,73.9,203.1,-192
42.614151,-78.917286,2375,78.6,201.7,-320
42.613586,-78.917604,2375,83.9,201.7,-64
42.612429,-78.918116,2400,85.1,199.9,320
42.611591,-78.918436,2400,85.6,194.2,512
42.610886,-78.91854,2450,85.6,194.2,512
42.610474,-78.918563,2475,80.3,185.0,1472
42.609833,-78.91854,2525,80.3,185.0,1472
42.60931,-78.918436,2550,73.6,173.0,1344
42.608643,-78.918166,2575,73.6,173.0,1344
42.608332,-78.917989,2600,71.2,160.3,768
42.606171,-78.915169,2600,79.8,127.9,64
42.605713,-78.913796,2650,81.9,113.8,704
42.605539,-78.912751,2675,81.4,100.6,1024
42.605539,-78.911282,2725,81.4,100.6,1024
42.606284,-78.908344,2750,82.1,87.2,576
42.607122,-78.907386,2750,89.8,45.5,128
42.607635,-78.906867,2775,92.7,32.7,384
42.60878,-78.906056,2800,91.7,26.6,704
42.610194,-78.905278,2850,90.3,21.5,832
42.610794,-78.905119,2875,90.2,12.8,512
42.611572,-78.904995,2875,91.4,5.7,256
42.613312,-78.904932,2900,95.0,1.2,128
42.619125,-78.904807,2850,94.1,1.8,-320
42.621367,-78.904639,2850,90.1,2.5,-256
42.622298,-78.904575,2825,86.2,4.0,-128
42.62565,-78.904192,2750,84.3,4.8,-704
42.629745,-78.903621,2675,79.5,6.5,-320
42.632904,-78.903247,2600,81.2,4.2,-192
42.633453,-78.903247,2600,86.0,1.3,-384
42.634369,-78.903184,2575,90.0,1.3,-448
42.635053,-78.90317,2575,94.0,0.6,-192
42.636154,-78.903184,2575,98.0,0.0,0
42.639988,-78.90317,2675,97.0,0.0,896
42.643246,-78.90317,2775,93.0,0.0,576
42.647436,-78.903298,2850,95.0,358.8,512
42.651114,-78.903425,2925,94.1,357.6,640
42.658841,-78.903872,2925,92.1,358.1,-128
42.659586,-78.903936,2925,88.0,358.7,64
42.661588,-78.903936,2900,83.0,359.3,-256
42.663497,-78.904,2875,78.0,359.3,-128
42.665452,-78.904128,2850,80.2,355.7,-128
42.666412,-78.904246,2875,84.3,355.2,-320
42.667145,-78.904308,2850,88.5,354.2,-384
42.66806,-78.904433,2850,91.6,353.7,-192
42.669502,-78.904703,2850,95.8,352.8,-64
42.671448,-78.905119,2850,98.5,350.1,448
42.672342,-78.905469,2875,97.1,341.4,768
42.672684,-78.905744,2875,95.3,334.5,768
42.673179,-78.906172,2900,93.8,324.1,576
42.673692,-78.906875,2900,93.4,312.4,-128
42.674011,-78.907554,2900,93.8,301.5,-384
42.674332,-78.908615,2900,94.8,294.9,-448
42.674483,-78.909493,2875,95.3,282.7,-256
42.674515,-78.910425,2875,95.5,276.0,-64
42.674469,-78.911237,2900,94.5,263.9,384
42.674297,-78.912048,2900,90.8,251.4,704
42.674017,-78.912815,2925,89.0,244.0,832
42.673737,-78.913297,2950,86.5,236.3,832
42.673319,-78.913837,2950,83.4,225.0,896
42.672867,-78.914296,2975,81.8,218.6,896
42.672409,-78.914608,3000,78.7,205.6,960
42.67186,-78.914857,3025,77.5,199.6,896
42.670853,-78.915232,3050,76.4,194.4,640
42.666895,-78.916711,3125,75.7,195.3,192
42.662613,-78.918353,3125,72.1,196.9,-64
42.661148,-78.918977,3100,68.0,197.1,-320
42.659088,-78.919914,3025,67.7,199.0,-704
42.657864,-78.92048,3025,63.9,200.1,-192
42.65656,-78.921246,2975,59.6,202.7,-512
42.655164,-78.921949,2950,64.5,199.0,-384
42.653767,-78.92246,2950,68.4,195.3,192
42.652634,-78.922847,2950,73.2,194.2,-192
42.65181,-78.923097,2925,77.9,192.6,-256
42.647644,-78.924221,2950,73.5,191.8,-192
42.645946,-78.924759,2875,71.3,194.6,-640
42.643753,-78.925656,2825,67.1,197.4,-640
42.641693,-78.92653,2725,68.3,197.9,-704
42.639243,-78.927634,2650,64.8,199.8,-704
42.637148,-78.928719,2550,66.1,200.4,-896
42.635146,-78.929614,2500,62.0,197.9,-576
42.633774,-78.930151,2450,66.5,195.7,-640
42.633224,-78.930401,2450,71.3,194.6,-320
42.632493,-78.930636,2425,76.2,193.7,-384
42.629196,-78.931524,2500,78.6,191.7,896
42.626495,-78.932336,2600,76.7,192.0,384
42.623978,-78.933022,2625,81.6,191.3,128
42.619691,-78.934213,2675,86.5,190.7,192
42.616882,-78.934957,2775,84.7,191.6,1152
42.615175,-78.935426,2850,78.6,191.7,1152
42.611526,-78.936331,2850,81.2,189.9,-320
42.608937,-78.936959,2850,78.5,191.0,-192
42.60768,-78.937342,2800,74.7,192.4,-256
42.606517,-78.937726,2800,70.1,194.0,-448
42.604934,-78.938301,2775,65.8,196.8,-128
42.602463,-78.939389,2700,62.3,198.7,-320
42.60173,-78.939764,2700,58.2,199.1,0
42.600418,-78.940345,2675,56.3,196.5,-384
42.59986,-78.940536,2650,60.9,194.3,-512
42.599258,-78.9407,2625,62.8,193.8,-448
42.599115,-78.940728,2625,68.5,191.8,-576
42.598789,-78.940856,2625,71.2,190.5,-576
42.597153,-78.941137,2625,78.6,187.3,64
42.594692,-78.939323,2675,80.2,176.4,256
42.595367,-78.935457,2725,80.2,176.4,704
42.595505,-78.935332,2725,92.0,43.2,704
42.596042,-78.934851,2725,92.4,35.8,704
42.596603,-78.934458,2750,93.2,22.7,704
42.59716,-78.93434,2775,92.8,11.2,704
42.598277,-78.934149,2800,93.2,3.7,704
42.600494,-78.934083,2850,93.0,0.6,704
42.603025,-78.934149,2900,93.1,357.5,704
42.607308,-78.934468,2900,89.1,357.4,704
42.610748,-78.934708,2825,87.1,358.0,-384
42.612475,-78.934787,2800,83.1,357.9,-128
42.613266,-78.934832,2800,79.0,358.5,-128
42.614594,-78.934832,2800,74.0,358.5,-192
42.617111,-78.934957,2725,73.1,357.6,-1024
42.618993,-78.935171,2650,76.3,354.7,-768
42.619629,-78.935269,2650,80.6,352.9,-576
42.620132,-78.935394,2625,85.0,351.2,-640
42.620669,-78.93549,2625,89.1,351.0,-576
42.621323,-78.935644,2600,92.4,350.0,-512
42.622158,-78.935873,2600,96.5,349.9,-320
42.624486,-78.936512,2625,100.9,346.2,448
42.627419,-78.93747,2625,102.2,348.1,-64
42.628601,-78.937641,2650,103.6,353.9,256
42.629288,-78.937641,2650,103.0,1.1,128
42.630341,-78.937454,2650,103.4,9.5,192
42.631256,-78.93708,2650,103.4,16.9,128
42.632167,-78.936576,2675,103.4,24.6,-64
42.633087,-78.935769,2650,103.6,30.8,-320
42.634262,-78.93466,2625,106.6,36.2,-384
42.639954,-78.92909,2600,102.4,35.9,-64
42.640872,-78.928208,2575,98.0,36.3,-64
42.641602,-78.927467,2575,94.2,37.2,-64
42.6427,-78.926281,2575,89.8,37.8,-320
42.645081,-78.923721,2500,85.3,39.3,-576
42.647461,-78.921037,2425,81.7,39.5,-320
42.648786,-78.919649,2400,77.0,37.6,-256
42.649671,-78.918691,2400,73.0,36.1,-64
42.650369,-78.918052,2400,68.2,34.8,-256
42.652267,-78.916418,2325,69.6,32.1,-832
42.65414,-78.914987,2250,71.7,30.1,-768
42.655701,-78.913859,2175,74.7,26.2,-640
42.658283,-78.91224,2100,74.7,24.5,-768
42.661057,-78.91055,2000,75.6,24.2,-512
42.663683,-78.908919,1925,74.7,26.2,-576
42.666321,-78.907179,1875,77.9,24.3,-384
42.667465,-78.906493,1850,82.1,22.2,-192
42.668198,-78.906118,1850,86.2,21.8,-576
42.669129,-78.905661,1825,91.2,21.2,-512
42.670944,-78.904807,1825,94.6,17.9,-64
42.673505,-78.903809,1825,93.1,14.9,-64
42.677416,-78.902467,1750,94.4,12.9,-448
42.680649,-78.901561,1700,94.7,10.9,-320
42.682955,-78.901126,1700,94.8,7.3,-256
42.685684,-78.90075,1650,94.3,4.3,-320
42.690033,-78.900375,1625,92.1,2.5,-64
42.692505,-78.900375,1600,91.0,359.4,-192
42.696968,-78.900551,1550,93.1,358.1,-320
42.702321,-78.90087,1500,92.1,357.5,-192
42.704183,-78.901062,1475,87.2,356.0,-128
42.705207,-78.90119,1500,82.4,354.4,128
42.708001,-78.901573,1400,79.6,352.8,-832
42.710403,-78.902061,1325,79.1,350.5,-576
42.711823,-78.902498,1300,77.4,345.8,-576
42.712702,-78.90285,1275,77.2,343.4,-512
42.713354,-78.903234,1250,77.8,334.1,-512
42.713726,-78.903617,1250,77.7,325.5,-576
42.714285,-78.904256,1225,77.9,318.1,-576
42.714706,-78.90487,1225,77.3,310.3,-384
42.715123,-78.905725,1200,76.7,300.6,-448
42.715393,-78.906555,1200,76.6,293.9,-576
42.715682,-78.907705,1175,76.9,285.8,-576
42.715805,-78.90874,1150,76.1,279.8,-640
42.715821,-78.90943,1125,76.2,274.5,-640
42.715775,-78.910068,1125,75.1,267.7,-576
42.715668,-78.910862,1100,73.8,257.5,-576
42.715449,-78.911601,1075,72.6,247.3,-448
42.715123,-78.912304,1075,70.8,239.4,-384
42.714798,-78.912797,1050,68.7,227.9,-768
42.714332,-78.913326,1025,69.4,221.5,-1088
42.713745,-78.913859,1000,71.3,211.2,-704
42.71315,-78.914233,975,71.6,204.8,-576
42.712376,-78.914539,975,70.6,200.8,-576
42.711864,-78.914603,950,70.2,190.7,-512
42.710587,-78.91467,900,68.0,179.2,-768
42.708847,-78.91467,825,69.0,180.0,-768
42.7061,-78.914795,725,67.0,181.7,-640
42.704649,-78.914859,675,66.0,181.7,-832
