lat,lon,alt,gs,track
9.055756,-79.387955,175,110.0,52.0
9.056785,-79.387398,175,130.0,28.0
9.058456,-79.386414,175,140.0,30.0
9.066933,-79.381569,225,170.0,29.0
9.069353,-79.38015,350,180.0,30.0
9.071169,-79.379112,450,180.0,29.0
9.075545,-79.376549,700,180.0,30.0
9.078198,-79.375038,850,180.0,29.0
9.079967,-79.373993,950,180.0,30.0
9.082626,-79.372452,1100,180.0,30.0
9.087112,-79.369888,1350,180.0,29.0
9.090209,-79.368126,1575,180.0,29.0
9.093521,-79.366257,1625,170.0,29.0
9.096497,-79.364532,1950,170.0,30.0
9.099287,-79.362869,2075,170.0,30.0
9.101847,-79.361305,2200,170.0,31.0
9.104733,-79.359596,2400,170.0,30.0
9.107619,-79.357895,2500,170.0,30.0
9.110599,-79.35614,2600,170.0,30.0
9.113392,-79.35453,2800,170.0,30.0
9.11586,-79.35318,2875,170.0,28.0
9.118792,-79.351547,3050,170.0,29.0
9.122269,-79.34964,3150,180.0,28.0
9.12529,-79.348007,3250,180.0,28.0
9.127963,-79.346527,3450,180.0,29.0
9.130966,-79.344894,3575,180.0,28.0
9.134171,-79.343124,3650,180.0,29.0
9.136948,-79.34156,3750,190.0,29.0
9.143738,-79.337769,3850,200.0,29.0
9.147171,-79.335815,3950,200.0,29.0
9.150696,-79.333809,4025,210.0,29.0
9.157477,-79.329857,4175,220.0,30.0
9.164246,-79.326035,4275,230.0,29.0
9.168503,-79.323708,4350,230.0,28.0
9.171478,-79.322128,4425,240.0,28.0
9.17498,-79.320297,4525,240.0,27.0
9.180799,-79.317314,4750,240.0,27.0
9.183884,-79.315704,4825,240.0,27.0
9.188015,-79.313522,4925,250.0,28.0
9.193741,-79.310448,5025,250.0,28.0
9.196628,-79.308838,5075,260.0,29.0
9.199905,-79.306999,5125,260.0,29.0
9.206543,-79.303413,5325,270.0,28.0
9.209895,-79.301872,5425,270.0,24.0
9.226514,-79.299698,5850,270.0,2.0
9.227692,-79.299828,6000,270.0,354.0
9.236476,-79.301872,6225,280.0,347.0
9.239182,-79.302902,6325,280.0,339.0
9.24723,-79.307365,6575,280.0,331.0
9.250809,-79.310211,6725,280.0,322.0
9.25351,-79.312721,6825,280.0,318.0
9.258591,-79.318779,7000,290.0,310.0
9.260962,-79.322472,7075,290.0,303.0
9.265711,-79.334457,7175,290.0,289.0
9.266464,-79.338608,7175,290.0,280.0
9.266739,-79.342514,7175,300.0,274.0
9.26627,-79.350456,7175,300.0,267.0
9.265617,-79.353302,7225,300.0,257.0
9.259827,-79.366447,7425,300.0,242.0
9.257751,-79.369827,7550,300.0,238.0
9.253235,-79.37706,7800,290.0,238.0
9.251233,-79.380386,7925,290.0,239.0
9.248886,-79.384552,8075,290.0,240.0
9.244948,-79.391846,8325,300.0,241.0
9.241085,-79.399376,8600,290.0,243.0
9.239176,-79.403542,8725,290.0,245.0
9.236988,-79.410225,9125,290.0,252.0
9.235825,-79.417229,9125,290.0,260.0
9.23629,-79.427032,9475,290.0,260.0
9.238711,-79.436361,9750,293.9,276.5
9.243073,-79.449727,10075,293.2,287.9
9.24574,-79.458429,10275,298.9,286.9
9.24695,-79.462643,10350,300.6,286.6
9.248393,-79.467379,10400,303.4,286.5
9.25235,-79.481254,10575,312.4,286.2
9.255842,-79.493424,10750,320.3,286.0
9.259827,-79.507545,10900,328.6,285.9
9.263535,-79.520533,11050,337.1,286.0
9.267654,-79.534917,11200,344.6,286.2
9.272042,-79.550108,11325,354.1,286.2
9.275254,-79.561094,11425,360.4,286.3
9.280142,-79.578047,11600,365.5,286.2
9.282563,-79.586429,11700,370.9,286.3
9.286473,-79.599925,11900,376.0,286.2
9.292385,-79.620382,12250,380.1,286.2
9.298279,-79.641056,12650,382.0,286.1
9.304916,-79.664193,13100,383.9,286.0
9.310913,-79.685306,13500,388.0,286.0
9.316453,-79.704721,13875,389.3,286.1
9.321121,-79.721126,14275,388.0,286.0
9.326508,-79.739953,14675,388.0,286.0
9.330512,-79.754065,15000,387.1,286.0
9.336182,-79.773963,15400,387.1,286.0
9.341995,-79.794213,15750,388.0,286.0
9.349869,-79.818607,16125,391.9,287.4
9.352205,-79.823629,16200,393.4,294.1
9.355865,-79.830058,16300,395.3,299.2
9.360031,-79.836157,16400,396.3,303.9
9.364495,-79.841672,16475,398.6,308.5
9.369553,-79.847097,16575,399.1,313.0
9.373535,-79.850728,16650,400.3,316.4
9.377243,-79.853893,16725,401.0,318.6
9.383469,-79.858362,16825,402.2,323.2
9.3894,-79.861987,16900,403.7,327.6
9.396423,-79.865578,17000,404.6,331.0
9.401318,-79.867622,17075,405.7,334.5
9.406631,-79.869535,17150,406.7,339.1
9.413561,-79.871411,17250,406.7,342.5
9.418961,-79.872547,17325,407.5,347.0
9.427917,-79.873864,17475,407.9,351.1
9.450851,-79.876704,17825,408.5,352.5
9.472729,-79.87965,18175,409.7,352.3
9.49661,-79.882918,18500,412.7,352.3
9.519653,-79.886061,18850,413.7,352.4
9.529615,-79.887369,18975,415.7,352.4
9.550781,-79.890251,19225,418.8,352.3
9.576307,-79.893667,19575,420.6,352.5
9.600586,-79.896861,19900,421.6,352.5
9.62393,-79.899918,20250,422.6,352.5
9.647873,-79.903052,20625,422.5,352.7
9.661926,-79.904914,20825,422.5,352.7
9.679688,-79.907242,21050,420.0,352.0
9.714568,-79.911804,21475,420.0,352.0
9.73233,-79.914132,21675,428.5,352.6
9.762563,-79.918055,21950,433.5,352.7
9.774811,-79.919672,22025,435.5,352.7
9.804886,-79.923535,22300,437.5,352.8
9.835052,-79.927446,22575,443.5,352.8
9.872566,-79.932214,22900,448.6,352.7
9.901611,-79.935965,23200,450.6,352.7
9.932246,-79.939933,23475,453.7,352.7
9.936447,-79.94048,23525,453.7,352.7
9.977188,-79.94574,23900,450.0,353.0
10.020721,-79.95142,24300,450.0,353.0
10.031296,-79.952817,24425,460.8,352.6
10.068512,-79.957751,24775,461.9,352.5
10.099411,-79.961894,25075,462.9,352.5
10.123123,-79.964966,25325,462.9,353.0
10.159103,-79.969715,25725,462.9,353.0
10.189121,-79.97365,26075,461.9,352.5
10.218821,-79.977485,26375,460.7,352.8
10.249173,-79.981463,26700,459.8,352.6
10.277756,-79.985217,27000,459.9,352.5
10.309341,-79.98936,27275,459.8,352.6
10.341393,-79.993539,27550,460.9,352.5
10.375656,-79.998037,27800,462.9,352.5
10.415222,-80.003233,28050,465.9,352.6
10.457262,-80.008787,28275,469.0,352.5
10.498718,-80.014233,28500,473.0,352.6
10.536896,-80.0193,28725,475.1,352.5
10.57164,-80.023893,29000,475.1,352.5
10.604004,-80.028202,29275,473.9,352.6
10.636721,-80.032509,29550,474.1,352.5
10.669447,-80.036846,29825,474.1,352.5
10.704082,-80.041472,30100,473.1,352.5
10.741417,-80.046435,30350,474.1,352.5
10.780288,-80.051591,30625,475.1,352.5
10.818787,-80.056663,30900,475.1,352.5
10.85463,-80.061304,31175,474.8,352.7
10.889328,-80.065755,31450,473.8,352.7
10.922653,-80.070064,31725,471.8,352.7
10.958257,-80.074624,31975,470.8,352.7
10.993835,-80.079298,32225,471.0,352.6
11.034805,-80.084697,32450,471.0,352.6
11.071884,-80.089574,32700,471.0,352.6
11.11084,-80.094736,32925,470.0,352.5
11.145447,-80.099282,33175,469.8,352.7
11.180451,-80.103872,33425,468.9,352.6
11.21732,-80.108643,33675,467.9,352.6
11.258193,-80.114039,33925,467.9,352.6
11.277786,-80.116614,34025,468.0,352.5
11.310145,-80.120834,34000,468.7,352.8
11.351349,-80.125943,34000,468.5,353.0
11.393055,-80.131145,34000,468.5,353.0
11.434021,-80.136398,34000,468.7,352.8
11.474808,-80.141712,34000,468.9,352.6
11.474808,-80.141708,34000,0.0,353.0
11.81398,-80.18733,34000,469.0,352.5
11.901443,-80.198917,34000,0.0,0.0
11.942278,-80.204339,34000,469.0,352.5
11.985443,-80.210045,34000,469.0,352.5
12.024071,-80.215133,34000,468.9,352.6
12.336273,-80.256548,34000,0.0,0.0
12.357198,-80.259319,34000,463.9,352.6
12.406916,-80.265969,34000,463.9,353.0
12.449158,-80.271512,34000,462.9,352.5
12.477951,-80.275347,34000,462.9,352.5
12.563919,-80.286855,34000,0.0,0.0
12.602142,-80.291969,34000,463.9,352.6
12.642563,-80.29732,34000,464.9,352.6
12.672958,-80.301345,34000,464.9,352.6
12.714347,-80.306782,34000,465.9,352.6
12.740463,-80.30895,34000,466.5,353.0
12.746933,-80.309064,34000,467.6,357.1
12.758011,-80.308875,34000,468.1,0.9
12.769046,-80.308083,34000,467.9,3.5
12.780265,-80.306734,34000,468.4,5.8
12.790367,-80.304999,34000,469.9,9.1
12.797241,-80.303618,34000,470.1,10.7
13.043427,-80.227566,34000,472.8,17.5
13.055994,-80.223517,34000,472.8,17.5
13.522494,-80.271317,34000,0.0,0.0
16.945201,-80.953445,34000,468.5,350.4
16.988075,-80.960949,34000,468.7,350.3
17.005875,-80.964131,34000,468.7,350.3
17.048547,-80.97174,34000,468.7,350.3
17.080536,-80.977382,34000,468.7,350.3
17.211136,-81.000414,34000,0.0,0.0
17.252166,-81.007641,34000,466.6,350.4
17.289642,-81.014292,34000,465.6,350.4
17.330109,-81.021423,34000,465.6,350.4
17.344986,-81.024025,34000,465.6,350.4
17.368607,-81.028221,34000,465.6,350.0
17.419568,-81.037265,34000,464.6,350.3
17.42576,-81.038344,34000,464.6,350.3
17.477142,-81.047447,34000,464.6,350.0
17.533575,-81.057426,34000,464.6,350.0
17.549286,-81.060213,34000,0.0,350.0
17.905884,-81.12377,34000,466.7,350.3
17.945189,-81.130747,34000,466.6,350.4
17.985352,-81.137888,34000,466.7,350.3
18.027401,-81.145412,34000,466.6,350.4
18.068413,-81.152671,34000,467.6,350.4
18.110733,-81.16015,34000,467.6,350.4
18.152207,-81.167532,34000,467.6,350.4
18.194523,-81.175082,34000,467.6,350.4
18.236618,-81.182638,34000,467.9,350.2
18.277496,-81.189995,34000,467.7,350.3
18.318604,-81.197303,34000,467.6,350.4
18.360992,-81.204856,34000,467.7,350.3
18.402969,-81.212311,34000,468.5,350.4
18.445587,-81.219913,34000,469.7,350.3
18.488361,-81.227567,34000,469.9,350.2
18.529221,-81.23497,34000,469.9,350.2
18.571224,-81.242548,34000,470.8,350.2
18.614136,-81.250272,34000,471.8,350.2
18.657066,-81.257979,34000,472.8,350.3
18.699615,-81.265669,34000,472.8,350.3
18.742443,-81.27341,34000,472.8,350.3
18.785038,-81.28105,34000,472.8,350.3
18.826401,-81.288479,34000,473.6,350.4
18.868646,-81.295982,34000,473.8,350.3
18.911521,-81.303672,34000,473.8,350.3
18.954163,-81.311363,34000,473.8,350.3
18.996618,-81.319053,34000,473.8,350.3
19.039444,-81.326784,34000,473.8,350.3
19.081879,-81.334485,34000,473.0,350.1
19.124963,-81.342274,34000,473.8,350.3
19.167801,-81.35013,34000,474.0,350.2
19.210898,-81.357955,34000,474.8,350.3
19.252167,-81.365335,34000,474.8,350.3
19.283287,-81.370639,34000,476.3,351.4
19.298904,-81.372495,34000,478.8,353.8
19.315129,-81.373735,34000,480.0,356.3
19.359375,-81.376664,34000,480.0,356.3
19.40387,-81.379705,34000,481.0,356.3
19.448128,-81.382824,34000,480.1,356.2
19.491943,-81.385836,34000,480.0,356.3
19.53598,-81.388779,34000,481.0,356.3
19.580475,-81.391869,34000,481.0,356.3
19.624003,-81.394859,34000,480.1,356.2
19.667999,-81.397803,34000,479.0,356.3
19.711441,-81.400844,34000,479.1,356.2
19.753967,-81.403787,34000,479.0,356.3
19.798108,-81.406894,34000,479.1,356.0
19.841583,-81.410065,34000,480.1,356.1
19.884881,-81.413086,34000,479.1,356.2
19.928361,-81.416082,34000,479.9,356.4
19.971222,-81.418991,34000,479.0,356.3
20.014847,-81.421934,34000,479.0,356.3
20.058708,-81.424821,34000,477.9,356.4
20.102463,-81.427819,34000,477.0,356.3
20.145993,-81.430864,34000,477.0,356.3
20.18924,-81.43386,34000,476.9,356.4
20.233372,-81.436707,34000,475.9,356.5
20.27606,-81.439603,34000,475.1,356.1
20.31805,-81.442649,34000,475.1,356.0
20.361251,-81.445845,34000,473.2,356.0
20.403854,-81.449007,34000,471.2,356.0
20.447,-81.452037,34000,470.0,356.2
20.489642,-81.454934,34000,469.9,356.5
20.532237,-81.457631,34000,468.9,356.5
20.574326,-81.460582,34000,469.0,356.3
20.617447,-81.463476,34000,470.0,356.3
20.659836,-81.466419,33975,469.0,356.2
20.702618,-81.469366,34000,469.0,356.2
20.746238,-81.472512,34000,473.1,356.1
20.788554,-81.475508,34000,473.0,356.4
20.831242,-81.478405,34000,474.0,356.2
20.862213,-81.48025,34000,475.4,357.6
20.877274,-81.48025,34000,477.0,0.2
20.891922,-81.479612,34000,479.6,2.8
20.917317,-81.477556,34025,481.4,4.4
20.961685,-81.474119,34000,482.3,4.2
21.005722,-81.470686,34000,479.4,4.3
21.047882,-81.467269,34000,476.4,4.3
21.091553,-81.463873,34000,477.3,4.2
21.135135,-81.460419,34000,475.3,4.2
21.177521,-81.457031,34000,474.3,4.2
21.219818,-81.453735,34000,474.3,4.2
21.261943,-81.45045,34000,474.3,4.2
21.272644,-81.449591,34000,473.3,4.2
21.417068,-81.438354,34000,0.0,0.0
21.445731,-81.436056,34000,473.4,4.4
21.521425,-81.430105,34000,472.2,4.1
21.559272,-81.427155,34000,473.2,4.1
21.603869,-81.423645,34000,473.3,4.2
21.617044,-81.422628,34000,473.2,4.1
21.727791,-81.414185,34000,475.0,4.0
22.11087,-81.384071,34000,470.0,4.0
22.119278,-81.383369,34000,470.0,5.0
23.09126,-81.306152,34000,454.2,4.2
23.133408,-81.302923,34000,452.1,4.1
23.161835,-81.300676,34000,452.2,4.2
23.195068,-81.298079,34000,451.2,4.2
23.232174,-81.295115,34000,450.2,4.2
23.25856,-81.292985,34000,449.2,4.2
23.361449,-81.284688,34000,448.3,4.3
23.390305,-81.282449,34000,448.3,4.3
23.466476,-81.276406,34000,449.1,4.1
23.505432,-81.27321,34000,448.2,4.2
23.539673,-81.270463,34000,449.1,4.1
23.587509,-81.271261,34000,448.9,3.7
23.601333,-81.272399,34000,445.2,355.8
23.631226,-81.274618,34000,445.1,356.0
23.671999,-81.277529,34000,445.9,356.3
23.71115,-81.280224,34000,444.9,356.4
23.744431,-81.282603,34000,443.9,356.2
23.785629,-81.285553,34000,445.9,356.3
23.826828,-81.288605,34000,445.2,355.9
23.867203,-81.291656,34000,445.0,356.1
23.908578,-81.294786,34000,444.1,356.0
23.948845,-81.297792,34000,443.9,356.4
23.989334,-81.300659,34000,444.0,356.1
24.029526,-81.303558,34000,443.0,356.2
24.0703,-81.306498,34000,443.0,356.1
24.110641,-81.309408,34000,443.0,356.1
24.151611,-81.312358,34000,443.0,356.1
24.19236,-81.315411,34000,442.0,356.1
24.232635,-81.318258,34000,442.0,356.2
24.273285,-81.321208,34000,442.0,356.2
24.313156,-81.324056,34000,442.0,356.1
24.353803,-81.327123,34000,441.0,356.1
24.393585,-81.330007,34000,441.0,356.2
24.433408,-81.332772,34000,441.9,356.4
24.473815,-81.335674,34000,442.0,356.2
24.514023,-81.338654,34000,441.0,356.1
24.553894,-81.341654,34000,440.0,356.1
24.593547,-81.344535,34000,439.0,356.2
24.633955,-81.347386,34000,435.9,356.3
24.67305,-81.350149,34000,434.8,356.4
24.712509,-81.352997,34000,434.0,356.0
24.75243,-81.35604,34000,434.0,356.0
24.792186,-81.359097,34000,434.1,355.9
24.831894,-81.362152,34000,437.0,356.2
24.872116,-81.365161,34000,440.0,356.2
24.913147,-81.368103,34000,442.0,356.2
24.947996,-81.370602,34025,444.9,356.3
24.950638,-81.370799,34025,444.9,356.3
24.960332,-81.371483,34125,444.9,356.3
24.973088,-81.372416,34225,444.9,356.3
25.013169,-81.375266,34425,447.9,356.3
25.049973,-81.37792,34675,450.0,356.2
25.084305,-81.380463,34925,450.0,356.2
25.119308,-81.383039,35175,451.0,356.2
25.152969,-81.385549,35425,452.1,356.1
25.183643,-81.387807,35725,451.0,356.2
25.209274,-81.389669,35975,449.0,356.2
25.215904,-81.390191,36000,449.0,356.2
25.223213,-81.390709,36000,450.0,356.2
25.263946,-81.393663,36000,448.9,356.3
25.305052,-81.396669,36000,449.0,356.2
25.345692,-81.399674,36000,448.0,356.2
25.387207,-81.40274,36000,449.0,356.2
25.42767,-81.405789,36000,449.0,356.2
25.468781,-81.408793,36000,448.9,356.3
25.50943,-81.411845,36000,448.0,356.2
25.550708,-81.414858,36000,447.9,356.3
25.591255,-81.417812,36000,447.0,356.1
25.631927,-81.420797,36000,446.0,356.1
25.672348,-81.423747,36000,445.0,356.1
25.71286,-81.426748,36000,445.1,356.0
25.752884,-81.429835,36000,443.0,356.2
25.792831,-81.432749,36000,443.0,356.2
25.833481,-81.435794,36000,441.1,356.0
25.873352,-81.438852,36000,439.0,356.2
25.913727,-81.442065,36000,435.3,355.6
25.952873,-81.445189,36000,427.1,356.0
25.991697,-81.448041,36000,425.9,356.2
26.030319,-81.450771,36000,423.9,356.4
26.06868,-81.453414,36000,422.8,356.5
26.099854,-81.455798,36000,421.3,355.5
26.112826,-81.457496,36000,421.2,352.9
26.128793,-81.460454,36000,420.7,350.6
26.159052,-81.466845,36025,425.4,349.3
26.197737,-81.474926,36000,427.4,349.4
26.236038,-81.482953,36000,426.6,349.2
26.273943,-81.49093,36000,427.6,349.2
26.312116,-81.498906,36000,427.6,349.2
26.351028,-81.50705,36000,427.4,349.4
26.389253,-81.51491,36000,428.2,349.5
26.42738,-81.522833,36000,430.3,349.4
26.466064,-81.530914,36000,432.5,349.3
26.504562,-81.539024,36000,434.6,349.3
26.543427,-81.547264,36000,435.8,349.1
26.582245,-81.555556,36000,434.8,349.1
26.621613,-81.563899,36000,433.6,349.2
26.660706,-81.572139,36000,433.4,349.4
26.699105,-81.580142,36000,432.3,349.5
26.738488,-81.588276,36000,431.3,349.5
26.77739,-81.596444,36000,431.7,349.2
26.816649,-81.604808,36000,433.8,349.1
26.855846,-81.6131,36000,435.6,349.3
26.895136,-81.621393,36000,435.6,349.3
26.934082,-81.62961,36000,436.6,349.3
26.97367,-81.637978,36000,436.6,349.3
27.012817,-81.646245,36000,436.6,349.3
27.052139,-81.654536,36000,435.6,349.3
27.091187,-81.663139,36000,435.6,348.6
27.130551,-81.672099,36000,435.8,348.5
27.169647,-81.680914,36000,435.6,348.6
27.208619,-81.689635,36000,435.4,348.7
27.247284,-81.698171,36000,437.3,348.8
27.286331,-81.706825,36000,438.3,348.8
27.325745,-81.715635,36000,437.5,348.7
27.3647,-81.724341,36000,437.5,348.7
27.403627,-81.733052,36000,436.6,348.6
27.443336,-81.741926,36000,436.6,348.6
27.482437,-81.750667,36000,436.6,348.6
27.521962,-81.759567,36000,436.6,348.6
27.561218,-81.76839,36000,436.6,348.6
27.600494,-81.777252,36000,436.6,348.6
27.640158,-81.786241,36000,436.8,348.5
27.679449,-81.795114,36000,437.5,348.7
27.718369,-81.803888,36000,437.5,348.7
27.757004,-81.812594,36000,438.7,348.6
27.797058,-81.821663,36000,438.5,348.7
27.836426,-81.830525,36000,440.7,348.6
27.876458,-81.839641,36000,441.7,348.6
27.915794,-81.848514,36000,442.6,348.7
27.956085,-81.857652,36000,443.8,348.6
27.995865,-81.866684,36000,445.8,348.6
28.036331,-81.875874,36000,445.8,348.6
28.076632,-81.884927,36000,445.6,348.7
28.116669,-81.893939,36000,444.6,348.7
28.141617,-81.899854,36000,443.7,347.4
28.152512,-81.903287,36000,444.1,344.0
28.163592,-81.9076,36000,443.7,341.2
28.174625,-81.912608,36000,443.3,338.0
28.185608,-81.918394,36000,443.8,334.9
28.196178,-81.924672,36000,443.8,331.8
28.206373,-81.931619,36000,444.4,328.5
28.217285,-81.939997,36000,444.4,325.5
28.250381,-81.9663,36000,445.3,325.1
28.28389,-81.992763,36000,445.3,325.1
28.317307,-82.019294,36000,445.8,325.0
28.35022,-82.045265,36000,443.9,325.1
28.383877,-82.071749,36000,441.6,325.0
28.416504,-82.097608,36000,440.8,325.0
28.44919,-82.123557,36000,440.0,324.9
28.481544,-82.149299,36000,440.0,324.9
28.51442,-82.175463,36000,440.0,324.9
28.54715,-82.201556,36000,440.6,324.8
28.580048,-82.227765,36000,440.8,325.0
28.612793,-82.253899,36000,441.4,324.9
28.645889,-82.280256,36000,441.4,324.9
28.678986,-82.306665,36000,441.4,324.9
28.711899,-82.333022,36000,441.2,324.7
28.745087,-82.359695,36000,441.2,324.7
28.778128,-82.386151,36000,440.6,324.8
28.810947,-82.41254,36000,441.2,324.7
28.844046,-82.439037,36000,441.4,324.9
28.877426,-82.465809,36000,441.2,324.7
28.910476,-82.49246,36000,439.0,324.6
28.943481,-82.519011,36000,439.0,324.6
28.975845,-82.545037,36000,438.4,324.8
29.008667,-82.571341,36000,437.8,324.9
29.041753,-82.597961,36000,437.0,324.8
29.074293,-82.624135,36000,436.7,324.6
29.107086,-82.650622,36000,435.3,324.6
29.139313,-82.676662,36000,434.5,324.5
29.171401,-82.702601,36000,433.1,324.6
29.203949,-82.729005,36000,433.1,324.6
29.236155,-82.755055,36000,432.6,324.7
29.268509,-82.781282,36000,433.1,324.6
29.283188,-82.792493,36000,433.2,326.7
29.293415,-82.79927,36000,433.3,329.9
29.30397,-82.805381,36000,432.9,333.1
29.315853,-82.811441,36000,432.8,335.9
29.327271,-82.816473,36000,432.4,339.1
29.339859,-82.821227,36000,432.6,341.8
29.377945,-82.83496,36000,432.6,342.2
29.41594,-82.848924,36000,433.2,342.0
29.453522,-82.862954,36000,433.6,341.9
29.491425,-82.877056,36000,434.5,341.9
29.529144,-82.891106,36000,435.5,341.9
29.567139,-82.905209,36000,435.8,342.2
29.605547,-82.918935,36000,437.1,342.6
29.644272,-82.93278,36000,439.0,342.6
29.682079,-82.946347,36000,439.3,342.5
29.720398,-82.960193,36000,440.6,342.4
29.759216,-82.974297,36000,441.5,342.5
29.798264,-82.988451,36000,442.5,342.5
29.837238,-83.002517,36000,443.4,342.5
29.87569,-83.016357,36000,443.4,342.5
29.914049,-83.030164,36000,442.5,342.5
29.952759,-83.0442,36000,441.8,342.3
29.99114,-83.058179,36000,440.6,342.4
30.029892,-83.072258,36000,441.5,342.5
30.068527,-83.086368,36000,441.8,342.3
30.107334,-83.100531,36000,441.8,342.3
30.145615,-83.114534,36000,442.8,342.4
30.184099,-83.128601,36000,442.8,342.4
30.222411,-83.142554,36000,442.8,342.4
30.261063,-83.156702,36000,441.8,342.3
30.30011,-83.170974,36000,441.5,342.5
30.33815,-83.184868,36000,441.8,342.3
30.376406,-83.198859,36000,442.8,342.4
30.414672,-83.212866,36000,442.8,342.4
30.452752,-83.226819,36000,442.8,342.4
30.49086,-83.240823,36000,441.8,342.3
30.529678,-83.255095,36000,441.8,342.3
30.567689,-83.269061,36000,441.8,342.3
30.605484,-83.282991,36000,440.9,342.3
30.643753,-83.297047,36000,439.6,342.4
30.681323,-83.310864,36000,437.7,342.3
30.702759,-83.318805,36025,437.7,342.3
30.710092,-83.321521,36075,437.7,342.3
30.741143,-83.333002,36325,436.7,342.3
30.771378,-83.34417,36600,436.7,342.3
30.802173,-83.355579,36850,435.8,342.2
30.832123,-83.366627,37125,434.5,342.3
30.861237,-83.377344,37400,433.3,342.4
30.891367,-83.388483,37675,432.3,342.4
30.921998,-83.399799,37925,430.4,342.3
30.931867,-83.403424,38000,430.4,342.3
30.938152,-83.405786,38025,430.4,342.3
30.97544,-83.419684,38000,432.6,342.2
31.013194,-83.433746,38000,432.6,342.2
31.051367,-83.447919,38000,432.3,342.4
31.088974,-83.461788,38000,433.3,342.4
31.126602,-83.475791,38000,432.6,342.2
31.164459,-83.489847,38000,433.6,342.3
31.202316,-83.50401,38000,433.9,342.1
31.239531,-83.517957,38000,432.9,342.1
31.277069,-83.532069,38000,431.7,342.2
31.314061,-83.545917,38000,429.8,342.1
31.350998,-83.55975,38000,429.5,342.2
31.388731,-83.573877,38000,429.5,342.2
31.426578,-83.588049,38000,429.5,342.2
31.464052,-83.602112,38000,429.5,342.2
31.500732,-83.615866,38000,428.8,342.1
31.538727,-83.630084,38000,428.5,342.2
31.575964,-83.644025,38000,428.2,342.3
31.613113,-83.657927,38000,427.6,342.2
31.649963,-83.671821,38000,426.6,342.1
31.687363,-83.685992,38000,426.9,342.0
31.724186,-83.699945,38000,426.6,342.1
31.761154,-83.713989,38000,425.7,342.1
31.797958,-83.727905,38000,425.7,342.1
31.835306,-83.741997,38000,426.6,342.1
31.872548,-83.756066,38000,426.6,342.1
31.909653,-83.770093,38000,427.6,342.2
31.947189,-83.78432,38000,427.9,342.0
31.984553,-83.798442,38000,428.8,342.1
32.022307,-83.812791,38000,428.8,342.1
32.059735,-83.827029,38000,428.8,342.1
32.09679,-83.841154,38000,430.1,342.0
32.134451,-83.855504,38000,429.8,342.1
32.171585,-83.869629,38000,429.8,342.1
32.209442,-83.884076,38000,430.1,342.0
32.246521,-83.898193,38000,430.1,342.0
32.284582,-83.912733,38000,430.1,342.0
32.321823,-83.926978,38000,429.1,342.0
32.359406,-83.941425,38000,429.1,342.0
32.396439,-83.955652,38000,429.1,342.0
32.433884,-83.969989,38000,429.8,342.1
32.471375,-83.984216,38000,429.8,342.1
32.508917,-83.998718,38000,429.4,341.8
32.545715,-84.013,38000,428.5,341.8
32.583029,-84.027417,38000,428.2,341.9
32.620193,-84.04173,38000,428.8,342.1
32.657745,-84.056116,38000,427.9,342.0
32.695266,-84.070578,38000,428.2,341.9
32.732941,-84.085126,38000,428.2,341.9
32.770075,-84.099445,38000,428.2,341.9
32.807038,-84.113682,38000,428.2,341.9
32.844652,-84.128256,38000,427.2,341.9
32.881897,-84.142694,38000,426.9,342.0
32.919113,-84.157086,38000,426.9,342.0
32.956564,-84.171641,38000,428.5,341.8
32.99348,-84.186046,38000,428.5,341.8
33.031047,-84.200676,38000,429.4,341.8
33.068149,-84.215082,38000,430.4,341.9
33.105057,-84.229486,38000,430.4,341.9
33.142731,-84.244208,38000,430.7,341.7
33.180588,-84.259039,38000,430.4,341.9
33.217582,-84.273433,38000,430.4,341.9
33.254471,-84.287878,38000,430.7,341.7
33.292392,-84.302692,38000,430.7,341.7
33.330093,-84.317487,38000,431.7,341.8
33.367813,-84.332318,38000,430.7,341.7
33.4057,-84.347142,38000,430.4,341.9
33.442429,-84.361547,38000,430.7,341.7
33.479874,-84.376263,38000,430.7,341.7
33.517146,-84.390919,38000,430.7,341.7
33.554806,-84.405727,38000,430.7,341.7
33.591862,-84.420319,38000,429.8,341.7
33.621048,-84.431501,38000,429.9,343.0
33.634781,-84.435817,38000,431.7,345.5
33.649121,-84.439487,38000,433.4,348.0
33.670944,-84.444169,38000,434.9,349.8
33.709965,-84.452705,38000,434.2,349.5
33.749302,-84.461403,38000,434.2,349.5
33.788406,-84.470065,38000,434.2,349.5
33.827911,-84.47881,38000,434.1,349.6
33.866638,-84.48733,38000,434.2,349.5
33.90596,-84.495962,38000,434.2,349.5
33.945099,-84.50465,38000,435.0,349.7
33.984512,-84.513394,38000,435.4,349.4
34.023634,-84.521999,38000,436.5,350.1
34.039124,-84.524493,38000,438.6,352.7
34.055429,-84.526234,38000,441.6,355.2
34.095604,-84.530296,38000,442.6,355.1
34.136215,-84.534526,38000,442.7,355.0
34.17627,-84.53873,38000,443.6,355.1
34.216407,-84.542885,38000,444.6,355.1
34.256768,-84.547119,38000,444.7,355.0
34.296753,-84.551286,38000,444.7,355.0
34.336977,-84.555531,38000,444.7,355.0
34.377365,-84.559806,38000,444.7,355.0
34.418211,-84.564114,38000,444.7,355.0
34.459177,-84.568405,38000,444.6,355.1
34.500143,-84.572754,38000,444.7,355.0
34.539898,-84.576931,38000,443.7,355.0
34.580632,-84.581165,38000,443.6,355.1
34.62048,-84.5854,38000,442.7,355.0
34.661307,-84.589691,38000,442.7,355.0
34.701279,-84.593998,38000,442.7,355.0
34.741889,-84.598331,38000,442.7,355.0
34.782074,-84.60263,38000,442.7,355.0
34.821671,-84.60689,38000,442.7,355.0
34.862505,-84.611206,38000,442.6,355.1
34.903198,-84.615466,38000,442.6,355.1
34.944031,-84.619782,38000,442.6,355.1
34.98468,-84.623986,38000,443.6,355.1
35.024506,-84.62819,38000,443.6,355.1
35.064775,-84.632492,38000,442.7,355.0
35.10498,-84.636878,38000,442.7,355.0
35.144943,-84.641194,38000,442.6,355.1
35.185135,-84.645566,38000,442.8,354.8
35.225052,-84.649995,38000,441.9,354.7
35.265335,-84.654465,38000,440.7,354.9
35.305573,-84.658699,38000,440.6,355.0
35.34595,-84.662982,38000,439.6,355.0
35.38623,-84.667282,38000,438.6,355.0
35.426067,-84.671514,38000,438.6,355.0
35.46559,-84.67578,38000,436.7,354.9
35.505386,-84.680042,38000,435.7,355.0
35.545147,-84.684195,38000,434.7,355.0
35.584391,-84.688403,38000,433.7,355.0
35.62413,-84.692745,38000,432.8,354.8
35.663018,-84.697051,38000,432.8,354.8
35.702637,-84.701385,38000,431.7,355.0
35.742296,-84.705642,38000,432.7,355.0
35.781307,-84.709966,38000,431.7,355.0
35.820923,-84.71426,38000,431.7,355.0
35.860336,-84.718552,38000,431.7,355.0
35.899521,-84.7229,38000,431.8,354.8
35.938568,-84.727192,38000,432.8,354.8
35.978073,-84.731541,38000,432.7,355.0
36.01742,-84.735854,38000,433.8,354.8
36.057449,-84.740238,38000,433.8,354.8
36.097504,-84.744587,38000,434.7,355.0
36.137013,-84.748827,38000,435.7,354.9
36.176788,-84.753227,38000,436.7,354.9
36.216248,-84.757576,38000,436.7,354.9
36.255907,-84.761917,38000,437.7,354.9
36.270338,-84.76408,38000,436.5,352.8
36.287155,-84.767475,38000,433.0,350.4
36.32634,-84.775592,38000,434.0,350.5
36.365341,-84.783783,38000,434.0,350.5
36.404734,-84.792071,38000,434.2,350.3
36.443436,-84.800091,38000,434.8,350.6
36.482391,-84.808102,38000,435.8,350.6
36.521953,-84.816206,38000,435.8,350.6
36.561813,-84.824352,38000,436.8,350.6
36.600861,-84.832306,38000,437.0,350.5
36.640091,-84.840374,38000,437.0,350.5
36.680044,-84.848639,38000,438.0,350.5
36.719421,-84.856739,38000,438.9,350.6
36.759201,-84.865036,38000,441.1,350.5
36.798892,-84.8733,38000,442.1,350.5
36.838394,-84.881516,38000,444.0,350.5
36.877985,-84.889566,38000,445.9,350.7
36.918594,-84.897961,38000,447.2,350.5
36.958892,-84.906344,38000,449.1,350.5
36.999719,-84.914882,38000,450.3,350.4
37.040222,-84.923323,38000,451.1,350.6
37.080859,-84.93178,38000,452.1,350.6
37.121567,-84.940212,38000,453.1,350.6
37.162079,-84.948685,38000,453.2,350.5
37.203012,-84.957335,38000,453.4,350.4
37.243513,-84.965933,38000,452.4,350.3
37.284711,-84.974651,38000,451.4,350.3
37.32486,-84.983105,38000,450.1,350.5
37.365692,-84.991637,38000,449.1,350.5
37.405838,-84.999935,38000,449.0,350.6
37.445938,-85.008409,38000,449.3,350.4
37.486496,-85.016999,38000,449.1,350.5
37.5271,-85.025531,38000,449.1,350.5
37.567932,-85.034121,38000,449.3,350.4
37.608032,-85.042653,38000,448.3,350.4
37.648284,-85.051137,38000,447.2,350.5
37.688599,-85.059659,38000,445.2,350.4
37.728168,-85.068034,38000,444.2,350.4
37.768478,-85.076664,38000,444.0,350.5
37.80861,-85.085171,38000,444.4,350.3
37.84877,-85.093786,38000,444.2,350.4
37.888916,-85.102318,38000,444.4,350.3
37.92865,-85.110792,38000,445.2,350.4
37.968658,-85.119382,38000,445.4,350.3
38.008645,-85.127981,38000,445.4,350.3
38.048218,-85.136446,38000,445.2,350.4
38.088638,-85.145095,38000,445.4,350.3
38.128098,-85.153568,38000,445.4,350.3
38.168506,-85.162254,38000,445.4,350.3
38.209006,-85.171031,38000,446.3,350.3
38.248856,-85.179632,38000,445.4,350.3
38.28889,-85.188347,38000,446.3,350.3
38.328971,-85.197004,38000,446.3,350.3
38.369064,-85.205695,38000,446.3,350.3
38.409393,-85.214285,38000,446.0,350.6
38.450089,-85.223037,38000,446.3,350.3
38.490005,-85.231695,38000,446.3,350.3
38.530106,-85.240352,38000,447.3,350.4
38.570298,-85.249146,38000,447.7,350.1
38.610672,-85.258026,38000,448.5,350.2
38.651345,-85.266907,38000,448.5,350.2
38.691238,-85.2757,38000,449.5,350.3
38.732207,-85.284668,38000,449.5,350.3
38.772995,-85.293553,38000,450.3,350.4
38.813021,-85.302246,38000,450.3,350.4
38.853615,-85.311096,38000,449.5,350.3
38.894623,-85.320123,38000,449.6,350.1
38.935181,-85.329019,38000,449.5,350.3
38.975784,-85.337916,38000,449.5,350.3
39.016571,-85.346812,38025,449.5,350.3
39.056955,-85.355713,38000,449.5,350.3
39.096897,-85.364624,38000,449.6,350.1
39.137283,-85.373621,38000,449.6,350.1
39.177898,-85.382568,38000,450.6,350.2
39.218305,-85.391541,38000,449.5,350.3
39.258682,-85.40043,38000,449.5,350.3
39.299492,-85.409424,38000,449.5,350.3
39.339432,-85.418343,38000,449.6,350.1
39.380219,-85.427478,38000,449.5,350.3
39.42041,-85.436435,38000,449.6,350.1
39.461261,-85.445557,38000,450.6,350.2
39.501709,-85.454586,38000,450.6,350.2
39.542216,-85.463684,38000,451.6,350.2
39.583466,-85.472916,38000,452.6,350.2
39.624756,-85.482111,38000,453.4,350.4
39.665268,-85.491127,38000,453.8,350.1
39.706009,-85.500263,38000,453.8,350.1
39.747418,-85.509521,38000,454.6,350.2
39.788635,-85.518713,38000,454.6,350.2
39.829376,-85.527908,38000,453.8,350.1
39.870036,-85.537292,38000,453.7,349.5
39.880142,-85.540446,38025,451.9,346.3
39.889389,-85.544268,38000,447.5,342.2
39.898544,-85.548925,38000,444.4,338.3
39.90834,-85.554836,38000,441.1,334.8
39.917862,-85.561703,38000,437.7,331.3
39.926551,-85.568764,38000,435.3,328.0
39.935349,-85.576904,38000,433.4,324.8
39.942891,-85.584869,38000,429.5,321.0
39.957275,-85.601074,38000,428.1,319.0
39.987122,-85.634155,38000,429.2,319.6
40.016909,-85.666955,38000,428.6,319.7
40.046768,-85.699646,38000,428.7,319.9
40.077026,-85.732849,38000,428.7,319.9
40.10722,-85.765832,38000,428.0,320.0
40.137085,-85.798462,38000,428.7,319.9
40.16676,-85.831063,38000,427.9,319.8
40.197113,-85.864584,38000,428.6,319.7
40.227371,-85.897917,38000,427.9,319.8
40.257156,-85.930725,38000,428.6,319.7
40.286774,-85.963501,38000,428.6,319.7
40.316472,-85.99642,38000,428.4,319.5
40.345779,-86.029236,38000,428.3,319.4
40.3759,-86.062927,38000,428.4,319.5
40.405334,-86.095947,38000,428.3,319.4
40.420377,-86.112837,37975,427.6,319.3
40.42424,-86.117188,37925,426.9,319.4
40.430525,-86.124261,37850,426.2,319.3
40.436462,-86.130981,37725,425.4,319.2
40.44612,-86.141864,37500,424.0,319.2
40.46139,-86.159092,37100,423.3,319.3
40.475495,-86.175072,36700,425.4,319.2
40.489181,-86.190491,36300,430.4,319.2
40.500773,-86.203475,35925,434.8,319.6
40.511573,-86.21546,35525,438.4,319.6
40.522888,-86.228027,35125,441.4,319.8
40.534286,-86.240723,34725,443.4,319.7
40.545742,-86.253537,34325,446.1,319.5
40.556259,-86.265442,33950,448.8,319.2
40.566971,-86.277588,33550,450.9,319.1
40.577591,-86.289612,33150,453.1,319.2
40.588257,-86.301636,32775,454.5,319.2
40.598328,-86.312988,32400,456.6,319.3
40.602815,-86.318082,32250,456.6,319.3
40.607098,-86.322951,32125,455.9,319.2
40.622181,-86.340117,31725,453.7,319.1
40.636002,-86.355774,31325,452.3,319.1
40.649734,-86.371338,30925,451.7,319.2
40.661453,-86.384583,30525,451.7,319.2
40.672531,-86.397095,30125,452.4,319.3
40.682419,-86.408264,29750,453.9,319.5
40.69187,-86.418894,29350,456.0,319.4
40.700684,-86.428833,28950,458.1,319.2
40.708878,-86.438232,28550,461.5,319.1
40.717986,-86.448545,28150,463.7,319.2
40.726458,-86.458158,27750,467.3,319.2
40.730392,-86.462585,27600,467.3,319.2
40.733674,-86.466335,27475,468.7,319.2
40.736979,-86.47008,27375,468.7,319.2
40.74075,-86.474325,27250,468.7,319.2
40.743729,-86.477696,27175,468.7,319.2
40.748151,-86.48269,27100,468.7,319.2
40.7529,-86.488058,27000,466.5,319.2
40.776921,-86.515274,26700,456.6,319.3
40.781855,-86.52083,26600,454.5,319.2
40.794983,-86.535767,26275,451.7,319.2
40.80974,-86.55254,25875,448.7,319.1
40.824916,-86.569894,25475,446.6,319.0
40.839706,-86.586731,25075,445.2,319.0
40.853806,-86.602844,24675,443.1,319.1
40.868179,-86.619263,24275,441.7,319.1
40.883102,-86.636353,23875,440.3,319.1
40.897724,-86.652978,23475,439.5,319.1
40.913223,-86.670837,23075,440.8,318.9
40.927564,-86.68731,22675,442.2,318.9
40.942657,-86.704712,22275,441.6,319.0
40.958313,-86.722778,21875,440.1,318.8
40.973282,-86.73999,21475,438.0,318.9
40.98757,-86.756474,21075,435.8,318.8
41.002991,-86.774353,20675,433.7,318.7
41.017914,-86.791565,20275,432.3,318.8
41.032883,-86.808899,19875,429.4,318.8
41.047028,-86.825256,19475,428.0,318.8
41.062363,-86.842957,19075,426.0,318.9
41.07681,-86.859658,18675,423.8,318.8
41.092072,-86.877319,18275,421.0,318.9
41.1064,-86.893799,17875,418.2,318.9
41.121221,-86.910907,17475,415.3,318.9
41.135925,-86.927856,17075,413.3,319.0
41.150574,-86.944763,16675,409.7,319.0
41.165818,-86.962343,16275,407.5,318.9
41.179962,-86.978699,15875,406.1,318.9
41.195068,-86.996094,15475,403.3,318.9
41.209391,-87.012593,15075,401.9,318.9
41.224869,-87.030457,14675,399.1,319.0
41.239563,-87.047485,14275,396.9,318.9
41.253754,-87.063965,13875,395.4,318.7
41.268326,-87.08082,13475,393.3,318.8
41.283051,-87.0979,13075,390.5,318.8
41.297561,-87.114778,12675,389.0,318.6
41.311108,-87.130696,12275,387.5,318.5
41.319168,-87.140137,12025,386.1,318.5
41.325725,-87.147862,11825,386.1,318.5
41.33173,-87.154916,11625,386.1,318.5
41.338154,-87.162406,11425,386.2,318.7
41.344486,-87.169772,11225,385.5,318.8
41.349839,-87.176014,11075,385.5,318.8
41.353982,-87.180821,11000,384.1,318.8
41.35849,-87.186096,10900,381.9,318.7
41.363388,-87.191772,10850,379.1,318.7
41.368469,-87.197693,10825,376.3,318.8
41.393365,-87.227102,10825,366.8,318.1
41.418504,-87.25725,10825,364.6,317.8
41.443314,-87.287251,10825,363.8,317.7
41.468124,-87.317151,10825,363.2,317.8
41.492661,-87.346614,10825,364.7,318.0
41.502949,-87.358044,10825,366.6,320.5
41.511375,-87.366475,10825,368.2,323.5
41.522141,-87.376203,10825,368.9,326.0
41.549973,-87.401109,10825,370.3,326.0
41.578445,-87.426515,10825,370.5,326.2
41.606807,-87.451811,10825,369.7,326.1
41.634785,-87.476849,10825,370.3,326.0
41.652429,-87.493009,10825,370.1,324.7
41.660797,-87.501734,10825,369.7,321.9
41.670914,-87.51322,10825,368.8,319.4
41.69656,-87.542448,10825,371.0,319.5
41.72235,-87.571766,10825,372.4,319.5
41.747772,-87.600736,10800,365.4,319.8
41.757431,-87.611535,10725,356.3,320.0
41.766714,-87.621907,10650,346.5,320.1
41.775604,-87.631822,10625,336.6,320.3
41.78508,-87.642309,10600,326.6,320.2
41.790894,-87.648801,10600,321.0,320.3
41.794418,-87.652671,10550,317.4,320.2
41.80394,-87.663283,10400,315.2,320.1
41.812475,-87.672942,10200,313.5,319.4
41.819138,-87.681261,10050,312.7,316.8
41.826255,-87.691019,9900,310.5,314.1
41.833191,-87.70143,9725,308.2,311.5
41.839056,-87.711139,9575,305.9,308.6
41.844922,-87.721742,9425,303.4,306.1
41.850369,-87.732601,9275,301.5,303.6
41.85585,-87.743995,9100,300.1,302.9
41.86224,-87.757064,8925,299.0,303.3
41.868524,-87.769839,8750,296.8,303.3
41.87276,-87.779612,8625,294.8,300.1
41.875259,-87.786442,8525,292.1,295.8
41.877881,-87.794942,8425,288.9,292.0
41.880116,-87.803884,8300,286.8,288.5
41.881838,-87.812763,8175,284.5,284.9
41.883048,-87.820875,8050,283.0,281.8
41.883865,-87.82864,7950,280.9,278.2
41.884323,-87.836879,7850,277.9,274.5
41.88446,-87.845619,7725,276.0,271.0
41.884352,-87.858241,7550,275.0,269.6
41.884369,-87.8704,7375,275.0,269.8
41.884305,-87.883535,7175,275.0,269.8
41.884277,-87.894308,7025,276.0,269.8
41.884277,-87.900613,6925,276.0,269.8
41.884259,-87.904039,6900,276.0,269.8
41.884259,-87.911001,6850,275.0,269.8
41.884232,-87.919027,6825,275.0,269.8
41.884277,-87.952423,6825,273.0,270.2
41.884259,-87.958651,6800,273.0,270.2
41.884277,-87.963035,6775,272.0,270.4
41.884305,-87.968104,6700,272.0,270.2
41.884323,-87.974833,6600,273.0,270.2
41.884369,-87.980451,6500,273.0,270.2
41.884369,-87.985008,6400,273.0,270.2
41.884352,-87.99046,6300,274.0,270.0
41.884259,-87.995762,6200,275.0,269.2
41.884094,-88.001549,6100,275.2,267.7
41.88384,-88.007706,6000,275.3,267.3
41.883607,-88.015179,5900,275.3,267.3
41.883374,-88.022142,5800,275.3,267.3
41.883133,-88.027954,5700,275.3,267.3
41.882909,-88.035108,5600,275.4,267.1
41.882584,-88.043123,5500,274.4,267.1
41.88221,-88.052418,5400,273.4,266.9
41.881714,-88.065907,5300,269.3,267.5
41.881466,-88.074391,5200,267.2,267.6
41.881279,-88.082119,5100,266.2,267.9
41.881027,-88.090876,5000,266.2,268.1
41.880844,-88.098054,4900,264.2,267.8
41.880628,-88.105817,4800,262.2,267.8
41.880386,-88.115283,4700,258.2,267.8
41.88002,-88.126769,4600,254.2,267.5
41.879654,-88.137568,4525,249.2,267.5
41.879324,-88.148037,4425,244.3,267.2
41.878905,-88.159279,4325,239.3,267.1
41.87851,-88.169778,4250,234.3,267.1
41.878067,-88.181699,4200,229.3,267.0
41.877594,-88.19381,4125,224.3,266.9
41.877276,-88.203991,4025,222.2,267.7
41.877457,-88.208916,3975,223.1,271.5
41.877928,-88.213061,3925,224.6,276.9
41.878784,-88.216969,3875,227.0,283.2
41.879743,-88.220406,3850,228.4,289.7
41.881256,-88.22421,3825,230.1,294.1
41.882722,-88.226985,3800,231.4,298.7
41.884166,-88.229349,3800,233.1,305.4
41.886246,-88.232262,3800,234.4,312.1
41.888718,-88.235009,3800,235.2,318.5
41.891474,-88.237397,3825,236.1,324.8
41.894485,-88.239378,3825,237.2,331.3
41.897324,-88.240752,3825,237.7,337.8
41.900366,-88.241804,3825,238.8,341.9
41.903718,-88.242571,3825,240.1,348.2
41.907074,-88.242937,3825,241.6,353.4
41.912292,-88.243249,3825,244.2,357.4
41.927261,-88.243686,3825,245.1,358.8
41.933464,-88.243465,3825,243.1,1.2
41.936956,-88.242826,3825,243.7,6.8
41.940587,-88.241549,3825,242.9,12.6
41.943741,-88.23994,3825,242.9,18.7
41.946732,-88.237908,3825,241.6,25.0
41.94928,-88.235758,3825,240.1,31.4
41.951759,-88.233181,3825,239.5,35.5
41.953715,-88.230562,3825,238.7,41.8
41.95567,-88.22756,3825,237.9,48.1
41.957578,-88.223983,3825,237.3,54.4
41.958984,-88.22034,3825,235.0,61.2
41.960185,-88.216319,3825,232.7,67.5
41.961396,-88.211145,3825,231.8,71.6
41.963304,-88.202139,3825,229.5,74.3
41.964294,-88.196682,3850,226.3,76.5
41.964798,-88.192562,3850,221.8,79.3
41.96512,-88.188278,3850,217.9,82.3
41.965256,-88.184634,3850,213.6,85.7
41.965302,-88.182824,3850,210.2,87.8
41.965306,-88.179527,3850,207.0,89.2
41.96521,-88.175271,3850,202.0,90.8
41.96512,-88.169563,3825,197.1,91.4
41.965027,-88.161288,3750,193.0,90.6
41.964981,-88.154172,3650,191.0,90.3
41.965027,-88.146619,3550,189.0,89.7
41.965073,-88.140117,3450,188.0,89.1
41.965118,-88.133323,3350,185.0,89.4
41.965164,-88.126581,3250,182.0,89.4
41.96521,-88.118591,3150,178.0,89.7
41.965213,-88.110671,3050,177.0,90.3
41.96521,-88.103485,2950,177.0,89.7
41.96526,-88.096555,2850,177.0,89.3
41.965306,-88.089593,2750,177.0,89.7
41.965306,-88.083013,2650,177.0,90.0
41.965302,-88.076331,2550,177.0,90.0
41.965347,-88.06909,2450,177.0,89.3
41.965393,-88.061475,2350,176.0,89.7
41.965399,-88.054973,2250,177.0,90.0
41.965399,-88.048138,2150,177.0,90.0
41.965446,-88.041559,2050,177.0,89.3
41.965485,-88.034384,1950,173.0,89.3
41.96553,-88.027892,1875,168.0,89.7
41.965492,-88.023036,1800,163.0,90.0
41.965485,-88.016468,1700,158.0,90.0
41.965492,-88.009303,1600,156.0,89.6
41.965539,-88.002213,1500,154.0,89.6
41.965585,-87.995378,1400,153.0,89.6
41.965576,-87.988878,1300,154.0,90.0
41.965585,-87.981901,1200,155.0,90.0
41.965585,-87.974939,1100,155.0,89.6
41.965632,-87.968232,1000,154.0,90.0
41.965632,-87.960567,900,153.0,89.6
41.965714,-87.952735,800,151.0,89.6
41.965679,-87.944662,725,152.0,90.8
41.965679,-87.938722,625,154.0,90.0
41.965679,-87.931951,525,156.0,90.0
41.965714,-87.926081,450,155.0,89.6
41.965759,-87.923022,450,151.0,89.2
41.965725,-87.920901,425,147.0,89.2
41.965759,-87.920088,425,144.0,89.6
41.965759,-87.919027,400,139.0,90.0
41.965759,-87.918341,400,135.0,89.6
41.965759,-87.917591,400,131.0,89.1
41.965725,-87.917197,400,126.0,89.1
41.965772,-87.915727,425,118.0,89.0
41.965759,-87.914907,425,114.0,89.0
41.965772,-87.914258,425,110.0,89.0
41.965759,-87.913659,425,105.0,88.9
41.965759,-87.913518,-50.0,99.0,90.0
41.96576,-87.913061,-50.0,93.0,90.0
41.965748,-87.912725,-50.0,87.0,90.0
41.96576,-87.912294,-50.0,87.0,90.0
41.96576,-87.912071,-50.0,81.0,90.0
41.96576,-87.911656,-50.0,75.0,90.0
41.965748,-87.911443,-50.0,69.5,90.0
41.965748,-87.911017,-50.0,65.5,90.0
41.965759,-87.910631,-50.0,60.5,90.0
41.965759,-87.910304,-50.0,57.5,90.0
41.96576,-87.909867,-50.0,53.5,87.2
41.965759,-87.90943,-50.0,49.5,90.0
41.965772,-87.908957,-50.0,48.5,90.0
41.965771,-87.908556,-50.0,45.5,90.0
41.965772,-87.907999,-50.0,42.5,90.0
41.965783,-87.907552,-50.0,40.5,87.2
41.965818,-87.907025,-50.0,40.5,84.4
41.965862,-87.906574,-50.0,39.5,81.6
41.965923,-87.90613,-50.0,37.5,78.8
41.965988,-87.905731,-50.0,34.5,75.9
41.966045,-87.90545,-50.0,33.5,73.1
41.966137,-87.905123,-50.0,33.5,70.3
41.966214,-87.904837,-50.0,33.5,67.5
41.966284,-87.904629,-50.0,33.5,64.7
41.966458,-87.904198,-50.0,32.5,61.9
41.966629,-87.903812,-50.0,32.5,59.1
41.966831,-87.90332,-50.0,30.5,59.1
41.967018,-87.902907,-50.0,27.5,59.1
41.967098,-87.902697,-50.0,22.5,61.9
41.967201,-87.902454,-50.0,18.5,61.9
41.967273,-87.902202,-50.0,14.8,67.5
41.967331,-87.901979,-50.0,14.8,73.1
41.967366,-87.901739,-50.0,14.8,78.8
41.967401,-87.901468,-50.0,14.8,81.6
41.967407,-87.90119,-50.0,14.2,87.2
41.967419,-87.900659,-50.0,14.2,90.0
41.967419,-87.900098,-50.0,14.8,90.0
41.967413,-87.899519,-50.0,15.5,90.0
41.967413,-87.898929,-50.0,17.5,90.0
41.967419,-87.89835,-50.0,18.5,90.0
41.967419,-87.897757,-50.0,18.5,90.0
41.967419,-87.897195,-50.0,18.5,90.0
41.967413,-87.896629,-50.0,18.5,90.0
41.967407,-87.896071,-50.0,18.5,90.0
41.967419,-87.895478,-50.0,18.5,90.0
41.967424,-87.894905,-50.0,19.5,90.0
41.967424,-87.89433,-50.0,19.5,90.0
41.967424,-87.893803,-50.0,19.5,90.0
41.967419,-87.8932,-50.0,19.5,90.0
41.96743,-87.892607,-50.0,16.5,90.0
41.967419,-87.892295,-50.0,12.2,90.0
41.96743,-87.892108,-50.0,10.8,84.4
41.967459,-87.891982,-50.0,10.8,75.9
41.96751,-87.891858,-50.0,10.8,67.5
41.967564,-87.891727,-50.0,10.8,61.9
41.967657,-87.891535,-50.0,11.2,56.2
41.967899,-87.891062,-50.0,12.8,56.2
41.968006,-87.89088,-50.0,11.2,50.6
41.968071,-87.890812,-50.0,11.2,42.2
41.968111,-87.890769,-50.0,11.2,36.6
41.968192,-87.890721,-50.0,11.2,25.3
41.968274,-87.890705,-50.0,11.2,16.9
41.968346,-87.890703,-50.0,10.8,8.4
41.96846,-87.890703,-50.0,10.8,2.8
41.968792,-87.890703,-50.0,10.2,0.0
41.969217,-87.890705,-50.0,9.8,0.0
41.96965,-87.890703,-50.0,13.2,0.0
41.970097,-87.890719,-50.0,14.2,0.0
41.970543,-87.890703,-50.0,12.8,0.0
41.970962,-87.890721,-50.0,13.8,0.0
41.971401,-87.890719,-50.0,14.2,0.0
41.971649,-87.890705,-50.0,10.8,2.8
41.97171,-87.890687,-50.0,9.8,8.4
41.971779,-87.890641,-50.0,9.2,19.7
41.971823,-87.890593,-50.0,8.8,28.1
41.97187,-87.890529,-50.0,8.8,39.4
41.971893,-87.890465,-50.0,8.2,50.6
41.971939,-87.890297,-50.0,7.8,67.5
41.971951,-87.890188,-50.0,8.2,75.9
41.971962,-87.890063,-50.0,8.8,81.6
41.971963,-87.889859,-50.0,9.2,87.2
41.971975,-87.889635,-50.0,8.2,84.4
41.971996,-87.889548,-50.0,8.2,75.9
41.972033,-87.889491,-50.0,8.2,67.5
41.972054,-87.889439,-50.0,8.8,61.9
41.972088,-87.889377,-50.0,8.8,53.4
41.972145,-87.889345,-50.0,8.8,45.0
41.972184,-87.889316,-50.0,8.8,36.6
41.972254,-87.8893,-50.0,8.8,19.7
41.972324,-87.8893,-50.0,8.2,8.4
41.972394,-87.8893,-50.0,8.8,2.8
41.97251,-87.8893,-50.0,7.8,8.4
41.972557,-87.889252,-50.0,7.2,19.7
41.972603,-87.889189,-50.0,7.8,30.9
41.972627,-87.88914,-50.0,7.8,39.4
41.972649,-87.889096,-50.0,7.8,50.6
41.972672,-87.889002,-50.0,7.8,61.9
41.972685,-87.888916,-50.0,7.8,70.3
41.972696,-87.888821,-50.0,7.8,78.8
41.972696,-87.888693,-50.0,8.2,84.4
41.972696,-87.888517,-50.0,8.2,90.0
41.972696,-87.888038,-50.0,8.2,90.0
41.972696,-87.887543,-50.0,7.8,90.0
41.972696,-87.887064,-50.0,7.8,90.0
41.972696,-87.886585,-50.0,8.2,90.0
41.972706,-87.88638,-50.0,5.8,87.2
41.972717,-87.886349,-50.0,4.2,78.8
41.972743,-87.886329,-50.0,3.8,67.5
41.972766,-87.886329,-50.0,3.8,56.2
41.972786,-87.886333,-50.0,3.8,47.8
41.972809,-87.886333,-50.0,3.8,39.4
41.972836,-87.886345,-50.0,4.2,28.1
41.972859,-87.886345,-50.0,4.2,16.9
41.972906,-87.886345,-50.0,4.8,8.4
41.972952,-87.886361,-50.0,4.8,2.8
41.973139,-87.886361,-50.0,6.2,0.0
41.973534,-87.886361,-50.0,3.2,0.0
41.973667,-87.886349,-50.0,0.8,0.0
41.973679,-87.886365,-50.0,0.0,0.0
41.973686,-87.886345,-50.0,0.0,0.0
41.973598,-87.886349,-50.0,1.6,0.0
41.973541,-87.886349,-50.0,1.6,2.8
41.973441,-87.886345,-50.0,1.6,2.8
41.973392,-87.886349,-50.0,1.6,5.6
41.973312,-87.886365,-50.0,1.6,5.6
41.973278,-87.886365,-50.0,1.6,2.8
41.973255,-87.886377,-50.0,1.9,0.0
41.973221,-87.88638,-50.0,1.6,357.2
41.973186,-87.88638,-50.0,2.2,354.4
41.97315,-87.886377,-50.0,2.2,351.6
41.973118,-87.88638,-50.0,2.2,348.8
41.973072,-87.886365,-50.0,2.2,345.9
41.973049,-87.886365,-50.0,1.9,343.1
41.973022,-87.886361,-50.0,2.2,337.5
41.972987,-87.886361,-50.0,2.2,334.7
41.972952,-87.886345,-50.0,2.2,329.1
41.972912,-87.886318,-50.0,2.2,326.2
41.9729,-87.886318,-50.0,2.2,323.4
41.972878,-87.886302,-50.0,1.9,320.6
41.972859,-87.886282,-50.0,1.9,315.0
41.972836,-87.886266,-50.0,1.4,312.2
41.972824,-87.88625,-50.0,1.4,309.4
41.97282,-87.886255,-50.0,1.6,306.6
41.972789,-87.886218,-50.0,1.6,303.8
41.972766,-87.886186,-50.0,1.6,300.9
41.972752,-87.886162,-50.0,1.6,295.3
41.97274,-87.886131,-50.0,1.6,292.5
41.97272,-87.88609,-50.0,1.6,289.7
41.972706,-87.886037,-50.0,1.4,286.9
41.972696,-87.88601,-50.0,1.1,284.1
41.972683,-87.88599,-50.0,0.1,281.2
41.972683,-87.88599,-50.0,0.0,281.2
41.972683,-87.88599,-50.0,0.0,281.2
41.972685,-87.885978,-50.0,0.0,281.2
41.972683,-87.88599,-50.0,0.0,281.2
41.972683,-87.88599,-50.0,0.0,281.2
41.972685,-87.885978,-50.0,0.0,281.2
41.972683,-87.88599,-50.0,0.0,281.2
41.972683,-87.88599,-50.0,0.0,281.2
41.972683,-87.88599,-50.0,0.0,281.2
41.972683,-87.88599,-50.0,0.0,281.2
41.972683,-87.88599,-50.0,0.0,281.2
41.972685,-87.885978,-50.0,0.0,281.2
41.972685,-87.885978,-50.0,0.0,281.2
41.972694,-87.886131,-50.0,4.2,275.6
41.972696,-87.886266,-50.0,6.2,272.8
41.972696,-87.886585,-50.0,7.2,270.0
41.972694,-87.88702,-50.0,7.2,270.0
41.972694,-87.887441,-50.0,7.8,270.0
41.972694,-87.887894,-50.0,7.8,270.0
41.972696,-87.888326,-50.0,8.8,270.0
41.972696,-87.8889,-50.0,9.8,270.0
41.972696,-87.889443,-50.0,10.8,270.0
41.972694,-87.889938,-50.0,8.8,270.0
41.972694,-87.890297,-50.0,4.8,270.0
41.972694,-87.890407,-50.0,1.9,270.0
41.972683,-87.890672,-50.0,3.2,270.0
41.972672,-87.890719,-50.0,1.6,261.6
41.97266,-87.89075,-50.0,0.9,253.1
41.97266,-87.89075,-50.0,0.0,253.1
41.972649,-87.89075,-50.0,0.0,253.1
41.97265,-87.890785,-50.0,0.0,250.3
41.972592,-87.89088,-50.0,4.2,239.1
41.972534,-87.890937,-50.0,5.2,225.0
41.972487,-87.89096,-50.0,6.2,216.6
41.972431,-87.890984,-50.0,6.8,205.3
41.972382,-87.890992,-50.0,7.2,196.9
41.972317,-87.890984,-50.0,8.2,188.4
41.972231,-87.890992,-50.0,8.8,180.0
41.972161,-87.890976,-50.0,9.2,171.6
41.972091,-87.890944,-50.0,9.2,163.1
41.972045,-87.89088,-50.0,9.2,149.1
41.971998,-87.890801,-50.0,9.2,137.8
41.971973,-87.89075,-50.0,9.2,129.4
41.971973,-87.890687,-50.0,9.8,120.9
41.971963,-87.890625,-50.0,9.8,109.7
41.971963,-87.890545,-50.0,9.8,101.2
41.971962,-87.890438,-50.0,9.8,95.6
41.971952,-87.890242,-50.0,10.2,90.0
41.971963,-87.889667,-50.0,11.2,90.0
41.971962,-87.889096,-50.0,11.2,90.0
41.971962,-87.888503,-50.0,11.2,90.0
41.971963,-87.887942,-50.0,11.8,90.0
41.971963,-87.887463,-50.0,12.8,90.0
41.971962,-87.886864,-50.0,13.8,90.0
41.971962,-87.886318,-50.0,13.8,90.0
41.971962,-87.885803,-50.0,13.8,90.0
41.971962,-87.885225,-50.0,13.8,90.0
41.971952,-87.8851,-50.0,13.8,95.6
41.971928,-87.88494,-50.0,12.8,104.1
41.971882,-87.884796,-50.0,12.8,112.5
41.971745,-87.884414,-50.0,13.2,109.7
41.971722,-87.884274,-50.0,13.2,101.2
41.971719,-87.88411,-50.0,12.8,95.6
41.971719,-87.883854,-50.0,12.8,90.0
41.971722,-87.883259,-50.0,13.2,90.0
41.971722,-87.882682,-50.0,13.2,90.0
41.971722,-87.882136,-50.0,13.2,90.0
41.971722,-87.881901,-50.0,8.8,90.0
41.971722,-87.881574,-50.0,5.8,90.0
41.971722,-87.881199,-50.0,6.2,90.0
41.971719,-87.880788,-50.0,7.2,90.0
41.97171,-87.8807,-50.0,7.2,95.6
41.971687,-87.880622,-50.0,7.2,104.1
41.971626,-87.880501,-50.0,7.2,120.9
41.971567,-87.880437,-50.0,7.2,129.4
41.971533,-87.880389,-50.0,7.8,137.8
41.971474,-87.880373,-50.0,7.8,146.2
41.971428,-87.880341,-50.0,7.8,154.7
41.971378,-87.880341,-50.0,7.8,163.1
41.971321,-87.880341,-50.0,6.8,171.6
41.971242,-87.880341,-50.0,5.2,177.2
41.97123,-87.880341,-50.0,0.3,177.2
41.971183,-87.880341,-50.0,1.6,177.2
41.971067,-87.880341,-50.0,4.2,180.0
41.970764,-87.880325,-50.0,7.8,180.0
41.970337,-87.880341,-50.0,10.8,180.0
41.970177,-87.880325,-50.0,10.2,174.4
41.970113,-87.880293,-50.0,9.2,165.9
41.970051,-87.880247,-50.0,9.2,154.7
41.969996,-87.880182,-50.0,8.8,146.2
41.96995,-87.880118,-50.0,8.2,137.8
41.969913,-87.880029,-50.0,7.2,129.4
41.969845,-87.879942,-50.0,5.2,135.0
41.969822,-87.879942,-50.0,4.8,143.4
41.969788,-87.879935,-50.0,4.2,154.7
41.969764,-87.879942,-50.0,4.2,163.1
41.96973,-87.879951,-50.0,3.8,177.2
41.969705,-87.87999,-50.0,3.2,191.2
41.969685,-87.880013,-50.0,3.8,199.7
41.969662,-87.880044,-50.0,3.8,208.1
41.969659,-87.88007,-50.0,2.8,216.6
41.969612,-87.880134,-50.0,1.6,219.4
41.96957,-87.880185,-50.0,2.2,222.2
41.969467,-87.880294,-50.0,6.2,222.2
41.969379,-87.880405,-50.0,9.2,222.2
41.969318,-87.880481,-50.0,11.8,222.2
41.969251,-87.880565,-50.0,15.5,222.2
41.969158,-87.880684,-50.0,19.5,222.2
41.969044,-87.880809,-50.0,24.5,219.4
41.968902,-87.88098,-50.0,29.5,219.4
41.968751,-87.881156,-50.0,35.5,219.4
41.968623,-87.881315,-50.0,40.5,219.4
41.968507,-87.881459,-50.0,45.5,219.4
41.968323,-87.881652,-50.0,50.5,219.4
41.968105,-87.881933,-50.0,55.5,219.4
41.967876,-87.882198,-50.0,60.5,219.4
41.96735,-87.882822,-50.0,71.0,219.4
41.966947,-87.883311,-50.0,75.0,222.2
41.96632,-87.884039,-50.0,85.0,219.4
41.965851,-87.884632,550,93.5,221.5
41.964981,-87.885631,550,102.0,221.8
41.964515,-87.886218,550,107.0,221.6
41.963882,-87.886942,550,111.2,221.7
41.963379,-87.887504,550,119.7,221.9
41.96256,-87.888517,550,123.2,221.7
41.961594,-87.889689,550,127.5,221.8
41.96109,-87.89025,550,139.5,221.8
41.960083,-87.891436,550,143.8,221.9
41.959534,-87.892094,550,150.9,221.5
41.958416,-87.893435,550,154.4,221.9
41.957016,-87.895057,550,165.8,221.6
41.9561,-87.896181,550,168.6,221.6
41.95553,-87.896821,575,171.4,221.7
41.955002,-87.897491,600,173.6,221.5
41.954361,-87.898178,625,175.7,221.3
41.95372,-87.899052,650,177.8,221.6
41.95285,-87.900051,725,178.5,221.8
41.952551,-87.900462,750,177.7,222.0
41.951387,-87.901867,850,176.9,222.7
41.950287,-87.903297,950,175.5,222.7
41.949051,-87.904795,1050,174.8,222.9
41.947998,-87.905981,1150,173.6,221.5
41.946808,-87.907167,1250,174.6,219.9
41.945389,-87.908353,1350,173.4,214.4
41.944107,-87.909164,1450,170.0,208.1
41.942551,-87.909976,1550,168.7,200.5
41.941544,-87.910413,1625,167.6,197.4
41.940674,-87.9106,1700,166.1,194.3
41.939563,-87.910745,1800,164.9,190.8
41.938492,-87.910873,1875,162.9,186.0
41.937607,-87.91085,1950,162.3,183.2
41.936554,-87.910725,2025,160.1,178.2
41.934952,-87.910413,2125,160.3,172.8
41.933624,-87.909976,2175,161.3,170.4
41.931602,-87.909085,2275,164.3,164.1
41.929228,-87.907871,2375,166.8,159.3
41.927216,-87.906605,2475,169.2,155.6
41.925038,-87.905252,2575,170.0,154.9
41.923269,-87.904166,2675,171.3,154.8
41.921539,-87.903047,2775,171.3,154.8
41.919846,-87.901986,2875,170.9,155.1
41.917877,-87.9008,2975,170.9,155.1
41.916147,-87.899695,3075,170.9,155.1
41.914307,-87.898553,3175,170.9,155.1
41.912567,-87.897491,3275,170.9,155.1
41.91098,-87.896501,3375,171.8,155.2
41.909088,-87.895369,3475,171.8,155.2
41.907069,-87.894074,3575,172.2,154.9
41.905426,-87.893059,3675,172.2,154.9
41.903531,-87.891839,3775,173.1,155.1
41.901576,-87.890625,3875,174.1,155.2
41.899249,-87.88922,3975,175.0,155.3
41.896591,-87.887629,4075,176.8,155.6
41.894128,-87.886154,4175,179.0,155.6
41.89194,-87.884812,4225,182.6,155.4
41.889908,-87.883571,4300,186.6,155.6
41.886475,-87.881449,4375,191.5,155.3
41.884323,-87.880138,4425,195.6,155.5
41.881348,-87.878328,4500,200.0,155.5
41.8797,-87.877391,4525,203.2,155.6
41.87709,-87.875831,4575,208.1,155.9
41.874481,-87.87427,4625,212.2,156.1
41.871876,-87.872868,4675,216.9,157.2
41.868347,-87.871337,4750,221.4,162.4
41.864986,-87.870377,4825,224.0,167.9
41.861435,-87.869776,4900,228.6,173.2
41.856079,-87.869214,4975,232.7,175.6
41.85173,-87.868902,5025,237.5,176.4
41.849945,-87.868715,5075,240.5,176.4
41.847482,-87.868525,5125,242.5,176.4
41.846466,-87.868465,5150,243.5,176.5
41.844635,-87.868278,5225,245.5,176.3
41.841896,-87.868077,5325,245.5,176.3
41.839737,-87.867903,5425,246.5,176.3
41.837474,-87.867694,5525,246.5,176.3
41.834122,-87.867375,5625,248.5,176.3
41.830491,-87.867119,5725,252.4,176.6
41.82692,-87.866842,5825,255.4,176.9
41.824631,-87.866717,5900,257.3,177.1
41.821793,-87.86653,6000,257.3,177.3
41.819275,-87.866405,6100,258.2,177.6
41.816757,-87.86628,6200,259.2,177.8
41.813873,-87.866218,6300,260.1,178.5
41.810806,-87.866218,6400,262.0,179.6
41.807634,-87.866481,6500,265.4,183.0
41.805213,-87.866864,6600,266.5,186.0
41.802187,-87.867758,6700,267.8,189.7
41.799441,-87.86878,6800,269.3,195.1
41.797211,-87.869901,6900,270.7,199.0
41.79483,-87.871274,7000,271.5,200.7
41.791992,-87.873443,7125,273.2,206.8
41.789292,-87.875806,7275,273.0,210.6
41.786957,-87.878328,7425,274.0,216.2
41.784439,-87.881386,7575,274.9,221.5
41.781601,-87.885506,7750,274.4,225.9
41.778214,-87.89075,7950,274.3,229.0
41.77528,-87.895416,8150,275.4,230.0
41.772354,-87.900176,8350,274.3,230.6
41.769424,-87.905045,8550,274.3,230.6
41.766668,-87.909468,8750,273.6,230.8
41.763977,-87.913909,8950,273.6,230.8
41.761407,-87.918091,9125,272.9,230.6
41.75885,-87.922273,9325,272.2,230.8
41.756007,-87.926969,9525,270.8,230.8
41.753214,-87.93144,9725,270.0,230.7
41.750514,-87.93572,9925,268.2,229.8
41.747131,-87.940376,10125,265.9,225.9
41.74411,-87.943746,10275,265.2,220.7
41.740459,-87.946898,10450,263.5,215.0
41.7372,-87.949134,10600,262.3,209.2
41.733582,-87.950987,10750,262.5,203.3
41.730264,-87.9522,10900,262.2,197.5
41.726898,-87.953047,11025,262.7,193.0
41.723002,-87.953477,11175,263.2,187.4
41.718933,-87.953422,11325,264.2,181.9
41.714905,-87.953047,11475,265.5,176.5
41.710098,-87.952486,11675,265.9,175.2
41.705338,-87.951986,11850,266.0,175.0
41.695117,-87.950858,12250,266.8,175.5
41.683246,-87.949581,12650,269.3,174.5
41.678172,-87.948495,12850,269.8,170.4
41.673936,-87.946898,13000,270.7,165.4
41.670724,-87.945301,13125,272.0,160.2
41.667389,-87.943122,13250,273.8,154.9
41.663727,-87.940001,13400,275.8,149.2
41.660575,-87.936742,13525,278.4,143.9
41.657596,-87.933101,13650,279.9,140.5
41.654984,-87.92914,13775,284.3,133.9
41.652522,-87.924925,13900,286.9,129.6
41.649403,-87.918921,14075,288.5,125.1
41.642187,-87.904741,14475,288.9,125.6
41.640518,-87.901986,14550,288.2,127.4
41.639208,-87.899887,14575,288.6,129.1
41.636536,-87.895868,14650,289.4,130.5
41.634599,-87.893116,14675,291.1,131.8
41.628067,-87.884133,14725,300.5,134.6
41.617282,-87.869738,14900,310.4,134.6
41.609253,-87.85854,15000,319.7,133.5
41.604759,-87.852109,15075,325.5,132.8
41.599778,-87.844763,15200,327.8,132.2
41.587372,-87.825955,15550,336.0,130.9
41.57515,-87.806792,15900,341.4,130.1
41.563188,-87.787916,16250,347.0,130.2
41.55006,-87.767284,16600,352.6,130.3
41.537888,-87.748302,16950,357.5,130.5
41.526319,-87.730301,17325,359.6,130.6
41.514542,-87.712035,17700,362.4,130.6
41.502411,-87.693121,18075,364.6,130.6
41.489635,-87.673198,18450,367.5,130.4
41.477671,-87.654483,18825,369.7,130.3
41.465469,-87.635318,19200,371.8,130.2
41.45311,-87.615842,19575,373.2,130.2
41.440849,-87.596805,19975,373.4,131.4
41.435309,-87.589267,20125,371.9,134.8
41.431503,-87.584943,20200,371.5,137.3
41.427349,-87.5809,20300,369.0,143.6
41.422394,-87.577015,20400,367.4,148.1
41.417725,-87.573894,20500,365.4,152.4
41.412277,-87.57096,20625,363.8,157.9
41.406493,-87.568572,20750,361.3,163.3
41.398727,-87.566403,20900,360.0,167.2
41.392481,-87.565315,21025,357.2,172.3
41.373047,-87.562378,21375,359.5,173.3
41.352951,-87.559143,21725,362.7,173.0
41.333725,-87.55603,22075,364.7,173.1
41.314087,-87.552917,22425,366.7,173.1
41.293138,-87.549487,22775,368.8,173.0
41.271911,-87.545929,23100,370.0,172.7
41.24968,-87.542175,23425,373.1,172.6
41.242815,-87.540998,23500,374.1,172.6
41.226517,-87.538208,23675,379.3,172.4
41.223031,-87.537564,23725,379.4,172.3
41.202118,-87.53363,24075,381.1,171.6
41.191177,-87.530884,24225,383.0,169.0
41.16925,-87.524597,24550,386.2,168.2
41.145195,-87.518089,24850,388.9,168.4
41.121826,-87.511719,25175,391.1,168.4
41.095617,-87.504668,25475,395.0,168.5
41.081039,-87.500732,25600,398.1,168.4
41.056188,-87.493994,25900,400.1,168.5
41.031235,-87.487305,26200,403.0,168.6
41.006237,-87.480635,26500,406.0,168.6
40.984171,-87.474768,26850,405.2,168.5
40.977002,-87.472832,26950,405.0,168.6
40.951355,-87.466003,27250,407.9,168.7
40.924072,-87.45874,27550,410.3,168.5
40.898143,-87.451796,27850,412.4,168.4
40.872528,-87.444885,28150,413.2,168.6
40.847031,-87.438171,28450,414.0,168.7
40.821487,-87.431396,28750,414.2,168.6
40.79631,-87.424805,29050,415.0,168.7
40.770676,-87.417969,29350,416.2,168.6
40.74331,-87.410909,29650,416.8,168.9
40.715285,-87.403731,29950,417.7,169.0
40.687363,-87.396362,30225,419.5,168.4
40.658631,-87.388562,30500,420.9,168.2
40.628082,-87.380249,30775,422.8,168.3
40.597182,-87.371958,31050,423.4,168.6
40.566147,-87.363831,31300,425.8,169.0
40.552551,-87.361023,31400,425.7,171.5
40.538247,-87.358974,31525,425.4,173.9
40.527283,-87.357605,31600,426.0,174.5
40.510162,-87.355408,31675,429.1,174.4
40.507569,-87.355042,31700,429.2,174.2
40.502655,-87.354431,31750,429.2,174.2
40.480682,-87.35144,32125,425.3,174.1
40.454546,-87.347801,32450,423.5,173.8
40.428497,-87.343872,32750,422.8,173.4
40.402315,-87.33981,33050,422.0,173.2
40.37564,-87.335503,33350,421.2,172.9
40.348068,-87.330872,33650,420.5,172.6
40.320786,-87.326294,33950,418.5,172.6
40.294556,-87.321777,34250,416.6,172.4
40.266894,-87.317026,34550,414.7,172.4
40.237839,-87.312012,34825,413.7,172.4
40.214905,-87.307983,35000,413.5,172.5
40.208425,-87.306914,35025,414.4,172.6
40.170438,-87.300609,35000,418.5,172.6
40.131893,-87.294055,35000,421.5,172.6
40.094055,-87.28772,35000,421.5,172.6
40.056015,-87.281189,35000,420.6,172.5
40.029007,-87.276367,35000,421.7,171.4
40.01825,-87.27356,35000,423.5,167.9
40.008545,-87.270203,35000,427.1,164.2
39.998566,-87.265747,35000,430.4,160.6
39.98877,-87.260437,35000,433.3,157.0
39.979706,-87.254639,35000,436.0,153.7
39.951416,-87.235352,35000,437.4,152.5
39.915985,-87.211801,35000,436.0,153.1
39.880837,-87.188721,35000,436.9,153.2
39.845084,-87.165527,35000,436.9,153.5
39.809286,-87.142517,35000,436.0,153.7
39.773026,-87.119433,35000,436.9,153.8
39.73727,-87.096741,35000,437.8,153.8
39.701706,-87.074114,35000,437.8,153.8
39.66665,-87.05188,35000,437.4,154.0
39.630805,-87.029358,35000,437.0,154.1
39.595006,-87.006714,35000,437.8,153.8
39.559296,-86.983835,35000,437.8,153.6
39.523409,-86.960754,35000,438.3,153.4
39.488122,-86.937988,35000,437.4,153.4
39.452323,-86.914978,35000,436.5,153.6
39.416153,-86.891824,35000,436.0,153.7
39.380997,-86.869374,35000,435.6,153.6
39.345346,-86.846436,35000,434.7,153.5
39.30992,-86.82373,35000,434.2,153.6
39.274494,-86.801331,35000,433.4,153.9
39.238678,-86.778737,35000,432.9,154.0
39.202757,-86.756104,35000,432.9,154.0
39.167175,-86.733717,35000,433.4,153.9
39.131744,-86.711386,35000,432.9,154.0
39.096405,-86.689055,35000,432.9,153.7
39.060865,-86.666565,35000,432.5,153.8
39.025858,-86.644531,35000,432.0,153.9
38.990153,-86.62207,35000,432.0,153.9
38.954041,-86.599433,35000,432.0,153.9
38.918788,-86.577454,35000,432.9,154.0
38.883408,-86.555359,35000,432.5,154.1
38.847982,-86.533264,35000,432.9,154.0
38.812775,-86.511065,35000,432.9,153.7
38.777455,-86.488831,35000,432.0,153.9
38.742402,-86.46698,35000,432.0,153.9
38.706802,-86.444908,35000,431.6,154.0
38.670731,-86.422457,35000,431.6,154.0
38.634979,-86.400306,35000,431.6,154.0
38.599207,-86.378113,35000,431.6,154.0
38.563269,-86.355774,35000,432.5,154.1
38.528366,-86.334149,35000,432.5,154.1
38.493068,-86.312317,35000,432.5,154.1
38.457779,-86.290562,35000,432.5,154.1
38.422119,-86.268529,35000,432.5,154.1
38.386789,-86.246736,35000,433.4,154.1
38.350944,-86.224704,35000,432.5,154.1
38.315611,-86.20291,35000,433.4,154.1
38.280258,-86.181258,35000,433.4,154.1
38.244965,-86.15946,35000,432.5,154.1
38.209704,-86.137828,35000,432.0,154.2
38.174103,-86.116041,35000,432.0,154.2
38.138014,-86.093883,35000,431.1,154.1
38.102262,-86.072029,35000,431.1,154.1
38.067123,-86.050532,35000,430.7,154.3
38.031967,-86.029144,35000,429.8,154.2
37.996536,-86.007522,35000,429.8,154.2
37.961105,-85.985958,35000,429.4,154.3
37.925858,-85.964511,35000,429.4,154.3
37.890449,-85.94294,35000,428.5,154.3
37.85527,-85.921559,35000,428.5,154.3
37.820248,-85.900368,35000,428.0,154.4
37.78537,-85.879367,35000,428.0,154.4
37.750373,-85.858154,35000,428.5,154.3
37.714828,-85.836708,35000,428.0,154.4
37.679893,-85.815582,35000,427.1,154.3
37.644281,-85.794028,35000,427.1,154.3
37.608808,-85.772652,35000,426.7,154.5
37.574249,-85.751856,35000,426.7,154.5
37.539917,-85.731286,35000,425.4,154.5
37.509419,-85.712824,35000,425.8,153.8
37.499038,-85.705659,35000,427.6,150.7
37.490472,-85.698793,35000,430.0,147.3
37.479858,-85.689386,35000,431.5,144.4
37.448249,-85.660341,35000,432.0,143.7
37.416501,-85.631024,35000,432.6,143.6
37.384689,-85.601553,35000,432.0,143.7
37.352646,-85.572042,35000,431.4,143.8
37.320557,-85.542648,35000,431.6,143.9
37.288808,-85.513578,35000,432.0,143.7
37.256927,-85.484269,35000,432.0,143.7
37.225525,-85.455342,35000,432.0,143.7
37.19426,-85.42659,35000,432.8,143.7
37.161987,-85.396962,35000,432.8,143.7
37.130344,-85.367889,35000,433.4,143.6
37.097946,-85.338291,35000,433.6,143.8
37.066498,-85.309598,35000,433.9,144.0
37.034683,-85.280729,35000,433.9,144.0
37.002651,-85.251697,35000,434.4,143.9
36.970623,-85.222559,35000,435.0,143.8
36.938549,-85.193362,35000,435.8,143.9
36.905777,-85.16362,35000,436.6,143.9
36.873734,-85.134459,35000,437.8,143.7
36.841324,-85.105076,35000,437.7,144.2
36.831207,-85.096722,35000,436.3,146.8
36.822541,-85.090455,35000,433.9,150.6
36.811844,-85.08379,35000,431.6,153.7
36.802849,-85.07906,35000,429.8,157.1
36.793725,-85.074969,35000,428.9,160.4
36.783508,-85.071144,35000,427.5,163.6
36.768448,-85.066338,35000,425.9,165.9
36.755768,-85.063019,35000,424.2,168.7
36.737183,-85.059185,35000,423.5,170.8
36.698712,-85.051419,35000,423.3,170.9
36.661194,-85.043964,35000,423.3,170.9
36.622645,-85.036225,35000,423.7,170.6
36.584333,-85.028277,35000,423.7,170.6
36.546021,-85.02033,35000,424.0,170.4
36.508118,-85.012321,35000,424.0,170.4
36.470261,-85.004368,35000,424.0,170.4
36.431992,-84.996243,35000,423.0,170.3
36.395703,-84.988832,35000,423.2,171.0
36.383469,-84.987087,35000,422.4,173.9
36.373947,-84.986572,35000,421.3,178.0
36.362915,-84.986744,35000,420.1,181.4
36.352844,-84.987717,35000,418.6,185.1
36.333882,-84.990468,35000,417.1,187.0
36.295942,-84.99637,35000,417.1,187.0
36.258188,-85.002097,35000,417.1,187.0
36.220294,-85.007883,35000,416.1,187.0
36.182308,-85.013726,35000,415.3,187.2
36.144699,-85.019531,35000,415.1,187.1
36.106567,-85.025253,35000,414.9,186.8
36.069122,-85.030804,35000,413.0,186.9
36.032135,-85.036354,35000,412.0,187.0
36.006759,-85.040023,35000,412.5,186.3
35.996471,-85.040725,35000,412.6,183.1
35.986908,-85.040646,35000,414.0,179.4
35.976746,-85.039787,35000,415.0,176.0
35.96759,-85.038242,35000,415.8,172.3
35.958112,-85.035991,35000,417.7,168.3
35.940582,-85.030804,35000,419.1,166.2
35.906253,-85.020973,35000,418.2,167.3
35.869337,-85.011214,35000,418.2,168.0
35.831955,-85.001507,35000,420.1,168.1
35.794248,-84.991812,35000,420.9,168.2
35.7571,-84.982228,35000,421.1,168.1
35.718787,-84.972119,35000,421.5,167.8
35.68122,-84.962243,35000,421.5,167.8
35.64328,-84.952308,35000,421.3,167.9
35.605712,-84.942549,35000,421.1,168.1
35.568098,-84.932731,35000,422.3,168.0
35.530243,-84.922714,35000,422.5,167.8
35.492157,-84.912643,35000,423.9,167.6
35.454045,-84.902402,35000,423.7,167.7
35.416198,-84.892409,35000,424.6,167.8
35.378494,-84.882431,35000,425.4,167.9
35.340134,-84.872475,35000,426.4,167.9
35.302277,-84.862576,35000,426.4,167.9
35.264205,-84.852672,35000,427.4,168.0
35.226265,-84.842892,35000,427.4,168.0
35.187927,-84.833007,35000,428.3,168.0
35.149384,-84.823085,35000,428.1,168.1
35.11116,-84.813276,35000,428.3,168.0
35.0728,-84.803299,35000,428.6,167.9
35.034842,-84.793339,35000,427.6,167.9
34.996297,-84.783268,35000,428.3,168.0
34.958124,-84.773426,35000,427.4,168.0
34.920227,-84.763613,35000,427.4,168.0
34.881918,-84.753742,35000,426.4,167.9
34.844101,-84.743995,35000,426.4,167.9
34.806317,-84.734287,35000,425.2,168.1
34.768004,-84.724445,35000,425.4,167.9
34.730301,-84.714623,35000,424.4,167.9
34.692217,-84.704876,35000,425.2,168.1
34.654541,-84.695229,35000,425.0,168.2
34.61657,-84.685535,35000,425.2,168.1
34.578257,-84.675751,35000,425.2,168.1
34.539871,-84.665913,35000,426.4,167.9
34.501419,-84.655992,35000,427.6,167.9
34.46346,-84.646111,35000,427.6,167.9
34.425101,-84.636154,35000,428.3,168.0
34.387024,-84.626452,35000,429.3,168.0
34.349121,-84.616811,35000,430.1,168.2
34.311081,-84.607226,35000,431.1,168.2
34.272537,-84.597529,35000,432.1,168.2
34.233352,-84.587631,35000,433.2,168.1
34.194527,-84.577847,35000,433.2,168.1
34.155579,-84.568045,35000,434.4,168.0
34.116852,-84.558012,35000,434.8,167.8
34.078079,-84.547979,35000,434.6,167.9
34.039719,-84.538169,35000,434.4,168.0
34.000351,-84.528192,35000,434.4,168.0
33.961347,-84.518337,35000,435.4,168.1
33.922119,-84.508518,35000,435.2,168.2
33.88385,-84.498933,35000,435.2,168.2
33.845153,-84.489212,35000,436.2,168.2
33.806351,-84.479594,35000,437.2,168.2
33.767075,-84.469785,35000,438.1,168.3
33.727798,-84.459864,35000,438.5,168.0
33.68866,-84.449999,35000,438.3,168.1
33.649773,-84.440174,35000,438.3,168.1
33.631165,-84.435088,35000,439.7,166.2
33.616653,-84.4301,35000,442.0,163.6
33.601822,-84.424158,35000,444.9,161.1
33.563416,-84.408576,35000,444.6,161.2
33.524827,-84.392993,35000,444.3,161.4
33.486701,-84.377634,35000,443.4,161.3
33.447968,-84.362036,35000,443.0,161.4
33.409882,-84.346875,35000,442.7,161.6
33.371979,-84.331769,35000,442.7,161.6
33.334289,-84.316761,35000,441.8,161.5
33.296069,-84.301571,35000,441.8,161.5
33.257803,-84.286325,35000,442.1,161.4
33.219818,-84.271124,35000,442.1,161.4
33.181412,-84.255798,35000,442.1,161.4
33.143145,-84.24053,35000,442.1,161.4
33.105112,-84.225339,35000,443.0,161.4
33.06666,-84.210037,35000,443.0,161.4
33.028161,-84.194735,35000,442.7,161.6
32.98943,-84.179432,35000,442.7,161.6
32.950882,-84.164227,35000,442.7,161.6
32.912796,-84.149066,35000,442.7,161.6
32.874306,-84.133861,35000,442.7,161.6
32.835574,-84.118615,35000,442.7,161.6
32.796936,-84.103369,35000,442.7,161.6
32.759229,-84.088459,35000,442.7,161.6
32.72049,-84.07326,35000,442.7,161.6
32.682175,-84.058154,35000,442.7,161.6
32.64386,-84.043048,35000,442.7,161.6
32.604955,-84.027754,35000,442.7,161.6
32.566828,-84.012731,35000,442.7,161.6
32.528935,-83.997821,35000,442.7,161.6
32.489868,-83.982513,35000,442.7,161.6
32.451553,-83.967517,35000,442.4,161.7
32.413858,-83.952755,35000,442.4,161.7
32.374969,-83.937579,35000,442.4,161.7
32.336426,-83.922528,35000,442.4,161.7
32.298431,-83.907697,35000,443.4,161.7
32.259816,-83.892611,35000,443.7,161.6
32.221115,-83.877539,35000,444.6,161.6
32.182772,-83.862622,35000,445.3,161.8
32.144119,-83.847601,35000,446.5,161.7
32.104984,-83.832466,35000,447.8,161.6
32.066252,-83.817332,35000,447.8,161.6
32.027055,-83.802198,35000,448.4,161.8
31.988159,-83.787231,35000,449.4,161.9
31.948792,-83.77207,35000,449.7,161.7
31.90965,-83.756851,35000,449.7,161.7
31.870926,-83.741913,35000,449.4,161.9
31.832794,-83.727136,35000,450.0,161.6
31.793243,-83.711755,35000,450.0,161.6
31.754026,-83.696539,35000,450.9,161.6
31.715057,-83.681515,35000,450.3,161.9
31.67601,-83.666543,35000,450.6,161.8
31.636917,-83.651572,35000,451.6,161.8
31.597183,-83.636331,35000,451.6,161.8
31.55739,-83.621118,35000,452.5,161.9
31.517727,-83.605902,35000,452.5,161.9
31.478251,-83.590796,35000,452.8,161.7
31.439193,-83.5758,35000,453.5,161.9
31.399484,-83.560638,35000,453.5,161.9
31.360194,-83.545752,35000,453.2,162.0
31.320374,-83.530561,35000,452.5,161.9
31.281754,-83.515814,35000,451.6,161.8
31.242231,-83.500708,35000,451.3,161.9
31.202087,-83.485484,35000,450.3,161.9
31.16304,-83.470621,35000,450.3,161.9
31.123802,-83.455774,35000,450.0,162.0
31.084991,-83.441001,35000,449.4,161.9
31.045874,-83.426111,35000,448.1,161.9
31.00663,-83.411224,35000,448.1,161.9
30.96698,-83.396194,35000,448.1,161.9
30.928376,-83.381616,35000,447.2,161.9
30.890167,-83.367112,35000,447.2,161.9
30.851937,-83.352777,35000,446.8,162.0
30.813766,-83.338461,35000,446.8,162.0
30.774893,-83.323663,35000,446.5,161.7
30.735947,-83.308949,35000,445.9,162.0
30.715439,-83.300817,35000,446.7,160.1
30.700596,-83.29389,35000,447.9,157.6
30.685885,-83.286145,35000,449.2,155.0
30.648834,-83.265812,35000,449.1,154.7
30.61171,-83.24567,35000,449.2,155.0
30.574402,-83.225582,35000,449.2,155.0
30.537523,-83.205725,35000,447.4,155.1
30.500235,-83.185895,35000,447.0,155.3
30.462982,-83.166073,35000,447.0,155.3
30.426124,-83.146454,35000,447.0,155.3
30.389191,-83.126705,35000,446.1,155.2
30.352385,-83.107343,35000,444.8,155.6
30.315445,-83.08793,35000,444.3,155.4
30.278641,-83.068273,35000,444.7,155.0
30.241013,-83.048132,35000,443.4,155.1
30.204575,-83.028582,35000,442.5,155.0
30.167992,-83.00896,35000,441.6,154.9
30.13075,-82.98891,35000,441.6,154.9
30.094439,-82.969464,35000,440.2,155.0
30.058594,-82.950278,35000,440.2,155.0
30.021817,-82.930682,35000,439.8,155.1
29.985693,-82.911401,35000,438.9,155.1
29.949554,-82.892115,35000,438.0,155.0
29.912521,-82.872512,35000,438.1,155.3
29.876175,-82.853288,35000,438.9,155.1
29.839565,-82.833844,35000,441.6,155.2
29.802882,-82.814511,35000,443.0,155.5
29.7659,-82.795082,35000,444.3,155.4
29.729004,-82.775591,35000,444.8,155.3
29.692554,-82.756348,35000,444.8,155.3
29.655126,-82.736583,35000,444.8,155.3
29.618629,-82.717357,35000,445.2,155.2
29.581759,-82.697808,35000,445.2,155.2
29.545395,-82.678616,35000,445.7,155.3
29.507629,-82.658914,35000,446.2,155.5
29.471008,-82.639741,35000,446.2,155.5
29.433563,-82.620251,35000,446.6,155.4
29.396164,-82.600602,35000,447.0,155.3
29.35896,-82.580997,35000,447.0,155.3
29.322098,-82.561622,35000,447.4,155.1
29.287363,-82.543514,35000,447.7,156.0
29.27504,-82.537906,35000,447.7,158.6
29.261107,-82.53242,35000,446.8,161.2
29.245834,-82.527237,35000,445.9,163.7
29.232617,-82.523534,35000,445.8,166.2
29.218689,-82.520265,35000,444.6,168.7
29.202026,-82.517201,35000,443.2,171.2
29.162384,-82.510176,35000,444.4,171.1
29.122742,-82.503152,35000,444.4,171.1
29.083054,-82.496021,35000,444.5,170.9
29.042725,-82.488626,35000,445.5,171.0
29.00237,-82.481366,35000,445.4,171.1
28.961563,-82.474048,35000,446.5,171.0
28.921783,-82.466812,35000,446.8,170.7
28.881707,-82.459448,35000,446.8,170.7
28.841067,-82.451962,35000,446.7,170.9
28.800566,-82.44453,35000,446.7,170.9
28.759689,-82.437128,35000,446.7,170.9
28.718867,-82.429666,35000,446.7,170.9
28.678646,-82.422342,35000,446.5,171.0
28.637833,-82.415208,35000,445.2,171.2
28.597459,-82.408178,35000,445.1,171.3
28.556912,-82.401123,35000,444.2,171.2
28.517063,-82.394014,35000,444.5,170.9
28.477447,-82.386798,35000,443.6,170.9
28.437272,-82.379474,35000,443.6,170.9
28.397936,-82.372365,35000,442.6,170.9
28.358459,-82.365364,35000,442.3,171.2
28.318176,-82.358111,35000,442.7,170.8
28.278717,-82.350875,35000,442.6,170.9
28.238867,-82.343714,35000,442.4,171.0
28.199112,-82.336614,35000,442.6,170.9
28.158983,-82.329443,35000,443.4,171.1
28.118408,-82.3223,35000,443.2,171.2
28.078171,-82.315116,35000,444.4,171.1
28.042191,-82.308514,35000,445.7,170.1
28.028458,-82.305134,35000,447.4,167.6
28.013414,-82.300684,35000,448.0,165.1
27.999298,-82.295785,35000,450.0,162.4
27.975082,-82.28633,35000,450.0,160.8
27.935577,-82.270911,35000,451.0,160.8
27.896475,-82.255748,35000,451.3,161.1
27.857758,-82.240802,35000,451.3,161.1
27.818573,-82.225825,35000,450.6,161.4
27.778976,-82.210849,35000,451.6,161.4
27.740524,-82.196287,35000,451.6,161.4
27.701468,-82.18159,35000,451.3,161.5
27.663162,-82.167111,35000,451.6,161.4
27.624069,-82.152238,35000,452.2,161.2
27.58518,-82.137434,35000,452.8,161.3
27.546449,-82.122591,35000,452.5,161.0
27.506554,-82.10738,35000,453.2,161.2
27.467869,-82.092485,35000,452.5,161.0
27.428718,-82.07759,35000,452.8,161.3
27.389568,-82.062642,35000,453.2,161.2
27.349626,-82.047536,35000,451.9,161.3
27.310364,-82.03258,35000,451.6,161.0
27.271185,-82.017588,35000,451.3,161.1
27.23259,-82.00299,35000,450.6,161.4
27.193443,-81.988167,35000,450.0,161.2
27.15477,-81.973399,35000,450.0,161.2
27.115654,-81.958642,35000,449.7,161.3
27.077109,-81.944169,35000,449.0,161.6
27.037819,-81.929538,35000,449.4,161.4
26.999134,-81.914908,35000,450.0,161.2
26.960083,-81.900122,35000,449.7,161.3
26.920807,-81.885301,35000,449.7,161.3
26.882567,-81.870804,35000,449.7,161.3
26.843674,-81.856125,35000,450.0,161.2
26.804764,-81.841459,35000,449.7,161.3
26.765209,-81.826647,35000,450.3,161.5
26.726152,-81.812175,35000,451.3,161.5
26.686111,-81.797203,35000,451.6,161.4
26.647202,-81.782641,35000,451.6,161.4
26.60749,-81.767754,35000,452.8,161.3
26.568329,-81.753051,35000,452.8,161.3
26.528732,-81.738229,35000,452.8,161.3
26.488922,-81.723386,35000,453.5,161.5
26.449631,-81.708743,35000,454.4,161.5
26.410062,-81.693966,35000,455.7,161.4
26.37117,-81.679515,35000,456.6,161.5
26.331016,-81.664599,35000,456.6,161.5
26.291245,-81.649769,35000,457.9,161.4
26.251831,-81.635155,35000,457.6,161.5
26.211982,-81.620337,35000,457.9,161.4
26.171448,-81.605305,35000,459.5,161.6
26.131447,-81.590441,35000,459.8,161.5
26.091552,-81.575652,35000,460.7,161.5
26.052017,-81.561101,35000,461.7,161.6
26.011622,-81.546179,35000,461.7,161.6
25.971214,-81.531284,35000,461.7,161.6
25.931226,-81.516442,35000,462.3,161.3
25.890399,-81.501283,35000,462.0,161.4
25.850052,-81.486321,35000,461.7,161.6
25.810684,-81.471812,35000,461.7,161.6
25.770527,-81.456938,35000,462.0,161.4
25.73012,-81.442117,35000,461.7,161.6
25.690132,-81.427399,35000,462.0,161.4
25.650375,-81.412659,35000,461.1,161.4
25.610248,-81.397809,35000,460.7,161.5
25.569887,-81.382988,35000,461.7,161.6
25.52948,-81.368256,35000,461.4,161.7
25.489517,-81.353556,35000,462.0,161.4
25.449364,-81.338679,35000,462.0,161.4
25.409912,-81.324259,35000,461.7,161.6
25.36908,-81.309357,35000,462.3,161.7
25.329483,-81.29481,35000,462.0,161.4
25.289457,-81.28012,35000,462.6,161.6
25.249934,-81.265714,35000,462.6,161.6
25.209387,-81.250944,35000,463.6,161.6
25.17005,-81.236693,35000,463.3,161.8
25.129457,-81.221976,35000,463.3,161.8
25.089249,-81.207377,35000,463.6,161.6
25.049526,-81.192903,35000,462.6,161.6
25.009598,-81.178487,35000,462.3,161.7
24.970155,-81.164142,35000,461.7,161.6
24.93012,-81.149424,35000,462.6,161.6
24.889619,-81.134759,35000,462.6,161.6
24.85019,-81.120352,35000,462.3,161.7
24.809921,-81.105804,35000,462.0,161.8
24.770096,-81.091461,35000,461.4,161.7
24.729526,-81.076614,35000,462.0,161.4
24.690748,-81.062518,35000,461.4,161.7
24.651306,-81.048381,35000,461.1,161.8
24.611755,-81.034037,35000,461.4,161.7
24.593948,-81.028188,35000,460.2,163.9
24.579666,-81.024424,35000,459.4,166.7
24.56529,-81.02132,35000,458.0,169.3
24.55058,-81.018988,35000,457.5,172.0
24.534566,-81.017226,35000,456.6,173.8
24.521072,-81.016388,35000,454.6,177.0
24.50592,-81.016184,35000,454.0,179.5
24.46376,-81.01593,35000,454.0,179.5
24.423538,-81.015619,35000,454.0,179.6
24.382507,-81.01532,35000,454.0,179.5
24.34021,-81.014862,35000,454.0,179.5
24.299423,-81.014506,35000,454.0,179.5
24.260699,-81.014168,35000,454.0,179.5
24.219221,-81.013857,35000,454.0,179.6
24.177091,-81.013443,35000,455.0,179.4
24.135985,-81.013028,35000,455.0,179.5
24.095215,-81.012675,35000,456.0,179.6
24.054659,-81.012354,35000,456.0,179.5
24.01346,-81.011888,35000,456.0,179.4
23.97282,-81.011318,35000,457.1,178.9
23.941269,-81.01003,35000,457.4,177.6
23.900152,-81.00795,35000,457.5,177.2
23.859924,-81.005859,35000,457.5,177.4
23.819896,-81.004011,35000,457.4,177.5
23.781006,-81.002299,35000,456.3,177.9
23.744019,-81.000824,35000,455.3,177.9
23.702724,-80.999192,35000,454.3,177.9
23.66217,-80.997518,35000,452.3,177.9
23.62405,-80.995927,35000,451.3,177.8
23.589788,-80.994579,35000,451.3,178.0
23.560972,-80.993439,35000,450.3,177.8
23.520518,-80.99172,35000,450.4,177.7
23.501587,-80.990911,35000,449.4,177.7
23.469086,-80.989463,35000,449.4,177.7
23.429555,-80.987803,35000,449.3,177.8
23.40586,-80.986786,35000,448.3,177.8
23.368292,-80.985209,35000,448.3,177.8
23.339895,-80.984039,35000,448.3,177.8
23.339895,-80.984039,35000,448.3,178.0
22.993919,-80.969594,35000,449.3,177.8
22.975571,-80.968889,35000,450.3,178.0
21.501938,-80.91161,35000,0.0,0.0
21.432324,-80.908763,35000,450.4,177.6
21.404617,-80.907565,35000,449.4,177.7
21.271454,-80.90242,35000,449.4,178.0
21.267105,-80.902222,35000,0.0,178.0
21.16679,-80.898641,35000,0.0,0.0
21.14653,-80.897877,35000,446.3,178.1
21.016939,-80.892634,35000,446.0,177.5
20.989333,-80.891285,35000,445.4,177.4
20.962101,-80.890083,35000,440.0,178.0
20.915176,-80.888139,35000,443.3,177.8
20.877823,-80.886497,35000,443.4,177.7
20.835388,-80.884389,35000,442.5,177.3
20.796936,-80.882623,35000,441.4,177.7
20.756712,-80.880848,35000,440.4,177.7
20.716324,-80.879141,35000,440.4,177.7
20.675757,-80.877403,35000,439.4,177.6
20.636281,-80.875655,35000,439.4,177.6
20.595827,-80.873907,35000,438.4,177.6
20.556473,-80.872274,35000,437.3,177.8
20.516739,-80.870558,35000,437.3,177.8
20.478287,-80.86889,35000,436.4,177.6
20.438644,-80.867124,35000,436.4,177.5
20.398865,-80.865368,35000,435.4,177.6
20.359295,-80.86362,35000,435.4,177.6
20.318702,-80.861822,35000,436.4,177.6
20.279877,-80.860174,35000,436.4,177.6
20.240479,-80.858541,35000,436.3,177.8
20.201809,-80.856978,35000,436.3,177.8
20.162566,-80.85533,35000,437.4,177.6
20.122391,-80.853532,35000,438.4,177.5
20.083334,-80.851834,35000,438.4,177.6
20.044052,-80.850203,35000,439.3,177.8
20.003869,-80.848439,35000,440.4,177.5
19.962996,-80.846441,35000,441.5,177.3
19.923248,-80.844465,35000,442.5,177.3
19.883606,-80.842454,35000,444.5,177.3
19.842773,-80.840443,35000,445.4,177.4
19.801437,-80.838481,35000,446.5,177.3
19.760651,-80.836569,35000,447.4,177.6
19.720087,-80.834706,35000,446.4,177.4
19.679535,-80.832743,35000,445.4,177.4
19.640389,-80.83086,35000,444.5,177.3
19.598865,-80.828863,35000,442.5,177.4
19.559109,-80.826865,35000,442.5,177.3
19.518127,-80.824896,35000,442.5,177.4
19.476944,-80.82302,35000,442.4,177.5
19.437012,-80.821168,35000,441.4,177.5
19.396409,-80.819125,35000,440.6,177.1
19.355438,-80.817097,35000,440.5,177.4
19.315641,-80.81528,35000,440.4,177.5
19.27542,-80.813432,35000,440.4,177.5
19.234593,-80.811485,35000,440.5,177.4
19.193939,-80.809544,35000,440.5,177.4
19.153779,-80.807639,35000,440.5,177.4
19.114014,-80.80567,35000,439.5,177.3
19.074234,-80.803806,35000,437.4,177.5
19.033674,-80.801897,35000,434.5,177.4
18.994995,-80.800078,35000,431.5,177.3
18.955536,-80.798264,35000,429.4,177.5
18.916443,-80.7964,35000,428.5,177.3
18.877579,-80.794438,35000,427.5,177.3
18.83876,-80.792476,35000,427.5,177.2
18.79919,-80.790561,35000,426.5,177.3
18.760878,-80.788763,35000,426.4,177.4
18.721527,-80.786983,35000,426.4,177.4
18.682755,-80.785119,35000,426.4,177.4
18.64459,-80.78327,35000,426.4,177.4
18.605026,-80.781441,35000,427.4,177.4
18.566666,-80.779675,35000,426.4,177.4
18.528076,-80.777762,35000,427.5,177.2
18.488687,-80.775879,35000,427.5,177.3
18.457031,-80.774427,35000,426.4,177.4
18.417847,-80.772661,35000,426.4,177.6
18.379289,-80.770935,35000,427.4,177.4
18.340883,-80.769137,35000,427.4,177.4
18.307846,-80.767659,35000,427.3,177.9
18.284683,-80.767217,35000,426.0,179.3
18.246964,-80.767266,35000,426.0,180.1
18.21698,-80.767708,35000,425.1,181.2
18.196289,-80.768689,35000,424.6,183.0
18.157516,-80.771003,35000,424.7,183.2
18.12679,-80.77276,35000,425.6,183.1
18.067761,-80.776585,35025,426.8,183.5
18.05063,-80.778253,35000,426.0,185.5
18.048675,-80.778449,35000,426.1,185.7
18.0031,-80.783746,35000,426.2,185.8
17.988669,-80.786002,35000,425.4,188.2
17.971115,-80.788879,35000,426.1,188.9
17.867913,-80.811604,35000,425.2,191.9
17.860336,-80.81384,35000,423.9,195.7
17.838259,-80.820432,35000,423.2,195.9
17.433348,-80.962274,35000,0.0,0.0
17.403534,-80.973768,35000,417.7,200.6
17.377899,-80.983742,35000,417.7,200.6
17.341599,-80.998005,35000,418.4,200.9
17.332515,-81.001609,35000,418.4,200.9
16.832312,-81.138791,35000,0.0,0.0
16.806056,-81.144382,35000,430.7,191.5
16.802332,-81.145167,35000,431.7,191.5
16.698101,-81.166207,35000,433.5,190.0
16.689955,-81.167679,35000,433.5,190.0
13.254493,-81.538118,35000,466.7,165.1
13.218927,-81.528385,35000,466.0,164.9
13.183868,-81.518602,35000,466.2,164.8
13.16218,-81.51258,35000,466.5,164.7
12.974487,-81.460971,35000,0.0,0.0
12.967026,-81.458935,35000,0.0,0.0
12.801636,-81.412811,35000,458.5,164.6
12.775144,-81.405415,35000,459.0,164.8
12.70285,-81.385393,35000,459.0,164.8
12.68541,-81.380515,35000,458.3,164.7
12.623291,-81.363468,35000,459.0,164.8
12.58037,-81.351736,35000,463.8,165.0
12.541406,-81.341087,35000,464.8,165.0
12.499283,-81.329609,35000,466.0,164.9
12.463803,-81.319789,35000,465.3,164.8
12.452362,-81.316586,35000,465.3,164.8
12.421115,-81.307935,35000,465.3,164.8
12.382782,-81.29736,35000,464.3,164.8
12.342255,-81.286203,35000,464.1,164.9
12.30217,-81.275198,35000,463.1,164.9
12.266096,-81.265195,35000,463.4,164.7
12.22499,-81.253775,35000,463.4,164.7
12.185188,-81.242836,35000,462.1,164.8
12.14357,-81.231416,35000,461.9,164.9
12.103043,-81.220408,35000,461.6,165.1
12.060661,-81.208817,35000,461.2,164.8
12.020187,-81.197631,35000,461.2,164.8
11.980865,-81.186739,35000,462.4,164.7
11.939301,-81.175279,35000,465.3,164.8
11.899171,-81.164149,35000,467.5,164.7
11.857274,-81.152536,35000,468.4,164.8
11.817215,-81.141563,35000,467.9,165.0
11.775482,-81.130178,35000,467.9,165.0
11.735586,-81.119481,35000,467.4,165.2
11.694062,-81.108302,35000,467.7,165.1
11.651979,-81.096882,35000,467.0,165.0
11.611013,-81.085655,35000,466.0,164.9
11.570709,-81.074603,35000,466.2,164.8
11.529236,-81.06319,35000,465.3,164.8
11.489418,-81.052262,35000,465.0,164.9
11.448395,-81.040934,35000,465.3,164.8
11.408185,-81.029904,35000,465.3,164.8
11.366318,-81.018345,35000,465.3,164.8
11.326066,-81.00745,35000,464.8,165.0
11.284775,-80.99627,35000,464.8,165.0
11.280396,-80.995094,35000,464.8,165.0
11.243529,-80.984995,35000,465.3,164.8
11.204041,-80.974211,35000,466.2,164.8
11.163506,-80.963022,35000,467.5,164.7
11.123062,-80.951906,35000,468.2,164.9
11.081772,-80.940683,35000,467.9,165.0
11.039795,-80.929365,35000,467.9,165.0
11.000433,-80.91874,35000,466.7,165.1
10.958769,-80.907561,35000,466.7,165.1
10.918222,-80.896478,35000,466.5,164.7
10.876099,-80.884757,35000,465.5,164.7
10.838199,-80.874361,35000,464.1,164.9
10.795417,-80.8627,35000,463.1,164.9
10.755798,-80.851893,35000,461.9,164.9
10.714783,-80.840765,35000,461.6,165.1
10.673401,-80.829541,35000,461.9,164.9
10.632431,-80.818413,35000,461.6,165.1
10.593933,-80.80809,35000,461.3,165.2
10.55316,-80.797216,35000,461.1,165.3
10.512405,-80.786259,35000,460.6,165.0
10.471527,-80.775178,35000,460.6,165.0
10.431152,-80.764036,35000,459.5,164.6
10.391204,-80.753016,35000,460.2,164.8
10.351593,-80.742203,35000,459.9,164.9
10.310343,-80.731043,35000,459.7,165.0
10.270157,-80.720091,34950,459.9,164.9
10.229994,-80.709213,34750,458.7,165.0
10.194149,-80.699458,34475,455.8,164.9
10.159188,-80.689987,34200,455.5,165.0
10.130419,-80.68222,33975,455.5,165.0
10.102301,-80.674644,33675,453.1,165.2
10.074742,-80.667256,33325,451.2,165.1
10.050385,-80.660643,33000,448.3,165.0
10.024838,-80.653808,32675,443.6,165.2
9.99956,-80.647036,32350,439.8,165.1
9.969813,-80.638938,31975,435.2,164.8
9.944778,-80.632107,31625,431.1,164.8
9.920375,-80.625395,31300,429.1,164.7
9.895376,-80.618623,30975,428.6,165.0
9.870145,-80.611851,30600,425.2,165.1
9.845891,-80.605411,30275,421.1,165.1
9.822601,-80.599148,29925,417.0,165.1
9.798594,-80.59272,29600,413.1,165.0
9.775955,-80.586579,29275,410.2,164.9
9.753066,-80.580313,28925,408.5,164.7
9.728952,-80.573683,28575,407.0,164.9
9.705872,-80.567492,28225,405.8,165.0
9.695574,-80.564733,28075,403.6,165.1
9.664896,-80.556493,27625,398.5,165.0
9.64183,-80.550315,27275,394.4,165.0
9.618439,-80.543984,26925,391.5,164.9
9.597209,-80.53812,26600,387.9,164.6
9.575795,-80.532295,26275,384.5,164.8
9.553391,-80.526154,25925,380.1,164.9
9.529678,-80.519823,25550,378.9,165.0
9.509039,-80.5143,25225,373.5,165.1
9.500061,-80.511863,25050,371.6,165.0
9.469574,-80.503669,24575,370.4,165.1
9.447078,-80.497631,24250,365.3,165.1
9.425629,-80.491799,23925,365.6,164.9
9.403505,-80.485745,23600,366.1,164.6
9.381317,-80.479602,23300,367.0,164.7
9.359095,-80.473575,22975,367.5,165.0
9.335958,-80.467371,22650,368.2,165.2
9.314072,-80.461633,22325,366.0,165.3
9.291733,-80.455767,22025,363.8,165.4
9.270087,-80.45004,21700,360.9,165.2
9.248108,-80.444176,21400,359.7,165.4
9.227051,-80.438496,21075,357.6,164.8
9.205719,-80.432677,20775,353.9,165.1
9.186293,-80.427546,20425,350.5,165.3
9.166672,-80.422249,20075,349.3,164.7
9.14798,-80.416986,19725,347.9,164.3
9.128494,-80.411682,19375,346.9,165.0
9.109863,-80.406701,19025,345.7,165.1
9.098511,-80.403349,18825,344.4,162.8
9.091978,-80.400743,18700,343.7,158.1
9.087323,-80.398186,18625,344.4,153.8
9.082672,-80.395296,18525,344.9,148.1
9.078198,-80.391888,18450,344.7,144.3
9.073608,-80.387894,18350,344.6,139.2
9.0694,-80.383459,18225,345.1,134.1
9.065826,-80.378863,18125,345.8,128.7
9.062417,-80.373751,18025,346.5,124.7
9.059671,-80.368826,17925,346.6,119.4
9.057312,-80.363454,17825,347.1,115.2
9.055248,-80.35765,17725,348.0,110.0
9.054084,-80.352725,17625,348.5,106.0
9.052781,-80.346048,17500,348.1,101.6
9.049336,-80.326017,17150,347.4,100.1
9.045731,-80.306148,16800,344.6,100.4
9.04216,-80.28641,16475,342.7,100.4
9.038629,-80.267155,16125,339.7,100.5
9.034951,-80.24774,15800,337.9,100.7
9.031174,-80.227987,15450,335.2,101.0
9.027317,-80.208056,15125,333.2,101.1
9.023639,-80.188688,14800,331.8,100.8
9.019913,-80.169098,14450,329.7,100.7
9.016144,-80.149052,14100,327.7,100.7
9.012513,-80.129589,13775,324.6,100.7
9.008882,-80.110458,13450,322.8,100.9
9.005173,-80.091123,13125,320.9,101.0
9.001573,-80.071911,12800,318.5,100.7
8.998082,-80.053253,12475,316.4,100.6
8.99473,-80.035495,12150,313.4,100.7
8.992767,-80.024973,11975,312.6,100.9
8.990707,-80.014405,11775,311.6,100.9
8.988678,-80.003578,11600,310.7,100.9
8.98677,-79.993633,11425,309.5,100.8
8.984802,-79.982983,11225,308.3,100.7
8.982766,-79.972134,11050,306.2,100.5
8.980858,-79.961906,10875,305.2,100.6
8.978851,-79.951094,10675,304.2,100.6
8.976901,-79.940643,10500,303.2,100.6
8.97569,-79.934108,10375,302.2,100.7
8.974045,-79.925444,10300,300.3,100.8
8.971069,-79.909756,10200,292.2,100.8
8.968597,-79.896861,10100,285.2,100.9
8.966446,-79.885595,9925,282.0,100.8
8.964569,-79.875493,9750,281.0,100.9
8.962601,-79.865205,9575,279.9,100.7
8.960561,-79.85441,9400,280.1,100.9
8.958618,-79.844164,9225,279.1,100.9
8.956697,-79.834284,9050,279.1,100.9
8.954928,-79.824813,8875,278.9,100.8
8.952926,-79.814206,8700,277.7,100.6
8.951157,-79.804545,8525,277.7,100.6
8.949295,-79.794743,8350,276.9,100.8
8.94809,-79.788394,8275,275.9,100.9
8.94603,-79.777734,8200,272.0,101.0
8.944656,-79.770472,8150,267.9,101.0
8.942963,-79.761627,8100,263.8,100.9
8.941661,-79.754728,8050,259.7,100.9
8.940033,-79.746125,8000,255.4,100.6
8.937937,-79.735123,7925,250.5,100.8
8.937052,-79.730482,7875,246.3,100.8
8.936214,-79.726078,7800,245.4,100.8
8.934448,-79.716797,7625,246.5,101.0
8.933487,-79.711955,7550,246.7,101.2
8.933049,-79.709694,7525,245.5,101.0
8.930768,-79.697571,7400,241.2,100.8
8.928626,-79.685922,7300,236.9,100.5
8.926578,-79.674746,7150,233.8,100.3
8.925751,-79.670245,7100,232.0,100.7
8.924469,-79.663541,7075,227.1,100.9
8.923831,-79.660303,7050,224.2,101.1
8.922134,-79.65167,6975,220.0,101.0
8.92131,-79.647248,6925,216.9,100.9
8.919983,-79.640544,6825,214.0,101.1
8.918478,-79.632884,6725,211.2,101.5
8.917419,-79.627463,6625,210.0,101.3
8.91629,-79.621614,6525,209.8,101.0
8.914993,-79.615173,6425,207.9,101.1
8.914169,-79.610704,6325,207.5,100.6
8.91331,-79.606129,6225,207.7,100.8
8.912521,-79.601673,6125,207.2,100.0
8.911789,-79.597577,6025,207.2,100.0
8.911076,-79.593532,5925,208.3,100.2
8.910331,-79.589412,5825,208.3,100.2
8.909729,-79.585939,5725,209.1,99.9
8.908795,-79.580604,5625,210.3,100.1
8.907957,-79.575679,5525,209.9,99.6
8.907166,-79.571228,5425,209.5,100.4
8.906296,-79.566619,5325,208.9,101.0
8.90521,-79.561378,5225,208.3,101.6
8.904144,-79.556052,5125,207.1,101.4
8.903275,-79.551816,5025,206.9,101.2
8.902184,-79.546225,4925,206.9,101.2
8.901207,-79.54111,4825,205.7,100.9
8.900162,-79.535569,4725,204.7,101.0
8.899246,-79.531007,4625,203.8,101.0
8.898321,-79.525957,4525,202.6,100.8
8.89739,-79.521127,4425,202.6,100.8
8.896365,-79.515586,4325,200.4,100.6
8.895295,-79.510046,4225,198.5,100.7
8.893945,-79.502895,4125,195.5,100.9
8.892921,-79.496881,4075,190.5,99.4
8.892781,-79.495129,4025,189.4,97.0
8.892838,-79.492182,3950,188.1,91.8
8.893066,-79.489808,3875,187.7,85.1
8.893661,-79.487527,3800,186.7,78.6
8.895248,-79.483479,3700,187.1,74.2
8.896042,-79.482034,3650,186.6,65.6
8.897622,-79.479738,3575,185.3,57.3
8.898743,-79.478403,3525,185.4,52.5
8.899764,-79.477465,3475,186.1,47.0
8.901486,-79.476045,3425,185.6,41.5
8.90414,-79.47434,3350,186.2,39.3
8.905655,-79.473375,3300,185.6,34.5
8.908401,-79.471746,3200,184.4,31.0
8.91089,-79.470267,3125,183.3,30.5
8.914352,-79.468254,3025,182.8,30.2
8.919316,-79.465437,2925,182.7,29.5
8.924297,-79.462596,2825,184.4,29.2
8.92993,-79.459423,2725,184.4,29.2
8.934723,-79.45671,2625,186.3,29.6
8.940033,-79.45373,2525,185.8,29.3
8.945297,-79.450704,2400,186.7,29.2
8.949417,-79.448377,2300,184.4,29.2
8.954498,-79.445537,2200,183.6,29.4
8.957488,-79.443843,2125,184.1,29.6
8.961273,-79.441673,2050,183.6,29.4
8.971268,-79.436028,1825,180.0,29.0
8.974526,-79.434181,1775,170.0,29.0
8.977693,-79.432335,1725,170.0,30.0
8.982971,-79.429382,1600,160.0,28.0
8.989929,-79.425377,1450,160.0,30.0
8.996384,-79.421745,1300,150.0,29.0
8.998827,-79.420357,1275,150.0,29.0
9.003662,-79.417603,1150,150.0,29.0
9.00972,-79.414246,1050,150.0,28.0
9.014143,-79.41169,950,150.0,30.0
9.017913,-79.409508,825,150.0,29.0
9.020599,-79.407967,800,150.0,30.0
9.025129,-79.405388,700,150.0,29.0
9.032484,-79.401176,525,150.0,29.0
9.035882,-79.399185,475,150.0,30.0
9.040258,-79.396729,400,150.0,29.0
9.044029,-79.394592,300,150.0,29.0
9.047836,-79.392464,225,150.0,29.0
9.05562,-79.388062,125,140.0,29.0
9.058502,-79.386414,125,110.0,30.0
9.060333,-79.385391,150,100.0,29.0
9.063927,-79.383881,-50.0,20.0,0.0
9.06585,-79.3862,-50.0,0.0,0.0
9.065839,-79.386162,-50.0,0.0,0.0
9.065804,-79.386108,-50.0,0.0,0.0
9.065373,-79.38588,-50.0,0.0,0.0
9.06478,-79.38562,-50.0,0.0,0.0
9.06471,-79.385635,-50.0,0.0,0.0
9.060207,-79.38736,-50.0,0.0,0.0
9.059647,-79.387672,-50.0,0.0,0.0
9.059624,-79.38768,-50.0,0.0,0.0
9.059189,-79.387932,-50.0,0.0,0.0
9.059066,-79.388,-50.0,0.0,0.0
9.058693,-79.388214,-50.0,0.0,0.0
9.058537,-79.388298,-50.0,0.0,0.0
9.058331,-79.38842,-50.0,0.0,0.0
9.05803,-79.388596,-50.0,0.0,0.0
9.057953,-79.388641,-50.0,0.0,0.0
9.057701,-79.388779,-50.0,0.0,0.0
9.057335,-79.388985,-50.0,0.0,0.0
9.057163,-79.389084,-50.0,0.0,0.0
9.056911,-79.389221,-50.0,0.0,0.0
9.056668,-79.389359,-50.0,0.0,0.0
9.053101,-79.391396,-50.0,10.0,0.0
9.054503,-79.388672,250,110.0,62.0
9.057669,-79.386879,250,130.0,29.0
9.05874,-79.386261,250,140.0,30.0
9.065735,-79.382271,275,170.0,29.0
9.067957,-79.380959,325,180.0,30.0
9.070038,-79.379761,425,180.0,30.0
9.072372,-79.378365,550,180.0,31.0
9.076895,-79.375656,775,180.0,31.0
9.079037,-79.374184,900,190.0,34.0
9.081116,-79.372498,1025,190.0,39.0
9.084686,-79.368118,1300,190.0,50.0
9.085922,-79.365746,1450,190.0,62.0
9.086792,-79.363556,1600,190.0,68.0
9.088161,-79.358368,1875,180.0,75.0
9.088579,-79.355667,2000,180.0,81.0
9.088989,-79.351364,2125,180.0,84.0
9.088943,-79.347641,2375,180.0,91.0
9.088577,-79.345032,2500,180.0,98.0
9.087341,-79.341309,2575,180.0,109.0
9.085327,-79.337631,2725,180.0,119.0
9.083878,-79.335686,2775,190.0,127.0
9.081596,-79.333412,2850,190.0,136.0
9.07778,-79.330475,2975,200.0,143.0
9.075499,-79.328911,3100,190.0,146.0
9.07077,-79.325851,3350,190.0,147.0
9.068344,-79.324318,3450,190.0,148.0
9.065964,-79.322777,3575,190.0,147.0
9.061386,-79.319939,3725,200.0,148.0
9.058914,-79.318405,3825,200.0,148.0
9.056458,-79.316887,3875,200.0,149.0
9.051431,-79.313713,3975,210.0,148.0
9.046875,-79.31086,4075,210.0,149.0
9.041189,-79.307274,4175,220.0,148.0
9.038257,-79.305428,4225,220.0,148.0
9.035522,-79.303696,4300,230.0,148.0
9.029831,-79.300125,4400,230.0,148.0
9.027224,-79.298462,4425,240.0,148.0
9.018036,-79.292801,4600,250.0,148.0
9.014877,-79.29084,4675,250.0,148.0
9.011909,-79.288994,4775,250.0,148.0
9.005624,-79.28511,4925,260.0,149.0
9.002426,-79.283165,4975,260.0,149.0
8.999176,-79.281158,5050,270.0,149.0
8.993042,-79.277435,5200,270.0,149.0
8.989426,-79.2752,5325,270.0,149.0
8.986072,-79.273178,5450,270.0,149.0
8.979538,-79.269196,5675,270.0,149.0
8.976517,-79.26738,5800,280.0,149.0
8.972717,-79.265099,5925,280.0,149.0
8.965576,-79.261238,6175,280.0,152.0
8.962006,-79.259796,6275,280.0,158.0
8.956604,-79.258308,6375,280.0,165.0
8.950562,-79.257416,6625,280.0,172.0
8.946269,-79.257126,6750,280.0,176.0
8.94223,-79.256905,6875,280.0,177.0
8.934072,-79.256599,7100,290.0,178.0
8.926485,-79.256363,7325,290.0,178.0
8.918289,-79.256073,7550,290.0,178.0
8.905838,-79.255653,7750,290.0,178.0
8.900162,-79.255463,8000,290.0,178.0
8.897669,-79.255417,8125,290.0,179.0
8.89325,-79.25528,8250,290.0,178.0
8.88482,-79.25499,8500,290.0,178.0
8.878304,-79.254807,8625,290.0,178.0
8.876038,-79.254723,8750,290.0,178.0
8.868295,-79.254562,9000,290.0,179.0
8.862213,-79.254395,9125,290.0,178.0
8.852097,-79.254158,9575,290.0,179.0
8.847565,-79.254066,9725,290.0,179.0
8.834656,-79.254814,10125,290.0,185.0
8.819927,-79.25665,10475,290.0,187.0
8.810477,-79.257881,10600,290.0,188.0
8.809918,-79.257976,10600,302.5,187.4
8.799225,-79.259328,10750,309.3,187.1
8.785571,-79.260959,10900,315.3,186.9
8.772723,-79.262427,11050,325.1,186.5
8.759308,-79.263983,11200,333.1,186.4
8.744931,-79.2656,11350,341.1,186.4
8.729828,-79.267335,11475,347.2,186.4
8.708267,-79.269753,11800,350.0,186.0
8.695038,-79.271294,11900,350.0,186.0
8.688263,-79.272179,12200,363.1,193.5
8.673566,-79.27597,12425,364.3,197.7
8.669037,-79.277856,12525,364.3,201.9
8.662994,-79.281021,12675,365.4,206.1
8.658111,-79.284115,12800,365.5,211.7
8.652878,-79.287958,12925,366.1,215.8
8.641571,-79.296756,13250,366.9,218.0
8.627061,-79.308172,13650,366.3,217.9
8.612676,-79.319348,14025,366.4,217.7
8.597855,-79.330925,14400,367.0,217.8
8.581924,-79.343401,14775,369.7,218.1
8.566086,-79.355877,15150,370.3,218.2
8.549831,-79.368833,15500,372.3,218.4
8.532699,-79.382566,15850,375.6,218.7
8.516778,-79.395399,16200,376.4,218.6
8.501928,-79.407143,16575,376.1,218.1
8.487076,-79.418816,16950,376.1,218.1
8.47139,-79.431152,17325,376.1,218.1
8.454987,-79.444047,17700,376.9,218.0
8.438943,-79.456535,18050,377.0,217.8
8.421799,-79.469744,18400,378.8,217.4
8.404262,-79.483195,18725,381.0,217.3
8.385874,-79.497212,19050,384.0,217.2
8.366592,-79.51192,19350,386.8,217.2
8.34819,-79.525933,19675,389.8,217.1
8.32988,-79.539712,20000,391.4,216.9
8.30809,-79.556238,20300,396.8,217.2
8.287928,-79.571702,20600,400.2,217.4
8.267398,-79.587329,20925,402.6,217.1
8.248672,-79.601487,21250,403.6,216.8
8.230179,-79.615313,21600,404.6,216.6
8.209906,-79.630469,21925,406.4,216.9
8.190216,-79.645525,22225,408.0,217.4
8.169708,-79.661353,22525,411.0,217.3
8.158326,-79.669442,22675,412.2,214.9
8.147945,-79.676024,22825,412.7,211.7
8.136383,-79.682534,22975,414.1,209.0
8.1259,-79.687795,23075,415.0,206.0
8.114548,-79.692776,23200,417.0,203.3
8.102557,-79.697287,23325,417.7,200.6
8.091614,-79.700829,23425,419.0,197.8
8.080307,-79.703902,23550,420.8,194.7
8.06713,-79.706758,23675,421.3,192.1
8.055166,-79.708794,23800,422.2,189.0
8.04245,-79.71028,23925,422.6,186.4
8.026749,-79.711397,24075,424.0,183.9
7.99814,-79.713151,24375,426.8,183.5
7.970581,-79.714888,24675,427.9,183.8
7.943344,-79.71675,24975,429.1,184.0
7.918167,-79.718566,25300,428.1,184.0
7.892761,-79.720521,25625,427.3,184.4
7.867282,-79.722479,25950,426.4,184.6
7.853083,-79.723663,26125,426.4,184.7
7.823456,-79.726294,26425,426.9,185.4
7.793962,-79.729204,26700,428.0,185.5
7.763796,-79.732092,26975,430.0,185.5
7.734741,-79.734813,27275,429.9,185.3
7.705719,-79.73742,27550,430.7,185.1
7.670288,-79.740492,27800,433.6,184.9
7.633575,-79.743564,28050,436.5,184.7
7.599699,-79.746441,28300,438.6,184.8
7.566101,-79.74943,28550,440.7,185.1
7.529205,-79.752409,28775,444.2,184.3
7.49231,-79.755109,29000,446.2,184.2
7.485855,-79.755575,29000,446.2,184.2
7.448591,-79.75809,29025,446.8,183.3
7.433075,-79.758321,29000,446.1,180.9
7.393524,-79.758461,29000,446.0,180.0
7.356262,-79.758554,29000,446.0,180.3
7.319641,-79.758787,29000,445.0,180.4
7.280594,-79.759299,29000,445.1,180.9
7.245483,-79.759937,29000,444.1,181.0
7.229187,-79.76023,29000,444.1,181.0
7.189807,-79.760884,29000,444.1,180.9
7.148608,-79.761405,29000,443.0,180.8
7.108109,-79.761859,29000,443.0,180.6
7.068445,-79.762258,29000,442.0,180.5
7.027588,-79.762697,29000,442.0,180.5
6.991262,-79.763157,29000,442.0,180.8
6.950592,-79.763675,29000,442.0,180.8
6.909943,-79.764187,29000,442.0,180.8
6.868927,-79.764746,29000,442.0,180.8
6.838531,-79.765258,29000,442.1,181.2
6.79866,-79.766049,29000,442.1,181.0
6.758423,-79.766701,29000,442.1,180.9
6.717728,-79.76726,29000,443.0,180.8
6.677444,-79.767678,29000,443.0,180.5
6.637527,-79.767911,29000,443.0,180.4
6.597476,-79.768177,29000,442.0,180.5
6.556961,-79.76861,29000,443.0,180.6
6.516678,-79.769168,29000,443.1,180.9
6.47658,-79.769787,29000,443.0,180.8
6.435847,-79.770261,29000,443.0,180.8
6.39516,-79.770781,29000,443.0,180.6
6.354675,-79.771216,29000,443.0,180.6
6.314997,-79.771729,29000,443.0,180.8
6.274475,-79.772334,29000,443.1,180.9
6.239071,-79.772818,29000,443.0,180.8
6.220357,-79.773102,29000,443.1,180.9
6.182416,-79.773717,29200,444.1,181.0
6.149318,-79.774049,29500,443.0,180.5
6.109562,-79.77438,29700,447.0,180.5
6.070541,-79.774708,29925,449.0,180.5
6.019409,-79.77522,30225,453.0,180.6
5.985175,-79.775659,30425,455.0,180.8
5.943185,-79.776275,30650,458.1,180.9
5.904785,-79.776849,30875,459.1,180.9
5.825082,-79.777932,31000,0.0,0.0
5.806915,-79.778199,31000,0.0,0.0
5.776807,-79.778642,31000,460.1,180.9
2.36369,-79.821495,33000,440.0,181.0
2.333176,-79.821915,33000,440.0,181.0
2.312529,-79.822159,33000,440.0,180.0
2.243306,-79.823059,33000,440.0,181.0
2.212921,-79.823402,33000,430.0,181.0
2.181391,-79.823822,33000,430.0,181.0
2.151691,-79.824196,33000,430.0,181.0
2.140732,-79.824333,33000,430.0,181.0
2.055048,-79.825432,-50.0,0.0,181.0
2.0098,-79.825951,-50.0,430.0,181.0
2.001095,-79.826042,-50.0,430.0,180.0
1.985641,-79.826241,33000,430.0,181.0
1.956024,-79.826569,33000,430.0,180.0
1.912599,-79.827087,33000,430.0,181.0
1.883783,-79.827469,33000,430.0,181.0
1.840536,-79.827988,33000,430.0,181.0
1.808229,-79.828415,33000,430.0,181.0
1.778156,-79.828789,33000,430.0,181.0
1.736298,-79.829361,33000,430.0,181.0
1.706818,-79.829735,33000,430.0,180.0
1.668665,-79.830215,33000,430.0,180.0
1.632121,-79.830688,33000,430.0,181.0
1.595206,-79.831161,33000,430.0,181.0
1.559921,-79.831596,33000,430.0,181.0
1.522705,-79.832062,33000,430.0,181.0
1.492767,-79.83239,33000,430.0,180.0
1.449783,-79.832947,33000,430.0,181.0
1.417562,-79.833336,33000,430.0,181.0
1.393215,-79.833618,33000,430.0,181.0
1.345505,-79.834061,33000,430.0,180.0
1.315521,-79.834297,33000,430.0,180.0
1.285168,-79.834518,33000,430.0,180.0
1.243503,-79.8349,33000,430.0,180.0
1.208124,-79.835182,33000,430.0,180.0
1.176515,-79.835518,33000,430.0,180.0
1.152773,-79.835754,33000,430.0,181.0
1.112366,-79.836159,33000,430.0,180.0
1.080322,-79.836479,33000,430.0,180.0
1.039673,-79.836899,33000,430.0,181.0
0.996497,-79.837318,33000,430.0,181.0
0.9673,-79.837601,33000,430.0,181.0
0.923859,-79.837975,33000,430.0,180.0
0.891495,-79.838249,33000,430.0,180.0
0.863388,-79.838531,33000,430.0,180.0
0.818621,-79.838928,33000,430.0,180.0
0.782124,-79.839348,33000,430.0,181.0
0.745022,-79.839729,33000,430.0,181.0
0.714432,-79.840019,33000,430.0,181.0
0.678732,-79.840347,33000,430.0,181.0
0.646545,-79.84063,33000,430.0,180.0
0.606216,-79.841042,33000,430.0,180.0
0.573617,-79.841339,33000,430.0,180.0
0.532883,-79.841721,33000,430.0,181.0
0.500949,-79.842003,33000,430.0,181.0
0.463898,-79.842346,33000,430.0,180.0
0.417155,-79.842758,33000,430.0,180.0
0.381216,-79.843092,33000,437.0,180.5
0.354034,-79.843376,35375,430.0,181.0
0.321442,-79.843698,33000,436.0,180.7
0.307663,-79.843838,33000,436.0,180.7
0.280563,-79.844116,33000,430.0,181.0
0.229642,-79.84456,33000,435.0,180.5
0.189468,-79.844939,33000,435.0,180.5
0.149665,-79.845318,33000,435.0,180.5
0.134676,-79.84546,33000,435.0,180.5
0.10437,-79.845747,33000,435.0,180.0
0.08075,-79.845932,33000,435.0,180.0
0.026162,-79.846407,33000,435.0,180.5
-0.009776,-79.846786,33000,435.0,180.5
-0.048935,-79.847143,33000,435.0,180.5
-0.08725,-79.847562,33000,434.0,180.7
-0.127121,-79.848028,33000,433.0,180.5
-0.165959,-79.848349,33000,433.0,180.5
-0.206133,-79.84868,33000,432.0,180.5
-0.24547,-79.849059,33000,432.0,180.5
-0.284527,-79.849438,33000,431.0,180.5
-0.323914,-79.849797,33000,431.0,180.5
-0.362875,-79.850243,33000,430.0,180.7
-0.402237,-79.850681,33000,430.0,180.7
-0.441176,-79.851001,33000,430.0,180.4
-0.481155,-79.85124,33000,431.0,180.4
-0.520175,-79.851521,33000,431.0,180.4
-0.558999,-79.851853,33000,431.0,180.5
-0.59787,-79.852232,33000,432.0,180.7
-0.637756,-79.852683,33000,432.0,180.7
-0.677261,-79.853102,33000,432.0,180.5
-0.716346,-79.853463,33000,432.0,180.5
-0.755676,-79.8538,33000,432.0,180.5
-0.794769,-79.854173,33000,432.0,180.7
-0.834503,-79.854591,33000,432.0,180.7
-0.874283,-79.85501,33000,432.0,180.5
-0.914007,-79.855405,33000,432.0,180.7
-0.952971,-79.855831,33000,432.0,180.5
-0.992308,-79.856162,33000,433.0,180.5
-1.031891,-79.856547,33000,433.0,180.5
-1.071865,-79.85692,33000,432.0,180.5
-1.11058,-79.857385,33000,432.0,180.7
-1.149902,-79.85771,33000,432.0,180.4
-1.189596,-79.858009,33000,432.0,180.5
-1.229351,-79.858388,33000,432.0,180.7
-1.268692,-79.858781,33000,432.0,180.7
-1.307606,-79.859146,33000,432.0,180.5
-1.347702,-79.859526,33000,432.0,180.5
-1.386429,-79.859898,33000,433.0,180.7
-1.4263,-79.860317,33000,434.0,180.5
-1.466263,-79.860504,33000,435.0,180.1
-1.5065,-79.860783,33000,435.0,180.5
-1.546143,-79.861155,33000,436.0,180.7
-1.585011,-79.861608,33000,436.0,180.7
-1.625336,-79.86204,33000,437.0,180.5
-1.665115,-79.862459,33000,437.0,180.8
-1.701324,-79.862878,33000,438.0,180.5
-1.725133,-79.863076,33000,438.0,180.5
-1.762002,-79.86336,33000,439.0,180.4
-1.796777,-79.863692,33000,438.0,180.6
-1.836625,-79.864118,33000,438.0,180.6
-1.868362,-79.864461,33000,438.0,180.6
-1.891929,-79.864686,33000,438.0,180.6
-1.92973,-79.865112,33000,438.0,180.5
-1.940297,-79.86516,33000,438.0,180.5
-1.953332,-79.865257,33000,438.0,180.0
-1.993835,-79.865623,33000,430.0,180.0
-2.037359,-79.866058,33000,438.0,180.0
-2.069412,-79.866371,33000,430.0,181.0
-2.100996,-79.866913,33000,430.0,182.0
-2.117706,-79.868187,33000,430.0,185.0
-2.133682,-79.870186,33000,430.0,188.0
-2.14238,-79.871628,33000,430.0,189.0
-2.158081,-79.87484,33000,430.0,192.0
-2.176483,-79.879448,33000,430.0,194.0
-2.203364,-79.886421,33000,420.0,194.0
-2.226966,-79.892487,33000,430.0,194.0
-2.235443,-79.894623,33000,420.0,194.0
-2.265977,-79.902382,33000,420.0,194.0
-2.304569,-79.912132,33000,420.0,194.0
-2.333862,-79.919624,33000,420.0,194.0
-2.373184,-79.92968,33000,420.0,194.0
-2.407242,-79.938431,33000,420.0,194.0
-2.437987,-79.946373,33000,420.0,194.0
-2.465826,-79.953522,33000,428.0,194.0
-2.505395,-79.963753,33000,420.0,195.0
-2.532675,-79.970764,33000,420.0,194.0
-2.548874,-79.974648,33000,420.0,192.0
-2.572083,-79.978234,33000,420.0,191.0
-2.593048,-79.97963,33000,430.0,183.0
-2.598686,-79.979713,33000,430.0,181.0
-2.610168,-79.979584,33000,430.0,179.0
-2.65242,-79.978188,-50.0,430.0,178.0
-2.688438,-79.977249,-50.0,430.0,179.0
-2.711156,-79.976585,-50.0,430.0,178.0
-2.719208,-79.976372,33000,430.0,178.0
-2.761386,-79.975121,33000,430.0,178.0
-2.790298,-79.974274,33000,430.0,178.0
-2.83275,-79.972656,33000,430.0,178.0
-2.863149,-79.971329,33000,434.0,177.0
-2.894394,-79.969994,33000,430.0,177.0
-2.935959,-79.968315,33000,430.0,178.0
-2.967453,-79.967064,33000,430.0,178.0
-2.999771,-79.965759,33000,430.0,178.0
-3.039413,-79.964172,33000,430.0,178.0
-3.076638,-79.962761,33000,430.0,178.0
-3.105423,-79.961617,33000,430.0,178.0
-3.119838,-79.961098,33000,430.0,178.0
-5.35537,-79.873161,33000,437.0,178.0
-5.383575,-79.872093,33000,437.0,178.0
-5.42395,-79.870514,33000,437.0,178.0
-5.459152,-79.869118,33000,439.0,178.0
-5.503266,-79.867386,33000,440.0,178.0
-5.538116,-79.866043,33000,441.0,178.0
-5.576248,-79.864464,33000,442.0,177.0
-5.606844,-79.863174,33000,442.0,178.0
-5.65036,-79.861435,33000,442.0,178.0
-5.680206,-79.860176,33000,443.0,177.0
-5.707352,-79.859062,33000,443.0,177.0
-5.76624,-79.856728,33000,443.0,178.0
-5.789702,-79.855881,33000,444.0,178.0
-5.821838,-79.854637,33000,443.0,177.0
-5.846512,-79.853661,33000,443.0,178.0
-5.879035,-79.852425,33000,443.0,178.0
-5.923307,-79.850624,33000,444.0,178.0
-5.950928,-79.849472,33000,444.0,177.0
-5.990295,-79.847923,33000,444.0,178.0
-6.02102,-79.846786,33000,444.0,178.0
-6.051791,-79.845604,33000,445.0,178.0
-6.089584,-79.844162,33000,445.0,178.0
-6.119944,-79.842903,33000,445.0,178.0
-6.151794,-79.841606,33000,445.0,178.0
-6.195591,-79.839966,33000,445.0,178.0
-6.225338,-79.838783,33000,445.0,178.0
-6.263763,-79.837135,33000,445.0,178.0
-6.300385,-79.835739,33000,445.0,178.0
-6.337808,-79.834145,33000,446.0,178.0
-6.375046,-79.832664,33000,446.0,178.0
-6.412308,-79.831268,33000,446.0,178.0
-6.44269,-79.83007,33000,446.0,178.0
-6.486328,-79.828239,33000,446.0,178.0
-6.517181,-79.827034,33000,446.0,178.0
-6.561259,-79.825378,33000,446.0,178.0
-6.598297,-79.823914,33025,446.0,178.0
-6.609719,-79.823486,33050,447.0,178.0
-6.64184,-79.822212,33325,447.0,178.0
-6.666962,-79.821121,33500,447.0,177.0
-6.685227,-79.819557,33625,449.0,173.0
-6.691651,-79.818657,33650,450.0,172.0
-6.70962,-79.815056,33775,453.0,168.0
-6.715952,-79.813446,33800,454.0,166.0
-6.735306,-79.807297,33925,457.0,162.0
-6.740295,-79.805435,33975,458.0,160.0
-6.757337,-79.797966,34075,460.0,156.0
-6.763824,-79.794724,34150,461.0,154.0
-6.781683,-79.785316,34325,462.0,152.0
-6.786621,-79.782761,34350,461.0,153.0
-6.797465,-79.777222,34450,461.0,153.0
-6.803377,-79.774239,34525,460.0,153.0
-6.809464,-79.771126,34575,460.0,153.0
-6.820496,-79.765488,34675,460.0,153.0
-6.832099,-79.759605,34775,459.0,153.0
-6.843475,-79.753761,34875,459.0,153.0
-6.848236,-79.751335,34925,459.0,153.0
-6.854462,-79.748177,34975,458.0,153.0
-6.866036,-79.742271,35025,459.0,153.0
-6.900421,-79.724709,35000,459.0,153.0
-6.934654,-79.70723,35000,460.0,153.0
-6.968994,-79.689568,35000,460.0,153.0
-7.00296,-79.672104,35000,460.0,153.0
-7.030838,-79.657768,35000,459.0,153.0
-7.071751,-79.636673,35000,459.0,153.0
-7.098053,-79.623177,35000,458.0,153.0
-7.139298,-79.602005,35000,457.0,153.0
-7.167462,-79.587616,35000,458.0,153.0
-7.196503,-79.57267,35000,457.0,153.0
-7.235367,-79.55265,35000,457.0,153.0
-7.263977,-79.537804,35000,456.0,153.0
-7.302929,-79.517578,35000,457.0,153.0
-7.337036,-79.499954,35000,457.0,153.0
-7.365263,-79.485374,35000,457.0,153.0
-7.399384,-79.467789,35000,457.0,153.0
-7.428015,-79.453033,35000,456.0,153.0
-7.467819,-79.43264,35000,456.0,153.0
-7.493454,-79.419464,35000,457.0,153.0
-7.523392,-79.40406,35000,457.0,153.0
-7.563858,-79.383156,35000,456.0,153.0
-7.591141,-79.369049,35000,456.0,153.0
-7.61427,-79.357086,35000,456.0,153.0
-7.652618,-79.337257,35000,456.0,153.0
-7.692478,-79.316696,35000,455.0,153.0
-7.716546,-79.304337,35000,455.0,153.0
-7.747925,-79.288147,35000,454.0,153.0
-7.779065,-79.271996,35000,455.0,153.0
-7.816633,-79.252533,35000,455.0,153.0
-7.849091,-79.235725,35000,456.0,153.0
-7.883528,-79.217964,35000,456.0,153.0
-7.916441,-79.200958,35000,455.0,153.0
-7.941238,-79.188148,35000,456.0,153.0
-7.968384,-79.174187,35000,456.0,153.0
-8.008575,-79.153564,35000,457.0,153.0
-8.037989,-79.138359,35000,457.0,153.0
-8.065036,-79.12458,35000,457.0,154.0
-8.082275,-79.11702,35000,455.0,157.0
-8.084587,-79.116051,-50.0,455.0,0.0
-8.100834,-79.110039,35000,454.0,160.0
-8.108841,-79.107384,35000,454.0,162.0
-8.13086,-79.101089,35000,452.0,165.0
-8.161073,-79.092941,35000,453.0,165.0
-8.203537,-79.081406,35000,453.0,165.0
-8.233182,-79.073341,35000,454.0,165.0
-8.271401,-79.063019,35000,454.0,165.0
-8.306671,-79.05352,35000,455.0,165.0
-8.337831,-79.045113,35000,455.0,165.0
-8.38052,-79.033607,35000,456.0,165.0
-8.412415,-79.025078,35000,455.0,165.0
-8.441457,-79.017319,35000,456.0,165.0
-8.469498,-79.009811,35000,457.0,165.0
-8.510307,-78.998894,35000,457.0,165.0
-8.551987,-78.987694,35000,457.0,165.0
-8.584046,-78.979149,35000,458.0,166.0
-8.627197,-78.967583,35000,459.0,165.0
-8.658065,-78.959213,35000,459.0,165.0
-8.694901,-78.949196,35000,460.0,165.0
-8.726636,-78.940605,35000,460.0,165.0
-8.762695,-78.930901,35000,460.0,165.0
-8.793578,-78.922562,35000,460.0,165.0
-8.829849,-78.91275,35000,460.0,165.0
-8.867935,-78.902458,35000,460.0,165.0
-8.900089,-78.893814,35000,459.0,165.0
-8.942459,-78.882393,35000,459.0,165.0
-8.973083,-78.874115,35000,459.0,165.0
-9.016251,-78.862518,35000,458.0,165.0
-9.047928,-78.853996,35000,458.0,165.0
-9.085088,-78.843948,35000,457.0,165.0
-9.120987,-78.834259,35000,458.0,165.0
-9.151291,-78.826065,35000,458.0,165.0
-9.175873,-78.819366,35000,458.0,165.0
-9.219727,-78.807442,35000,458.0,165.0
-9.249619,-78.799347,35000,0.0,165.0
-9.279739,-78.791199,35000,457.0,165.0
-9.322311,-78.779655,35000,457.0,165.0
-9.354672,-78.770927,35000,457.0,165.0
-9.397453,-78.759331,35000,457.0,165.0
-9.428551,-78.750992,35000,457.0,165.0
-9.46376,-78.741478,35000,457.0,165.0
-9.500381,-78.731583,35000,456.0,165.0
-9.52446,-78.725044,35000,456.0,165.0
-9.598001,-78.705154,35000,456.0,165.0
-9.60759,-78.702515,35000,456.0,165.0
-9.8508,-78.636642,-50.0,0.0,165.0
-9.881516,-78.628311,-50.0,0.0,165.0
-9.883785,-78.627731,-50.0,0.0,166.0
-9.928335,-78.615654,-50.0,0.0,165.0
-9.932618,-78.614517,-50.0,0.0,165.0
-9.974716,-78.603081,35000,0.0,165.0
-10.013351,-78.592606,35000,0.0,165.0
-10.016831,-78.591644,35000,0.0,165.0
-10.143356,-78.55732,35000,0.0,165.0
-10.179153,-78.547592,35000,455.0,165.0
-10.211746,-78.53875,35000,455.0,165.0
-10.223969,-78.535439,35000,455.0,165.0
-10.273101,-78.522125,35000,455.0,165.0
-10.281235,-78.519936,35000,0.0,165.0
-10.393936,-78.489212,35000,0.0,165.0
-10.676989,-78.412122,35000,454.6,164.9
-10.714696,-78.401859,35000,454.6,164.9
-10.754059,-78.391145,35000,454.6,164.9
-10.786247,-78.382392,35000,454.6,164.9
-10.824326,-78.371966,35000,454.8,164.8
-10.864609,-78.360932,35000,454.6,164.9
-10.900864,-78.351035,35000,453.6,164.9
-10.923019,-78.344974,35000,453.6,164.9
-11.286031,-78.245834,35000,0.0,0.0
-11.323506,-78.235618,35000,454.6,164.9
-11.363068,-78.224882,35000,454.6,164.9
-11.401794,-78.214274,35000,454.8,164.8
-11.441097,-78.203478,35000,454.8,164.8
-11.480666,-78.192588,35000,454.8,164.8
-11.520189,-78.181747,35000,454.8,164.8
-11.558269,-78.171339,35000,454.6,164.9
-11.596756,-78.160716,35000,455.1,164.7
-11.600864,-78.159629,35000,455.1,164.7
-11.623444,-78.153328,35000,455.1,164.0
-11.668598,-78.140885,35000,453.9,164.8
-11.710076,-78.129417,35000,453.9,164.8
-11.7489,-78.118816,35000,453.6,164.9
-11.788513,-78.107963,35000,452.7,164.9
-11.827481,-78.097229,35000,452.9,164.8
-11.867477,-78.086227,35000,452.7,164.9
-11.90744,-78.075241,35000,452.9,164.8
-11.938461,-78.066631,35000,452.9,164.8
-11.977751,-78.055789,35000,451.9,164.7
