lat,lon,alt,gs,track
-34.846527,154.353426,35350,557.5,108.1
-34.846985,154.355164,35350,557.8,108.2
-34.847397,154.356677,35350,557.8,108.2
-34.847795,154.358139,35375,558.8,108.1
-34.851562,154.372204,35400,559.1,107.9
-34.851938,154.373703,35400,558.8,107.8
-34.853195,154.378452,35425,558.8,107.8
-34.853622,154.379995,35425,558.8,107.8
-34.854079,154.381771,35425,558.8,107.8
-34.855911,154.388627,35450,560.1,107.9
-34.856454,154.390755,35450,560.1,107.9
-34.857101,154.393111,35475,560.1,107.9
-34.859528,154.402136,35475,560.4,108.0
-34.859898,154.403629,35500,561.3,107.9
-34.860214,154.404826,35500,561.3,107.9
-34.862226,154.412327,35500,561.3,107.9
-34.863111,154.415646,35525,561.3,107.9
-34.86353,154.417133,35525,561.3,107.9
-34.865438,154.424343,35550,562.0,107.8
-34.865904,154.426117,35550,562.0,107.8
-34.867584,154.43246,35575,562.0,107.8
-34.867905,154.433637,35575,562.3,107.9
-34.883743,154.492773,35700,566.1,108.1
-34.884888,154.497033,35725,567.0,108.1
-34.885391,154.498827,35725,567.0,108.1
-34.887085,154.505217,35750,568.0,108.1
-34.891708,154.522537,35800,568.6,107.9
-34.897659,154.544734,35875,569.9,108.0
-34.898025,154.546223,35875,569.9,108.0
-34.898941,154.54961,35875,569.9,108.0
-34.90567,154.57489,35950,570.8,108.0
-34.906174,154.57674,35975,570.8,108.0
-34.907708,154.582558,36000,570.8,108.0
-34.911163,154.595349,36000,571.8,107.9
-34.911665,154.597206,36000,571.8,107.9
-34.920135,154.628645,36000,572.7,108.2
-34.920639,154.630494,36000,572.7,108.2
-34.922287,154.636604,36000,571.7,108.2
-34.926819,154.65342,36000,572.4,108.1
-34.927322,154.655214,36000,572.4,108.1
-34.927643,154.656447,36000,572.4,108.1
-34.930425,154.666843,36000,571.1,108.1
-34.932241,154.673538,36000,571.1,108.1
-34.932566,154.674797,36000,571.4,108.2
-34.937073,154.691536,36000,569.9,108.0
-34.937393,154.692769,36000,569.9,108.0
-34.938492,154.697029,36000,570.8,108.0
-34.938858,154.698262,36025,570.5,107.9
-34.942612,154.712612,36025,570.5,107.9
-34.943041,154.714108,36000,570.5,107.9
-34.943739,154.716854,36000,570.2,107.8
-34.944251,154.718685,36000,570.2,107.8
-34.94545,154.723262,36000,570.5,107.9
-34.946672,154.72784,35975,570.5,107.9
-34.949139,154.736996,35950,569.9,108.0
-34.949524,154.738508,35975,569.9,108.0
-34.949837,154.739685,35950,569.9,108.0
-34.954468,154.757061,35975,568.6,107.9
-34.954971,154.758911,35975,568.9,108.0
-34.95575,154.761938,35975,568.6,107.9
-34.956253,154.763732,35975,568.6,107.9
-34.971954,154.822755,36000,568.6,107.9
-34.972881,154.826088,36000,568.6,107.9
-34.973282,154.827576,36000,568.6,107.9
-34.975754,154.837049,36000,568.3,107.8
-34.976186,154.838562,36000,568.3,107.8
-34.978043,154.845569,36000,568.3,107.8
-34.9785,154.847362,36000,569.2,107.8
-34.981888,154.860198,36000,569.2,107.8
-34.984565,154.870205,36000,569.2,107.8
-34.98545,154.873581,36000,569.2,107.8
-34.987126,154.87999,35975,569.2,107.8
-34.987564,154.881498,36000,569.2,107.8
-34.988895,154.886684,35975,569.2,107.8
-34.993103,154.902518,35975,568.6,107.9
-34.993503,154.904022,35975,568.6,107.9
-34.998205,154.921703,35975,568.3,107.8
-34.998671,154.923534,35975,568.3,107.8
-34.999555,154.926853,35975,568.3,107.8
-35.00151,154.93412,35975,567.3,107.9
-35.001892,154.935645,35975,567.3,107.9
-35.002814,154.938984,35975,567.3,107.9
-35.00322,154.940522,35975,567.3,107.9
-35.004629,154.945965,35975,567.3,107.9
-35.013474,154.979382,35975,566.1,107.8
-35.01394,154.981155,35975,566.1,107.8
-35.014297,154.982393,35975,566.1,107.8
-35.016454,154.990597,35975,566.1,107.8
-35.025438,155.024757,35975,564.8,107.7
-35.025764,155.026016,35975,564.8,107.7
-35.029349,155.039635,36000,564.5,107.6
-35.029581,155.040493,36000,564.5,107.6
-35.030512,155.044155,36000,564.5,107.6
-35.03627,155.066248,36000,564.2,107.5
-35.036682,155.067761,36000,564.2,107.5
-35.042057,155.088329,35975,564.5,107.6
-35.042337,155.089531,35975,564.2,107.9
-35.045197,155.099768,35975,564.8,108.7
-35.049454,155.113444,35975,565.4,110.4
-35.049925,155.114937,35975,565.0,110.8
-35.050809,155.117569,36000,564.9,111.4
-35.054813,155.128956,36000,564.9,113.2
-35.055371,155.130386,36000,564.9,113.2
-35.057606,155.136166,36000,565.3,114.1
-35.058151,155.137603,36000,565.6,114.7
-35.066025,155.156269,35975,564.4,117.4
-35.070035,155.165234,35975,565.2,118.7
-35.070511,155.166302,35975,565.2,118.7
-35.07193,155.169385,35975,564.8,118.8
-35.072662,155.171067,35975,564.4,118.9
-35.073303,155.172412,35975,564.4,118.9
-35.073807,155.173533,36000,564.4,118.9
-35.075867,155.177961,35975,564.5,119.2
-35.07637,155.179082,35975,564.5,119.2
-35.081115,155.189323,35975,564.1,119.3
-35.085351,155.198421,35975,563.3,119.3
-35.085846,155.199541,36000,563.3,119.3
-35.086515,155.200939,36000,563.3,119.3
-35.087769,155.203689,36000,563.3,119.3
-35.091751,155.212265,36000,563.3,119.3
-35.092255,155.213386,36000,563.3,119.3
-35.111206,155.254249,36000,563.4,119.6
-35.111979,155.255928,36000,563.4,119.6
-35.112625,155.257276,36000,563.4,119.6
-35.114044,155.260359,36000,563.4,119.6
-35.114586,155.261421,36000,563.4,119.6
-35.117891,155.268631,36000,563.4,119.6
-35.122009,155.277455,36000,563.4,119.6
-35.122639,155.278816,35975,563.4,119.6
-35.123291,155.28019,35975,563.4,119.6
-35.124734,155.283222,35975,563.4,119.6
-35.136884,155.309486,36000,562.9,119.5
-35.137665,155.311142,36000,562.9,119.5
-35.138443,155.312768,36000,562.9,119.5
-35.140503,155.317196,36000,562.9,119.5
-35.145859,155.328799,35975,562.4,119.4
-35.146521,155.330143,36000,562.4,119.4
-35.147781,155.332947,36000,562.9,119.5
-35.149314,155.336208,35975,562.9,119.5
-35.149979,155.337599,35975,562.9,119.5
-35.152496,155.343148,36000,562.4,119.4
-35.153137,155.344494,36000,561.5,119.4
-35.15611,155.350857,36000,562.0,119.5
-35.156616,155.351949,36000,562.0,119.5
-35.157761,155.354415,36000,562.0,119.5
-35.158539,155.35604,36000,561.1,119.6
-35.159683,155.358563,35975,561.1,119.6
-35.163047,155.365677,35975,560.3,119.6
-35.163791,155.367336,35975,559.4,119.7
-35.165085,155.370054,35975,559.0,119.8
-35.165771,155.371399,36000,559.0,119.8
-35.171426,155.383072,35975,559.4,120.5
-35.172729,155.385748,35975,559.3,120.9
-35.175705,155.391634,35975,558.8,121.4
-35.177216,155.394605,35975,558.1,121.7
-35.178781,155.397491,35975,558.3,121.9
-35.179459,155.398809,35975,558.5,122.1
-35.207411,155.45208,35975,558.1,122.6
-35.21337,155.463467,35975,557.6,122.6
-35.240603,155.515565,35975,559.3,122.4
-35.254532,155.542145,36000,559.8,122.5
-35.25618,155.545349,36000,559.8,122.5
-35.261902,155.556278,36000,559.8,122.5
-35.263041,155.5584,36000,559.8,122.5
-35.26886,155.569611,36000,559.8,122.5
-35.269698,155.571198,36000,559.8,122.5
-35.296605,155.622448,36000,558.1,122.6
-35.318527,155.66391,36000,555.9,122.7
-37.198746,169.779442,36000,513.0,95.0
-37.202686,169.835557,36000,513.0,95.0
-37.206783,169.894011,36000,512.9,94.9
-37.209855,169.938613,35975,512.9,94.9
-37.213028,169.986137,36000,511.8,94.8
-37.216278,170.034524,36000,511.8,94.8
-37.219585,170.084719,35975,511.7,94.7
-37.223356,170.143711,35975,511.5,94.4
-37.22699,170.200254,36000,510.7,94.7
-37.23085,170.257694,35975,510.9,94.9
-37.234772,170.314792,36000,510.9,94.9
-37.238764,170.373946,36000,509.8,94.8
-37.242628,170.430968,36000,509.8,94.8
-37.246078,170.482976,36000,509.7,94.7
-37.249466,170.535687,35975,506.7,94.6
-37.253128,170.593132,35975,497.6,94.6
-37.256082,170.640604,35975,490.3,94.1
-37.256607,170.658991,35975,490.3,94.1
-37.256594,170.675593,35975,485.0,89.7
-37.255756,170.705805,35975,483.3,87.9
-37.254364,170.757693,35975,482.3,88.1
-37.25287,170.810653,35975,482.3,88.0
-37.252683,170.816206,36000,482.3,88.0
-37.252637,170.819311,36000,482.3,88.0
-37.251892,170.844149,35975,482.3,87.9
-37.251799,170.847195,35975,482.3,87.9
-37.251659,170.85221,35975,482.3,87.9
-37.251572,170.854992,35975,482.3,88.0
-37.249983,170.909948,36000,482.3,87.9
-37.249099,170.937891,36000,482.4,87.7
-37.249008,170.940662,36000,482.4,87.7
-37.248494,170.957715,36000,482.4,87.7
-37.248401,170.960222,36000,482.4,87.7
-37.247004,171.007153,35975,483.3,88.0
-37.246948,171.009385,35975,483.3,88.0
-37.246539,171.023871,36000,483.3,87.9
-37.246445,171.026975,36000,482.3,87.9
-37.244843,171.079978,36000,482.3,87.9
-37.243195,171.13415,35925,482.3,87.9
-37.242954,171.141974,35900,482.3,87.9
-37.24292,171.143383,35875,482.3,87.9
-37.241651,171.187174,35600,482.3,87.9
-37.240254,171.232313,35350,481.4,87.7
-37.2388,171.276096,35075,483.5,87.5
-37.238754,171.277206,35075,483.5,87.5
-37.238718,171.278348,35075,483.5,87.5
-37.237152,171.323956,34800,484.5,87.5
-37.235596,171.370006,34550,486.4,87.6
-37.234085,171.415178,34300,489.5,87.5
-37.233856,171.421723,34250,489.5,87.5
-37.23383,171.423141,34250,489.4,87.7
-37.2323,171.469292,33975,489.4,87.7
-37.231888,171.482557,33925,489.4,87.7
-37.231782,171.485417,33900,489.4,87.7
-37.230432,171.528108,33650,488.4,87.8
-37.230377,171.530944,33650,488.4,87.8
-37.228849,171.578144,33375,483.4,87.6
-37.228756,171.580651,33375,483.4,87.6
-37.22829,171.594862,33300,482.4,87.6
-37.228244,171.596235,33275,482.4,87.6
-37.226661,171.642569,33025,483.5,87.5
-37.225067,171.686564,32775,484.5,87.5
-37.223465,171.731912,32500,484.5,87.4
-37.221817,171.777785,32250,482.5,87.5
-37.221222,171.793973,32150,482.5,87.4
-37.221168,171.795064,32150,482.5,87.4
-37.220215,171.821322,32000,483.5,87.4
-37.220169,171.822432,32000,483.5,87.4
-37.219212,171.848383,31975,483.5,87.4
-37.219166,171.849518,31975,483.5,87.4
-37.217397,171.897762,31975,481.6,87.3
-37.217257,171.901046,31975,481.6,87.3
-37.216699,171.916928,32000,480.5,87.4
-37.216559,171.919974,32000,480.6,87.3
-37.216324,171.926101,32000,480.6,87.3
-37.216232,171.928321,32000,480.6,87.3
-37.215225,171.956079,32000,480.6,87.3
-37.214976,171.961949,32000,480.6,87.3
-37.213852,171.991317,31975,479.6,87.2
-37.213623,171.996869,31975,479.6,87.1
-37.212276,172.030315,32000,477.6,87.2
-37.212204,172.03199,32000,477.6,87.2
-37.211517,172.050164,32000,477.6,87.1
-37.211438,172.051272,32000,477.6,87.1
-37.20925,172.105786,31975,476.6,87.2
-37.208817,172.11766,31975,476.6,87.2
-37.208738,172.119041,31975,476.6,87.2
-37.206736,172.172898,31975,475.5,87.3
-37.204642,172.226337,31975,474.6,87.2
-37.202545,172.280293,32000,473.6,87.1
-37.200312,172.333752,32000,474.7,87.0
-37.198013,172.387585,32000,475.7,87.0
-37.197098,172.409616,32000,476.7,87.0
-37.194901,172.463554,32000,476.6,87.1
-37.192678,172.515265,32000,476.7,86.9
-37.190303,172.569481,32000,476.7,86.9
-37.188069,172.62286,32000,476.7,87.0
-37.185788,172.676896,31975,471.7,87.0
-37.184464,172.707825,31925,463.7,86.9
-37.184438,172.709437,31925,463.7,86.9
-37.182816,172.746686,31750,454.6,87.0
-37.181808,172.770295,31600,447.7,86.8
-37.18076,172.793984,31375,444.6,86.9
-37.18071,172.79554,31375,444.6,86.9
-37.179783,172.816733,31150,441.7,86.8
-37.178284,172.848719,30800,438.7,86.7
-37.177551,172.865373,30650,435.8,86.6
-37.177002,172.876652,30525,435.7,86.7
-37.176956,172.877645,30525,435.7,86.7
-37.175537,172.908617,30175,431.7,86.7
-37.174026,172.940115,29850,427.8,86.5
-37.172567,172.970541,29525,423.7,86.6
-37.171097,173.001943,29200,420.8,86.5
-37.169586,173.032623,28875,416.8,86.4
-37.168121,173.062601,28550,413.7,86.7
-37.166701,173.093899,28225,409.6,86.8
-37.165192,173.125597,27900,409.7,86.6
-37.163769,173.154861,27575,409.8,86.5
-37.162372,173.184237,27250,409.8,86.5
-37.160976,173.213554,26925,409.8,86.5
-37.159515,173.242882,26600,409.8,86.5
-37.158096,173.27216,26275,409.8,86.5
-37.156646,173.301982,25925,409.7,86.6
-37.155343,173.329866,25575,409.7,86.6
-37.153931,173.359933,25225,409.7,86.6
-37.15255,173.389694,24875,409.7,86.6
-37.1512,173.418055,24525,408.8,86.5
-37.149765,173.440578,24250,405.9,84.5
-37.148026,173.45659,24075,404.0,81.9
-37.145893,173.470777,23900,402.4,79.0
-37.141434,173.497613,23550,400.3,78.3
-37.136856,173.525371,23200,397.9,78.6
-37.132187,173.553655,22875,395.4,78.2
-37.127563,173.581472,22525,392.2,78.2
-37.123077,173.60847,22200,390.1,78.3
-37.118546,173.63576,21850,388.1,78.3
-37.113922,173.663577,21525,386.0,78.3
-37.109482,173.690575,21175,383.8,78.4
-37.104904,173.718099,20850,382.0,78.2
-37.100504,173.744779,20525,379.9,78.3
-37.096128,173.770931,20175,377.9,78.2
-37.091659,173.797979,19850,375.8,78.3
-37.08728,173.824456,19525,373.6,78.4
-37.082977,173.850578,19200,371.6,78.4
-37.07872,173.876349,18875,369.7,78.3
-37.074249,173.903066,18550,367.9,78.1
-37.069873,173.929218,18225,365.6,78.3
-37.065491,173.955591,17875,363.6,78.3
-37.060981,173.982239,17550,361.9,78.0
-37.056656,174.007659,17225,358.9,77.9
-37.052216,174.033723,16900,356.6,78.2
-37.047958,174.059202,16575,353.6,78.1
-37.04361,174.084856,16250,351.7,78.0
-37.039288,174.110552,15925,348.5,78.1
-37.034866,174.136398,15600,345.6,78.0
-37.030426,174.162286,15275,343.6,77.9
-37.026077,174.18759,14950,341.5,78.0
-37.021957,174.212017,14625,339.3,78.1
-37.018107,174.234865,14275,339.3,78.1
-37.014175,174.258007,13925,338.3,78.1
-37.010147,174.281908,13575,338.3,78.1
-37.006003,174.306097,13250,337.3,78.0
-37.001953,174.329801,12925,335.4,77.9
-36.997903,174.353565,12575,333.4,77.9
-36.993713,174.377571,12250,331.5,77.8
-36.990827,174.394345,12025,330.5,77.8
-36.988453,174.408138,11850,328.3,77.9
-36.986172,174.421274,11675,327.4,77.8
-36.98378,174.434899,11475,326.4,77.8
-36.981125,174.44834,11300,324.5,75.4
-36.978677,174.458353,11175,322.6,72.1
-36.975082,174.47113,10975,321.6,70.9
-36.971555,174.484087,10800,320.4,71.1
-36.967987,174.497018,10625,319.1,71.2
-36.964385,174.51,10450,318.1,71.1
-36.960754,174.523375,10275,316.9,71.2
-36.95723,174.536347,10100,315.9,71.2
-36.953678,174.549229,9925,315.6,71.3
-36.95028,174.561827,9750,314.7,71.3
-36.946838,174.574565,9575,314.7,71.3
-36.943359,174.587247,9400,313.7,71.2
-36.939972,174.599752,9225,312.8,71.2
-36.936447,174.61255,9050,312.4,71.3
-36.933009,174.625297,8875,310.2,71.4
-36.929626,174.637854,8700,309.3,71.3
-36.926166,174.650494,8525,307.4,71.2
-36.922582,174.663391,8350,307.7,71.0
-36.918997,174.676467,8175,306.8,71.0
-36.915436,174.689338,8000,306.8,71.0
-36.911828,174.702142,7825,306.1,70.7
-36.908337,174.714621,7650,305.2,70.7
-36.907974,174.715927,7650,304.3,70.6
-36.907745,174.716628,7625,304.3,70.6
-36.904007,174.730145,7450,302.7,70.9
-36.90168,174.739639,7350,302.6,74.1
-36.899872,174.749295,7275,301.1,77.5
-36.898087,174.761333,7150,298.4,80.2
-36.896393,174.773663,7025,296.4,80.1
-36.895488,174.78024,6925,296.3,80.3
-36.894562,174.787104,6825,294.9,80.6
-36.893509,174.795285,6725,293.6,81.0
-36.892369,174.804124,6625,291.7,80.9
-36.891174,174.813051,6525,288.9,80.6
-36.889902,174.822335,6425,287.0,80.4
-36.888738,174.830933,6325,285.2,80.1
-36.887435,174.839949,6225,283.4,79.8
-36.88591,174.850392,6125,281.8,79.4
-36.884502,174.859115,6025,280.4,78.7
-36.883198,174.867176,5925,280.6,78.5
-36.881973,174.874761,5825,279.7,78.4
-36.880685,174.8827,5725,279.7,78.4
-36.879364,174.89089,5625,279.5,78.7
-36.87767,174.901759,5525,277.9,79.2
-36.876216,174.911419,5425,274.6,79.5
-36.874969,174.919934,5325,272.3,79.8
-36.873981,174.926824,5225,271.1,80.0
-36.87305,174.933571,5125,269.1,79.9
-36.871902,174.941614,5025,267.2,79.9
-36.870804,174.949445,4925,266.0,80.0
-36.869751,174.956983,4825,264.0,80.0
-36.868652,174.964697,4725,262.4,80.8
-36.868011,174.971885,4650,262.5,83.9
-36.868022,174.976501,4625,261.1,88.5
-36.868395,174.981039,4600,258.8,94.4
-36.86914,174.985338,4575,256.2,100.3
-36.870117,174.9891,4575,253.2,106.3
-36.871095,174.992026,4550,250.2,110.1
-36.871536,174.993156,4550,248.1,112.0
-36.873138,174.996779,4525,243.3,116.9
-36.875005,175.000265,4500,238.9,121.8
-36.87724,175.003848,4450,233.7,128.1
-36.879684,175.006889,4425,229.3,132.9
-36.882019,175.00946,4400,225.1,137.5
-36.884548,175.011789,4375,220.8,142.0
-36.887062,175.013759,4350,216.3,146.3
-36.889572,175.015421,4325,212.2,150.7
-36.89241,175.016941,4275,207.6,154.9
-36.895674,175.018417,4225,203.2,159.2
-36.900935,175.020745,4125,201.5,160.6
-36.906464,175.023252,4025,200.3,159.9
-36.911409,175.025522,3925,199.3,159.8
-36.916669,175.02791,3825,198.4,159.6
-36.921432,175.029855,3725,195.5,163.1
-36.924774,175.030557,3675,192.2,168.0
-36.926514,175.030673,3650,188.5,172.7
-36.92882,175.030537,3600,184.0,180.3
-36.930725,175.030206,3550,181.8,185.4
-36.933151,175.029446,3500,178.9,191.9
-36.935303,175.028453,3450,175.5,197.9
-36.9375,175.027226,3400,173.9,203.0
-36.939468,175.025882,3375,170.9,207.9
-36.941437,175.024304,3325,168.7,212.6
-36.943204,175.022596,3275,166.8,217.7
-36.945007,175.020388,3225,164.9,222.8
-36.946472,175.018285,3200,162.2,228.2
-36.94772,175.016148,3150,161.6,233.6
-36.94893,175.013521,3100,161.0,239.0
-36.949861,175.010953,3075,160.6,244.6
-36.950638,175.008175,3025,160.0,250.7
-36.951965,175.003032,2925,159.4,252.5
-36.953522,174.99713,2825,159.4,251.3
-36.955168,174.991309,2725,159.7,251.0
-36.956611,174.985995,2625,159.7,251.0
-36.958241,174.980203,2525,161.3,250.4
-36.960068,174.973872,2425,162.3,250.6
-36.961872,174.967247,2325,162.9,251.0
-36.963684,174.96084,2225,164.1,250.8
-36.965363,174.954768,2125,165.4,250.6
-36.96698,174.948977,2025,166.4,250.7
-36.968628,174.943133,1925,168.6,250.6
-36.970298,174.937034,1825,169.8,251.5
-36.971694,174.93178,1725,170.8,251.6
-36.973463,174.925451,1625,169.5,250.7
-36.975186,174.919301,1525,167.3,250.8
-36.976822,174.913389,1425,164.4,251.6
-36.978378,174.907545,1325,159.7,251.0
-36.980167,174.90115,1225,155.9,250.5
-36.981949,174.894981,1125,152.8,250.5
-36.983705,174.88879,1025,149.6,250.5
-36.985381,174.882759,925,145.8,251.2
-36.98715,174.876192,825,142.6,251.2
-36.988953,174.869852,725,141.4,250.2
-36.990594,174.863951,625,141.7,251.1
-36.992203,174.858106,525,140.4,251.3
-36.993946,174.851592,425,139.5,251.2
-36.995682,174.845308,325,139.1,251.6
-36.997238,174.839523,225,138.8,250.6
-36.998694,174.834455,150,138.8,250.6
-37.000397,174.828186,50,138.2,251.4
-37.000976,174.826037,25,138.5,251.0
-37.001115,174.825619,25,138.5,251.0
-37.002594,174.820355,-75,137.0,250.4
-37.004242,174.814395,-175,136.6,250.8
-37.00605,174.807826,-275,136.3,251.2
-37.007492,174.802649,-375,137.6,250.9
-37.00861,174.79863,-375,133.5,250.8
-37.008703,174.798212,-375,133.5,250.8
-37.008936,174.797436,-375,130.9,251.3
-37.009003,174.797214,-50.0,132.5,252.6
-37.009048,174.797053,-50.0,127.5,250.6
-37.009151,174.796644,-50.0,127.5,250.6
-37.00922,174.796425,-50.0,122.5,250.6
-37.009308,174.796108,-50.0,122.5,250.6
-37.009471,174.795526,-50.0,117.5,250.6
-37.009564,174.795197,-50.0,112.5,250.6
-37.009655,174.794891,-50.0,112.5,250.6
-37.009804,174.79435,-50.0,112.5,250.6
-37.00985,174.794175,-50.0,107.5,250.6
-37.009941,174.793839,-50.0,107.5,250.6
-37.010007,174.7936,-50.0,99.0,251.3
-37.010159,174.79305,-50.0,97.0,251.3
-37.010353,174.792349,-50.0,95.0,251.3
-37.01049,174.791881,-50.0,91.0,251.3
-37.010559,174.791604,-50.0,89.0,251.3
-37.010685,174.791151,-50.0,87.0,251.3
-37.010821,174.790644,-50.0,85.0,251.3
-37.010948,174.790172,-50.0,85.0,251.3
-37.011063,174.789748,-50.0,83.0,251.5
-37.011177,174.789339,-50.0,79.0,251.5
-37.01128,174.788945,-50.0,77.0,251.5
-37.011415,174.78845,-50.0,75.0,251.5
-37.01152,174.788054,-50.0,71.0,251.3
-37.011623,174.787703,-50.0,68.5,251.3
-37.011726,174.787323,-50.0,63.5,251.3
-37.011864,174.786841,-50.0,61.5,250.8
-37.011997,174.786375,-50.0,59.5,250.8
-37.012113,174.785942,-50.0,56.5,250.8
-37.01223,174.785495,-50.0,55.5,252.0
-37.012334,174.784987,-50.0,53.5,252.0
-37.01239,174.784694,-50.0,51.5,252.0
-37.012424,174.78446,-50.0,50.5,259.6
-37.01247,174.783905,-50.0,46.5,259.6
-37.012486,174.783659,-50.0,46.5,268.9
-37.012486,174.783181,-50.0,43.5,268.9
-37.012451,174.782763,-50.0,41.5,268.9
-37.012356,174.782254,-50.0,38.5,268.9
-37.012276,174.781718,-50.0,34.5,268.9
-37.012195,174.781225,-50.0,31.5,268.9
-37.012125,174.780688,-50.0,27.5,268.9
-37.012081,174.780179,-50.0,26.5,268.9
-37.012081,174.779668,-50.0,25.5,268.9
-37.012136,174.779121,-50.0,24.5,268.9
-37.01223,174.778613,-50.0,23.5,268.9
-37.012367,174.77809,-50.0,19.5,0.0
-37.012253,174.777579,-50.0,17.5,0.0
-37.011857,174.777315,-50.0,16.5,0.0
-37.011438,174.777135,-50.0,16.5,0.0
-37.011017,174.777038,-50.0,14.8,0.0
-37.010682,174.777389,-50.0,13.8,0.0
-37.01053,174.777912,-50.0,12.8,0.0
-37.010387,174.778397,-50.0,12.8,0.0
-37.01025,174.778908,-50.0,12.8,0.0
-37.010111,174.779389,-50.0,11.8,0.0
-37.01003,174.779688,-50.0,8.2,0.0
-37.00993,174.780092,-50.0,8.8,0.0
-37.00982,174.780419,-50.0,9.8,0.0
-37.009506,174.780691,-50.0,11.8,0.0
-37.009243,174.780661,-50.0,12.8,0.0
-37.008936,174.780524,-50.0,13.8,0.0
-37.008522,174.78034,-50.0,14.8,0.0
-37.00811,174.780166,-50.0,13.8,0.0
-37.007679,174.780061,-50.0,13.2,0.0
-37.007298,174.780165,-50.0,13.2,0.0
-37.006911,174.78036,-50.0,13.8,0.0
-37.006496,174.78053,-50.0,12.2,0.0
-37.006108,174.780673,-50.0,10.8,0.0
-37.006176,174.781903,-50.0,4.2,0.0
-37.005898,174.779763,-50.0,4.8,0.0
-37.00591,174.779688,-50.0,2.8,0.0
-37.006016,174.780033,-50.0,4.8,0.0
-37.006271,174.78033,-50.0,4.8,0.0
-37.006405,174.780398,-50.0,5.2,0.0
-37.006622,174.780442,-50.0,5.2,0.0
-37.006805,174.780413,-50.0,4.8,0.0
-37.006969,174.78036,-50.0,4.8,0.0
-37.007252,174.780194,-50.0,5.2,0.0
-37.007423,174.780106,-50.0,5.2,0.0
-37.007618,174.780077,-50.0,5.2,0.0
-37.007644,174.780061,-50.0,5.2,0.0
-37.007824,174.780077,-50.0,5.2,0.0
-37.008018,174.780135,-50.0,5.2,0.0
-37.008214,174.780225,-50.0,5.2,0.0
-37.008419,174.780311,-50.0,5.2,0.0
-37.00861,174.780404,-50.0,5.2,0.0
-37.008808,174.780515,-50.0,5.2,0.0
-37.008923,174.780705,-50.0,4.8,0.0
-37.009029,174.780942,-50.0,5.2,0.0
-37.009122,174.781151,-50.0,5.2,0.0
-37.00922,174.781377,-50.0,5.2,0.0
-37.009323,174.781611,-50.0,5.2,0.0
-37.009425,174.781852,-50.0,5.2,0.0
-37.009541,174.782061,-50.0,0.4,0.0
-37.009541,174.782064,-50.0,0.0,0.0
-37.009541,174.782064,-50.0,0.0,0.0
-37.009541,174.782064,-50.0,0.0,0.0
-37.009552,174.782079,-50.0,0.8,0.0
-37.009655,174.782239,-50.0,5.8,0.0
-37.009781,174.7824,-50.0,8.8,0.0
-37.010111,174.782703,-50.0,11.8,0.0
-37.010376,174.782867,-50.0,11.2,0.0
-37.010639,174.783174,-50.0,10.8,0.0
-37.010765,174.783671,-50.0,10.8,0.0
-37.010685,174.784197,-50.0,11.8,0.0
-37.010542,174.784718,-50.0,13.8,0.0
-37.010402,174.785211,-50.0,15.5,0.0
-37.010263,174.785719,-50.0,17.5,0.0
-37.010123,174.786241,-50.0,18.5,0.0
-37.009983,174.786763,-50.0,19.5,0.0
-37.009832,174.787286,-50.0,20.5,0.0
-37.009689,174.787805,-50.0,21.5,0.0
-37.009553,174.788286,-50.0,22.5,0.0
-37.009415,174.788784,-50.0,23.5,0.0
-37.0093,174.789223,-50.0,24.5,0.0
-37.00918,174.789659,-50.0,24.5,0.0
-37.009064,174.790092,-50.0,24.5,0.0
-37.008936,174.79057,-50.0,25.5,0.0
-37.008843,174.790883,-50.0,24.5,0.0
-37.008694,174.791414,-50.0,24.5,0.0
-37.008556,174.791925,-50.0,24.5,0.0
-37.008424,174.792376,-50.0,24.5,0.0
-37.008293,174.792875,-50.0,24.5,0.0
-37.008145,174.793376,-50.0,24.5,0.0
-37.008017,174.793839,-50.0,24.5,0.0
-37.007881,174.79435,-50.0,24.5,0.0
-37.007744,174.794833,-50.0,23.5,0.0
-37.007609,174.795317,-50.0,23.5,0.0
-37.007481,174.795782,-50.0,23.5,0.0
-37.007332,174.796308,-50.0,23.5,0.0
-37.007214,174.79675,-50.0,23.5,0.0
-37.007092,174.797243,-50.0,23.5,0.0
-37.006946,174.797765,-50.0,23.5,0.0
-37.006806,174.798242,-50.0,23.5,0.0
-37.006668,174.798733,-50.0,20.5,0.0
-37.00655,174.799138,-50.0,16.5,0.0
-37.006428,174.799654,-50.0,11.8,0.0
-37.006565,174.80015,-50.0,12.8,0.0
-37.006828,174.80056,-50.0,13.2,0.0
-37.007132,174.800974,-50.0,13.8,0.0
-37.007446,174.801319,-50.0,13.8,0.0
-37.007865,174.801198,-50.0,11.2,0.0
-37.008051,174.80072,-50.0,13.2,0.0
-37.008156,174.800355,-50.0,17.5,0.0
-37.008236,174.800077,-50.0,22.5,0.0
-37.00827,174.799902,-50.0,26.5,0.0
-37.008331,174.79969,-50.0,30.5,0.0
-37.008362,174.799581,-50.0,35.5,0.0
-37.008447,174.799257,-50.0,39.5,0.0
-37.008529,174.798959,-50.0,43.5,0.0
-37.008614,174.798675,-50.0,47.5,0.0
-37.008659,174.798485,-50.0,52.5,252.0
-37.008808,174.797989,-50.0,56.5,252.0
-37.0089,174.797623,-50.0,60.5,252.0
-37.009029,174.797168,-50.0,64.5,252.0
-37.009122,174.796794,-50.0,68.5,252.9
-37.009239,174.796391,-50.0,73.0,252.9
-37.009367,174.795899,-50.0,77.0,252.9
-37.009483,174.795466,-50.0,81.0,252.9
-37.009634,174.794943,-50.0,85.0,251.9
-37.009781,174.794424,-50.0,89.0,251.9
-37.009925,174.793884,-50.0,93.0,251.9
-37.010018,174.793585,-50.0,97.0,251.9
-37.010158,174.793078,-50.0,99.0,251.9
-37.010333,174.792451,-50.0,107.5,251.9
-37.010484,174.791898,-50.0,112.5,251.9
-37.010616,174.791399,-50.0,112.5,251.9
-37.010891,174.790406,-50.0,117.5,252.4
-37.010971,174.790114,-50.0,122.5,252.4
-37.011177,174.789383,-50.0,122.5,252.4
-37.011333,174.788793,-50.0,127.5,252.4
-37.011438,174.78842,-50.0,127.5,252.4
-37.011624,174.787764,-50.0,132.5,251.9
-37.011749,174.787323,-50.0,132.5,251.9
-37.01195,174.786584,-50.0,137.5,251.9
-37.012127,174.785921,-50.0,137.5,251.9
-37.012218,174.785599,-50.0,142.5,251.9
-37.012416,174.784898,-50.0,142.5,252.0
-37.012497,174.784584,-50.0,142.5,252.0
-37.012625,174.784166,-50.0,147.5,252.0
-37.012848,174.783364,-50.0,147.5,252.0
-37.013079,174.782539,-50.0,152.5,252.0
-37.01318,174.782137,-50.0,152.5,252.0
-37.013335,174.781614,-50.0,157.5,252.4
-37.01358,174.780734,-50.0,157.5,252.4
-37.013718,174.780238,-50.0,157.5,252.4
-37.013812,174.779867,-50.0,162.5,252.4
-37.014033,174.779061,-50.0,162.5,252.4
-37.014278,174.778163,-50.0,167.5,252.4
-37.014534,174.77724,-50.0,167.5,252.4
-37.014674,174.776703,-50.0,167.5,252.4
-37.014802,174.776225,-50.0,172.5,252.4
-37.014931,174.775767,-50.0,172.5,252.4
-37.015137,174.774949,-300,172.5,250.3
-37.015274,174.774482,-275,167.9,251.2
-37.016052,174.771618,-175,168.9,251.4
-37.016693,174.769164,-75,168.9,251.4
-37.017548,174.766089,25,171.1,251.2
-37.0182,174.763641,125,172.0,251.4
-37.018845,174.761216,225,172.0,251.4
-37.019317,174.759402,325,172.0,251.4
-37.019876,174.757372,425,172.0,251.4
-37.020493,174.755197,525,170.8,251.6
-37.020993,174.753252,625,170.8,251.6
-37.021598,174.751103,725,171.1,251.2
-37.022203,174.748834,825,171.1,251.2
-37.022827,174.74649,925,171.4,250.9
-37.0236,174.743878,1025,172.7,250.7
-37.024475,174.740646,1125,174.9,250.6
-37.025369,174.737549,1200,179.0,250.8
-37.026207,174.734384,1250,183.1,250.9
-37.026579,174.733071,1275,185.9,251.2
-37.026719,174.732533,1300,185.9,251.2
-37.027557,174.729488,1350,190.1,251.3
-37.028395,174.726383,1425,194.2,251.4
-37.02887,174.724634,1475,196.4,251.3
-37.029007,174.724108,1500,196.4,251.3
-37.029739,174.721478,1600,198.6,251.2
-37.030472,174.718732,1700,199.5,251.3
-37.031374,174.715576,1800,200.8,251.1
-37.03212,174.712888,1900,203.0,251.0
-37.03305,174.709486,2000,205.2,250.9
-37.033748,174.707038,2100,206.5,250.8
-37.034546,174.704181,2200,207.8,250.6
-37.035098,174.702261,2300,207.8,250.6
-37.035424,174.701007,2350,208.7,250.7
-37.035965,174.699038,2450,208.7,250.7
-37.036697,174.696584,2550,208.7,250.7
-37.03724,174.694619,2650,208.7,250.7
-37.037705,174.692947,2725,208.4,251.0
-37.038162,174.691208,2800,208.4,251.0
-37.038803,174.688928,2900,208.4,251.0
-37.039474,174.686498,3000,209.7,250.8
-37.040222,174.683844,3100,211.9,250.7
-37.041229,174.680221,3200,213.8,250.9
-37.042145,174.677007,3275,217.9,251.0
-37.043335,174.672566,3375,222.3,250.8
-37.044434,174.668709,3425,226.8,250.7
-37.045166,174.666138,3475,229.9,250.7
-37.045852,174.66369,3500,233.1,250.7
-37.046585,174.660937,3550,237.2,250.8
-37.047667,174.657241,3600,241.6,250.7
-37.048416,174.654392,3650,244.8,250.7
-37.04925,174.651509,3675,248.9,250.8
-37.050461,174.64715,3725,253.0,250.9
-37.051205,174.644344,3750,257.1,250.9
-37.051849,174.642061,3775,260.3,250.9
-37.052835,174.638552,3825,263.4,250.9
-37.053626,174.635567,3875,266.6,250.9
-37.054464,174.632582,3900,269.8,251.0
-37.055302,174.629537,3950,272.9,251.0
-37.056107,174.626634,3975,276.1,251.0
-37.057434,174.6219,4050,280.5,250.9
-37.058747,174.617177,4100,284.6,250.9
-37.060043,174.612375,4175,289.1,250.8
-37.061462,174.607408,4275,293.5,250.7
-37.062145,174.604996,4325,294.4,250.8
-37.062424,174.604041,4350,295.4,250.8
-37.063495,174.6001,4450,296.7,250.7
-37.063914,174.598667,4500,296.7,250.7
-37.064147,174.597831,4525,296.7,250.7
-37.065031,174.594607,4625,297.6,250.8
-37.065637,174.592458,4700,297.6,250.8
-37.066315,174.590052,4800,297.6,250.8
-37.067033,174.587442,4900,297.6,250.8
-37.067642,174.585318,5000,297.3,251.0
-37.068337,174.582725,5100,296.3,250.9
-37.069016,174.580351,5200,296.3,250.9
-37.069519,174.578539,5300,295.4,250.8
-37.069733,174.577769,5325,295.4,250.8
-37.069885,174.577137,5350,295.4,250.8
-37.070389,174.575325,5450,294.1,250.9
-37.071075,174.572929,5550,293.2,250.9
-37.071533,174.571176,5650,291.9,251.0
-37.071968,174.569589,5725,291.9,251.0
-37.072403,174.56802,5800,290.6,251.1
-37.072852,174.566425,5875,289.7,251.1
-37.073273,174.564865,5975,289.7,251.1
-37.073737,174.563141,6050,288.4,251.2
-37.074295,174.561111,6150,287.5,251.1
-37.074761,174.559379,6250,286.2,251.2
-37.075333,174.557209,6350,285.2,251.2
-37.075785,174.555677,6425,284.3,251.1
-37.076202,174.554112,6500,284.3,251.1
-37.076569,174.55271,6575,283.0,251.2
-37.077026,174.551015,6650,283.0,251.2
-37.077647,174.548751,6750,282.1,251.2
-37.078299,174.546423,6850,281.8,251.4
-37.078904,174.544273,6950,281.8,251.4
-37.079509,174.541944,7025,281.8,251.4
-37.079695,174.541168,7050,281.8,251.4
-37.081238,174.535587,7250,281.8,251.4
-37.083206,174.528341,7450,283.0,251.2
-37.085049,174.521584,7650,285.2,251.2
-37.087418,174.512913,7850,288.4,251.2
-37.089432,174.505375,8025,292.2,251.4
-37.092041,174.495791,8225,296.6,251.3
-37.093894,174.488923,8425,297.9,251.2
-37.095756,174.482057,8625,299.2,251.1
-37.097443,174.476039,8800,299.2,251.1
-37.099228,174.469436,9000,300.1,251.1
-37.100922,174.463358,9175,301.4,251.0
-37.102615,174.457105,9375,301.4,251.0
-37.104415,174.45065,9575,301.4,251.0
-37.106049,174.444716,9775,301.4,251.0
-37.107742,174.438464,9975,301.1,251.2
-37.109303,174.432678,10175,301.1,251.2
-37.111084,174.42625,10375,301.7,250.8
-37.11264,174.420874,10575,300.8,250.2
-37.114563,174.414329,10775,301.5,249.8
-37.116531,174.407784,10975,302.2,249.5
-37.118706,174.400794,11175,302.9,249.1
-37.120848,174.393748,11375,303.3,248.9
-37.123169,174.386337,11575,304.6,248.8
-37.125641,174.378214,11775,306.4,249.0
-37.128203,174.369865,11975,308.3,249.1
-37.132858,174.354639,12375,310.2,249.2
-37.137039,174.340639,12775,311.7,249.5
-37.141708,174.325036,13175,313.9,249.5
-37.146591,174.308604,13575,315.8,249.6
-37.151386,174.292364,13975,318.6,249.8
-37.155762,174.277701,14375,318.6,249.8
-37.160294,174.262273,14775,319.9,249.7
-37.165466,174.2448,15175,321.8,249.8
-37.170658,174.227103,15575,324.0,249.8
-37.177277,174.22236,15975,325.5,250.1
-37.18076,174.192711,16375,327.1,249.8
-37.185791,174.17561,16775,329.0,249.9
-37.191374,174.156587,17175,331.2,249.9
-37.19664,174.138677,17575,332.5,249.8
-37.201996,174.120561,17975,333.8,249.7
-37.207155,174.103148,18375,334.7,249.7
-37.21257,174.084797,18775,335.1,249.6
-37.218049,174.066368,19175,336.0,249.6
-37.223557,174.047806,19575,336.0,249.6
-37.229462,174.02782,19950,337.9,249.7
-37.235878,174.005943,20300,342.0,249.8
-37.241821,173.985803,20675,344.2,249.8
-37.248367,173.963597,21025,347.4,249.8
-37.255337,173.939667,21375,350.5,249.8
-37.262512,173.915327,21725,353.7,249.8
-37.269608,173.891134,22075,355.9,249.8
-37.276566,173.86735,22400,358.7,249.9
-37.283203,173.844676,22775,360.0,249.9
-37.290158,173.820967,23125,361.3,249.8
-37.29742,173.796068,23475,363.2,249.9
-37.304869,173.770513,23800,365.1,250.0
-37.308197,173.759123,23925,367.3,249.9
-37.313782,173.740072,24175,368.6,249.8
-37.321162,173.714746,24500,369.5,249.9
-37.32875,173.688713,24825,371.4,250.0
-37.336121,173.663402,25150,372.7,249.9
-37.34374,173.637304,25475,374.6,250.0
-37.352073,173.608704,25775,376.8,250.0
-37.360153,173.580887,26075,378.7,250.1
-37.368599,173.551622,26375,380.9,250.0
-37.376606,173.523918,26700,381.8,250.1
-37.380249,173.511229,26825,381.8,250.1
-37.389404,173.479556,27100,385.9,250.2
-37.398743,173.446947,27375,389.1,250.2
-37.408035,173.414748,27650,391.3,250.1
-37.417153,173.383245,27925,393.5,250.1
-37.426835,173.34957,28200,396.3,250.2
-37.436332,173.316372,28475,398.6,250.2
-37.445618,173.284081,28750,399.8,250.1
-37.455186,173.250812,29050,401.7,250.2
-37.466034,173.212904,29275,404.9,250.2
-37.466405,173.211584,29275,405.8,250.3
-37.478989,173.16738,29375,413.1,250.3
-37.490659,173.126499,29475,419.7,250.2
-37.490891,173.125604,29475,419.7,250.2
-37.498764,173.098132,29600,422.9,250.2
-37.499084,173.096963,29600,422.9,250.2
-37.499876,173.094197,29625,422.9,250.2
-37.50495,173.076404,29825,422.0,250.2
-37.505356,173.07499,29850,422.0,250.2
-37.509567,173.060322,30100,418.5,250.3
-37.509888,173.059212,30100,418.5,250.3
-37.515378,173.039863,30450,414.0,250.4
-37.516022,173.037648,30475,414.0,250.4
-37.523059,173.012695,30875,408.6,250.4
-37.530787,172.985588,31225,405.5,250.4
-37.538498,172.958348,31525,403.3,250.4
-37.547033,172.928089,31825,403.3,250.4
-37.550897,172.914356,31925,403.3,250.4
-37.551224,172.913292,31950,403.3,250.4
-37.563513,172.868977,32175,407.0,251.1
-37.575668,172.824584,32375,411.4,251.0
-37.587254,172.782997,32600,414.6,250.6
-37.599032,172.741202,32825,417.2,250.4
-37.605743,172.717584,32950,418.5,250.3
-37.616396,172.68018,33200,419.4,250.4
-37.621936,172.660655,33350,419.4,250.4
-37.622169,172.65976,33350,419.4,250.4
-37.62985,172.632831,33725,415.3,250.3
-37.635452,172.61298,34025,410.5,250.5
-37.635818,172.611636,34050,410.5,250.5
-37.641907,172.59008,34450,403.6,250.3
-37.642868,172.5868,34525,402.3,250.4
-37.643234,172.585456,34525,401.4,250.4
-37.643583,172.584169,34575,401.4,250.4
-37.643921,172.58306,34575,401.0,250.5
-37.649402,172.56345,34875,396.6,250.6
-37.649728,172.562316,34900,396.6,250.6
-37.65024,172.560405,34900,396.6,250.6
-37.65131,172.556703,34925,396.6,250.6
-37.65159,172.555628,34950,396.6,250.6
-37.658569,172.530466,35200,393.1,250.7
-37.666114,172.503443,35525,389.6,250.8
-37.674773,172.472156,35800,387.4,250.9
-37.679707,172.454303,35925,386.5,250.8
-37.68548,172.433465,36000,387.4,250.9
-37.686676,172.428959,36000,387.7,250.7
-37.687807,172.424927,36000,387.7,250.7
-37.688095,172.423875,36000,388.7,250.8
-37.69344,172.404566,36000,389.6,250.8
-37.69368,172.403714,35975,389.6,250.8
-37.694278,172.401581,35975,389.6,250.8
-37.706102,172.35871,35975,390.2,251.0
-37.708989,172.348202,35975,390.0,250.7
-37.70929,172.347146,35975,390.0,250.7
-37.713684,172.331251,36000,389.6,250.8
-37.713959,172.330433,36000,389.6,250.8
-37.721375,172.303551,35975,390.9,250.7
-37.721649,172.302733,35975,390.9,250.7
-37.722209,172.300554,35975,390.9,250.7
-37.722519,172.299519,36000,390.9,250.7
-37.734546,172.256311,36000,391.2,250.6
-37.746091,172.214933,36000,391.8,250.8
-37.758041,172.17154,36000,392.5,251.0
-37.76976,172.128705,36000,392.5,251.0
-37.781525,172.085461,36000,392.1,251.1
-37.792829,172.043868,36000,393.4,251.0
-37.804141,172.002431,36000,393.4,251.0
-37.815903,171.959177,35975,394.4,251.1
-37.827511,171.916391,36000,394.0,251.2
-37.839149,171.87358,36000,393.4,251.0
-37.851059,171.830029,35975,393.4,251.0
-37.856373,171.810469,36000,393.1,251.1
-37.856652,171.809394,35975,393.1,251.1
-37.868104,171.767061,35975,394.0,251.2
-37.870758,171.757268,36000,394.0,251.2
-37.87099,171.756433,36000,394.0,251.2
-37.882721,171.713263,36000,395.3,251.1
-37.894266,171.670512,35975,396.9,251.3
-37.899154,171.652242,36000,397.8,251.4
-37.89948,171.650928,36000,398.1,251.2
-37.90786,171.61982,36000,400.0,251.3
-37.919451,171.576651,36000,400.4,251.2
-37.928833,171.541871,36000,401.6,251.1
-37.929134,171.540766,36000,401.6,251.1
-37.935837,171.515867,36000,401.6,251.1
-37.941657,171.494313,36000,401.6,251.1
-37.942017,171.493017,36000,401.6,251.1
-37.942634,171.49079,36000,402.2,251.3
-37.942867,171.489895,36000,402.2,251.3
-37.943207,171.488518,36000,402.2,251.3
-37.948407,171.469176,36000,402.2,251.3
-37.94902,171.466954,36000,402.2,251.3
-37.960883,171.422603,36000,402.9,251.5
-37.969821,171.388689,35975,402.6,251.6
-37.970147,171.387376,35975,402.2,251.8
-37.970426,171.386241,35975,402.2,251.8
-37.977921,171.35788,36000,398.8,251.4
-37.9785,171.35563,36000,398.4,251.6
-37.985092,171.33056,35975,397.2,251.7
-37.994959,171.293275,36000,394.7,251.4
-37.999474,171.276258,35975,393.7,251.3
-37.999786,171.275161,35975,393.7,251.3
-38.004362,171.257988,35975,392.8,251.3
-38.004595,171.257152,35975,392.8,251.3
-38.015625,171.216022,36000,390.5,251.3
-38.026611,171.174589,35975,389.3,251.4
-38.038113,171.131346,36000,387.4,251.3
-38.048866,171.090327,36000,386.4,251.8
-38.059708,171.048246,36000,384.9,252.0
-38.063251,171.034559,36000,385.2,251.9
-38.072571,170.998691,36000,385.2,251.9
-38.081451,170.964797,36000,381.4,251.7
-38.091431,170.926812,35975,379.5,251.6
-38.099701,170.895379,36000,377.3,251.6
-38.105759,170.870946,35975,377.3,251.6
-38.107407,170.862823,35975,375.2,255.3
-38.109896,170.84821,35975,375.0,258.1
-38.111115,170.839331,35975,374.9,259.9
-38.111526,170.836058,35975,375.0,260.6
-38.113155,170.819729,35975,374.8,263.0
-38.117205,170.777694,36000,374.7,263.1
-38.121302,170.734704,36000,373.7,263.1
-38.125352,170.691774,35975,372.6,263.2
-38.129309,170.648784,36000,371.5,263.4
-38.130341,170.637545,35975,370.5,263.3
-38.149885,170.421415,36000,366.5,263.3
-38.151718,170.40093,35975,366.4,263.4
-38.156774,170.345107,36000,365.4,263.4
-38.160266,170.306476,35975,364.4,263.4
-38.1625,170.282115,35975,364.3,263.5
-38.166271,170.24026,35975,362.3,263.5
-38.169846,170.199903,36000,362.2,263.7
-38.173462,170.158412,36000,364.2,263.7
-38.623554,152.369568,38000,403.1,271.3
-38.622757,152.323947,38000,403.1,271.3
-38.621933,152.276897,38000,403.1,271.3
-38.621063,152.229548,37975,404.1,271.3
-38.620249,152.18335,38000,404.1,271.3
-38.619411,152.136414,38000,405.1,271.3
-38.618546,152.090965,38000,406.1,271.4
-38.617722,152.04702,38000,408.1,271.4
-38.61685,152.00116,38000,410.1,271.4
-38.615891,151.951665,38000,412.1,271.5
-38.614895,151.903137,38000,414.1,271.4
-38.613968,151.857147,38000,416.1,271.5
-38.612961,151.809261,37975,417.1,271.5
-38.612893,151.805603,37975,417.1,271.5
-38.612474,151.784973,37975,417.2,271.6
-38.612411,151.783467,37975,417.2,271.6
-38.611359,151.735999,38000,417.2,271.6
-38.61024,151.688049,38000,417.2,271.8
-38.60907,151.639809,38000,418.2,271.8
-38.608005,151.59436,38000,419.2,271.8
-38.606918,151.546425,38000,419.2,271.6
-38.605724,151.496765,37975,419.2,271.8
-38.604492,151.447071,38000,419.2,271.8
-38.60321,151.398587,37975,420.3,272.0
-38.601883,151.350045,38000,420.3,272.0
-38.600555,151.300427,38000,421.2,271.9
-38.599411,151.253496,38000,422.2,271.8
-38.598267,151.20555,38000,422.2,271.8
-38.596985,151.156291,38000,422.2,271.9
-38.595612,151.107211,38000,422.3,272.0
-38.594193,151.058429,38000,422.3,272.2
-38.592736,151.008911,38000,423.3,272.2
-38.59134,150.960815,38000,423.3,272.2
-38.58999,150.912476,37975,423.3,272.2
-38.588546,150.863403,38000,422.3,272.0
-38.58715,150.815063,38000,423.3,272.2
-38.585707,150.766541,38000,422.3,272.2
-38.584213,150.716539,38000,422.3,272.2
-38.582748,150.668355,37975,421.3,272.2
-38.581238,150.619991,37975,421.3,272.3
-38.579702,150.571289,38000,420.3,272.3
-38.578125,150.522786,37975,420.4,272.5
-38.576489,150.473633,38000,419.4,272.5
-38.574829,150.424028,38000,419.4,272.5
-38.573184,150.376404,37975,419.4,272.5
-38.571601,150.337708,37975,417.9,273.7
-38.56929,150.300731,38000,417.5,274.8
-38.565922,150.252136,38000,418.6,275.1
-38.562663,150.203369,38000,420.5,274.8
-38.559544,150.154785,38000,422.4,274.6
-38.556565,150.106262,38000,424.4,274.6
-38.553452,150.057061,37975,425.4,274.6
-38.550339,150.007145,38000,425.4,274.6
-38.547255,149.957397,37975,425.4,274.6
-38.544113,149.907671,38000,426.4,274.6
-38.540955,149.858889,38000,426.4,274.7
-38.537618,149.808594,38000,426.5,274.8
-38.53436,149.759583,38000,426.5,274.8
-38.531158,149.710335,38000,425.4,274.7
-38.527982,149.661438,38000,425.4,274.7
-38.525748,149.627502,38000,425.4,274.7
-38.525665,149.626266,38000,425.4,274.7
-38.525574,149.625012,38000,425.4,274.7
-38.522964,149.584649,37975,424.4,274.7
-38.522908,149.583374,37975,424.4,274.7
-38.522163,149.572205,37975,424.4,274.7
-38.520627,149.548523,38000,424.5,274.9
-38.520534,149.547302,38000,424.5,274.9
-38.517288,149.499565,38000,423.6,275.0
-38.517197,149.498311,38000,423.6,275.0
-38.516602,149.489653,37975,423.6,275.0
-38.514587,149.459799,38000,423.6,275.0
-38.511223,149.410828,37975,424.6,275.0
-38.510376,149.398897,37975,424.7,275.1
-38.509175,149.38147,38000,424.7,275.1
-38.508591,149.372983,38000,424.6,275.0
-38.508499,149.372028,38000,424.6,275.0
-38.508316,149.36952,38000,424.6,275.0
-38.507904,149.363549,38000,424.7,275.1
-38.507825,149.362305,38000,424.7,275.1
-38.507266,149.354309,38000,424.6,275.0
-38.507172,149.3531,38000,424.6,275.0
-38.50708,149.351624,38000,424.6,275.0
-38.507034,149.350586,37975,424.6,275.0
-38.506851,149.348085,38000,424.6,275.0
-38.506622,149.344622,37975,424.6,275.0
-38.506521,149.343384,38000,424.7,275.1
-38.506382,149.341125,38000,424.7,275.1
-38.506289,149.340149,38000,424.7,275.1
-38.505637,149.331177,38000,424.7,275.1
-38.505569,149.329933,38000,424.7,275.1
-38.505203,149.324739,38000,424.7,275.1
-38.504985,149.321716,37975,424.7,275.1
-38.504939,149.32074,38000,424.7,275.1
-38.504846,149.319458,37975,424.7,275.1
-38.50424,149.310791,38000,424.7,275.1
-38.503496,149.300293,38000,424.7,275.1
-38.503418,149.299303,38000,424.7,275.1
-38.503326,149.29781,38000,424.7,275.1
-38.499847,149.248551,38000,424.7,275.1
-38.496414,149.19971,38000,424.7,275.1
-38.496327,149.198486,38000,424.7,275.1
-38.496185,149.196485,38000,424.7,275.1
-38.495908,149.192261,38000,424.7,275.1
-38.494766,149.176065,37975,424.7,275.1
-38.494045,149.166382,38000,424.7,275.1
-38.490507,149.116638,38000,423.8,275.3
-38.487625,149.075875,37975,423.7,275.1
-38.484083,149.027649,37975,416.8,275.4
-38.48053,148.979267,37975,414.8,275.4
-38.477097,148.931201,37975,413.7,275.3
-38.473609,148.883789,38000,412.8,275.4
-38.470071,148.835938,37975,411.8,275.3
-38.466614,148.788558,38000,410.8,275.3
-38.463135,148.741747,38000,408.8,275.3
-38.45961,148.694398,37975,408.9,275.5
-38.456059,148.646851,37975,407.9,275.5
-38.452423,148.599462,37975,406.9,275.5
-38.44889,148.552551,38000,406.9,275.5
-38.445398,148.506042,38000,407.9,275.5
-38.441711,148.458133,37975,407.0,275.6
-38.441022,148.448853,37975,407.0,275.6
-38.440929,148.447632,38000,407.0,275.6
-38.438095,148.411023,38000,407.0,275.6
-38.434459,148.363953,37975,408.0,275.6
-38.430679,148.316445,38000,408.1,275.8
-38.426964,148.269592,38000,409.1,275.8
-38.423218,148.221986,37975,409.1,275.8
-38.419515,148.175232,37975,410.1,275.7
-38.415802,148.128184,38000,411.1,275.7
-38.411974,148.080119,38000,414.1,275.8
-38.40811,148.032472,38000,417.2,275.9
-38.404153,147.983392,38000,420.2,275.9
-38.400238,147.935233,38000,420.2,275.9
-38.396393,147.887547,38000,420.2,275.9
-38.39241,147.838985,37975,419.3,276.0
-38.388372,147.790295,37975,418.3,276.0
-38.384368,147.74223,37975,417.3,276.0
-38.380411,147.694523,37975,416.3,276.1
-38.376315,147.646338,38000,416.4,276.2
-38.372269,147.598572,38000,417.3,276.0
-38.368149,147.549776,37975,417.4,276.2
-38.363978,147.501128,38000,419.4,276.2
-38.359863,147.453237,38000,421.4,276.1
-38.355743,147.404207,38000,422.5,276.2
-38.351624,147.355879,38000,422.5,276.2
-38.347229,147.306558,38000,422.7,276.5
-38.342797,147.256981,38000,422.6,276.4
-38.338577,147.208791,37975,423.6,276.4
-38.334232,147.159596,37975,423.6,276.4
-38.330017,147.111083,37975,423.6,276.4
-38.325713,147.061854,38000,424.6,276.4
-38.321849,147.017311,38000,424.5,276.2
-38.321756,147.016296,38000,424.5,276.2
-38.321663,147.015043,38000,424.5,276.2
-38.321569,147.014027,38000,424.5,276.2
-38.317147,146.96447,37975,425.7,276.5
-38.314168,146.931391,37900,421.7,276.5
-38.313237,146.921539,37825,420.9,276.7
-38.313034,146.919114,37800,420.9,276.7
-38.311661,146.904329,37625,422.8,276.6
-38.309052,146.875344,37275,425.8,276.6
-38.3063,146.846426,36900,423.1,276.9
-38.303414,146.816453,36550,421.0,276.8
-38.300858,146.788389,36200,417.7,276.5
-38.298293,146.759969,35825,415.8,276.6
-38.295776,146.731996,35450,413.6,276.4
-38.293304,146.704647,35125,410.7,276.6
-38.290283,146.672214,34825,403.7,276.7
-38.287766,146.644631,34475,400.8,276.7
-38.285431,146.619678,34075,400.9,276.9
-38.283279,146.597472,33725,400.0,277.0
-38.280603,146.569857,33375,396.9,277.0
-38.278229,146.544243,33000,396.6,276.5
-38.275772,146.517295,32650,393.6,276.6
-38.273202,146.489669,32300,390.6,276.6
-38.270645,146.461136,31950,387.5,276.5
-38.268219,146.435248,31600,384.9,277.0
-38.265614,146.408705,31250,382.9,277.0
-38.263053,146.382493,30875,380.9,277.1
-38.260345,146.354779,30525,379.9,277.1
-38.257607,146.327143,30200,375.8,277.0
-38.255081,146.300315,29850,373.6,276.8
-38.252518,146.273258,29525,370.7,277.0
-38.251974,146.267853,29450,370.7,277.0
-38.251881,146.266778,29450,369.7,277.0
-38.251276,146.260568,29375,368.8,277.0
-38.248762,146.233222,29050,365.3,276.4
-38.246155,146.204711,28750,360.5,276.7
-38.243641,146.17841,28425,356.6,276.9
-38.241165,146.152175,28100,354.5,276.8
-38.238846,146.127717,27750,352.6,277.0
-38.236404,146.104197,27375,352.0,277.5
-38.234024,146.080998,27000,353.0,277.5
-38.231598,146.057389,26650,352.8,277.2
-38.22995,146.040734,26350,352.8,277.2
-38.22772,146.018033,25950,355.9,277.3
-38.225418,145.995211,25550,356.7,277.1
-38.223221,145.972128,25175,357.6,276.9
-38.220923,145.947936,24825,357.6,276.9
-38.218597,145.924033,24475,356.8,277.2
-38.216548,145.909245,24350,355.3,279.9
-38.214432,145.897736,24225,352.2,283.1
-38.21196,145.886458,24075,351.4,285.9
-38.208618,145.873777,23900,350.4,288.6
-38.205002,145.861914,23725,350.0,291.8
-38.196899,145.838071,23400,348.1,293.2
-38.189209,145.815222,23050,345.9,293.2
-38.181261,145.791798,22725,344.0,293.3
-38.173233,145.768355,22400,342.2,293.4
-38.165497,145.745798,22075,341.3,293.5
-38.157761,145.723124,21750,339.0,293.5
-38.150024,145.700385,21425,337.7,293.4
-38.142334,145.677951,21100,335.9,293.5
-38.134552,145.655277,20775,333.3,293.3
-38.126469,145.631482,20450,331.9,293.2
-38.118713,145.608761,20125,330.1,293.4
-38.11377,145.59421,19875,328.8,293.3
-38.107196,145.575057,19500,329.6,293.6
-38.099096,145.552189,19200,324.5,294.2
-38.09095,145.529082,18875,317.8,294.1
-38.083099,145.506319,18575,312.2,293.2
-38.075168,145.482032,18275,308.1,292.3
-38.067999,145.45988,17950,307.2,292.4
-38.060715,145.437888,17650,306.1,292.9
-38.053149,145.415636,17325,304.1,293.5
-38.045608,145.393843,17025,302.7,293.8
-38.037781,145.371795,16725,304.8,294.2
-38.029999,145.349647,16425,310.7,293.9
-38.023076,145.330373,16150,312.6,295.6
-38.019928,145.323817,16050,313.2,300.1
-38.017397,145.319327,16000,313.1,304.2
-38.014138,145.314371,15900,313.2,309.7
-38.010544,145.309909,15825,312.6,313.7
-38.006644,145.305594,15725,311.9,318.9
-38.002407,145.301772,15650,311.2,322.8
-37.998124,145.298369,15550,311.0,327.7
-37.992119,145.294309,15425,311.8,331.9
-37.975966,145.283382,15075,311.9,331.5
-37.96019,145.272334,14750,312.0,331.0
-37.94371,145.260763,14425,310.2,330.9
-37.927231,145.249075,14100,308.5,330.7
-37.910327,145.237168,13775,308.0,330.9
-37.893539,145.225291,13450,308.0,330.9
-37.876297,145.213285,13125,308.4,331.1
-37.859436,145.201565,12800,308.4,331.1
-37.842361,145.189761,12500,309.3,331.2
-37.826067,145.178714,12175,310.0,332.1
-37.816664,145.172504,12000,311.3,332.5
-37.807159,145.166327,11825,311.7,332.7
-37.79795,145.160264,11650,312.2,332.5
-37.788574,145.154114,11475,312.7,332.4
-37.779096,145.147844,11300,311.8,332.3
-37.769693,145.141575,11100,310.9,332.2
-37.759781,145.135005,10925,310.0,332.1
-37.750397,145.128752,10725,309.1,332.0
-37.741063,145.122468,10525,309.1,332.0
-37.732311,145.116617,10325,310.0,332.1
-37.723389,145.110753,10125,310.4,332.8
-37.714188,145.10526,9925,310.5,334.8
-37.704666,145.099708,9750,309.6,335.2
-37.695442,145.094346,9550,309.6,335.2
-37.685945,145.088793,9375,308.7,335.1
-37.67688,145.083521,9175,308.3,335.3
-37.667278,145.077926,9000,308.3,335.3
-37.657974,145.072534,8825,307.8,335.0
-37.648564,145.06694,8625,306.9,334.9
-37.639572,145.061665,8425,306.9,334.9
-37.630595,145.056431,8250,305.6,335.0
-37.621238,145.051057,8075,302.1,335.6
-37.611368,145.045445,7950,300.8,335.6
-37.602081,145.040043,7775,298.9,335.1
-37.594423,145.035533,7625,298.4,334.8
-37.593658,145.035076,7625,298.4,334.8
-37.591782,145.033965,7600,298.4,334.8
-37.591187,145.033615,7575,297.9,334.5
-37.580691,145.027234,7400,296.1,334.4
-37.576859,145.024908,7325,295.2,334.3
-37.567612,145.019356,7150,294.8,334.5
-37.564636,145.017544,7100,294.8,334.5
-37.560196,145.014915,7000,294.8,334.5
-37.558951,145.014158,6975,294.3,334.6
-37.558345,145.013799,6975,294.3,334.6
-37.554901,145.011769,6875,294.8,334.9
-37.553055,145.010707,6850,294.4,335.1
-37.54921,145.008486,6750,294.0,335.3
-37.545032,145.006097,6675,293.1,335.2
-37.544426,145.005739,6650,293.1,335.2
-37.539259,145.002694,6550,291.7,334.8
-37.534883,145.000066,6450,291.2,334.6
-37.528738,144.996364,6375,289.4,334.4
-37.525726,144.994578,6325,287.6,334.2
-37.519089,144.990546,6300,283.1,334.2
-37.511307,144.985754,6250,278.2,334.0
-37.503387,144.980845,6200,274.6,333.6
-37.49699,144.97684,6150,270.1,333.6
-37.496338,144.976404,6150,270.1,333.6
-37.487457,144.970852,6050,266.1,333.4
-37.480976,144.966809,5950,264.8,333.5
-37.475389,144.963346,5850,265.2,333.8
-37.46971,144.959942,5750,264.8,334.5
-37.464066,144.95636,5650,264.8,332.6
-37.460129,144.953263,5600,263.0,327.6
-37.457281,144.950389,5550,261.8,323.7
-37.45491,144.94736,5500,260.5,317.5
-37.452713,144.943971,5425,258.7,311.1
-37.452346,144.943403,5425,258.0,309.2
-37.450424,144.939647,5375,256.6,303.1
-37.448822,144.935498,5325,255.4,296.8
-37.447737,144.931641,5300,251.9,290.5
-37.446808,144.926849,5250,250.1,284.6
-37.44635,144.922291,5225,247.1,279.1
-37.446213,144.917966,5200,244.5,273.8
-37.446387,144.913489,5175,241.1,268.6
-37.446806,144.90931,5150,236.8,263.0
-37.447449,144.904759,5150,232.5,260.1
-37.448273,144.899441,5125,228.1,259.1
-37.449234,144.892955,5100,223.4,260.0
-37.449921,144.887695,5050,219.1,260.3
-37.45015,144.885825,5025,218.0,260.5
-37.450251,144.885307,5025,218.0,260.5
-37.450424,144.883838,5000,216.8,260.7
-37.451019,144.879105,4900,216.7,261.0
-37.451843,144.87256,4800,215.7,260.9
-37.452393,144.868235,4700,215.5,261.2
-37.452998,144.863036,4600,214.4,261.4
-37.453674,144.857191,4500,213.1,261.9
-37.454441,144.850437,4400,209.2,261.8
-37.455325,144.843272,4300,206.5,261.1
-37.45621,144.836286,4200,203.7,260.7
-37.457281,144.829002,4100,200.1,259.9
-37.458258,144.823151,4000,198.1,258.4
-37.459213,144.819031,3950,194.9,253.6
-37.460213,144.816224,3900,191.5,247.6
-37.461377,144.813956,3875,188.7,242.9
-37.462588,144.811925,3825,184.7,235.4
-37.464031,144.810015,3800,182.0,230.8
-37.465668,144.808161,3775,178.2,223.6
-37.467662,144.806373,3725,175.6,217.1
-37.469788,144.804947,3675,173.6,210.9
-37.471851,144.803865,3650,171.4,204.5
-37.47376,144.803208,3600,170.5,200.2
-37.475808,144.80273,3575,169.1,192.6
-37.477707,144.802668,3525,168.0,186.1
-37.479346,144.80279,3500,168.0,180.3
-37.481552,144.803136,3475,168.8,174.6
-37.485397,144.803895,3400,170.0,171.2
-37.490891,144.804947,3300,168.9,171.5
-37.496658,144.805882,3200,166.3,172.8
-37.501602,144.8067,3100,164.6,172.0
-37.507371,144.807746,3000,159.8,171.4
-37.512305,144.808701,2900,156.7,171.6
-37.51712,144.809564,2800,153.7,171.4
-37.521802,144.810492,2700,149.6,171.5
-37.526643,144.811328,2600,147.5,171.8
-37.531671,144.812284,2500,144.5,171.6
-37.536838,144.813239,2400,142.6,171.5
-37.542297,144.814239,2325,140.6,171.4
-37.546371,144.814999,2225,138.5,171.7
-37.550851,144.815807,2125,136.5,171.6
-37.555692,144.816762,2025,134.5,171.4
-37.560813,144.817717,1925,134.5,171.4
-37.565506,144.818622,1825,134.5,171.4
-37.570587,144.819498,1725,134.5,171.4
-37.575394,144.820433,1625,134.5,171.4
-37.580429,144.821368,1525,134.5,171.4
-37.585485,144.822315,1425,134.5,171.4
-37.590467,144.82321,1325,135.5,171.5
-37.595541,144.824166,1225,135.3,171.9
-37.600336,144.825061,1125,135.5,171.5
-37.605377,144.825985,1025,135.5,171.5
-37.61067,144.826972,925,136.5,171.6
-37.615494,144.827913,825,136.6,171.2
-37.620987,144.828907,725,137.5,171.6
-37.62616,144.829842,625,138.5,171.7
-37.631104,144.830777,525,138.5,171.7
-37.636181,144.831689,425,139.6,171.4
-37.641115,144.832644,325,139.6,171.4
-37.646301,144.833582,225,140.6,171.4
-37.65131,144.834555,125,141.6,171.5
-37.656245,144.83551,25,144.5,171.6
-37.65941,144.836107,25,140.6,171.4
-37.660446,144.83627,0,136.6,171.2
-37.660644,144.836316,-50.0,142.5,172.4
-37.660858,144.836343,-50.0,137.5,172.4
-37.661224,144.836416,-50.0,137.5,172.4
-37.661424,144.836451,-50.0,132.5,172.4
-37.661705,144.836504,-50.0,132.5,172.4
-37.661901,144.83654,-50.0,127.5,172.4
-37.662483,144.836645,-50.0,122.5,172.4
-37.663041,144.836734,-50.0,117.5,172.4
-37.663472,144.836824,-50.0,112.5,172.4
-37.663763,144.836869,-50.0,112.5,172.4
-37.663972,144.836913,-50.0,107.5,172.4
-37.664438,144.837018,-50.0,102.5,172.4
-37.664841,144.837088,-50.0,95.0,170.9
-37.665136,144.837137,-50.0,91.0,170.9
-37.665381,144.837197,-50.0,91.0,170.9
-37.665585,144.837234,-50.0,87.0,171.4
-37.665776,144.837257,-50.0,81.0,171.4
-37.6661,144.837322,-50.0,77.0,171.4
-37.666416,144.837376,-50.0,73.0,171.4
-37.666731,144.837436,-50.0,68.5,171.4
-37.66715,144.837525,-50.0,64.5,171.4
-37.667371,144.83757,-50.0,60.5,171.4
-37.667713,144.837629,-50.0,57.5,171.4
-37.667941,144.837675,-50.0,51.5,171.4
-37.668377,144.83776,-50.0,47.5,171.4
-37.668755,144.837833,-50.0,43.5,171.4
-37.669186,144.837973,-50.0,39.5,171.4
-37.669579,144.838155,-50.0,36.5,171.4
-37.669978,144.838391,-50.0,34.5,171.4
-37.670373,144.83866,-50.0,32.5,171.4
-37.670734,144.838987,-50.0,29.5,171.4
-37.671083,144.839332,-50.0,25.5,171.4
-37.67141,144.839659,-50.0,24.5,171.4
-37.671753,144.839995,-50.0,23.5,0.0
-37.672039,144.840375,-50.0,20.5,0.0
-37.672211,144.840872,-50.0,20.5,0.0
-37.672189,144.841406,-50.0,18.5,0.0
-37.672038,144.841884,-50.0,18.5,0.0
-37.671805,144.842227,-50.0,17.5,0.0
-37.671467,144.842435,-50.0,17.5,0.0
-37.671048,144.842511,-50.0,17.5,0.0
-37.67078,144.842479,-50.0,17.5,0.0
-37.670345,144.842391,-50.0,18.5,0.0
-37.669943,144.842317,-50.0,19.5,0.0
-37.669521,144.842231,-50.0,18.5,0.0
-37.669086,144.842158,-50.0,18.5,0.0
-37.668674,144.842078,-50.0,17.5,0.0
-37.668255,144.842004,-50.0,17.5,0.0
-37.667828,144.841909,-50.0,15.5,0.0
-37.667406,144.841884,-50.0,11.2,0.0
-37.667033,144.842198,-50.0,10.2,0.0
-37.666924,144.842698,-50.0,11.8,0.0
-37.666859,144.843228,-50.0,12.8,0.0
-37.666809,144.843721,-50.0,13.2,0.0
-37.666742,144.844272,-50.0,13.8,0.0
-37.666672,144.844802,-50.0,13.2,0.0
-37.666615,144.845357,-50.0,13.2,0.0
-37.666556,144.84584,-50.0,12.8,0.0
-37.666489,144.846365,-50.0,12.2,0.0
-37.666428,144.8469,-50.0,11.8,0.0
-37.666363,144.847461,-50.0,11.2,0.0
-37.666556,144.847959,-50.0,12.2,0.0
-37.66694,144.848124,-50.0,13.2,0.0
-37.66737,144.848264,-50.0,11.2,0.0
-37.66772,144.848377,-50.0,10.8,0.0
-37.668045,144.848308,-50.0,7.2,0.0
-37.668171,144.847987,-50.0,7.2,0.0
-37.668302,144.847721,-50.0,5.2,0.0
-37.668423,144.847446,-50.0,0.8,0.0
-37.66843,144.847452,-50.0,0.0,0.0
-37.66836,144.847586,-50.0,4.2,0.0
-37.668205,144.84806,-50.0,4.8,0.0
-37.667919,144.848308,-50.0,4.8,0.0
-37.667871,144.848407,-50.0,4.8,0.0
-37.667519,144.848308,-50.0,4.8,0.0
-37.667138,144.848183,-50.0,4.8,0.0
-37.66674,144.848074,-50.0,4.8,0.0
-37.66642,144.847811,-50.0,4.8,0.0
-37.66637,144.847377,-50.0,4.2,0.0
-37.666397,144.847081,-50.0,1.6,0.0
-37.666397,144.847052,-50.0,0.0,0.0
-37.666397,144.847066,-50.0,0.0,0.0
-37.666397,144.847169,-50.0,3.8,0.0
-37.66634,144.847475,-50.0,7.8,0.0
-37.666168,144.847797,-50.0,8.2,0.0
-37.665848,144.848001,-50.0,8.2,0.0
-37.665555,144.848019,-50.0,6.8,0.0
-37.66523,144.847914,-50.0,8.2,0.0
-37.664852,144.847958,-50.0,9.2,0.0
-37.664646,144.848323,-50.0,8.2,0.0
-37.664589,144.84879,-50.0,9.2,0.0
-37.664438,144.849273,-50.0,9.8,0.0
-37.664066,144.849512,-50.0,9.2,0.0
-37.663719,144.849375,-50.0,8.2,0.0
-37.663554,144.849198,-50.0,3.8,0.0
-37.663519,144.849154,-50.0,2.8,0.0
-37.663332,144.848989,-50.0,6.8,0.0
-37.663021,144.848673,-50.0,10.8,0.0
-37.662692,144.848348,-50.0,12.8,0.0
-37.662334,144.848031,-50.0,9.8,0.0
-37.662209,144.84749,-50.0,12.8,0.0
-37.662186,144.847081,-50.0,17.5,0.0
-37.66218,144.846944,-50.0,19.5,0.0
-37.66218,144.846825,-50.0,24.5,0.0
-37.662163,144.84654,-50.0,29.5,0.0
-37.662151,144.84638,-50.0,34.5,0.0
-37.662134,144.846123,-50.0,39.5,0.0
-37.662117,144.845825,-50.0,44.5,0.0
-37.662099,144.845496,-50.0,50.5,0.0
-37.662083,144.845153,-50.0,55.5,0.0
-37.662064,144.844765,-50.0,60.5,0.0
-37.662041,144.844332,-50.0,65.5,0.0
-37.662017,144.843929,-50.0,69.5,0.0
-37.661982,144.843422,-50.0,75.0,0.0
-37.661957,144.842932,-50.0,81.0,0.0
-37.661922,144.84245,-50.0,85.0,0.0
-37.6619,144.841953,-50.0,91.0,0.0
-37.661865,144.841442,-50.0,95.0,0.0
-37.661831,144.840901,-50.0,99.0,0.0
-37.661819,144.840615,-50.0,99.0,0.0
-37.661796,144.840287,-50.0,107.5,0.0
-37.661785,144.839929,-50.0,107.5,0.0
-37.661762,144.839645,-50.0,112.5,0.0
-37.66175,144.839347,-50.0,112.5,0.0
-37.661716,144.838914,-50.0,117.5,0.0
-37.66168,144.838227,-50.0,117.5,0.0
-37.661645,144.83757,-50.0,122.5,0.0
-37.661622,144.837152,-50.0,122.5,0.0
-37.661587,144.836764,-50.0,127.5,0.0
-37.661563,144.836331,-50.0,127.5,0.0
-37.66154,144.835928,-50.0,132.5,0.0
-37.661522,144.835554,-50.0,132.5,0.0
-37.661505,144.835212,-50.0,137.5,0.0
-37.661459,144.83448,-50.0,142.5,0.0
-37.661442,144.834093,-50.0,142.5,0.0
-37.661389,144.833092,-50.0,142.5,0.0
-37.66135,144.832545,-50.0,147.5,0.0
-37.661296,144.831674,-50.0,152.5,0.0
-37.661238,144.830674,-50.0,157.5,0.0
-37.661191,144.829838,-50.0,157.5,0.0
-37.661156,144.829316,-50.0,157.5,0.0
-37.661121,144.828808,-50.0,162.5,0.0
-37.661064,144.827855,-50.0,167.5,0.0
-37.66103,144.827373,-50.0,167.5,0.0
-37.660995,144.826803,-50.0,167.5,0.0
-37.660993,144.826733,75,167.5,275.6
-37.66095,144.82616,100,162.4,274.2
-37.660767,144.823647,200,164.6,274.9
-37.660629,144.821719,275,164.8,275.6
-37.660481,144.820344,375,163.9,276.0
-37.660295,144.818434,475,163.0,276.3
-37.660248,144.817837,500,163.1,276.7
-37.660062,144.815866,600,164.2,277.0
-37.659876,144.813956,700,165.2,277.0
-37.659668,144.811551,800,166.1,276.6
-37.659457,144.808821,900,167.9,275.8
-37.659393,144.807811,950,168.9,275.8
-37.659348,144.807402,950,169.8,275.4
-37.659178,144.804999,1050,171.7,275.0
-37.659073,144.802668,1150,172.6,274.6
-37.65889,144.800155,1250,174.5,274.3
-37.658759,144.797595,1350,175.5,274.2
-37.658572,144.794789,1450,177.5,274.2
-37.658386,144.791214,1550,181.5,274.1
-37.6582,144.787385,1625,186.5,274.0
-37.658153,144.786967,1625,187.5,274.0
-37.657928,144.782975,1725,192.4,273.9
-37.657837,144.780695,1750,196.4,273.8
-37.6577,144.778124,1800,199.4,273.7
-37.657516,144.775495,1825,203.5,274.0
-37.657379,144.772806,1875,206.5,273.9
-37.657333,144.772164,1875,209.5,273.8
-37.657222,144.769771,1900,213.5,274.0
-37.657083,144.767204,1950,217.5,274.0
-37.657036,144.766428,1950,219.5,273.9
-37.65699,144.765771,1950,219.5,273.9
-37.656876,144.76369,2000,223.6,274.1
-37.656803,144.762905,2000,223.6,274.1
-37.656664,144.760218,2050,226.6,274.0
-37.656509,144.757671,2100,229.6,274.2
-37.656291,144.754247,2200,233.8,274.7
-37.656105,144.751501,2300,235.8,274.6
-37.656012,144.750247,2325,236.8,274.6
-37.656006,144.749723,2350,236.8,274.6
-37.655823,144.747386,2450,237.8,274.6
-37.65564,144.744289,2550,238.8,274.6
-37.6555,144.742186,2650,238.8,274.6
-37.655267,144.738544,2750,241.7,274.5
-37.65509,144.735406,2850,243.7,274.2
-37.654953,144.732543,2950,245.6,274.0
-37.654755,144.728931,3050,248.5,273.7
-37.654678,144.726757,3125,248.5,273.7
-37.654587,144.724537,3225,250.3,273.0
-37.654587,144.721615,3325,251.1,271.6
-37.654633,144.718693,3425,252.0,269.5
-37.654848,144.715915,3525,252.4,266.6
-37.655182,144.713141,3625,253.0,265.0
-37.655731,144.709693,3725,254.8,260.1
-37.656384,144.706958,3825,255.2,256.4
-37.657104,144.704317,3925,254.6,252.6
-37.657828,144.702301,4025,255.2,250.8
-37.658615,144.700168,4125,254.1,247.1
-37.659531,144.698064,4225,254.2,245.4
-37.660341,144.69627,4300,253.6,242.0
-37.661316,144.694441,4400,252.5,240.6
-37.662415,144.692396,4500,252.7,237.4
-37.663507,144.690658,4600,252.7,235.8
-37.664658,144.689006,4700,252.6,232.7
-37.666122,144.686903,4800,251.9,229.7
-37.667371,144.685344,4900,252.1,228.2
-37.668674,144.683851,5000,251.0,225.2
-37.670334,144.682052,5100,251.4,221.9
-37.671095,144.681403,5150,250.5,220.3
-37.672631,144.68003,5250,250.3,218.8
-37.674028,144.678776,5350,249.8,216.0
-37.675611,144.677522,5450,249.9,214.9
-37.677054,144.676328,5550,250.2,212.9
-37.679055,144.674835,5650,250.6,211.8
-37.681057,144.673342,5750,251.8,211.4
-37.682968,144.671884,5850,252.1,211.0
-37.68457,144.670657,5950,253.5,211.1
-37.686584,144.669079,6050,254.0,211.3
-37.688738,144.667491,6150,255.4,211.4
-37.690338,144.666216,6250,255.4,211.4
-37.692352,144.664638,6350,255.9,211.6
-37.694,144.663411,6425,257.3,211.6
-37.695535,144.662237,6525,257.3,211.6
-37.697708,144.660664,6625,257.9,211.0
-37.699352,144.65949,6725,258.0,209.7
-37.701599,144.658093,6825,257.7,207.8
-37.703495,144.657102,6925,257.6,206.3
-37.706335,144.655908,7075,256.8,201.5
-37.710339,144.654594,7275,256.3,196.3
-37.713318,144.654057,7425,255.7,191.1
-37.716843,144.653651,7600,255.4,186.1
-37.720859,144.653639,7775,255.0,180.2
-37.725375,144.654176,7950,256.6,176.0
-37.728699,144.654937,8075,258.8,171.6
-37.73204,144.656047,8200,260.5,166.2
-37.735896,144.657878,8375,261.2,161.0
-37.739294,144.659908,8550,261.7,154.9
-37.743484,144.663013,8750,262.5,150.3
-37.74651,144.665879,8900,264.2,144.1
-37.749893,144.669722,9100,265.2,139.3
-37.752457,144.673228,9275,265.2,134.5
-37.754654,144.676734,9425,267.0,129.8
-37.756622,144.680533,9600,266.9,125.2
-37.758636,144.685033,9775,268.6,120.7
-37.760661,144.69024,9975,269.2,116.5
-37.762989,144.696569,10175,270.6,115.1
-37.76564,144.703441,10375,272.8,115.6
-37.766201,144.704928,10400,274.2,115.7
-37.768021,144.709577,10475,276.8,115.9
-37.768715,144.711377,10500,279.5,116.1
-37.772644,144.721323,10600,288.9,116.3
-37.776256,144.730483,10700,298.3,116.5
-37.780912,144.742186,10825,308.1,116.4
-37.784357,144.75156,10925,317.6,114.9
-37.787842,144.762229,11050,326.1,112.2
-37.789444,144.767839,11175,328.2,110.7
-37.789673,144.76854,11175,329.0,110.1
-37.791758,144.776638,11375,331.1,108.5
-37.7939,144.785833,11575,334.5,106.3
-37.795483,144.793834,11775,336.6,104.4
-37.79718,144.803486,11975,339.9,102.4
-37.800277,144.822613,12375,346.0,101.5
-37.802884,144.838914,12775,348.1,101.6
-37.805398,144.854318,13175,350.1,101.5
-37.807663,144.868352,13575,350.1,101.5
-37.809998,144.882787,13975,351.1,101.5
-37.812614,144.899159,14375,353.0,101.4
-37.815081,144.914325,14775,354.0,101.4
-37.817083,144.926864,15075,355.0,101.4
-37.819885,144.944439,15475,357.1,101.5
-37.822952,144.963606,15875,360.1,101.4
-37.825699,144.980553,16275,362.0,101.3
-37.828903,145.000539,16675,365.2,101.4
-37.832073,145.020546,17075,368.3,101.4
-37.835471,145.041504,17475,371.4,101.5
-37.838562,145.060964,17875,373.4,101.4
-37.841904,145.081826,18275,376.5,101.5
-37.845383,145.103448,18675,379.5,101.4
-37.849182,145.127291,19075,383.4,101.3
-37.852975,145.151128,19475,386.4,101.2
-37.856323,145.172697,19875,388.5,101.3
-37.859756,145.194377,20275,390.5,101.2
-37.863007,145.214948,20675,391.6,101.3
-37.866486,145.236745,21075,392.6,101.3
-37.869733,145.257648,21475,392.4,101.2
-37.872849,145.27771,21875,392.4,101.2
-37.876328,145.299741,22275,393.4,101.1
-37.879835,145.322073,22675,394.6,101.2
-37.883606,145.346082,23075,395.6,101.2
-37.887543,145.371269,23475,396.5,101.2
-37.891479,145.396164,23850,398.7,101.3
-37.895737,145.422987,24200,400.9,101.4
-37.899948,145.449284,24550,403.8,101.3
-37.904368,145.477434,24900,406.7,101.2
-37.90892,145.506728,25225,409.7,101.1
-37.912491,145.529402,25475,412.8,101.2
-37.915466,145.548453,25675,416.0,101.2
-37.915649,145.549622,25675,416.0,101.2
-37.915878,145.551083,25700,416.0,101.2
-37.916099,145.552488,25700,416.0,101.2
-37.91717,145.559414,25775,416.9,101.2
-37.920662,145.581804,25975,419.9,101.1
-37.925125,145.612442,26225,426.1,99.7
-37.926865,145.629272,26350,428.2,97.0
-37.929153,145.657089,26575,432.3,96.0
-37.932129,145.692736,26875,436.3,95.9
-37.932206,145.693996,26875,436.3,95.9
-37.932449,145.696535,26900,437.3,95.9
-37.932625,145.699131,26900,437.3,95.9
-37.935,145.72809,27075,442.3,95.8
-37.937327,145.75675,27275,446.4,95.9
-37.93742,145.758063,27275,446.4,95.9
-37.938171,145.767186,27350,447.4,95.9
-37.941703,145.81001,27600,454.4,95.9
-37.945008,145.849596,27875,459.5,96.0
-37.948267,145.889601,28175,462.4,95.8
-37.951107,145.924351,28500,463.5,95.9
-37.954086,145.96137,28800,465.4,95.8
-37.957019,145.99821,29100,467.4,95.8
-37.957993,146.010463,29225,467.4,95.8
-37.95813,146.011807,29225,467.4,95.8
-37.959274,146.026241,29375,467.4,95.8
-37.962186,146.062994,29700,468.4,95.8
-37.96431,146.08988,30000,467.4,95.8
-37.96669,146.119917,30400,464.3,95.7
-37.96907,146.149779,30775,461.3,95.7
-37.971543,146.181395,31150,460.2,95.6
-37.973964,146.212384,31500,459.2,95.6
-37.97644,146.244624,31850,458.2,95.6
-37.979141,146.278985,32175,458.2,95.6
-37.981979,146.315801,32475,458.2,95.6
-37.984772,146.351799,32775,458.2,95.6
-37.98779,146.390792,33075,459.2,95.6
-37.99063,146.427632,33400,458.1,95.5
-37.992462,146.451085,33575,459.1,95.5
-37.995483,146.491465,33850,459.0,95.4
-37.998776,146.535167,34125,462.1,95.5
-38.002029,146.577428,34400,463.2,95.6
-38.005061,146.617087,34675,463.1,95.4
-38.00804,146.656733,34950,464.1,95.4
-38.011414,146.702193,35200,466.0,95.3
-38.014883,146.74952,35450,468.1,95.4
-38.018282,146.795077,35700,469.1,95.4
-38.021805,146.842619,35950,470.1,95.4
-38.024918,146.885279,36225,469.0,95.3
-38.028197,146.930376,36500,469.0,95.3
-38.031083,146.970381,36800,466.9,95.2
-38.03397,147.010803,37075,464.8,95.1
-38.03476,147.021906,37175,463.8,95.1
-38.035034,147.026231,37200,463.8,95.1
-38.038485,147.074691,37425,464.8,95.1
-38.038765,147.078751,37450,464.8,95.1
-38.038879,147.080344,37450,464.8,95.1
-38.039291,147.086305,37475,463.8,95.1
-38.039383,147.087649,37475,464.8,95.1
-38.042628,147.133086,37600,468.0,95.3
-38.046158,147.182435,37825,467.9,95.2
-38.046478,147.187344,37825,467.9,95.2
-38.050323,147.24099,37975,470.9,95.1
-38.05287,147.276744,38000,472.9,95.1
-38.056641,147.330283,38000,473.9,95.1
-38.06044,147.384397,37975,474.8,94.9
-38.063232,147.424836,37975,474.9,95.1
-38.066836,147.479872,38000,474.5,94.6
-38.07019,147.533881,38000,474.4,94.5
-38.073586,147.58878,38000,474.4,94.5
-38.077103,147.643335,37975,474.6,94.7
-38.080719,147.697566,38000,474.7,94.8
-38.084427,147.75203,38000,473.7,94.8
-38.086395,147.781599,38000,473.8,95.0
-38.090057,147.835713,37975,473.7,94.8
-38.093696,147.890605,38000,472.6,94.7
-38.097244,147.945401,37975,472.5,94.6
-38.100632,147.999105,38000,472.5,94.5
-38.104019,148.053686,37975,472.4,94.4
-38.107315,148.107683,38000,472.4,94.4
-38.110657,148.16279,37975,472.5,94.5
-38.113953,148.216611,38000,473.4,94.4
-38.117249,148.270842,38000,474.4,94.3
-38.120544,148.324955,38000,475.4,94.3
-38.120728,148.327994,38000,475.4,94.3
-38.122186,148.351911,37975,475.4,94.3
-38.122838,148.363017,37975,475.4,94.3
-38.126175,148.418339,38000,476.4,94.3
-38.129448,148.473836,38000,477.4,94.3
-38.132721,148.52902,37975,477.3,94.2
-38.133638,148.544889,38000,477.3,94.2
-38.133731,148.546262,38000,477.3,94.2
-38.133957,148.550175,38000,477.3,94.2
-38.134057,148.551875,38000,477.3,94.2
-38.13429,148.556054,38000,477.3,94.2
-38.134369,148.557713,38000,477.3,94.2
-38.134941,148.567757,38000,477.3,94.2
-38.138107,148.623525,37975,478.2,94.1
-38.141226,148.67768,38000,478.3,94.2
-38.144298,148.73303,38000,478.1,94.0
-38.147324,148.788737,38000,479.1,93.9
-38.150482,148.844468,37975,480.3,94.2
-38.153702,148.90081,38000,479.3,94.2
-38.156868,148.956339,38000,480.2,94.1
-38.158676,148.98916,38000,480.1,93.9
-38.161697,149.044092,37975,480.1,93.9
-38.164719,149.099257,37975,478.1,94.0
-38.167668,149.153675,37975,477.1,94.0
-38.170694,149.209562,38000,478.1,93.8
-38.173533,149.264553,38000,478.0,93.7
-38.17628,149.318828,37975,477.9,93.6
-38.179026,149.374177,38000,477.9,93.6
-38.18182,149.430184,38000,478.9,93.6
-38.18454,149.485065,38000,478.9,93.6
-38.187266,149.540226,38000,478.9,93.6
-38.189966,149.594441,37975,479.9,93.6
-38.192734,149.650327,38000,479.9,93.5
-38.195413,149.705738,38000,480.9,93.6
-38.198066,149.76061,38000,480.9,93.5
-38.200699,149.815531,37975,480.9,93.6
-38.20342,149.871548,38000,480.9,93.5
-38.206027,149.927017,38000,481.9,93.4
-38.20665,149.940588,38000,481.9,93.4
-38.206741,149.941991,38000,481.9,93.4
-38.206865,149.94481,38000,481.9,93.4
-38.206924,149.946198,38000,481.9,93.4
-38.209534,150.002006,37975,481.9,93.4
-38.212143,150.055886,38000,481.9,93.4
-38.214732,150.113068,37975,480.8,93.2
-38.217178,150.168496,38000,480.8,93.2
-38.219604,150.224129,38000,479.8,93.2
-38.222031,150.279762,37975,479.7,93.1
-38.224228,150.327272,38000,480.1,93.9
-38.226184,150.351662,37975,480.8,96.2
-38.230606,150.40522,37975,480.6,96.0
-38.235168,150.460749,38000,480.6,96.0
-38.239746,150.517137,37975,481.5,95.8
-38.244186,150.572127,38000,481.5,95.8
-38.248718,150.628928,37975,481.4,95.7
-38.253045,150.684237,38000,481.4,95.7
-38.257233,150.737681,37975,482.3,95.6
-38.261627,150.793373,38000,481.4,95.7
-38.266079,150.849868,38000,481.4,95.7
-38.270233,150.904346,38000,480.2,95.5
-38.274365,150.958119,38000,480.3,95.6
-38.278555,151.012394,37975,478.3,95.6
-38.282684,151.066511,38000,476.2,95.5
-38.286942,151.122027,37975,474.2,95.6
-38.290985,151.175935,38000,473.1,95.5
-38.294998,151.229027,38000,473.1,95.5
-38.299026,151.282849,38000,472.1,95.3
-38.303088,151.337745,37975,472.1,95.3
-38.307092,151.391721,37975,471.2,95.5
-38.311142,151.446115,37975,470.1,95.4
-38.315094,151.500004,37975,470.0,95.2
-38.318985,151.553708,38000,469.0,95.3
-38.322873,151.607805,38000,471.0,95.2
-38.326737,151.661662,38000,473.0,95.2
-38.330135,151.709011,38000,474.0,95.2
-38.332463,151.74185,38000,475.9,95.2
-38.336197,151.794823,37975,476.9,95.1
-38.340004,151.849505,38000,476.9,95.1
-38.342926,151.892122,38000,476.8,94.9
-38.346149,151.939545,38000,476.8,94.9
-38.349547,151.989222,38000,476.8,94.9
-38.353271,152.044273,37975,477.8,94.9
-38.356297,152.090547,37975,479.7,94.8
-38.359955,152.145801,38000,481.7,94.8
-38.363708,152.201843,38000,484.7,94.8
-38.367462,152.257535,38000,485.7,94.8
-38.371054,152.312722,38000,485.7,94.7
-38.374695,152.368158,38000,485.7,94.8
-38.37841,152.423898,37975,485.7,94.8
-38.382041,152.480263,38000,486.6,94.7
-38.385681,152.537043,38000,487.6,94.7
-38.389303,152.593291,38000,487.6,94.7
-38.392868,152.649302,38000,487.6,94.6
-38.396286,152.704527,38000,488.5,94.5
-38.399734,152.762088,37975,488.4,94.3
-38.403036,152.817137,38000,489.4,94.3
-38.406341,152.873323,38000,489.3,94.2
-38.407654,152.895677,38000,489.3,94.2
-38.413559,152.994172,38000,489.3,94.2
-38.415756,153.029759,37975,490.5,94.4
-38.207004,169.768325,37975,527.0,83.9
-38.201744,169.830362,38000,527.0,83.9
-38.19754,169.879722,38000,526.0,83.9
-38.194901,169.911028,38000,526.0,83.9
-38.190079,169.967145,37975,526.1,83.8
-38.184814,170.028388,38000,526.1,83.8
-38.179725,170.087167,38000,526.2,83.7
-38.174515,170.147543,38000,526.1,83.8
-38.169111,170.209092,37975,526.2,83.7
-38.164549,170.260799,37975,526.2,83.7
-38.15994,170.312566,38000,526.3,83.6
-38.155151,170.365224,37975,526.4,83.5
-38.150816,170.413294,37975,526.4,83.5
-38.137362,170.5594,37975,526.5,83.3
-38.132217,170.615747,38000,526.5,83.3
-38.126678,170.676114,38000,526.5,83.3
-38.121115,170.737092,38000,526.5,83.3
-38.117717,170.773873,38000,527.5,83.4
-38.113129,170.822618,38000,527.5,83.4
-38.110382,170.847103,38000,527.0,81.4
-38.107243,170.868331,38000,527.2,79.3
-38.103333,170.890304,38000,527.1,77.2
-38.09486,170.933174,37975,527.5,76.1
-38.083129,170.993062,38000,527.5,76.1
-38.07756,171.021248,38000,527.8,76.0
-38.065858,171.080296,38000,528.0,75.9
-38.053848,171.140578,38000,528.2,75.8
-38.04213,171.199308,38000,529.2,75.8
-38.030246,171.258704,37975,529.2,75.8
-38.018188,171.31895,38000,529.0,75.9
-38.006287,171.378362,38000,529.2,75.8
-37.994476,171.437092,37975,529.2,75.8
-37.982483,171.496761,38000,529.5,75.7
-37.970472,171.556111,37975,529.5,75.7
-37.958509,171.615163,38000,529.5,75.7
-37.946274,171.675519,38000,530.7,75.6
-37.934143,171.734892,38000,530.9,75.5
-37.922012,171.793989,38000,531.2,75.4
-37.913586,171.83477,37975,530.2,75.4
-37.913213,171.836561,37975,531.2,75.4
-37.912096,171.841995,37975,530.9,75.5
-37.911724,171.843786,37975,530.9,75.5
-37.899582,171.902784,37975,530.2,75.4
-37.887097,171.962964,38000,530.5,75.3
-37.874817,172.021939,38000,530.5,75.3
-37.862751,172.079992,37975,530.5,75.3
-37.850368,172.139223,38000,530.5,75.3
-37.838882,172.194272,38000,530.5,75.3
-37.831048,172.231711,37825,530.5,75.3
-37.830723,172.233203,37825,530.5,75.3
-37.821273,172.278403,37550,530.5,75.3
-37.815779,172.304734,37425,530.5,75.3
-37.805786,172.352522,37175,529.5,75.2
-37.800743,172.376682,37050,528.3,75.3
-37.80051,172.377877,37025,528.3,75.3
-37.797252,172.39364,36950,526.3,75.2
-37.796997,172.394831,36950,526.3,75.2
-37.791412,172.421713,36800,522.9,75.4
-37.791046,172.423466,36800,522.9,75.4
-37.786606,172.444562,36675,520.3,75.2
-37.786377,172.445789,36675,519.3,75.2
-37.786148,172.446958,36675,519.3,75.2
-37.776581,172.492423,36425,516.2,75.2
-37.767426,172.535667,36200,515.5,75.1
-37.767086,172.537357,36175,515.5,75.1
-37.766098,172.542036,36150,515.5,75.1
-37.765823,172.543205,36150,515.5,75.1
-37.761703,172.562606,36025,515.7,74.9
-37.751537,172.610142,35775,514.7,74.9
-37.746689,172.63279,35650,515.0,74.8
-37.737432,172.675702,35425,516.0,74.8
-37.727325,172.722376,35175,516.2,74.7
-37.72142,172.749666,35000,517.2,74.8
-37.721139,172.751113,35000,517.2,74.8
-37.718997,172.760965,34950,517.2,74.8
-37.718674,172.762464,34950,517.2,74.8
-37.708328,172.810325,34675,515.0,74.8
-37.706801,172.817569,34650,515.0,74.8
-37.706475,172.819002,34650,515.0,74.8
-37.704194,172.829749,34575,514.7,74.9
-37.703934,172.830895,34575,514.7,74.9
-37.701028,172.844497,34500,514.7,74.9
-37.700775,172.845621,34500,514.7,74.9
-37.691666,172.888106,34250,514.7,74.9
-37.691299,172.889859,34250,514.7,74.9
-37.682966,172.928686,34025,515.0,74.8
-37.682693,172.92983,34025,515.0,74.8
-37.675052,172.965347,33825,512.8,74.8
-37.668162,172.997231,33650,511.2,74.7
-37.667836,172.998664,33625,511.2,74.7
-37.666347,173.00559,33600,511.2,74.7
-37.666021,173.007023,33600,511.2,74.7
-37.656326,173.051732,33325,509.9,74.8
-37.646143,173.098616,33075,509.2,74.6
-37.644424,173.106371,33025,510.2,74.7
-37.638229,173.134739,32875,511.4,74.6
-37.637112,173.139874,32825,511.4,74.6
-37.636734,173.141609,32825,511.4,74.6
-37.62957,173.174326,32525,511.2,74.7
-37.629245,173.175759,32500,511.2,74.7
-37.625846,173.191522,32275,510.9,74.8
-37.62552,173.192955,32250,510.9,74.8
-37.622086,173.208988,32000,509.9,74.8
-37.621843,173.210151,32000,509.9,74.8
-37.619655,173.220122,31850,509.0,74.7
-37.619375,173.221555,31825,509.0,74.7
-37.617467,173.230392,31725,508.7,74.8
-37.617142,173.231837,31700,507.7,74.8
-37.610717,173.261321,31325,504.1,74.6
-37.610344,173.262993,31300,504.1,74.6
-37.604712,173.288667,30950,501.9,74.6
-37.602803,173.297385,30825,501.0,74.6
-37.596176,173.327617,30425,498.4,74.4
-37.589539,173.357362,30025,496.2,74.4
-37.583111,173.38641,29625,493.0,74.5
-37.576454,173.416383,29225,490.4,74.3
-37.569797,173.446118,28825,487.2,74.3
-37.563606,173.473823,28425,485.0,74.3
-37.557182,173.502781,28025,481.9,74.3
-37.550664,173.532038,27625,478.7,74.4
-37.547562,173.546,27450,477.5,74.4
-37.547173,173.547562,27425,477.5,74.4
-37.545869,173.553473,27350,477.5,74.4
-37.54559,173.554787,27325,477.5,74.4
-37.542564,173.568341,27125,475.6,74.4
-37.542252,173.569667,27125,475.6,74.4
-37.53735,173.591985,26800,473.4,74.4
-37.536978,173.593597,26775,473.4,74.4
-37.536621,173.595146,26775,473.4,74.4
-37.53614,173.597299,26750,473.4,74.4
-37.535889,173.598594,26725,472.4,74.4
-37.529663,173.626819,26325,469.9,74.6
-37.528552,173.631811,26250,469.9,74.6
-37.528319,173.632885,26250,469.0,74.5
-37.527807,173.635214,26200,468.7,74.7
-37.523478,173.654858,25925,467.0,74.5
-37.522385,173.659837,25850,466.1,74.4
-37.52211,173.661122,25850,466.1,74.4
-37.520096,173.670239,25725,465.1,74.4
-37.519847,173.671278,25700,465.1,74.4
-37.517761,173.680641,25575,464.1,74.4
-37.517519,173.681667,25550,464.1,74.4
-37.514074,173.697191,25325,462.0,74.4
-37.513748,173.698744,25300,462.0,74.4
-37.509512,173.718268,24975,459.0,74.8
-37.509247,173.71956,24950,457.7,74.9
-37.503159,173.748078,24550,451.2,75.1
-37.497391,173.775076,24175,444.4,74.9
-37.491531,173.801899,23800,437.7,74.6
-37.486096,173.8264,23500,432.1,74.3
-37.479579,173.854224,23125,429.0,73.3
-37.473434,173.87966,22725,427.4,73.1
-37.467382,173.904857,22325,426.1,73.2
-37.461319,173.930404,21925,425.6,73.5
-37.455605,173.955012,21525,424.0,73.7
-37.449553,173.981224,21125,423.5,74.0
-37.443878,174.006023,20725,422.5,73.9
-37.438613,174.029408,20325,422.9,74.2
-37.433073,174.053948,19925,422.0,74.2
-37.427673,174.07796,19525,421.0,74.2
-37.422646,174.100043,19125,421.0,74.2
-37.41687,174.125353,18725,420.3,74.0
-37.410915,174.151572,18350,418.8,74.2
-37.405106,174.177246,17975,417.9,74.2
-37.39923,174.203339,17600,415.9,74.1
-37.393457,174.228536,17225,414.3,73.9
-37.387452,174.254568,16850,413.0,74.0
-37.381622,174.279805,16475,411.1,73.9
-37.375992,174.304699,16100,408.6,74.1
-37.370321,174.329681,15725,405.8,74.0
-37.364549,174.354699,15350,403.8,73.9
-37.358776,174.379717,14975,400.7,73.9
-37.353149,174.404219,14600,398.5,74.0
-37.347382,174.429172,14200,395.9,73.7
-37.341339,174.454359,13825,392.5,72.3
-37.337083,174.46916,13625,387.3,69.6
-37.332184,174.483695,13375,382.8,67.2
-37.327377,174.496434,13150,378.9,64.5
-37.319,174.517705,12775,375.7,63.8
-37.310594,174.539078,12375,373.4,63.8
-37.303711,174.556508,12025,371.6,63.6
-37.29982,174.566326,11825,372.1,63.5
-37.295651,174.576754,11625,371.2,63.4
-37.29213,174.58561,11425,371.2,63.4
-37.28811,174.595562,11225,370.7,63.2
-37.284393,174.604778,11025,370.7,63.2
-37.280196,174.615147,10825,370.8,62.9
-37.275494,174.626551,10625,370.3,62.7
-37.270798,174.637737,10425,369.0,62.4
-37.265951,174.6493,10225,368.6,62.2
-37.26097,174.661122,10025,367.2,62.2
-37.259857,174.663742,10000,366.4,62.2
-37.259387,174.664884,10000,366.4,62.2
-37.255325,174.674553,9950,362.3,62.4
-37.251755,174.683202,9900,357.4,62.5
-37.247772,174.692844,9850,352.4,62.6
-37.244118,174.701784,9800,348.4,62.8
-37.239276,174.713666,9750,343.5,63.0
-37.236483,174.720472,9725,339.0,63.0
-37.231339,174.733108,9650,334.5,63.0
-37.227676,174.742165,9575,329.6,63.1
-37.224752,174.749431,9475,328.3,63.2
-37.219585,174.762328,9300,326.9,63.3
-37.214722,174.774482,9125,326.0,63.6
-37.209641,174.787279,8950,325.1,63.5
-37.204828,174.799407,8775,323.8,63.6
-37.19994,174.811587,8600,323.3,63.4
-37.195084,174.823628,8400,323.3,63.4
-37.19021,174.835829,8225,322.9,63.5
-37.185471,174.84788,8050,321.5,63.6
-37.180435,174.860502,7850,320.7,63.5
-37.175446,174.872891,7675,319.8,63.4
-37.170519,174.885088,7500,319.3,63.2
-37.165584,174.897269,7325,318.4,63.1
-37.160603,174.909628,7125,318.4,63.1
-37.157867,174.916369,7025,318.0,63.3
-37.155622,174.921749,6925,318.0,62.5
-37.152695,174.927881,6825,317.3,59.7
-37.149216,174.934251,6725,316.5,56.2
-37.145279,174.940562,6625,314.7,51.7
-37.141889,174.945274,6525,313.4,49.1
-37.13768,174.950497,6425,311.8,44.6
-37.13351,174.955186,6325,310.8,42.0
-37.128622,174.960141,6225,309.9,39.2
-37.124618,174.964202,6125,309.2,39.1
-37.119544,174.969456,6025,309.7,39.5
-37.11525,174.97393,5925,309.6,39.8
-37.110855,174.978488,5825,309.5,40.0
-37.106461,174.983105,5725,308.7,40.1
-37.102066,174.987722,5625,308.7,40.1
-37.097618,174.992444,5525,308.7,40.1
-37.092264,174.998056,5425,308.1,40.0
-37.085189,175.00546,5325,305.9,40.1
-37.078903,175.012149,5225,302.2,40.4
-37.072586,175.018869,5125,299.3,40.7
-37.066288,175.025701,5050,294.9,40.9
-37.059305,175.033165,4975,290.0,40.7
-37.052856,175.039965,4875,285.9,40.3
-37.045349,175.047854,4775,281.0,40.1
-37.039474,175.053943,4675,279.1,39.6
-37.034167,175.058899,4600,276.6,36.6
-37.031021,175.061295,4550,274.1,32.2
-37.02713,175.063457,4500,270.6,26.6
-37.023743,175.06486,4450,268.0,20.5
-37.020388,175.065825,4375,264.6,14.7
-37.01683,175.066379,4325,261.1,8.8
-37.013265,175.066542,4275,258.4,3.3
-37.009727,175.066303,4250,254.2,357.8
-37.0074,175.065825,4250,250.2,354.5
-37.005165,175.065288,4225,246.9,351.1
-37.002457,175.064509,4225,243.2,348.1
-37.00051,175.063735,4200,238.9,345.2
-36.996735,175.062055,4150,234.0,340.8
-36.991758,175.059675,4050,229.8,339.4
-36.985799,175.056988,3950,228.4,340.3
-36.979701,175.054361,3900,223.6,340.7
-36.974999,175.052331,3875,219.2,340.8
-36.969635,175.050016,3800,215.1,340.7
-36.965012,175.047796,3750,210.4,339.4
-36.961732,175.045883,3700,206.2,335.0
-36.959265,175.043852,3650,201.3,329.2
-36.957779,175.042361,3600,198.1,324.9
-36.955902,175.04014,3550,193.3,318.1
-36.954237,175.037643,3500,189.1,311.8
-36.952744,175.034823,3450,185.6,305.6
-36.951645,175.032076,3400,181.8,299.7
-36.950792,175.029522,3350,178.2,293.8
-36.950043,175.026349,3300,175.8,288.2
-36.949631,175.023544,3250,172.2,282.8
-36.949396,175.020387,3200,170.4,277.4
-36.949349,175.017879,3150,168.1,272.0
-36.949585,175.014778,3100,165.2,266.9
-36.950001,175.011789,3050,163.2,260.5
-36.950699,175.008147,2975,162.7,256.1
-36.95192,175.003091,2875,162.0,253.1
-36.953399,174.99728,2775,160.0,251.8
-36.955215,174.990819,2675,157.5,251.1
-36.956891,174.984861,2575,155.9,250.5
-36.95874,174.978313,2475,154.4,249.9
-36.960615,174.971844,2375,155.0,250.4
-36.962291,174.965993,2275,154.7,250.7
-36.963959,174.959905,2175,154.7,250.7
-36.965607,174.953944,2075,154.3,251.1
-36.967225,174.94808,1975,153.4,251.0
-36.968811,174.942432,1875,151.5,250.7
-36.970551,174.936238,1775,149.3,250.8
-36.972253,174.930108,1675,148.0,251.1
-36.973846,174.924258,1575,144.8,251.1
-36.975465,174.918525,1475,142.9,250.8
-36.977234,174.911986,1400,139.5,251.2
-36.978653,174.906902,1300,138.5,251.0
-36.980164,174.901409,1200,136.6,250.8
-36.981889,174.895358,1100,133.5,250.8
-36.983459,174.889663,1000,132.5,250.6
-36.985245,174.883235,900,130.9,251.3
-36.986893,174.877215,825,130.9,251.3
-36.98836,174.871893,725,131.2,250.9
-36.990051,174.865937,650,132.2,251.0
-36.991516,174.860385,550,133.1,251.2
-36.993301,174.854074,450,134.7,250.5
-36.994924,174.848367,350,135.7,250.6
-36.996323,174.843321,250,136.3,251.2
-36.997903,174.83762,150,136.6,250.8
-36.999481,174.831926,50,136.3,251.2
-37.001255,174.825499,-25,133.1,251.2
-37.002419,174.821081,-125,132.8,251.6
-37.004188,174.814692,-200,133.8,250.4
-37.005844,174.808785,-300,135.4,251.0
-37.007355,174.803233,-375,139.5,251.2
-37.00882,174.797915,-425,137.2,251.3
-37.008866,174.797675,-50.0,137.5,251.3
-37.008948,174.797362,-50.0,132.5,251.3
-37.009157,174.796645,-50.0,127.5,251.3
-37.009343,174.795944,-50.0,127.5,251.3
-37.009552,174.795212,-50.0,122.5,250.8
-37.009632,174.794935,-50.0,117.5,250.8
-37.009815,174.794307,-50.0,112.5,250.8
-37.009972,174.793764,-50.0,107.5,250.8
-37.0101,174.793301,-50.0,107.5,251.1
-37.010239,174.792787,-50.0,97.0,251.1
-37.010399,174.792261,-50.0,95.0,251.1
-37.010495,174.791883,-50.0,91.0,251.1
-37.010628,174.791429,-50.0,89.0,251.1
-37.010751,174.790988,-50.0,85.0,252.2
-37.01088,174.79051,-50.0,83.0,252.2
-37.011008,174.790062,-50.0,81.0,252.2
-37.01117,174.78945,-50.0,77.0,252.2
-37.011264,174.789122,-50.0,75.0,252.2
-37.011357,174.788793,-50.0,71.0,252.2
-37.011461,174.788405,-50.0,68.5,252.2
-37.011555,174.788083,-50.0,65.5,252.2
-37.011635,174.787805,-50.0,62.5,252.2
-37.011752,174.787375,-50.0,59.5,252.2
-37.011834,174.787062,-50.0,54.5,252.2
-37.01195,174.786659,-50.0,51.5,252.2
-37.012078,174.786151,-50.0,47.5,252.2
-37.012196,174.785702,-50.0,45.5,252.2
-37.01231,174.785161,-50.0,42.5,252.2
-37.01239,174.784708,-50.0,39.5,252.2
-37.012451,174.784241,-50.0,37.5,252.2
-37.012474,174.783823,-50.0,36.5,252.2
-37.012486,174.783435,-50.0,35.5,252.2
-37.012462,174.782897,-50.0,33.5,252.2
-37.012413,174.782415,-50.0,32.5,252.2
-37.012323,174.781867,-50.0,28.5,252.2
-37.012253,174.781363,-50.0,27.5,252.2
-37.012173,174.780822,-50.0,27.5,0.0
-37.012104,174.780282,-50.0,27.5,0.0
-37.012104,174.779756,-50.0,25.5,0.0
-37.012138,174.7792,-50.0,22.5,0.0
-37.012196,174.778835,-50.0,18.5,0.0
-37.012321,174.778309,-50.0,14.8,0.0
-37.012381,174.777777,-50.0,11.2,0.0
-37.012067,174.777389,-50.0,12.2,0.0
-37.011669,174.777228,-50.0,13.2,0.0
-37.011252,174.777061,-50.0,14.2,0.0
-37.010834,174.776878,-50.0,14.8,0.0
-37.010433,174.776702,-50.0,14.8,0.0
-37.010007,174.776523,-50.0,14.2,0.0
-37.009588,174.776344,-50.0,13.2,0.0
-37.009163,174.776162,-50.0,13.2,0.0
-37.008761,174.775986,-50.0,13.8,0.0
-37.008447,174.775852,-50.0,14.8,0.0
-37.008076,174.775694,-50.0,15.5,0.0
-37.007737,174.775538,-50.0,11.2,0.0
-37.007376,174.775419,-50.0,9.2,0.0
-37.007069,174.775563,-50.0,9.2,0.0
-37.006876,174.776031,-50.0,10.8,0.0
-37.006748,174.776494,-50.0,12.2,0.0
-37.006655,174.776852,-50.0,12.2,0.0
-37.006405,174.77774,-50.0,10.2,0.0
-37.006268,174.778251,-50.0,9.8,0.0
-37.006131,174.778733,-50.0,9.2,0.0
-37.006004,174.779171,-50.0,8.2,0.0
-37.005936,174.779405,-50.0,3.2,0.0
-37.005936,174.77942,-50.0,2.2,0.0
-37.005936,174.77942,-50.0,0.2,0.0
-37.005887,174.779464,-50.0,1.9,0.0
-37.00573,174.779463,-50.0,4.2,0.0
-37.005432,174.779361,-50.0,5.2,0.0
-37.005235,174.779285,-50.0,5.8,0.0
-37.005569,174.779434,-50.0,2.8,0.0
-37.005712,174.779449,-50.0,2.8,0.0
-37.005856,174.77939,-50.0,2.2,0.0
-37.00589,174.779347,-50.0,2.8,0.0
-37.005898,174.77933,-50.0,2.2,0.0
-37.00598,174.77921,-50.0,1.9,0.0
-37.005968,174.779255,-50.0,2.8,0.0
-37.005922,174.779494,-50.0,2.8,0.0
-37.005924,174.779595,-50.0,3.2,0.0
-37.006015,174.779972,-50.0,3.2,0.0
-37.006016,174.779989,-50.0,3.2,0.0
-37.006189,174.78024,-50.0,3.2,0.0
-37.006405,174.780398,-50.0,3.8,0.0
-37.006725,174.780428,-50.0,3.8,0.0
-37.006969,174.780345,-50.0,3.8,0.0
-37.007272,174.780181,-50.0,0.0,0.0
-37.007263,174.780179,-50.0,0.0,0.0
-37.007469,174.780092,-50.0,5.8,0.0
-37.007737,174.780061,-50.0,8.8,0.0
-37.008076,174.78015,-50.0,11.2,0.0
-37.008144,174.780179,-50.0,11.2,0.0
-37.008533,174.780355,-50.0,9.8,0.0
-37.008901,174.780643,-50.0,10.2,0.0
-37.009106,174.781085,-50.0,10.2,0.0
-37.0093,174.781553,-50.0,10.8,0.0
-37.009518,174.782005,-50.0,10.8,0.0
-37.009704,174.7823,-50.0,11.2,0.0
-37.010044,174.782648,-50.0,11.8,0.0
-37.010365,174.782853,-50.0,11.2,0.0
-37.010682,174.783241,-50.0,11.8,0.0
-37.010763,174.783733,-50.0,14.8,0.0
-37.010674,174.784255,-50.0,17.5,0.0
-37.01053,174.784763,-50.0,18.5,0.0
-37.010399,174.785249,-50.0,18.5,0.0
-37.010263,174.785763,-50.0,18.5,0.0
-37.010123,174.786271,-50.0,18.5,0.0
-37.009972,174.786793,-50.0,18.5,0.0
-37.009844,174.787286,-50.0,18.5,0.0
-37.009701,174.787805,-50.0,18.5,0.0
-37.009564,174.788301,-50.0,19.5,0.0
-37.009415,174.788813,-50.0,19.5,0.0
-37.009312,174.789193,-50.0,19.5,0.0
-37.009186,174.789661,-50.0,20.5,0.0
-37.009037,174.790187,-50.0,20.5,0.0
-37.008888,174.790713,-50.0,20.5,0.0
-37.008762,174.79118,-50.0,21.5,0.0
-37.008622,174.791689,-50.0,21.5,0.0
-37.008505,174.792107,-50.0,22.5,0.0
-37.008377,174.79257,-50.0,22.5,0.0
-37.008226,174.793092,-50.0,22.5,0.0
-37.008098,174.793585,-50.0,23.5,0.0
-37.007961,174.794058,-50.0,23.5,0.0
-37.007835,174.794526,-50.0,23.5,0.0
-37.007702,174.795018,-50.0,23.5,0.0
-37.007563,174.795511,-50.0,24.5,0.0
-37.007435,174.796001,-50.0,24.5,0.0
-37.007298,174.796498,-50.0,24.5,0.0
-37.007149,174.797024,-50.0,24.5,0.0
-37.007016,174.797511,-50.0,24.5,0.0
-37.006876,174.798018,-50.0,23.5,0.0
-37.006725,174.798541,-50.0,21.5,0.0
-37.006588,174.79904,-50.0,18.5,0.0
-37.006451,174.799537,-50.0,14.8,0.0
-37.006542,174.800077,-50.0,12.2,0.0
-37.006817,174.800516,-50.0,12.8,0.0
-37.007103,174.80091,-50.0,13.2,0.0
-37.007389,174.801319,-50.0,12.2,0.0
-37.007778,174.801538,-50.0,7.8,0.0
-37.007893,174.801275,-50.0,5.2,0.0
-37.007935,174.801153,-50.0,0.6,0.0
-37.007973,174.801012,-50.0,4.8,0.0
-37.008005,174.800869,-50.0,9.2,0.0
-37.008053,174.800691,-50.0,17.5,0.0
-37.00811,174.800511,-50.0,21.5,0.0
-37.008133,174.800399,-50.0,26.5,0.0
-37.008214,174.800123,-50.0,30.5,0.0
-37.00827,174.799917,-50.0,34.5,0.0
-37.008305,174.799785,-50.0,39.5,252.6
-37.008412,174.799392,-50.0,43.5,252.6
-37.008511,174.799055,-50.0,47.5,252.6
-37.008598,174.798735,-50.0,51.5,252.6
-37.008703,174.798362,-50.0,55.5,252.2
-37.008785,174.798033,-50.0,59.5,252.2
-37.008889,174.79769,-50.0,63.5,252.2
-37.009006,174.797257,-50.0,67.5,252.2
-37.009083,174.79698,-50.0,73.0,252.0
-37.009197,174.796586,-50.0,77.0,252.0
-37.00932,174.796138,-50.0,81.0,252.0
-37.009495,174.79549,-50.0,83.0,252.0
-37.009634,174.794988,-50.0,87.0,252.7
-37.009797,174.794421,-50.0,91.0,252.7
-37.009937,174.793869,-50.0,95.0,252.7
-37.010067,174.793415,-50.0,99.0,252.7
-37.010135,174.793167,-50.0,107.5,252.7
-37.010273,174.79267,-50.0,107.5,252.7
-37.010554,174.791689,-50.0,112.5,252.7
-37.010822,174.790713,-50.0,117.5,252.7
-37.010903,174.790406,-50.0,117.5,252.7
-37.011017,174.789997,-50.0,122.5,252.7
-37.01128,174.789062,-50.0,127.5,252.7
-37.011486,174.788288,-50.0,127.5,252.7
-37.011578,174.787972,-50.0,132.5,252.6
-37.011818,174.787104,-50.0,137.5,252.6
-37.012115,174.786008,-50.0,137.5,252.6
-37.012253,174.785524,-50.0,142.5,252.6
-37.012334,174.785226,-50.0,142.5,252.6
-37.012625,174.784181,-50.0,147.5,252.6
-37.012707,174.783868,-50.0,147.5,252.6
-37.012835,174.783405,-50.0,152.5,252.6
-37.01302,174.782736,-50.0,152.5,252.6
-37.013172,174.782226,-50.0,152.5,252.6
-37.0133,174.781733,-50.0,157.5,252.6
-37.013397,174.781377,-50.0,157.5,253.1
-37.013614,174.780599,-50.0,157.5,253.1
-37.013882,174.779628,-50.0,162.5,253.1
-37.01413,174.778748,-50.0,162.5,253.1
-37.014243,174.778315,-50.0,162.5,253.1
-37.014404,174.777754,-50.0,167.5,253.1
-37.014557,174.777195,-50.0,167.5,253.1
-37.014782,174.776395,-50.0,172.5,253.1
-37.015034,174.77546,-50.0,172.5,253.1
-37.015081,174.775344,-300,172.5,250.3
-37.015174,174.774986,-300,167.3,250.8
-37.015915,174.772261,-200,167.6,250.5
-37.01619,174.771384,-150,166.4,250.7
-37.016327,174.770917,-125,166.4,250.7
-37.016693,174.769573,-50,164.1,250.8
-37.017059,174.76817,50,162.9,251.0
-37.017563,174.766417,150,161.6,251.2
-37.018021,174.764547,250,160.3,251.4
-37.018572,174.762626,350,160.0,251.8
-37.019224,174.760178,450,160.0,251.8
-37.019806,174.757885,550,161.3,251.6
-37.020481,174.755461,650,161.6,251.2
-37.021226,174.752894,750,163.2,250.7
-37.021971,174.750207,850,164.5,250.5
-37.022576,174.748057,950,164.1,250.8
-37.023321,174.745251,1050,166.0,251.0
-37.024484,174.741012,1125,170.1,251.1
-37.025183,174.738444,1175,174.2,251.2
-37.02594,174.735562,1225,178.4,251.4
-37.026253,174.734444,1250,180.3,251.6
-37.027371,174.730145,1325,185.0,252.1
-37.028209,174.726921,1375,189.4,251.9
-37.029007,174.723874,1425,193.8,251.7
-37.030106,174.719608,1525,198.6,252.1
-37.031002,174.716173,1625,201.5,252.4
-37.031328,174.714919,1675,202.4,252.5
-37.031433,174.714349,1675,202.4,252.5
-37.032119,174.711695,1775,203.7,252.3
-37.032678,174.709546,1875,204.6,252.4
-37.033376,174.706918,1975,204.9,252.1
-37.034074,174.704112,2075,205.2,251.8
-37.034637,174.70196,2175,205.2,251.8
-37.035238,174.699753,2275,205.2,251.8
-37.035843,174.697365,2375,204.9,252.1
-37.036469,174.695006,2475,204.9,252.1
-37.037064,174.692844,2575,205.2,251.8
-37.037798,174.690021,2675,205.5,251.6
-37.03845,174.687692,2775,206.2,251.0
-37.039169,174.685072,2875,206.5,250.8
-37.039948,174.682442,2975,206.8,250.5
-37.040909,174.678994,3075,209.4,250.2
-37.041476,174.677064,3100,211.6,250.1
-37.041616,174.676587,3125,211.6,250.1
-37.042603,174.673267,3175,216.1,250.0
-37.042919,174.672168,3175,218.3,249.9
-37.04371,174.669362,3225,221.5,249.9
-37.044846,174.665378,3275,226.5,250.1
-37.045526,174.663093,3300,229.7,250.1
-37.046539,174.659534,3350,234.7,250.3
-37.047684,174.65556,3425,238.8,250.4
-37.048416,174.652931,3450,242.0,250.4
-37.049297,174.649778,3500,245.1,250.5
-37.050018,174.647321,3525,248.3,250.5
-37.050751,174.644691,3550,252.4,250.6
-37.052078,174.640016,3600,255.6,250.6
-37.052881,174.637179,3625,260.0,250.4
-37.054001,174.633237,3675,264.1,250.5
-37.054733,174.630607,3700,267.3,250.6
-37.055878,174.626575,3750,271.4,250.6
-37.05735,174.621177,3800,275.5,250.7
-37.058624,174.616524,3850,279.6,250.8
-37.060097,174.611266,3925,283.7,250.9
-37.061214,174.607265,3975,287.8,250.9
-37.062515,174.602499,4025,291.9,251.0
-37.064054,174.597115,4075,296.0,251.1
-37.065357,174.592159,4125,300.1,251.1
-37.066681,174.587305,4175,304.2,251.2
-37.067173,174.585591,4225,305.5,251.1
-37.067452,174.584636,4225,306.4,251.1
-37.068662,174.580038,4325,307.4,251.2
-37.069826,174.575859,4425,308.6,251.1
-37.070938,174.57176,4525,309.6,251.2
-37.072266,174.566793,4625,310.5,251.2
-37.073959,174.560657,4725,312.8,251.2
-37.075974,174.553353,4825,316.2,251.0
-37.077988,174.545989,4925,319.1,251.2
-37.079269,174.541256,5025,321.3,251.1
-37.08078,174.535763,5125,322.2,251.2
-37.082488,174.529525,5225,325.4,251.2
-37.084444,174.52236,5325,328.9,251.0
-37.086259,174.515792,5425,330.8,251.1
-37.087842,174.509941,5525,333.0,251.1
-37.089157,174.5052,5625,333.9,251.1
-37.090821,174.499134,5725,336.2,251.1
-37.092078,174.494536,5825,337.1,251.1
-37.09346,174.489538,5925,338.4,251.0
-37.094452,174.485819,6025,338.1,251.2
-37.095428,174.482292,6125,338.1,251.2
-37.096501,174.478415,6225,338.1,251.2
-37.097711,174.473937,6325,338.4,251.0
-37.099136,174.468734,6425,339.3,251.1
-37.100411,174.464085,6525,340.3,251.1
-37.101854,174.45883,6625,341.5,251.0
-37.103204,174.453994,6725,342.5,251.1
-37.104263,174.450034,6825,342.5,251.1
-37.105545,174.445359,6925,343.4,251.1
-37.107925,174.43671,7125,344.4,251.2
-37.110306,174.428003,7325,344.7,251.0
-37.112686,174.419763,7525,345.1,250.4
-37.115204,174.411115,7725,345.2,249.8
-37.117722,174.4027,7925,344.9,249.5
-37.120196,174.394465,8125,345.3,249.3
-37.122665,174.386454,8325,344.7,249.1
-37.124898,174.379239,8525,343.8,249.0
-37.127086,174.372015,8725,343.8,249.0
-37.12912,174.365475,8875,343.8,249.0
-37.129413,174.364551,8875,343.8,249.0
-37.132095,174.355832,9075,344.1,248.9
-37.134247,174.348761,9275,343.8,249.0
-37.135162,174.345781,9350,343.8,249.0
-37.135418,174.344907,9375,343.8,249.0
-37.13756,174.337861,9575,342.5,249.1
-37.14012,174.329502,9775,342.5,249.1
-37.142807,174.320594,9975,342.5,249.1
-37.145241,174.312605,10175,342.1,249.3
-37.147522,174.30505,10375,342.1,249.3
-37.149857,174.297278,10575,341.8,249.4
-37.152736,174.287826,10775,343.0,249.4
-37.155296,174.279228,10975,342.7,249.5
-37.157763,174.270869,11175,342.3,249.7
-37.160184,174.262689,11375,342.3,249.7
-37.162326,174.255583,11525,343.6,249.6
-37.162582,174.254676,11525,343.6,249.6
-37.165512,174.244742,11725,345.5,249.7
-37.168442,174.234924,11925,347.7,249.6
-37.174347,174.214997,12325,350.9,249.6
-37.179977,174.195888,12725,352.8,249.8
-37.185745,174.176194,13125,354.6,249.9
-37.191653,174.156229,13525,356.9,249.8
-37.197054,174.137719,13925,359.1,249.8
-37.203105,174.117359,14325,362.0,249.5
-37.208633,174.098881,14725,363.3,249.4
-37.209902,174.094789,14850,362.4,249.3
-37.210274,174.093595,14875,362.4,249.3
-37.215069,174.077712,15275,362.4,249.3
-37.220376,174.059979,15675,362.9,249.5
-37.224892,174.044813,16075,362.6,249.7
-37.230106,174.02708,16475,363.2,249.9
-37.235273,174.009287,16875,362.8,250.0
-37.241043,173.989485,17275,364.7,250.1
-37.24733,173.96767,17650,367.9,250.1
-37.254089,173.944546,18025,370.5,249.9
-37.261505,173.919184,18375,376.8,250.0
-37.26893,173.893691,18700,382.2,249.9
-37.270203,173.889322,18750,383.4,249.9
-37.270432,173.888504,18750,384.4,249.9
-37.278985,173.859001,19050,391.6,250.0
-37.28746,173.829833,19350,398.9,250.1
-37.295325,173.802875,19700,403.7,249.9
-37.303006,173.776603,20050,406.8,249.9
-37.310594,173.750809,20400,410.0,249.9
-37.318176,173.72482,20750,413.2,249.9
-37.32605,173.697968,21100,415.4,249.9
-37.333871,173.671099,21450,418.2,250.0
-37.341476,173.644818,21800,420.4,250.0
-37.344818,173.633364,21975,420.4,250.0
-37.345183,173.632229,22000,420.4,250.0
-37.350583,173.61354,22400,418.2,250.0
-37.350906,173.612385,22425,417.9,250.1
-37.352737,173.606074,22575,416.9,250.1
-37.356583,173.592809,22950,411.9,250.0
-37.360452,173.579447,23350,406.5,250.0
-37.36413,173.566729,23725,402.1,250.1
-37.367798,173.554181,24125,397.6,250.1
-37.368366,173.55222,24175,396.7,250.1
-37.368713,173.550909,24200,396.7,250.1
-37.374435,173.531332,24550,395.7,250.1
-37.374802,173.530046,24575,395.7,250.1
-37.382217,173.50445,24925,397.6,250.1
-37.389633,173.478679,25275,397.6,250.1
-37.396716,173.454119,25625,398.6,250.2
-37.404304,173.427728,25975,399.8,250.1
-37.412018,173.40084,26300,400.8,250.2
-37.420085,173.372796,26650,401.7,250.2
-37.428558,173.3433,26950,403.9,250.2
-37.43717,173.313207,27275,405.8,250.3
-37.445892,173.282971,27575,408.0,250.2
-37.454727,173.252232,27900,409.3,250.1
-37.463837,173.220384,28200,411.2,250.2
-37.472946,173.188593,28500,413.1,250.3
-37.482046,173.156652,28800,415.3,250.3
-37.490938,173.125484,29100,415.3,250.3
-37.491543,173.123454,29125,415.3,250.3
-37.496063,173.10754,29275,416.3,250.4
-37.496478,173.106199,29300,416.3,250.4
-37.504761,173.077094,29650,415.3,250.3
-37.505585,173.074172,29700,414.4,250.2
-37.505997,173.072828,29700,414.4,250.2
-37.513138,173.047758,30075,412.1,250.3
-37.520279,173.022688,30450,408.6,250.4
-37.520966,173.020234,30500,408.6,250.4
-37.528366,172.994186,30850,405.5,250.4
-37.53614,172.96672,31200,404.2,250.5
-37.544054,172.938717,31550,402.3,250.4
-37.552139,172.910137,31900,400.1,250.4
-37.559742,172.883248,32225,398.8,250.5
-37.567516,172.855603,32575,396.6,250.6
-37.575058,172.828734,32925,394.4,250.6
-37.582599,172.801865,33250,392.2,250.6
-37.589951,172.775554,33600,389.0,250.6
-37.597366,172.749199,33925,386.8,250.7
-37.605103,172.721324,34250,384.2,250.9
-37.60817,172.710162,34375,383.0,250.9
-37.61607,172.681613,34675,381.1,250.9
-37.623779,172.653945,34975,379.5,250.6
-37.624924,172.649737,35025,378.6,250.6
-37.625194,172.648713,35025,378.6,250.6
-37.633392,172.619525,35325,377.3,250.6
-37.635178,172.613097,35375,377.3,250.6
-37.635498,172.612045,35375,377.3,250.6
-37.64415,172.581073,35675,375.4,250.6
-37.649734,172.561321,35825,375.8,250.4
-37.650055,172.560094,35825,375.8,250.4
-37.652573,172.55127,35900,374.5,250.5
-37.652893,172.549984,35900,374.5,250.5
-37.657362,172.534193,36000,374.5,250.5
-37.657654,172.533154,36000,374.5,250.5
-37.6582,172.531327,36000,375.4,250.6
-37.669876,172.489442,35975,375.4,250.6
-37.679169,172.456249,36000,376.0,250.8
-37.679428,172.455199,36000,376.0,250.8
-37.684828,172.435973,36000,376.4,250.6
-37.685165,172.434744,35975,376.4,250.6
-37.685806,172.432465,36000,376.4,250.6
-37.68631,172.430595,36000,376.4,250.6
-37.691025,172.413648,36000,376.0,250.8
-37.691345,172.412655,35975,376.0,250.8
-37.691625,172.411612,36000,376.0,250.8
-37.691904,172.410597,36000,376.0,250.8
-37.70303,172.370234,36000,376.7,250.9
-37.704758,172.364034,36000,377.0,250.8
-37.705078,172.362983,36000,377.0,250.8
-37.706451,172.358015,36000,377.0,250.8
-37.70668,172.357197,35975,377.0,250.8
-37.718066,172.315899,35975,377.0,250.8
-37.726639,172.284793,36000,376.7,250.9
-37.728424,172.278364,36000,376.7,250.9
-37.739777,172.237224,36000,377.9,250.9
-37.750932,172.196722,35975,377.9,250.9
-37.759218,172.166748,35975,377.9,250.9
-37.770538,172.125257,36000,378.5,251.0
-37.774109,172.112284,35975,379.5,251.1
-37.774384,172.111232,35975,379.5,251.1
-37.781204,172.086162,36000,378.9,250.9
-37.781433,172.085344,36000,378.9,250.9
-37.782898,172.080143,36000,378.9,250.9
-37.783146,172.079096,36000,378.9,250.9
-37.794434,172.038009,36000,378.5,251.0
-37.795622,172.033599,36000,378.5,251.0
-37.79599,172.032399,36000,378.5,251.0
-37.79631,172.031114,36000,378.5,251.0
-37.807388,171.990616,36000,378.9,250.9
-37.818604,171.949593,36000,377.6,251.0
-37.828537,171.913069,36000,376.3,251.1
-37.828857,171.911842,36000,376.3,251.1
-37.829361,171.909972,36000,376.3,251.1
-37.829605,171.909166,36000,376.3,251.1
-37.840668,171.868364,35975,375.4,251.0
-37.843106,171.859489,36000,375.1,251.2
-37.854231,171.818529,35975,375.4,251.0
-37.865204,171.777961,36000,375.1,251.2
-37.876419,171.736587,36000,375.1,251.2
-37.88736,171.695972,35975,375.1,251.2
-37.898209,171.65565,36000,375.1,251.2
-37.90947,171.613808,36000,374.7,251.3
-37.910094,171.611521,36000,374.7,251.3
-37.910385,171.610478,36000,374.7,251.3
-37.91629,171.58833,36000,374.7,251.3
-37.927231,171.547481,36000,374.7,251.3
-37.931182,171.532765,36000,374.7,251.3
-37.931488,171.531762,36000,374.7,251.3
-37.936396,171.513479,36000,374.7,251.3
-37.936722,171.512226,36000,374.7,251.3
-37.947615,171.471564,36000,376.0,251.2
-37.950455,171.460936,36000,375.7,251.4
-37.950714,171.460117,36000,375.7,251.4
-37.961609,171.419152,36000,375.7,251.4
-37.972614,171.377763,35975,375.7,251.4
-37.9836,171.336504,36000,376.6,251.4
-37.994121,171.297097,36000,376.6,251.4
-38.00441,171.258506,36000,376.6,251.4
-38.015396,171.217132,36000,376.6,251.4
-38.016233,171.214042,36000,376.6,251.4
-38.016559,171.212788,36000,376.6,251.4
-38.021713,171.193348,36000,377.6,251.5
-38.021959,171.192249,36000,377.6,251.5
-38.023132,171.187913,35975,377.6,251.5
-38.023407,171.186861,36000,377.6,251.5
-38.034249,171.145796,35975,377.3,251.6
-38.036041,171.138884,35975,377.3,251.6
-38.036577,171.13678,36000,377.3,251.6
-38.04747,171.095521,35975,377.6,251.5
-38.050323,171.084653,36000,377.3,251.6
-38.050589,171.083819,36000,377.3,251.6
-38.055384,171.065548,36000,378.5,251.5
-38.066162,171.024404,36000,378.2,251.7
-38.076691,170.984315,36000,378.2,251.7
-38.087357,170.943584,36000,378.2,251.7
-38.09351,170.920039,36000,378.2,251.7
-38.109291,170.852807,36000,376.6,257.7
-38.11116,170.839623,36000,376.5,260.2
-38.112671,170.825247,36000,375.8,263.0
-38.116745,170.782646,35975,373.8,262.9
-38.120499,170.743726,36000,370.7,263.0
-38.124344,170.703112,35975,369.6,263.2
-38.128281,170.660277,36000,367.4,263.4
-38.131916,170.620601,36000,366.4,263.4
-38.133405,170.604182,35975,366.4,263.4
-38.156774,170.346481,36000,0.0,0.0
-38.159225,170.318707,36000,363.3,263.5
-38.161197,170.296505,36000,363.3,263.5
-38.165359,170.249342,36000,363.2,263.7
-38.165543,170.247472,36000,363.2,263.7
-38.173161,170.161027,36000,0.0,0.0
-38.174744,170.143394,36000,361.2,263.6
-38.624299,152.430481,38000,460.1,271.0
-38.623398,152.379475,37975,460.2,271.5
-38.622482,152.326216,38000,461.1,271.1
-38.621645,152.273071,38000,460.1,271.0
-38.620926,152.219278,37975,458.1,271.0
-38.620155,152.166077,38000,458.1,271.2
-38.619224,152.11438,38000,459.1,271.4
-38.61834,152.065613,38000,460.1,271.4
-38.617269,152.013306,38000,460.2,271.5
-38.616338,151.969971,38000,460.2,271.6
-38.615174,151.916382,38000,459.2,271.6
-38.613968,151.862999,38000,460.2,271.6
-38.612823,151.810694,37975,460.2,271.6
-38.611683,151.756775,38000,459.2,271.6
-38.610535,151.703458,38000,458.2,271.6
-38.609355,151.651245,38000,456.2,271.6
-38.608052,151.598083,38000,455.2,271.9
-38.606702,151.545349,37975,454.2,271.9
-38.605445,151.49292,37975,453.2,271.8
-38.604141,151.440552,37975,453.2,271.8
-38.602936,151.388198,38000,453.2,271.8
-38.601628,151.335083,38000,453.2,271.8
-38.600278,151.281738,38000,453.2,271.9
-38.598974,151.230225,37975,453.2,271.9
-38.597534,151.176293,38000,453.2,271.9
-38.596664,151.143752,38000,452.3,272.0
-38.5952,151.09097,37975,452.3,272.0
-38.593735,151.038188,38000,452.3,272.0
-38.592271,150.987061,38000,452.3,272.1
-38.590714,150.933997,37975,452.3,272.1
-38.589198,150.882874,38000,452.3,272.1
-38.587615,150.83197,37975,452.4,272.3
-38.586079,150.780029,37975,452.3,272.1
-38.58445,150.726807,37975,452.4,272.3
-38.582886,150.674385,38000,452.4,272.3
-38.581284,150.622141,38000,452.4,272.3
-38.579681,150.568343,38000,452.4,272.3
-38.578079,150.516338,38000,453.4,272.3
-38.57634,150.463436,37975,453.4,272.4
-38.574534,150.410828,38000,453.4,272.5
-38.572719,150.360413,38000,453.5,272.6
-38.571136,150.328918,38000,453.2,274.2
-38.567963,150.281624,38000,452.9,275.2
-38.564153,150.229797,37975,452.9,275.2
-38.560455,150.176836,37975,453.7,274.9
-38.557114,150.12489,38000,453.4,274.5
-38.553912,150.072937,38000,454.4,274.4
-38.550797,150.019863,38000,454.3,274.3
-38.547627,149.96759,38000,454.4,274.4
-38.544415,149.915344,38000,453.4,274.5
-38.541138,149.862352,38000,453.4,274.5
-38.537842,149.80963,38000,453.4,274.5
-38.534499,149.757507,38000,452.6,274.8
-38.531113,149.7052,38000,452.6,274.8
-38.527656,149.652405,37975,451.6,274.8
-38.524155,149.599636,38000,451.7,275.0
-38.520534,149.547302,38000,450.8,275.1
-38.516949,149.495544,37975,449.7,275.0
-38.513365,149.44281,37975,449.7,275.0
-38.509781,149.390896,38000,448.7,275.0
-38.506196,149.33905,38000,448.8,275.1
-38.502502,149.286944,37975,448.8,275.1
-38.49884,149.235657,37975,447.9,275.2
-38.495163,149.183716,37975,447.8,275.1
-38.491516,149.132418,38000,446.8,275.1
-38.487808,149.079995,37975,446.9,275.3
-38.48413,149.028381,38000,447.8,275.1
-38.480313,148.977173,38000,448.0,275.4
-38.476449,148.924683,38000,448.0,275.4
-38.472725,148.873169,37975,447.9,275.2
-38.468954,148.820679,38000,447.9,275.2
-38.465276,148.769287,37975,447.9,275.2
-38.462585,148.73291,38000,447.0,275.4
-38.45874,148.680486,38000,448.0,275.4
-38.454848,148.628601,38000,448.0,275.4
-38.450912,148.576892,37975,448.2,275.6
-38.446838,148.524409,38000,449.3,275.8
-38.442791,148.472473,38000,451.2,275.6
-38.438828,148.419919,38000,451.1,275.5
-38.434784,148.367554,37975,452.1,275.6
-38.430734,148.315186,38000,452.2,275.7
-38.426559,148.262528,38000,452.2,275.7
-38.422402,148.210327,38000,453.3,275.8
-38.418274,148.158039,37975,453.3,275.8
-38.413976,148.10553,37975,453.4,276.0
-38.409714,148.052751,37975,453.4,276.0
-38.405457,148.000216,38000,453.4,276.0
-38.401267,147.948761,38000,453.4,276.0
-38.397079,147.89754,38000,454.4,275.9
-38.392822,147.84518,38000,454.4,275.9
-38.388651,147.79334,38000,455.4,275.9
-38.384415,147.741513,38000,455.4,275.9
-38.380005,147.688566,37975,454.5,276.1
-38.37557,147.63571,38000,454.6,276.2
-38.371078,147.583495,38000,453.7,276.2
-38.366632,147.531281,38000,453.7,276.2
-38.362198,147.479417,38000,452.7,276.2
-38.357694,147.426851,38000,452.7,276.2
-38.353271,147.374813,38000,451.7,276.2
-38.348694,147.322102,38000,451.7,276.2
-38.34424,147.270475,38000,450.7,276.2
-38.339632,147.217812,38000,450.8,276.4
-38.335023,147.165746,37975,450.9,276.5
-38.330368,147.1138,37975,449.9,276.5
-38.325668,147.061644,37975,448.9,276.5
-38.321011,147.009311,38000,447.9,276.5
-38.316376,146.9578,37975,447.9,276.5
-38.311793,146.90709,37975,447.9,276.5
-38.307129,146.855417,37975,447.9,276.5
-38.302505,146.804225,38000,447.9,276.5
-38.298805,146.76373,37950,448.1,276.8
-38.298293,146.758536,37925,447.2,276.8
-38.297791,146.753034,37900,447.2,276.8
-38.296804,146.742116,37800,447.0,276.7
-38.295733,146.730712,37675,446.0,276.7
-38.293991,146.712244,37425,445.3,277.0
-38.291543,146.687363,37025,445.4,277.1
-38.290421,146.67572,36800,445.4,277.1
-38.288331,146.653568,36400,447.3,276.9
-38.287726,146.647538,36300,447.3,276.9
-38.285797,146.627158,35900,449.3,276.9
-38.28456,146.614042,35625,450.1,276.8
-38.28447,146.613016,35600,450.1,276.8
-38.284103,146.609043,35525,451.1,276.8
-38.283955,146.607474,35500,451.1,276.8
-38.28241,146.59005,35100,454.0,276.6
-38.280762,146.572519,34725,456.1,276.7
-38.279719,146.561319,34475,457.2,276.8
-38.279572,146.559721,34425,457.2,276.8
-38.279114,146.554871,34325,458.3,276.9
-38.278974,146.553557,34300,458.3,276.9
-38.277328,146.536346,33900,461.5,277.1
-38.276413,146.527171,33675,462.4,277.0
-38.274878,146.510925,33275,465.4,276.9
-38.273438,146.495907,32900,468.4,276.9
-38.271881,146.479486,32500,470.3,276.8
-38.271332,146.473408,32375,471.3,276.8
-38.270187,146.460786,32125,472.2,276.7
-38.270036,146.459098,32100,472.2,276.7
-38.267662,146.433543,31700,471.3,276.8
-38.2658,146.414019,31375,470.5,277.0
-38.264969,146.40527,31225,470.5,277.0
-38.262589,146.380959,30825,469.6,277.1
-38.260307,146.357475,30425,468.5,277.0
-38.258011,146.332982,30025,467.4,276.9
-38.255605,146.307678,29625,466.4,276.9
-38.253324,146.283855,29225,465.4,276.9
-38.250961,146.258941,28825,463.4,276.9
-38.248535,146.233345,28425,462.2,276.7
-38.246294,146.208921,28025,460.2,276.7
-38.244013,146.18456,27625,459.1,276.6
-38.241593,146.15787,27225,457.1,276.7
-38.238922,146.12915,26825,455.2,276.8
-38.236404,146.102736,26425,453.3,277.0
-38.233658,146.074569,26025,451.4,277.0
-38.230957,146.046811,25625,448.4,277.0
-38.228139,146.018212,25225,445.4,277.1
-38.22516,145.988537,24850,442.6,277.3
-38.222367,145.960654,24475,438.6,277.3
-38.219434,145.935516,24150,437.8,279.3
-38.216454,145.916649,23875,437.9,281.6
-38.21301,145.898438,23625,438.5,284.3
-38.20896,145.880644,23400,438.2,286.6
-38.204453,145.863609,23150,438.6,288.9
-38.199323,145.846551,22925,438.8,291.2
-38.191177,145.822234,22600,437.3,293.2
-38.182434,145.796171,22225,433.7,293.1
-38.173301,145.76893,21850,430.6,293.1
-38.164502,145.742778,21475,427.4,293.1
-38.155657,145.716626,21125,424.6,293.3
-38.147045,145.691429,20750,421.9,293.5
-38.137921,145.664739,20375,418.7,293.5
-38.128922,145.638564,20000,415.6,293.5
-38.119952,145.612614,19625,412.4,293.6
-38.111153,145.586999,19275,408.9,293.5
-38.102234,145.561017,18900,406.3,293.4
-38.093463,145.535112,18525,403.6,293.2
-38.084976,145.510351,18175,400.0,293.4
-38.076416,145.485398,17800,396.8,293.5
-38.06772,145.460179,17425,394.1,293.6
-38.059204,145.435551,17050,391.8,293.6
-38.050822,145.411039,16675,388.8,293.3
-38.042542,145.386638,16300,386.6,293.3
-38.03421,145.36227,15925,383.8,293.5
-38.027825,145.344703,15675,384.2,295.4
-38.024426,145.33712,15550,385.4,299.0
-38.020516,145.329596,15425,385.8,303.1
-38.016326,145.322611,15300,386.2,307.1
-38.011159,145.315386,15150,385.6,311.0
-38.005463,145.308156,15025,384.7,314.8
-38.000173,145.302489,14875,384.5,319.6
-37.993562,145.296518,14750,384.0,323.6
-37.987106,145.291443,14600,383.0,328.3
-37.976898,145.284313,14375,380.8,331.3
-37.958817,145.271632,14025,377.0,330.8
-37.941376,145.259302,13650,374.7,330.8
-37.924255,145.247088,13300,371.2,330.5
-37.906677,145.234583,12925,368.5,330.6
-37.889472,145.22242,12575,366.2,330.9
-37.871921,145.21018,12200,363.0,331.2
-37.862823,145.203844,12000,362.1,331.1
-37.853165,145.197124,11800,360.7,331.2
-37.843106,145.190118,11600,359.4,331.2
-37.834074,145.183908,11400,358.4,331.5
-37.823685,145.176963,11200,356.5,332.1
-37.814243,145.170713,11000,354.7,332.3
-37.804642,145.164399,10800,353.8,332.6
-37.795203,145.158234,10600,352.4,332.6
-37.787109,145.152945,10400,351.6,332.6
-37.778458,145.147277,10200,351.6,332.6
-37.771225,145.142602,10075,350.7,332.5
-37.768063,145.1405,10050,349.3,332.5
-37.766108,145.139187,10025,348.4,332.5
-37.760696,145.135647,10025,345.3,332.4
-37.754425,145.131498,10000,340.8,332.4
-37.747813,145.127126,10000,336.4,332.4
-37.738084,145.120677,10000,333.2,332.3
-37.733459,145.11759,9950,332.4,332.2
-37.727609,145.113751,9875,332.4,332.2
-37.716568,145.106837,9750,328.3,334.4
-37.706475,145.100854,9625,323.9,334.8
-37.700237,145.097212,9475,323.4,334.9
-37.69074,145.091599,9275,323.9,334.8
-37.680634,145.085566,9100,322.5,334.9
-37.670517,145.079664,8925,321.2,335.0
-37.660947,145.074045,8725,319.9,335.0
-37.651428,145.068502,8550,319.5,335.2
-37.641255,145.062581,8350,318.6,335.1
-37.63179,145.057048,8175,317.2,335.2
-37.622029,145.051475,7975,316.4,335.5
-37.612486,145.046042,7775,313.7,335.7
-37.60271,145.040489,7600,311.5,335.7
-37.592515,145.034697,7425,308.8,335.5
-37.582972,145.029144,7250,306.1,335.3
-37.573288,145.023505,7075,303.3,335.0
-37.567982,145.020427,6975,301.5,334.9
-37.562576,145.017252,6875,300.2,335.0
-37.557089,145.013978,6775,298.4,334.8
-37.551223,145.010515,6675,296.6,334.6
-37.545311,145.006933,6575,295.2,334.3
-37.539597,145.003344,6475,293.8,333.5
-37.534241,144.999955,6375,293.4,333.3
-37.527924,144.995922,6275,292.9,333.0
-37.51767,144.989319,6200,288.9,332.8
-37.508972,144.983767,6125,284.9,333.1
-37.5009,144.97875,6050,280.4,333.5
-37.491962,144.973198,5975,275.5,333.7
-37.482419,144.967406,5875,271.0,334.2
-37.476562,144.96384,5775,270.1,334.1
-37.471161,144.960509,5675,270.1,334.1
-37.465302,144.956769,5575,269.3,332.1
-37.461191,144.953494,5525,268.2,327.0
-37.458119,144.950389,5475,266.7,321.2
-37.455551,144.947127,5450,264.5,315.3
-37.453079,144.943153,5375,262.2,309.3
-37.451157,144.939354,5350,259.6,303.7
-37.449463,144.935147,5300,256.8,297.9
-37.448343,144.931581,5250,253.9,292.2
-37.447449,144.927258,5200,250.9,286.9
-37.446762,144.922758,5175,248.1,281.6
-37.446487,144.918843,5125,244.6,276.6
-37.44648,144.914266,5100,241.1,271.4
-37.446806,144.910146,5075,237.5,266.4
-37.447449,144.904993,5025,232.5,261.6
-37.448668,144.896472,4925,228.4,260.2
-37.449879,144.887218,4875,223.8,261.0
-37.450484,144.882142,4875,219.6,261.1
-37.451229,144.87659,4825,214.7,260.9
-37.451834,144.871813,4775,213.1,260.3
-37.452576,144.866482,4675,212.3,260.0
-37.453491,144.860288,4575,212.3,260.0
-37.454162,144.855453,4500,211.3,259.9
-37.454224,144.85497,4475,211.3,259.9
-37.454627,144.852288,4425,211.3,259.9
-37.454681,144.851698,4400,211.3,259.9
-37.455734,144.844101,4300,211.1,260.2
-37.457048,144.834973,4225,206.2,259.9
-37.45784,144.829433,4125,203.4,259.5
-37.458817,144.823807,4025,201.9,257.4
-37.459841,144.819986,3975,199.9,252.8
-37.460999,144.817044,3925,195.3,246.4
-37.462006,144.81494,3900,193.3,241.6
-37.463425,144.812544,3850,188.4,234.3
-37.465164,144.810324,3775,185.5,227.6
-37.466219,144.809239,3750,182.5,223.2
-37.466492,144.808863,3750,182.5,223.2
-37.468506,144.807109,3700,179.4,216.6
-37.470291,144.805882,3650,175.6,210.1
-37.472351,144.804772,3600,173.1,205.7
-37.474598,144.803865,3550,170.8,199.5
-37.476837,144.803253,3500,168.8,193.7
-37.479439,144.80285,3450,165.7,188.3
-37.480883,144.80279,3425,164.6,184.9
-37.481162,144.80279,3400,164.6,184.9
-37.483154,144.80296,3375,162.1,178.6
-37.485306,144.803428,3350,160.5,172.1
-37.486679,144.80372,3325,159.5,169.9
-37.487,144.803837,3325,158.9,169.1
-37.493134,144.805239,3250,156.4,170.1
-37.499039,144.80635,3150,155.4,172.2
-37.504944,144.807343,3050,153.4,172.1
-37.510536,144.808403,2950,149.8,171.2
-37.515657,144.809418,2850,146.7,171.4
-37.520462,144.810265,2750,144.4,172.0
-37.524628,144.811025,2650,143.7,171.2
-37.527854,144.811567,2600,141.3,172.3
-37.532227,144.812427,2500,139.9,170.5
-37.537216,144.813421,2400,136.3,172.0
-37.542343,144.814297,2325,131.4,171.7
-37.54715,144.815232,2225,126.4,171.4
-37.552139,144.816109,2125,124.3,171.7
-37.556809,144.81706,2025,123.6,170.7
-37.561295,144.817862,1925,123.2,172.1
-37.566073,144.818792,1850,123.5,171.1
-37.570403,144.819568,1750,124.3,171.7
-37.574936,144.820316,1650,124.2,172.1
-37.57988,144.821251,1575,126.4,171.4
-37.583725,144.821953,1475,126.3,171.8
-37.588669,144.822946,1400,126.6,170.9
-37.59298,144.823748,1300,128.4,171.5
-37.598007,144.824641,1200,129.3,172.0
-37.602814,144.825576,1100,130.4,171.6
-37.60811,144.826554,1000,132.4,171.8
-37.612812,144.82739,900,133.4,171.8
-37.617828,144.828322,800,134.5,171.4
-37.622588,144.829181,700,134.4,171.9
-37.627662,144.830196,600,133.5,171.4
-37.632596,144.831092,500,133.5,171.4
-37.63781,144.832047,400,132.5,171.3
-37.642745,144.833003,300,134.4,171.9
-37.647812,144.833932,200,135.5,171.5
-37.652986,144.834853,100,137.5,171.6
-37.658153,144.835809,25,137.5,171.6
-37.660248,144.836227,0,134.5,171.4
-37.660812,144.836328,0,132.4,171.8
-37.661499,144.836445,0,126.4,171.4
-37.661703,144.836481,-50.0,127.5,173.0
-37.66198,144.836533,-50.0,127.5,173.0
-37.662401,144.836615,-50.0,127.5,171.4
-37.662678,144.836664,-50.0,127.5,171.4
-37.662975,144.836708,-50.0,122.5,171.4
-37.663296,144.836767,-50.0,122.5,171.4
-37.663536,144.836825,-50.0,117.5,171.4
-37.663879,144.836884,-50.0,117.5,171.4
-37.664257,144.836957,-50.0,112.5,171.4
-37.664555,144.837015,-50.0,112.5,171.4
-37.664967,144.837088,-50.0,112.5,171.4
-37.665334,144.837152,-50.0,107.5,171.4
-37.665858,144.837257,-50.0,102.5,171.4
-37.666203,144.837322,-50.0,99.0,171.4
-37.666661,144.837406,-50.0,95.0,171.4
-37.667022,144.837466,-50.0,93.0,171.4
-37.667359,144.837555,-50.0,91.0,171.4
-37.66772,144.837615,-50.0,87.0,171.4
-37.668068,144.837672,-50.0,87.0,171.4
-37.668442,144.837734,-50.0,87.0,171.4
-37.668789,144.837819,-50.0,83.0,171.4
-37.669167,144.837892,-50.0,83.0,171.4
-37.669535,144.837943,-50.0,83.0,171.7
-37.669807,144.837994,-50.0,81.0,171.7
-37.670185,144.838067,-50.0,79.0,171.7
-37.670563,144.83814,-50.0,79.0,171.7
-37.670979,144.838212,-50.0,75.0,171.7
-37.671421,144.838302,-50.0,73.0,171.7
-37.671817,144.838376,-50.0,68.5,171.4
-37.672108,144.838421,-50.0,66.5,171.4
-37.672457,144.838496,-50.0,64.5,171.4
-37.672876,144.83857,-50.0,63.5,171.4
-37.673172,144.838622,-50.0,61.5,171.4
-37.673562,144.83869,-50.0,58.5,171.4
-37.673996,144.838783,-50.0,57.5,171.4
-37.674412,144.838854,-50.0,54.5,171.4
-37.674774,144.838929,-50.0,51.5,171.4
-37.675198,144.839002,-50.0,48.5,171.4
-37.675599,144.839078,-50.0,45.5,171.4
-37.676041,144.839152,-50.0,43.5,171.4
-37.676479,144.839236,-50.0,39.5,171.4
-37.67688,144.839323,-50.0,37.5,171.4
-37.677321,144.839391,-50.0,34.5,171.4
-37.677717,144.839466,-50.0,30.5,171.4
-37.677979,144.839528,-50.0,26.5,171.4
-37.678252,144.83966,-50.0,22.5,171.4
-37.678578,144.840018,-50.0,20.5,171.4
-37.678741,144.840526,-50.0,18.5,0.0
-37.678757,144.841003,-50.0,14.2,0.0
-37.678699,144.841544,-50.0,11.8,0.0
-37.678631,144.842085,-50.0,10.8,0.0
-37.678555,144.84263,-50.0,11.2,0.0
-37.678391,144.843122,-50.0,12.2,0.0
-37.678059,144.843502,-50.0,13.8,0.0
-37.677647,144.843692,-50.0,15.5,0.0
-37.677205,144.84366,-50.0,14.8,0.0
-37.676777,144.843575,-50.0,14.2,0.0
-37.676353,144.843502,-50.0,12.8,0.0
-37.675919,144.843414,-50.0,11.8,0.0
-37.675494,144.843332,-50.0,11.2,0.0
-37.675049,144.843253,-50.0,10.8,0.0
-37.674625,144.84318,-50.0,10.2,0.0
-37.674202,144.843093,-50.0,9.8,0.0
-37.673882,144.843034,-50.0,7.2,0.0
-37.673618,144.84299,-50.0,6.2,0.0
-37.673388,144.842944,-50.0,5.2,0.0
-37.673039,144.842884,-50.0,3.8,0.0
-37.672992,144.842869,-50.0,0.0,0.0
-37.672969,144.842869,-50.0,1.6,0.0
-37.67276,144.84283,-50.0,6.2,0.0
-37.672428,144.842844,-50.0,8.2,0.0
-37.672154,144.843108,-50.0,7.8,0.0
-37.67205,144.843502,-50.0,8.2,0.0
-37.672003,144.843944,-50.0,8.2,0.0
-37.671993,144.844086,-50.0,3.2,0.0
-37.671945,144.844287,-50.0,2.8,0.0
-37.67181,144.844451,-50.0,2.8,0.0
-37.671654,144.844541,-50.0,4.8,0.0
-37.671363,144.844586,-50.0,7.8,0.0
-37.670986,144.84451,-50.0,8.8,0.0
-37.67062,144.844437,-50.0,9.2,0.0
-37.670334,144.84451,-50.0,6.2,0.0
-37.670208,144.844729,-50.0,5.2,0.0
-37.670187,144.844959,-50.0,5.2,0.0
-37.670162,144.845357,-50.0,8.8,0.0
-37.670128,144.845737,-50.0,5.8,0.0
-37.670094,144.846,-50.0,4.8,0.0
-37.670059,144.846321,-50.0,6.8,0.0
-37.670013,144.846631,-50.0,6.8,0.0
-37.669842,144.846803,-50.0,5.8,0.0
-37.669431,144.846855,-50.0,4.8,0.0
-37.669212,144.846891,-50.0,0.3,0.0
-37.669075,144.847081,-50.0,0.0,0.0
-37.669058,144.847109,-50.0,0.0,0.0
-37.669268,144.84681,-50.0,0.0,0.0
-37.669224,144.846876,-50.0,0.0,0.0
-37.66921,144.846885,-50.0,0.0,0.0
-37.66921,144.846885,-50.0,0.0,0.0
-37.668972,144.847139,-50.0,0.0,0.0
-37.668949,144.847169,-50.0,0.0,0.0
-37.669224,144.846891,-50.0,0.0,0.0
-37.669224,144.846891,-50.0,0.0,0.0
-37.66975,144.847037,-50.0,0.0,0.0
-37.669757,144.847034,-50.0,0.0,0.0
-37.66921,144.8469,-50.0,0.0,0.0
-37.669245,144.8469,-50.0,1.9,0.0
-37.669407,144.846876,-50.0,1.6,0.0
-37.66957,144.846795,-50.0,2.8,0.0
-37.669733,144.84672,-50.0,2.8,0.0
-37.669896,144.846735,-50.0,1.9,0.0
-37.669966,144.84678,-50.0,0.4,0.0
-37.669966,144.84678,-50.0,0.0,0.0
-37.669945,144.84676,-50.0,0.9,0.0
-37.669876,144.846687,-50.0,0.9,0.0
-37.670048,144.846526,-50.0,2.8,0.0
-37.670013,144.846273,-50.0,2.8,0.0
-37.670082,144.845941,-50.0,3.8,0.0
-37.670117,144.845765,-50.0,0.0,0.0
-37.670117,144.845765,-50.0,0.0,0.0
-37.670117,144.845765,-50.0,0.0,0.0
-37.670117,144.845765,-50.0,0.0,0.0
-37.670116,144.845766,-50.0,0.0,0.0
-37.670117,144.845765,-50.0,0.0,0.0
-37.670129,144.845601,-50.0,4.8,0.0
-37.670151,144.845196,-50.0,9.2,0.0
-37.670242,144.844641,-50.0,11.8,0.0
-37.670432,144.844198,-50.0,12.2,0.0
-37.670513,144.84366,-50.0,13.2,0.0
-37.670574,144.843122,-50.0,13.2,0.0
-37.670471,144.84261,-50.0,12.2,0.0
-37.670094,144.842347,-50.0,10.8,0.0
-37.66967,144.84226,-50.0,9.8,0.0
-37.669256,144.842198,-50.0,10.2,0.0
-37.668835,144.842114,-50.0,12.2,0.0
-37.668418,144.842033,-50.0,13.8,0.0
-37.667988,144.841944,-50.0,15.5,0.0
-37.667564,144.84188,-50.0,17.5,0.0
-37.667173,144.841795,-50.0,17.5,0.0
-37.666731,144.84172,-50.0,17.5,0.0
-37.666288,144.841675,-50.0,17.5,0.0
-37.66587,144.841839,-50.0,16.5,0.0
-37.665527,144.842187,-50.0,14.2,0.0
-37.665321,144.842669,-50.0,15.5,0.0
-37.665253,144.843209,-50.0,18.5,0.0
-37.665195,144.843765,-50.0,20.5,0.0
-37.665138,144.844291,-50.0,20.5,0.0
-37.665078,144.84484,-50.0,20.5,0.0
-37.665001,144.845386,-50.0,19.5,0.0
-37.664938,144.845899,-50.0,19.5,0.0
-37.664875,144.846453,-50.0,18.5,0.0
-37.66481,144.847004,-50.0,17.5,0.0
-37.664741,144.847556,-50.0,17.5,0.0
-37.664671,144.848109,-50.0,16.5,0.0
-37.664612,144.848644,-50.0,16.5,0.0
-37.66452,144.849156,-50.0,13.8,0.0
-37.664177,144.849521,-50.0,12.2,0.0
-37.66374,144.849392,-50.0,9.8,0.0
-37.663623,144.849258,-50.0,5.2,0.0
-37.663565,144.849213,-50.0,0.6,0.0
-37.66349,144.849126,-50.0,4.2,0.0
-37.663321,144.84896,-50.0,8.2,0.0
-37.662975,144.848615,-50.0,12.8,0.0
-37.662655,144.848279,-50.0,12.2,0.0
-37.662343,144.848004,-50.0,7.2,0.0
-37.662231,144.847622,-50.0,2.2,0.0
-37.662227,144.847556,-50.0,2.8,0.0
-37.66222,144.847446,-50.0,6.2,0.0
-37.662215,144.847347,-50.0,9.8,0.0
-37.662204,144.847153,-50.0,19.5,0.0
-37.662192,144.847004,-50.0,24.5,0.0
-37.662186,144.846803,-50.0,29.5,0.0
-37.662174,144.846526,-50.0,35.5,0.0
-37.662157,144.846258,-50.0,40.5,0.0
-37.66214,144.845971,-50.0,45.5,0.0
-37.662117,144.845678,-50.0,50.5,0.0
-37.662099,144.845332,-50.0,55.5,0.0
-37.662075,144.844929,-50.0,59.5,0.0
-37.662052,144.844496,-50.0,64.5,0.0
-37.662029,144.844108,-50.0,69.5,0.0
-37.662006,144.84369,-50.0,75.0,0.0
-37.661994,144.843437,-50.0,75.0,0.0
-37.661957,144.842844,-50.0,79.0,0.0
-37.661945,144.842552,-50.0,85.0,0.0
-37.661922,144.842274,-50.0,89.0,0.0
-37.661888,144.841661,-50.0,93.0,0.0
-37.661854,144.841135,-50.0,97.0,0.0
-37.661819,144.840477,-50.0,107.5,0.0
-37.661773,144.839839,-50.0,107.5,0.0
-37.661738,144.839257,-50.0,112.5,0.0
-37.661715,144.838615,-50.0,117.5,0.0
-37.661671,144.838052,-50.0,117.5,0.0
-37.661648,144.837672,-50.0,122.5,0.0
-37.66161,144.836943,-50.0,127.5,0.0
-37.661598,144.83666,-50.0,127.5,0.0
-37.661579,144.836328,-50.0,132.5,0.0
-37.66154,144.835674,-50.0,132.5,0.0
-37.661488,144.834882,-50.0,137.5,0.0
-37.661459,144.834376,-50.0,137.5,0.0
-37.661435,144.833943,-50.0,142.5,0.0
-37.661412,144.833465,-50.0,142.5,0.0
-37.661377,144.833017,-50.0,147.5,0.0
-37.661354,144.832525,-50.0,147.5,0.0
-37.661327,144.832165,-50.0,147.5,0.0
-37.661282,144.831186,-50.0,152.5,0.0
-37.661249,144.830749,-50.0,152.5,0.0
-37.661224,144.830368,-50.0,157.5,0.0
-37.661179,144.82945,-50.0,162.5,0.0
-37.661156,144.829077,-50.0,162.5,0.0
-37.661098,144.828047,-50.0,162.5,0.0
-37.661064,144.82746,-50.0,167.5,0.0
-37.661041,144.827081,-50.0,167.5,0.0
-37.661041,144.82692,75,167.5,272.8
-37.660995,144.826394,100,161.4,274.3
-37.660853,144.823151,200,165.4,274.2
-37.660721,144.821485,275,165.4,274.2
-37.660667,144.819867,375,164.4,274.2
-37.660574,144.818434,475,163.4,273.9
-37.660492,144.816693,575,162.3,273.5
-37.660446,144.815817,625,162.3,273.5
-37.660435,144.815269,650,162.3,273.5
-37.660355,144.813245,750,162.3,273.2
-37.660309,144.812194,800,162.3,273.2
-37.660263,144.811668,825,163.2,273.2
-37.660172,144.808337,925,167.2,272.7
-37.66008,144.805415,1025,170.1,272.4
-37.659969,144.80291,1125,172.1,272.0
-37.659922,144.800402,1225,173.1,272.0
-37.659876,144.797715,1325,175.0,271.3
-37.659829,144.795685,1425,176.1,271.6
-37.659736,144.793117,1525,177.1,271.9
-37.65969,144.791028,1625,177.2,272.6
-37.659576,144.788818,1725,178.2,272.9
-37.659439,144.786773,1825,178.3,273.5
-37.659317,144.784579,1925,179.4,273.8
-37.659271,144.783624,1975,179.5,274.1
-37.659119,144.781455,2075,179.6,274.8
-37.658991,144.779444,2175,179.6,274.8
-37.658844,144.777481,2275,179.7,275.1
-37.658661,144.775378,2375,179.8,275.4
-37.658478,144.772923,2475,178.8,275.5
-37.65834,144.770819,2575,178.8,275.5
-37.658153,144.768458,2675,178.8,275.5
-37.657974,144.765735,2775,178.7,275.1
-37.657781,144.763024,2875,179.7,275.1
-37.657516,144.759424,2975,182.7,275.0
-37.657455,144.758785,2975,182.7,275.0
-37.657455,144.758367,3000,183.6,274.7
-37.657222,144.754964,3050,187.6,274.6
-37.65699,144.750426,3125,192.5,274.2
-37.65683,144.747444,3150,197.5,274.1
-37.656571,144.743619,3200,202.5,274.0
-37.656478,144.741649,3225,206.5,274.2
-37.656326,144.739321,3250,210.6,274.4
-37.656143,144.736809,3275,214.7,274.5
-37.65596,144.733711,3325,217.7,274.7
-37.655731,144.73114,3350,220.9,275.2
-37.655502,144.727575,3400,225.9,275.1
-37.655273,144.723076,3450,230.7,274.5
-37.655273,144.720855,3475,234.3,272.9
-37.655453,144.716153,3575,238.1,268.8
-37.655823,144.713024,3675,238.5,263.5
-37.656431,144.709765,3775,238.7,259.9
-37.656664,144.708511,3800,239.1,258.2
-37.65685,144.707734,3825,239.4,256.7
-37.657781,144.704152,3925,239.6,253.8
-37.659131,144.700092,4025,242.3,248.2
-37.659576,144.698766,4050,242.3,248.2
-37.659851,144.698006,4075,242.8,246.7
-37.661785,144.693942,4150,244.7,242.0
-37.663788,144.69035,4200,247.4,237.2
-37.665602,144.687493,4300,249.3,231.8
-37.667587,144.685033,4400,249.2,227.9
-37.668091,144.684448,4425,249.7,226.1
-37.66983,144.68252,4525,249.1,222.7
-37.671661,144.680767,4625,249.3,219.6
-37.673702,144.679015,4725,249.6,216.4
-37.675052,144.67794,4800,249.7,215.2
-37.675657,144.677462,4825,250.2,213.8
-37.676169,144.677104,4850,250.2,213.8
-37.678357,144.675432,4950,250.4,211.3
-37.678869,144.675074,4975,250.4,211.3
-37.679352,144.674689,5000,251.6,210.9
-37.681476,144.673104,5100,251.9,210.5
-37.68399,144.671253,5225,251.9,210.5
-37.686643,144.669282,5325,253.8,210.8
-37.687225,144.668787,5350,253.8,210.8
-37.688141,144.668144,5400,254.3,211.0
-37.690461,144.666357,5500,254.8,211.2
-37.692398,144.664872,5600,255.9,211.6
-37.694824,144.662943,5700,256.4,211.8
-37.69606,144.662008,5775,256.9,212.0
-37.697956,144.660505,5850,257.8,211.8
-37.699119,144.659669,5900,258.1,211.5
-37.699631,144.659262,5925,257.9,211.0
-37.701819,144.657699,6025,258.0,209.7
-37.703961,144.656385,6125,257.7,207.8
-37.706497,144.654996,6225,257.7,204.8
-37.709221,144.653878,6325,257.8,201.4
-37.711899,144.653009,6400,258.0,196.0
-37.714994,144.652385,6500,258.9,192.3
-37.717529,144.652132,6600,258.7,188.2
-37.71991,144.652015,6700,257.8,184.4
-37.72229,144.652191,6800,257.0,180.7
-37.724165,144.652325,6900,256.3,177.1
-37.728012,144.653184,7075,255.4,172.1
-37.73124,144.654236,7200,255.2,167.3
-37.734918,144.655908,7350,255.2,162.2
-37.738456,144.657997,7500,255.4,156.9
-37.741156,144.660087,7650,255.9,151.5
-37.744034,144.662768,7800,256.3,145.8
-37.746597,144.665631,7950,256.5,140.5
-37.749115,144.668962,8125,256.0,135.3
-37.751404,144.672585,8300,256.1,130.4
-37.753326,144.676208,8450,257.3,125.7
-37.755112,144.680299,8575,259.3,121.1
-37.755386,144.681,8600,260.2,119.7
-37.757034,144.685325,8700,262.5,116.5
-37.757812,144.687429,8725,264.4,115.3
-37.758957,144.690526,8775,267.6,114.8
-37.759781,144.692863,8800,268.5,114.7
-37.76088,144.695785,8825,271.6,114.6
-37.761932,144.698707,8850,275.2,114.7
-37.763626,144.703382,8900,280.1,114.5
-37.76532,144.708057,8975,284.6,114.5
-37.766853,144.712392,9025,287.8,114.4
-37.768482,144.71693,9075,292.2,114.5
-37.770158,144.721527,9125,296.3,114.3
-37.771866,144.726348,9175,300.8,114.3
-37.773697,144.731374,9225,304.8,114.2
-37.776117,144.738126,9300,309.3,114.2
-37.777817,144.742828,9325,313.7,114.3
-37.779465,144.747561,9375,317.8,114.2
-37.78212,144.754983,9450,322.3,114.2
-37.783891,144.75986,9500,326.7,114.2
-37.786469,144.767138,9600,330.8,114.1
-37.787336,144.769592,9625,333.0,114.1
-37.790222,144.777653,9800,335.3,114.1
-37.793427,144.786598,10000,337.5,114.1
-37.796414,144.795088,10200,338.8,114.2
-37.799346,144.803268,10400,341.1,114.2
-37.802261,144.811434,10600,342.0,114.2
-37.804871,144.818739,10800,342.0,114.2
-37.8074,144.825897,10975,342.9,114.1
-37.809677,144.832296,11175,343.3,114.2
-37.812286,144.839601,11375,343.3,114.2
-37.814848,144.846735,11575,343.3,114.2
-37.817368,144.85386,11775,343.3,114.2
-37.819829,144.860827,11975,344.2,114.2
-37.82515,144.875716,12350,344.2,114.2
-37.829865,144.888923,12675,346.4,114.2
-37.836449,144.907339,13075,350.0,114.3
-37.84346,144.927082,13475,354.1,114.2
-37.850006,144.945257,13825,357.6,114.3
-37.858375,144.96866,14175,365.2,114.2
-37.85907,144.970619,14225,365.2,114.2
-37.86557,144.988734,14625,366.5,114.3
-37.870292,145.002037,14950,367.5,114.3
-37.874901,145.014874,15325,363.9,114.2
-37.879602,145.028249,15725,362.6,114.1
-37.884247,145.041329,16125,360.3,114.1
-37.888354,145.052968,16450,358.1,114.1
-37.893661,145.067895,16850,358.1,114.1
-37.899527,145.084434,17250,357.2,114.1
-37.906815,145.104909,17650,358.5,114.2
-37.914093,145.125421,18050,360.8,114.2
-37.9216,145.146458,18450,363.0,114.2
-37.929553,145.168862,18825,366.1,114.2
-37.937027,145.189819,19200,368.4,114.2
-37.945129,145.212669,19575,370.6,114.2
-37.953015,145.234899,19975,372.4,114.1
-37.960785,145.256789,20350,373.3,114.0
-37.964493,145.267366,20550,373.3,114.0
-37.964859,145.26836,20575,373.3,114.0
-37.965538,145.270366,20600,373.3,114.0
-37.973282,145.292378,21000,374.3,114.0
-37.98104,145.314431,21375,375.2,113.9
-37.988846,145.336557,21750,376.5,114.0
-37.996635,145.358734,22125,377.4,113.9
-38.005096,145.38284,22475,379.6,113.9
-38.013977,145.408143,22800,381.9,113.9
-38.022425,145.432116,23150,384.1,114.0
-38.031409,145.457731,23475,387.3,113.9
-38.040673,145.484122,23800,389.5,113.9
-38.04982,145.510234,24150,390.4,113.9
-38.058875,145.536187,24500,391.3,113.8
-38.068092,145.562578,24850,391.3,113.8
-38.076751,145.587298,25200,391.3,113.8
-38.085782,145.613092,25525,392.6,113.9
-38.094955,145.639382,25850,392.6,113.9
-38.104543,145.666769,26175,393.5,113.8
-38.114319,145.694892,26475,395.4,113.7
-38.124653,145.724627,26775,396.7,113.8
-38.135593,145.756033,27050,399.8,113.7
-38.1465,145.787464,27350,402.1,113.8
-38.158173,145.821066,27625,405.2,113.7
-38.170074,145.855544,27900,408.4,113.7
-38.181564,145.888795,28175,410.2,113.6
-38.185497,145.900229,28300,410.2,113.6
-38.185822,145.901126,28325,410.2,113.6
-38.186279,145.90247,28325,410.2,113.6
-38.186568,145.903334,28350,410.2,113.6
-38.194519,145.926488,28600,410.2,113.6
-38.194854,145.927336,28600,410.2,113.6
-38.195599,145.929546,28625,410.2,113.6
-38.205002,145.956875,28950,408.9,113.5
