lat,lon,alt,gs,track,vs
39.460373,-84.25218,850,74.8,188.5,1344
39.459091,-84.252419,950,71.7,188.0,1536
39.457855,-84.252658,1050,68.6,187.5,1536
39.456573,-84.252837,1150,65.6,187.9,1472
39.455303,-84.253113,1250,61.5,187.5,1408
39.454325,-84.253296,1350,57.9,189.9,1472
39.453232,-84.253613,1450,56.3,192.3,1344
39.452509,-84.253784,1500,55.6,188.3,1152
39.45195,-84.253792,1525,56.0,180.0,960
39.451578,-84.253723,1550,56.6,171.9,832
39.451126,-84.253494,1550,57.6,162.8,704
39.45076,-84.253255,1575,60.4,153.4,640
39.450348,-84.252897,1575,63.6,143.3,512
39.449936,-84.252359,1600,67.2,135.6,448
39.44957,-84.251762,1625,71.2,128.2,448
39.449158,-84.250977,1625,74.9,121.4,384
39.448837,-84.25009,1650,78.4,113.3,448
39.448553,-84.248901,1675,83.2,106.0,512
39.448425,-84.247881,1700,86.0,98.7,640
39.448413,-84.246765,1725,88.1,91.9,768
39.448459,-84.245483,1750,91.4,84.3,832
39.448646,-84.244324,1775,95.1,77.9,832
39.448925,-84.243225,1800,97.1,71.4,768
39.449387,-84.24197,1825,101.5,63.7,576
39.449996,-84.240784,1850,105.4,56.6,512
39.450834,-84.239502,1850,109.9,49.1,320
39.451718,-84.238342,1875,113.3,42.1,128
39.452556,-84.237549,1875,114.2,37.2,0
39.453781,-84.236596,1850,114.2,29.9,-64
39.45493,-84.235962,1850,113.8,22.7,-128
39.456161,-84.235462,1850,112.9,17.0,-256
39.45763,-84.235046,1825,111.8,10.3,-384
39.460419,-84.234566,1800,108.8,6.9,-320
39.462891,-84.234131,1775,103.9,7.7,-128
39.467546,-84.233398,1700,99.5,5.8,-448
39.472,-84.232894,1625,97.3,4.7,-448
39.476166,-84.232476,1550,96.3,4.8,-512
39.480813,-84.231995,1500,97.1,3.0,-256
39.489146,-84.231445,1500,99.2,3.5,128
39.495071,-84.230864,1550,101.2,4.0,256
39.500473,-84.230386,1625,103.3,4.4,320
39.502879,-84.230225,1650,102.0,1.1,448
39.504089,-84.230327,1675,101.4,354.9,576
39.504959,-84.230566,1700,100.7,346.8,448
39.505905,-84.231018,1700,100.1,338.3,448
39.506516,-84.231461,1725,98.4,332.1,384
39.507208,-84.232056,1725,97.9,325.8,320
39.507843,-84.232775,1725,95.6,318.0,192
39.508438,-84.233611,1725,93.6,310.7,64
39.508896,-84.234566,1725,91.0,303.3,0
39.50935,-84.235718,1725,88.6,295.4,-64
39.509722,-84.237,1725,86.7,288.9,-128
39.510132,-84.238925,1700,84.4,283.7,-128
39.510467,-84.241272,1700,83.2,279.7,-128
39.5107,-84.24353,1675,81.4,275.6,-128
39.510727,-84.244716,1675,78.0,269.3,0
39.510653,-84.245117,1700,74.4,263.8,64
39.51056,-84.245667,1700,71.3,255.4,64
39.510374,-84.246155,1700,67.8,248.4,64
39.510178,-84.246567,1675,63.5,236.6,0
39.509815,-84.247009,1675,60.8,226.3,-128
39.509443,-84.247375,1675,60.0,216.9,-256
39.509125,-84.247642,1650,59.1,208.3,-320
39.508621,-84.247881,1650,57.6,200.3,-256
39.508046,-84.248047,1650,57.1,191.1,-320
39.507294,-84.24818,1625,56.3,186.1,-256
39.504456,-84.248418,1550,58.3,185.9,-384
39.501022,-84.248956,1500,59.2,184.8,-256
39.498317,-84.249207,1475,60.1,182.9,-256
39.495384,-84.249451,1425,60.1,183.8,-192
39.492544,-84.249634,1375,64.0,181.8,-320
39.489565,-84.249756,1325,68.1,183.4,-256
39.486074,-84.25,1250,68.1,182.5,-512
39.482908,-84.250061,1175,70.0,180.8,-448
39.480515,-84.25015,1125,70.1,183.3,-512
39.477741,-84.250427,1025,70.1,183.3,-640
39.474976,-84.250628,950,71.1,183.2,-640
39.47287,-84.250866,875,74.2,183.9,-704
39.471176,-84.250986,825,74.2,183.9,-704
39.461168,-84.251953,750,73.2,183.9,-640
39.460876,-84.252001,750,74.2,184.6,768
39.460051,-84.252136,800,72.4,186.3,1088
39.458908,-84.252299,900,68.6,187.5,1472
39.457489,-84.252538,1000,67.6,187.6,1344
39.455978,-84.252777,1100,67.5,186.8,1152
39.45433,-84.253076,1200,66.8,188.6,1216
39.45314,-84.253314,1300,64.1,190.8,1408
39.452184,-84.253601,1375,59.2,191.7,1600
39.451485,-84.253723,1450,56.4,187.1,1408
39.45108,-84.253732,1475,56.0,179.0,1152
39.450834,-84.253662,1500,55.6,171.7,1024
39.450439,-84.253494,1500,55.4,159.9,832
39.450089,-84.253235,1525,56.6,148.0,768
39.449799,-84.252897,1550,58.8,138.4,704
39.449524,-84.252419,1550,61.7,130.4,640
39.449203,-84.251762,1575,65.5,121.3,512
39.449018,-84.25116,1575,68.9,114.0,448
39.448878,-84.250671,1600,72.1,109.4,384
39.448739,-84.25,1600,76.2,103.7,256
39.448654,-84.249195,1600,79.9,98.6,192
39.448599,-84.248535,1600,84.1,92.7,192
39.4487,-84.247523,1625,88.7,82.9,256
39.448972,-84.246399,1625,92.2,74.9,448
39.449249,-84.245612,1650,96.6,64.2,576
39.449753,-84.244657,1675,101.3,55.0,576
39.450302,-84.24394,1675,105.4,46.2,512
39.450943,-84.243224,1675,109.5,39.1,320
39.45163,-84.242686,1700,114.3,32.9,192
39.452556,-84.242065,1700,117.2,26.4,128
39.453813,-84.241455,1700,120.5,18.9,64
39.45575,-84.240776,1700,122.7,14.1,0
39.458654,-84.23999,1700,122.2,10.9,0
39.460982,-84.239563,1700,120.9,7.1,-64
39.464996,-84.239104,1675,117.3,4.4,-128
39.469345,-84.238746,1650,114.1,2.5,-384
39.473923,-84.238567,1575,116.1,2.0,-384
39.478958,-84.238328,1525,112.1,2.0,-384
39.483234,-84.238159,1475,109.0,0.0,-448
39.484268,-84.238268,1475,106.8,353.0,-320
39.485236,-84.238586,1475,104.5,345.0,0
39.48612,-84.239075,1475,102.5,335.2,128
39.486969,-84.239761,1475,101.0,326.3,0
39.487427,-84.240358,1475,100.6,318.2,-64
39.488113,-84.241373,1450,99.6,308.5,-192
39.488525,-84.242268,1450,97.6,299.5,-320
39.488846,-84.243343,1425,95.6,291.5,-320
39.489146,-84.24469,1425,92.9,284.3,-256
39.489304,-84.24597,1400,89.8,277.7,-256
39.489258,-84.246687,1425,85.1,268.0,-128
39.489166,-84.247344,1425,80.4,259.2,0
39.488983,-84.247941,1400,76.9,249.4,-128
39.488727,-84.248535,1400,73.2,237.8,-256
39.488355,-84.249023,1375,70.0,226.7,-320
39.488068,-84.249254,1375,67.8,217.2,-448
39.487703,-84.249512,1350,67.1,206.6,-512
39.487191,-84.249756,1350,66.5,201.2,-512
39.486679,-84.249878,1325,65.9,189.6,-640
39.485934,-84.249939,1300,66.1,183.5,-704
39.483653,-84.25,1200,66.1,182.6,-704
39.481247,-84.25015,1100,62.0,181.9,-704
39.479462,-84.250329,1050,66.2,184.3,-576
39.47681,-84.250549,975,68.2,184.2,-448
39.47406,-84.250747,900,68.1,182.5,-576
39.47287,-84.250866,850,68.1,183.4,-576
39.459073,-84.252258,825,75.5,186.8,1152
39.457677,-84.252441,900,72.4,186.3,1472
39.456606,-84.252625,1000,71.5,186.4,1408
39.455154,-84.252897,1100,68.7,188.4,1408
39.453918,-84.253135,1200,67.1,190.3,1408
39.452742,-84.253479,1300,64.3,191.7,1408
39.45163,-84.253792,1400,61.4,192.2,1472
39.450577,-84.254031,1475,59.0,190.7,1216
39.449949,-84.254089,1500,58.1,183.0,960
39.449387,-84.254031,1525,58.2,175.1,832
39.449018,-84.253906,1550,58.5,167.1,704
39.448608,-84.253732,1550,60.2,158.6,576
39.448227,-84.253479,1575,61.8,150.9,448
39.447854,-84.253113,1575,63.6,143.3,384
39.447435,-84.252563,1575,67.2,134.4,320
39.447144,-84.252061,1575,70.6,127.5,192
39.44683,-84.251343,1575,73.8,118.3,64
39.446597,-84.250427,1575,78.8,110.1,0
39.446411,-84.249512,1575,82.8,101.8,0
39.446365,-84.248474,1575,87.4,95.2,-64
39.44632,-84.246747,1575,92.0,90.0,0
39.446411,-84.245361,1600,93.4,84.5,128
39.446594,-84.244239,1625,95.6,76.7,384
39.446877,-84.243408,1625,97.9,68.4,512
39.447235,-84.242627,1650,101.7,59.9,512
39.447808,-84.241699,1650,105.1,50.4,448
39.448334,-84.241015,1650,109.2,40.5,384
39.449251,-84.240234,1675,111.8,33.7,256
39.450165,-84.239641,1675,115.4,25.7,64
39.451346,-84.239136,1650,119.2,18.6,-128
39.452728,-84.238686,1650,121.8,12.3,-320
39.454837,-84.238281,1625,124.2,7.9,-384
39.457118,-84.237976,1600,124.3,3.7,-192
39.461105,-84.23779,1600,120.1,1.9,-64
39.464613,-84.237671,1600,116.0,1.0,-64
39.472155,-84.237427,1550,112.1,2.0,-192
39.478113,-84.237122,1475,113.1,2.0,-384
39.48175,-84.236954,1475,109.0,1.6,-64
39.486074,-84.236816,1425,105.0,0.0,-320
39.486969,-84.236954,1425,103.7,353.4,-384
39.487936,-84.237244,1425,102.4,345.3,-128
39.488846,-84.23779,1425,101.2,336.7,-64
39.489487,-84.238268,1400,100.3,330.1,-64
39.490219,-84.238984,1400,98.9,321.2,-128
39.490682,-84.239624,1400,96.9,313.8,-192
39.491135,-84.240477,1375,94.9,304.7,-320
39.49152,-84.241455,1375,93.5,296.0,-384
39.491867,-84.242746,1350,92.3,287.6,-512
39.492004,-84.243821,1350,89.9,278.3,-384
39.49205,-84.244657,1325,87.0,270.7,-320
39.491939,-84.245605,1325,84.0,261.1,-256
39.491706,-84.246338,1325,80.3,251.1,-256
39.491427,-84.246948,1300,77.5,239.8,-320
39.491135,-84.247403,1300,75.3,230.4,-320
39.490631,-84.247941,1275,74.3,224.4,-384
39.490356,-84.248169,1275,73.5,213.9,-576
39.489716,-84.248598,1250,73.4,205.9,-640
39.488867,-84.249023,1225,72.2,201.9,-640
39.488068,-84.249314,1200,71.6,195.4,-576
39.487152,-84.249553,1175,72.0,189.6,-576
39.485687,-84.249792,1125,73.2,184.7,-512
39.484025,-84.249878,1100,73.0,181.6,-320
39.4823,-84.250031,1050,74.3,185.4,-512
39.479416,-84.250269,1000,74.1,183.1,-448
39.476437,-84.250549,925,71.3,184.8,-384
39.473644,-84.250793,850,69.1,183.3,-448
39.469711,-84.251105,775,70.2,184.1,-448
39.459166,-84.252197,850,77.5,186.7,1280
39.45777,-84.252502,950,76.8,188.2,1280
39.456141,-84.252808,1050,74.2,190.1,1344
39.454372,-84.253174,1150,73.8,188.6,1152
39.452835,-84.253479,1250,71.7,188.0,1344
39.451721,-84.253673,1325,66.9,189.5,1536
39.450694,-84.253906,1425,64.0,189.9,1472
39.449856,-84.254028,1475,63.1,183.6,1280
39.449387,-84.253971,1500,62.3,174.5,1088
39.449018,-84.253845,1525,63.3,164.4,896
39.448654,-84.253553,1550,64.8,153.4,768
39.44832,-84.253235,1550,67.6,141.6,576
39.448013,-84.252777,1550,70.9,130.4,448
39.447808,-84.252319,1575,74.3,123.5,384
39.447575,-84.251648,1575,78.8,114.0,256
39.447418,-84.251105,1575,82.5,109.1,192
39.447327,-84.250628,1575,87.1,102.6,64
39.447203,-84.249573,1575,91.9,98.1,0
39.447109,-84.247681,1600,95.1,93.0,384
39.447109,-84.244812,1675,96.0,89.4,832
39.447249,-84.240845,1775,95.1,87.0,832
39.447418,-84.237432,1875,93.3,85.1,1024
39.447621,-84.234192,1975,92.3,85.0,896
39.448013,-84.229789,2075,94.6,83.3,704
39.44838,-84.22549,2175,94.5,83.9,832
39.448692,-84.221252,2275,94.4,84.5,832
39.449018,-84.217102,2375,95.5,84.0,768
39.449341,-84.212892,2450,96.3,85.8,704
39.449341,-84.21134,2500,93.1,92.5,832
39.449251,-84.210327,2525,91.7,96.9,960
39.449066,-84.20913,2575,89.1,102.3,960
39.448746,-84.207936,2600,87.3,110.1,832
39.448196,-84.206503,2625,87.7,115.7,704
39.447761,-84.205566,2650,87.7,122.4,512
39.447156,-84.20459,2650,88.7,130.0,384
39.446548,-84.203816,2675,88.4,136.4,384
39.445713,-84.203003,2700,89.4,143.6,384
39.444763,-84.202204,2700,90.9,150.3,320
39.443665,-84.201547,2700,92.7,156.5,128
39.442383,-84.200891,2725,94.2,160.8,128
39.441058,-84.2005,2725,93.4,167.0,320
39.439041,-84.199995,2750,94.2,170.8,320
39.436263,-84.199585,2800,94.5,173.9,384
39.43364,-84.199338,2850,96.1,177.0,320
39.432404,-84.199338,2850,97.0,181.2,128
39.431421,-84.199524,2825,100.0,188.1,-64
39.429932,-84.199935,2825,102.6,192.9,-192
39.428055,-84.200592,2825,103.4,196.9,0
39.42691,-84.201189,2850,103.6,202.1,256
39.425509,-84.202087,2875,102.9,207.8,448
39.423694,-84.20343,2875,103.2,211.5,192
39.421645,-84.205261,2900,102.7,215.1,320
39.418666,-84.208069,2975,98.4,217.6,384
39.415268,-84.211609,3000,97.3,219.6,256
39.412811,-84.214385,3050,97.0,222.1,256
39.40979,-84.218087,3075,98.3,223.8,128
39.403164,-84.226379,3075,103.2,224.2,-64
39.396927,-84.234268,3100,101.8,225.0,128
39.39283,-84.239441,3125,100.5,223.4,0
39.390176,-84.242615,3125,99.2,221.7,128
39.386902,-84.246149,3125,100.1,219.7,0
39.383606,-84.249493,3125,101.2,217.8,-64
39.376099,-84.256837,3100,102.0,217.4,-64
39.372253,-84.26062,3075,101.6,216.2,-128
39.370345,-84.262207,3075,101.6,212.1,-128
39.368529,-84.263489,3075,102.0,208.1,-128
39.366993,-84.264404,3050,103.1,202.8,-192
39.365364,-84.265137,3050,103.1,198.1,-256
39.363464,-84.265794,3025,103.8,193.4,-192
39.361221,-84.266331,3025,103.4,189.5,-128
39.358017,-84.266928,3000,102.7,186.7,-64
39.351654,-84.267883,2975,102.5,185.6,-64
39.349319,-84.268062,2975,101.1,182.3,0
39.347488,-84.268005,2975,101.0,178.3,0
39.345566,-84.267824,2975,100.6,173.7,-64
39.344193,-84.267525,2975,100.8,169.1,-128
39.342786,-84.267029,2950,102.2,163.5,-256
39.34125,-84.266296,2925,103.6,157.9,-384
39.339713,-84.26532,2900,105.5,152.9,-320
39.33815,-84.264122,2875,107.4,147.9,-320
39.336136,-84.26239,2850,108.2,144.4,-384
39.335151,-84.261353,2850,109.2,139.5,-256
39.3345,-84.260376,2850,110.5,131.3,-192
39.333894,-84.259277,2825,111.2,123.3,-192
39.333429,-84.258057,2825,113.1,116.8,-192
39.332731,-84.255798,2800,115.9,111.2,-448
39.332153,-84.253434,2775,115.8,106.6,-320
39.331741,-84.251225,2750,115.5,102.0,-192
39.331194,-84.247375,2750,111.4,101.9,0
39.331055,-84.246747,2775,108.7,104.9,64
39.330775,-84.24585,2775,104.4,110.2,384
39.330322,-84.244716,2800,99.8,118.1,448
39.329727,-84.243582,2800,96.8,125.3,256
39.329224,-84.242925,2775,95.5,136.3,-192
39.328448,-84.242126,2775,95.0,143.1,-448
39.327656,-84.241577,2750,94.8,152.4,-640
39.326818,-84.241211,2725,94.9,161.6,-640
39.32598,-84.240967,2700,94.9,168.4,-576
39.325058,-84.240895,2675,95.1,177.0,-576
39.324398,-84.240967,2675,95.3,184.2,-512
39.323593,-84.241194,2675,94.2,192.3,-320
39.322769,-84.241552,2650,94.6,199.8,-192
39.321837,-84.242126,2650,95.3,208.2,-192
39.32103,-84.242866,2625,96.0,215.7,-256
39.320255,-84.243713,2625,97.7,222.5,-384
39.319611,-84.244657,2600,99.2,229.1,-448
39.318951,-84.24585,2575,101.0,236.3,-448
39.318283,-84.247403,2575,102.9,242.2,-320
39.317688,-84.249135,2550,104.2,248.6,-384
39.317276,-84.250807,2525,106.3,253.6,-384
39.316996,-84.252625,2525,108.1,258.8,-320
39.316818,-84.254509,2500,108.6,264.2,-256
39.316727,-84.256718,2475,111.0,269.0,-384
39.316856,-84.258789,2475,112.4,275.1,-320
39.317093,-84.260778,2450,114.0,280.6,-256
39.317555,-84.263062,2425,115.5,286.1,-320
39.318878,-84.26854,2400,115.7,288.1,-320
39.320906,-84.276184,2400,111.6,288.3,64
39.322586,-84.28287,2375,108.5,286.6,-128
39.322908,-84.284912,2375,105.7,280.4,-128
39.323048,-84.286804,2350,103.4,275.0,-128
39.323048,-84.288208,2350,101.0,268.9,-128
39.322952,-84.289677,2350,97.9,262.4,-128
39.322675,-84.291077,2350,96.0,255.5,-128
39.322349,-84.292236,2325,94.0,249.4,-128
39.321854,-84.293558,2325,91.7,242.0,-192
39.321325,-84.294617,2300,91.5,236.1,-384
39.320534,-84.295898,2275,92.3,230.3,-512
39.319702,-84.297081,2250,91.9,224.1,-576
39.31842,-84.298394,2225,92.5,218.9,-576
39.316577,-84.300171,2175,91.8,215.2,-256
39.314072,-84.302275,2175,89.0,212.6,-128
39.309548,-84.305908,2125,89.0,212.6,-256
39.306289,-84.308655,2050,91.8,213.0,-384
39.302124,-84.312067,2000,95.2,211.7,-320
39.298599,-84.314754,1950,94.5,209.8,-256
39.294571,-84.317561,1925,93.9,207.9,0
39.287761,-84.322205,1950,90.8,206.9,64
39.280266,-84.326965,1950,90.3,206.3,128
39.27589,-84.329651,1950,90.4,204.9,-128
39.271654,-84.332092,1900,86.0,203.3,-256
39.26857,-84.333801,1875,81.2,202.5,-320
39.265686,-84.335354,1800,78.8,204.0,-512
39.262711,-84.337085,1725,77.4,205.2,-448
39.259644,-84.338928,1650,75.6,204.2,-448
39.25621,-84.340847,1575,74.8,202.8,-384
39.25351,-84.34222,1575,79.5,201.4,64
39.250031,-84.343952,1650,81.9,200.0,448
39.246842,-84.345398,1725,82.2,198.4,448
39.242111,-84.347355,1775,85.1,197.8,256
39.237904,-84.348999,1850,85.1,197.8,256
39.235064,-84.350281,1875,86.4,200.3,192
39.231107,-84.352356,1900,87.5,202.2,192
39.227243,-84.35437,1975,85.2,202.1,384
39.224304,-84.355834,2000,86.4,200.3,192
39.221008,-84.357326,2025,86.3,198.2,192
39.213455,-84.360431,2075,88.9,199.1,64
39.211945,-84.361267,2075,88.6,204.0,192
39.210983,-84.361864,2100,87.3,209.5,320
39.210205,-84.362549,2100,87.4,215.7,384
39.209367,-84.363525,2125,88.5,221.8,256
39.208529,-84.364624,2125,90.6,227.7,0
39.206295,-84.367981,2100,93.4,227.6,-128
39.205536,-84.36891,2100,91.4,221.0,-64
39.20462,-84.369686,2075,90.1,213.7,-128
39.203036,-84.370972,2050,89.6,209.4,-320
39.201233,-84.372134,2050,87.7,205.7,-320
39.196609,-84.37494,2000,82.8,205.0,-192
39.193039,-84.37709,1925,82.8,205.0,-320
39.188046,-84.379944,1875,83.3,204.1,-128
39.185394,-84.381389,1875,83.0,201.9,-192
39.182877,-84.382583,1850,82.5,199.1,-192
39.179031,-84.384314,1800,82.3,200.6,-192
39.173801,-84.386963,1750,82.6,201.3,-192
39.168355,-84.389709,1700,83.9,201.7,-256
39.163792,-84.392029,1650,83.9,201.7,-320
39.159256,-84.394345,1575,84.9,201.4,-320
39.154668,-84.396667,1525,83.0,201.9,-320
39.151642,-84.398315,1450,79.3,203.0,-576
39.149506,-84.399421,1425,74.7,200.4,-256
39.147308,-84.400436,1375,69.9,199.2,-256
39.144892,-84.40155,1325,65.2,200.7,-448
39.14331,-84.402222,1275,63.9,197.3,-576
39.140762,-84.403182,1200,64.6,196.2,-512
39.138189,-84.404175,1125,69.3,197.6,-512
39.136606,-84.404968,1075,70.9,201.5,-448
39.133575,-84.406407,1000,72.8,200.9,-384
39.130188,-84.408078,925,74.3,199.6,-384
39.12804,-84.409119,875,75.8,202.5,-448
39.125198,-84.410586,800,78.9,202.3,-576
39.122314,-84.412079,725,79.5,201.4,-640
39.11994,-84.413269,625,79.9,202.1,-704
39.117007,-84.414795,550,79.9,202.1,-640
39.114532,-84.416139,450,78.4,203.3,-640
39.111511,-84.417751,350,76.7,202.2,-576
39.109772,-84.418706,300,72.6,202.7,-512
39.108628,-84.419312,300,67.6,203.5,-320
39.107803,-84.419781,275,63.2,203.3,-192
39.107025,-84.420199,275,58.7,203.1,0
39.106293,-84.420557,300,61.9,202.8,128
39.106018,-84.420737,300,65.9,202.3,128
39.105606,-84.420975,300,70.8,203.3,64
39.10523,-84.421143,300,74.8,202.8,64
39.104599,-84.421513,300,80.2,202.7,0
39.103271,-84.422229,325,80.2,202.7,0
39.103088,-84.422302,350,83.8,203.2,704
39.10253,-84.422607,375,82.9,203.5,1088
39.101898,-84.423005,450,81.0,204.0,1536
39.100528,-84.423767,550,78.8,204.0,1536
39.099014,-84.424618,650,79.7,203.7,1280
39.097275,-84.425573,750,80.2,202.7,1152
39.095687,-84.426453,850,79.2,204.6,1344
39.094299,-84.427364,950,77.9,209.2,1472
39.093219,-84.428223,1050,76.6,213.3,1472
39.092514,-84.428917,1100,77.6,218.2,1408
39.091919,-84.429633,1150,79.9,225.5,1280
39.091507,-84.43035,1175,82.7,235.4,1216
39.091141,-84.431186,1225,85.0,241.9,1152
39.090938,-84.431946,1250,86.4,249.7,1088
39.090775,-84.432678,1275,88.3,256.9,1088
39.090729,-84.433753,1300,91.3,265.6,1024
39.090775,-84.435126,1325,94.2,273.6,960
39.090958,-84.43638,1350,97.5,280.0,704
39.091278,-84.437813,1400,99.6,287.5,640
39.091683,-84.439087,1400,101.6,295.0,640
39.092242,-84.440125,1425,102.3,303.9,704
39.0928,-84.440979,1450,102.6,313.8,512
39.093499,-84.441711,1450,101.8,321.8,384
39.094243,-84.442261,1450,102.5,331.4,128
39.095169,-84.442709,1450,103.7,340.9,0
39.09613,-84.443008,1450,106.1,348.6,-320
39.097362,-84.443176,1425,107.5,354.7,-512
39.098899,-84.443176,1400,110.0,0.5,-512
39.100708,-84.443008,1375,110.5,5.2,-320
39.102997,-84.44265,1375,108.3,9.0,-192
39.106533,-84.441772,1325,106.1,11.4,-256
39.109233,-84.440979,1300,105.3,14.3,-320
39.11174,-84.440022,1300,102.8,17.5,-128
39.115082,-84.43853,1275,102.2,20.0,-128
39.11824,-84.436918,1275,101.8,22.5,0
39.121124,-84.435305,1275,98.0,24.7,64
39.122635,-84.43429,1275,95.8,28.7,64
39.128403,-84.430111,1275,96.3,29.2,-64
39.12953,-84.429199,1275,91.8,35.2,0
39.130325,-84.42832,1275,87.2,40.8,256
39.13092,-84.427543,1300,85.0,47.9,448
39.131392,-84.426697,1300,81.8,55.0,384
39.131836,-84.425633,1325,80.1,62.5,256
39.132156,-84.424618,1325,79.1,69.3,0
39.132416,-84.423462,1300,78.3,76.0,-256
39.132568,-84.422349,1275,76.8,81.8,-512
39.132602,-84.421143,1250,75.1,87.7,-640
39.132602,-84.4198,1225,72.2,94.0,-576
39.132385,-84.41799,1175,67.7,98.5,-512
39.132156,-84.416318,1150,64.5,102.5,-512
39.131744,-84.414348,1100,63.3,105.6,-512
39.13147,-84.413392,1075,61.5,112.0,-448
39.131206,-84.41272,1050,59.2,120.5,-384
39.130834,-84.41217,1050,56.9,129.3,-384
39.130461,-84.411743,1025,57.3,134.3,-512
39.130142,-84.411422,1000,58.8,144.7,-704
39.129547,-84.411004,975,60.8,152.6,-832
39.129065,-84.410767,950,63.6,160.7,-832
39.12832,-84.410522,900,65.5,167.7,-832
39.127528,-84.4104,875,68.3,175.0,-832
39.126526,-84.410347,825,70.0,179.2,-832
39.125885,-84.410467,800,72.3,185.6,-832
39.125247,-84.410645,775,73.8,192.5,-704
39.124374,-84.411004,750,74.3,199.6,-640
39.121756,-84.412354,675,77.6,201.9,-576
39.118927,-84.41387,600,78.9,202.3,-576
39.11617,-84.415283,500,78.9,202.3,-576
39.11333,-84.416809,425,78.0,202.6,-640
39.111002,-84.41803,325,74.8,202.8,-704
39.109838,-84.418701,300,70.4,202.6,-512
39.108948,-84.419124,300,66.3,203.1,-320
39.108349,-84.419495,275,61.3,204.1,-256
39.107529,-84.41996,275,56.5,202.9,-64
39.1063,-84.420593,300,59.6,202.7,64
39.105835,-84.420856,300,65.0,202.6,64
39.105652,-84.420916,300,72.6,202.7,64
39.103317,-84.42217,350,82.5,202.8,512
39.102856,-84.422424,375,82.5,202.8,960
39.101257,-84.423423,475,82.3,205.9,1280
39.099884,-84.424259,575,81.0,205.6,1408
39.098387,-84.425232,675,80.1,207.5,1408
39.097,-84.42617,775,78.8,208.8,1344
39.095627,-84.427185,875,77.9,209.2,1408
39.094437,-84.428081,975,76.0,212.6,1472
39.09343,-84.429036,1050,76.2,218.1,1472
39.092834,-84.429812,1100,76.4,226.1,1472
39.092381,-84.430542,1150,78.0,233.9,1344
39.092009,-84.431396,1200,81.0,242.8,1216
39.091736,-84.43226,1225,83.2,251.8,1024
39.09159,-84.433228,1250,85.3,259.9,960
39.091553,-84.43429,1275,88.1,268.0,896
39.091637,-84.435547,1325,90.6,276.3,768
39.091873,-84.436858,1325,92.4,283.1,576
39.092239,-84.438291,1350,94.9,288.4,384
39.092707,-84.439575,1350,97.9,296.0,320
39.093173,-84.440613,1375,99.1,301.0,192
39.09375,-84.441575,1350,101.2,307.8,0
39.094523,-84.442627,1350,104.0,313.8,-192
39.095268,-84.44342,1350,106.8,321.8,-256
39.096152,-84.444092,1325,109.4,329.2,-256
39.097083,-84.444641,1325,111.6,337.3,-256
39.098107,-84.445007,1325,113.8,345.2,-256
39.099518,-84.445277,1300,115.1,352.0,-384
39.100708,-84.445336,1275,117.0,0.0,-320
39.102539,-84.445157,1275,116.5,5.4,-256
39.10523,-84.444702,1275,113.4,9.1,128
39.109314,-84.443665,1300,111.2,11.4,128
39.116592,-84.441814,1325,106.9,10.8,256
39.121058,-84.440613,1350,103.4,12.3,192
39.123322,-84.439843,1375,101.0,16.1,192
39.125992,-84.438721,1375,99.3,18.8,-64
39.128357,-84.437574,1350,97.9,21.6,-256
39.129822,-84.436738,1325,95.3,26.8,-128
39.130692,-84.436022,1325,92.7,32.7,-128
39.131392,-84.435364,1325,88.2,38.6,-192
39.132044,-84.434448,1300,86.3,46.9,-192
39.132556,-84.433594,1300,84.6,54.6,-192
39.132928,-84.432678,1300,81.4,62.2,-192
39.133208,-84.431763,1300,78.8,69.9,-128
39.133392,-84.430827,1300,76.2,76.3,-128
39.133534,-84.429688,1275,74.5,83.1,-128
39.133575,-84.428618,1275,74.0,89.2,-256
39.133484,-84.427484,1250,72.4,96.3,-320
39.133301,-84.42623,1250,70.6,102.3,-128
39.13266,-84.422946,1225,67.2,104.7,-64
39.132065,-84.420139,1200,66.8,106.5,-512
39.13147,-84.417811,1125,68.0,109.8,-640
39.13088,-84.415894,1100,65.0,112.6,-384
39.130463,-84.414825,1075,64.0,117.0,-320
39.130142,-84.414228,1050,63.0,122.7,-384
39.129776,-84.413631,1050,62.4,131.1,-448
39.129364,-84.413154,1025,61.7,139.6,-512
39.12886,-84.412795,1000,63.0,147.3,-576
39.128311,-84.412377,975,64.4,154.2,-704
39.127579,-84.412079,950,66.7,160.8,-832
39.126877,-84.411804,900,69.6,167.6,-896
39.125899,-84.411682,850,71.5,173.6,-960
39.125153,-84.411601,825,74.0,179.2,-960
39.124374,-84.411661,800,75.2,184.6,-896
39.123478,-84.411865,750,76.7,192.0,-832
39.122408,-84.412292,700,77.5,197.3,-960
39.119934,-84.413452,625,76.6,199.9,-576
39.117142,-84.414766,525,74.1,201.4,-640
39.114307,-84.41626,450,73.5,202.4,-640
39.111557,-84.417751,350,72.2,201.9,-512
39.109039,-84.419124,300,67.2,202.8,-384
39.108078,-84.419602,275,63.7,202.1,-256
39.107437,-84.41996,275,59.6,202.7,-128
39.105927,-84.420796,300,61.9,202.8,128
39.105515,-84.420975,300,65.9,202.3,128
39.10523,-84.421143,300,71.3,202.2,128
39.104438,-84.42157,300,75.8,202.5,64
39.103729,-84.42199,300,82.5,202.8,0
39.103321,-84.42218,325,84.7,202.9,320
39.102576,-84.422607,350,86.5,202.4,704
39.101412,-84.423218,425,85.1,203.6,1152
39.100062,-84.424011,525,82.3,204.4,1600
39.098511,-84.424916,625,82.3,204.4,1344
39.096863,-84.425931,725,81.0,207.2,1344
39.09581,-84.426707,825,78.9,210.5,1472
39.09443,-84.427795,925,76.0,212.6,1472
39.093246,-84.428797,1025,74.1,214.6,1536
39.092661,-84.429443,1075,74.4,221.2,1536
39.092195,-84.430115,1150,75.2,229.3,1472
39.091823,-84.430908,1175,77.2,238.8,1408
39.091637,-84.431519,1200,80.4,248.9,1280
39.091507,-84.43226,1250,82.8,258.1,1216
39.091461,-84.433036,1275,86.1,268.0,1152
39.091553,-84.433872,1300,88.7,277.1,1024
39.09173,-84.434692,1325,93.1,284.9,896
39.092056,-84.435723,1325,97.6,294.2,704
39.09256,-84.436738,1350,101.9,301.4,512
39.093201,-84.437873,1350,106.7,308.9,448
39.09407,-84.438948,1375,110.3,316.5,448
39.094894,-84.439784,1400,113.0,323.6,512
39.09581,-84.44044,1425,114.5,331.9,576
39.097,-84.441037,1450,115.5,339.2,576
39.0982,-84.441467,1450,116.0,345.0,448
39.099271,-84.44165,1450,116.1,352.1,256
39.100435,-84.44165,1450,116.0,359.5,0
39.102081,-84.441515,1450,115.5,5.5,-64
39.104187,-84.441097,1450,112.8,10.2,64
39.107464,-84.440186,1475,110.9,13.0,192
39.111049,-84.438965,1500,108.9,15.4,256
39.114959,-84.437439,1550,110.4,17.9,256
39.119156,-84.435604,1625,108.2,19.4,576
39.122314,-84.434021,1650,110.3,22.4,256
39.127994,-84.430908,1725,112.4,23.6,384
39.134092,-84.427429,1775,115.7,22.4,256
39.139847,-84.424498,1850,116.1,22.8,384
39.144333,-84.42205,1875,117.7,24.6,256
39.146522,-84.420593,1900,118.1,28.3,192
39.15239,-84.416318,1950,119.9,26.8,128
39.155914,-84.414228,2000,120.4,24.0,320
39.159897,-84.412139,2025,121.6,21.7,192
39.164474,-84.409989,2050,123.0,19.5,192
39.170288,-84.407302,2125,123.0,19.5,320
39.175964,-84.404854,2200,121.1,18.3,448
39.181575,-84.402527,2275,122.1,18.1,512
39.186277,-84.400574,2350,120.8,17.8,640
39.190886,-84.398743,2425,121.2,16.8,448
39.195588,-84.396973,2500,123.1,16.5,320
39.199498,-84.395386,2500,124.0,17.9,-128
39.20569,-84.3927,2475,122.7,19.0,0
39.207784,-84.391602,2475,121.9,23.2,0
39.209198,-84.390644,2475,121.3,29.1,0
39.210577,-84.389526,2475,120.7,34.9,0
39.212765,-84.387268,2475,120.9,39.0,-64
39.216888,-84.382881,2450,122.7,40.7,0
39.219727,-84.379598,2475,119.6,43.3,128
39.221191,-84.377625,2475,118.3,48.1,128
39.222262,-84.375854,2500,115.2,53.8,192
39.2231,-84.374146,2500,112.9,60.3,192
39.223705,-84.372437,2525,110.6,66.0,192
39.224031,-84.371094,2525,107.9,72.7,128
39.22431,-84.369385,2525,104.7,79.6,128
39.224497,-84.367432,2525,102.3,85.5,64
39.224497,-84.36554,2525,101.0,90.6,64
39.224404,-84.363586,2525,99.5,95.8,0
39.224121,-84.361506,2525,97.9,101.2,0
39.223566,-84.358704,2525,97.3,104.9,0
39.222821,-84.35553,2550,97.7,107.9,128
39.222015,-84.352729,2575,98.4,110.8,256
39.221145,-84.350098,2600,97.6,114.2,512
39.220121,-84.347473,2625,98.4,117.9,256
39.21891,-84.344788,2650,98.3,121.3,320
39.216888,-84.340668,2725,97.4,123.7,448
39.21486,-84.337036,2775,96.6,126.2,448
39.213135,-84.334219,2825,96.0,128.7,384
39.210846,-84.330696,2875,95.7,131.2,448
39.2096,-84.329041,2925,94.1,135.4,448
39.207738,-84.326843,2975,89.3,138.6,832
39.20569,-84.324707,3050,90.3,140.8,384
39.203734,-84.322754,3050,92.4,144.2,128
39.199127,-84.318516,3100,97.2,143.4,64
39.196198,-84.31565,3100,101.0,141.4,64
39.194229,-84.3135,3125,102.0,138.2,256
39.192189,-84.310974,3150,100.4,135.0,320
39.189468,-84.307291,3225,96.9,133.8,448
39.185669,-84.302156,3275,94.8,133.3,64
39.181,-84.295707,3300,95.6,132.0,64
39.176239,-84.28902,3275,99.8,133.0,-192
39.174728,-84.287109,3250,99.8,137.0,-64
39.17301,-84.285217,3250,99.5,140.7,-128
39.170471,-84.282751,3250,98.6,143.2,128
39.167936,-84.280457,3275,96.5,146.0,64
39.164817,-84.277832,3275,95.2,148.3,64
39.161698,-84.275513,3300,94.0,150.7,128
39.158206,-84.273132,3300,94.4,152.9,0
39.154761,-84.270996,3300,94.8,155.1,64
39.152108,-84.269531,3300,94.2,157.5,64
39.149548,-84.26825,3325,93.6,160.0,0
39.147034,-84.267227,3325,93.0,163.1,0
39.14466,-84.266357,3325,92.7,166.3,0
39.142146,-84.265747,3325,92.6,169.4,0
39.137816,-84.264832,3325,93.1,171.4,0
39.134308,-84.264181,3325,91.6,173.7,64
39.13179,-84.263943,3350,91.1,176.9,64
39.12973,-84.263943,3350,91.0,180.6,0
39.127761,-84.264099,3350,91.3,184.4,0
39.125992,-84.264343,3350,92.1,188.8,0
39.123688,-84.264958,3350,92.0,191.9,0
39.121989,-84.265503,3350,92.4,195.7,-64
39.119661,-84.266479,3325,94.2,199.2,-128
39.112632,-84.269775,3350,92.7,198.2,-64
39.10968,-84.270928,3325,93.4,195.5,-64
39.105137,-84.2724,3350,92.7,193.7,64
39.099411,-84.27417,3375,91.2,192.7,64
39.094666,-84.275407,3375,91.8,191.3,0
39.092148,-84.275944,3350,92.9,188.0,-128
39.089401,-84.276362,3350,92.3,185.0,64
39.08605,-84.276611,3375,92.1,182.5,64
39.082764,-84.27666,3375,92.0,180.0,0
39.080063,-84.276541,3375,92.1,176.9,0
39.075531,-84.276183,3375,92.3,175.6,0
39.072829,-84.275818,3375,92.8,172.6,0
39.067932,-84.274869,3350,94.2,170.8,0
39.063858,-84.274093,3375,91.8,172.5,128
39.056071,-84.272949,3375,92.7,173.2,-64
39.04974,-84.271973,3375,93.9,172.0,128
39.047458,-84.271423,3375,92.8,168.8,192
39.045689,-84.270874,3375,93.4,164.5,-64
39.044266,-84.270272,3375,95.9,159.9,-128
39.042709,-84.269376,3375,97.1,155.0,-128
39.041174,-84.268311,3375,96.7,150.3,0
39.039777,-84.267212,3375,96.5,146.0,128
39.03852,-84.26593,3375,96.8,141.7,128
39.03717,-84.264404,3375,97.7,137.5,64
39.035727,-84.262634,3375,99.0,133.4,0
39.034238,-84.260376,3375,100.1,129.7,-64
39.032822,-84.258031,3375,101.0,125.7,0
39.031351,-84.255127,3375,102.9,122.3,0
39.028473,-84.249195,3375,102.2,120.6,0
39.026789,-84.245239,3375,103.4,118.3,0
39.02504,-84.240776,3375,104.7,116.1,0
39.022659,-84.234208,3375,103.4,114.6,128
39.018768,-84.223042,3400,103.4,114.6,64
39.01706,-84.218445,3400,102.0,116.8,64
39.015747,-84.21534,3400,101.7,120.1,0
39.014236,-84.212235,3400,101.2,122.9,0
39.009064,-84.202324,3400,102.6,123.1,-64
39.004258,-84.193115,3400,102.3,123.8,64
39.00221,-84.189453,3425,98.8,125.9,192
39.00032,-84.186322,3450,97.5,128.8,128
38.99788,-84.182312,3450,97.2,126.6,0
38.995646,-84.178223,3425,102.1,124.6,-320
38.99383,-84.174927,3375,106.6,126.2,-448
38.992154,-84.172241,3350,108.7,129.4,-448
38.989059,-84.167573,3325,107.2,130.1,0
38.985718,-84.162677,3350,102.7,131.4,64
38.981773,-84.157104,3325,102.6,133.0,0
38.97614,-84.149597,3325,102.6,133.8,-64
38.973999,-84.146912,3325,100.5,136.6,64
38.96846,-84.140287,3300,101.8,135.8,-192
38.964935,-84.135689,3300,101.8,134.2,0
38.962733,-84.132629,3300,101.3,131.4,64
38.960541,-84.129241,3300,102.5,128.7,-64
38.958115,-84.125121,3300,103.0,126.3,0
38.955471,-84.120239,3300,102.9,124.3,0
38.951142,-84.112305,3275,103.2,125.5,-64
38.94765,-84.106201,3275,102.8,127.1,0
38.944473,-84.1007,3200,103.2,125.5,-448
38.941956,-84.095983,3125,105.4,123.4,-448
38.940536,-84.092998,3100,105.3,120.2,-320
38.939271,-84.089966,3075,105.1,116.6,-256
38.937968,-84.086304,3025,107.0,113.7,-384
38.936571,-84.082031,2975,108.3,111.1,-384
38.9355,-84.078003,2950,108.8,108.8,-384
38.934311,-84.073115,2875,110.4,106.3,-512
38.933075,-84.067323,2800,112.1,105.5,-448
38.931381,-84.059979,2750,110.7,106.8,-320
38.930237,-84.055501,2700,109.1,109.3,-320
38.92804,-84.048037,2625,108.9,110.4,-384
38.925817,-84.0401,2575,108.5,109.9,-256
38.923782,-84.03323,2500,107.3,111.3,-256
38.92186,-84.026901,2425,108.6,111.6,-448
38.919859,-84.020874,2400,105.7,113.4,-192
38.917419,-84.014004,2350,104.7,114.8,-256
38.914598,-84.006653,2300,101.5,116.3,-64
38.912704,-84.002002,2300,98.9,118.4,-128
38.91037,-83.996688,2300,98.1,120.0,0
38.906296,-83.987851,2275,100.0,120.7,-128
38.903641,-83.982358,2250,100.7,122.4,0
38.901077,-83.977462,2275,96.5,124.0,192
38.896117,-83.968262,2300,96.5,124.0,0
38.891369,-83.959229,2325,93.7,123.7,0
38.889274,-83.955322,2325,94.6,125.5,0
38.886807,-83.951172,2350,93.4,127.6,128
38.883682,-83.945936,2350,94.4,126.4,0
38.882617,-83.94397,2350,95.7,122.2,0
38.881034,-83.940491,2350,97.6,119.4,-128
38.879379,-83.936622,2325,99.8,118.1,-128
38.878601,-83.934532,2325,100.3,113.5,128
38.87796,-83.932442,2325,101.2,110.2,64
38.877589,-83.930664,2325,102.4,104.7,-64
38.877274,-83.928561,2325,103.4,99.5,-128
38.877077,-83.926636,2300,103.7,96.7,-256
38.876938,-83.923645,2275,103.7,96.7,-256
38.876862,-83.921336,2250,106.0,91.6,-320
38.87677,-83.914171,2200,106.0,90.0,-320
38.876938,-83.908508,2150,105.1,87.8,-320
38.877228,-83.901453,2100,103.2,86.1,-256
38.87745,-83.896362,2025,103.1,87.2,-512
38.87764,-83.890407,1975,100.0,88.3,-256
38.877636,-83.887085,1975,97.0,89.4,-64
38.877636,-83.884094,1975,92.0,90.6,-128
38.877636,-83.882263,1950,85.0,90.0,-64
38.87764,-83.880138,1925,86.0,90.0,-384
38.877914,-83.875421,1825,87.0,90.0,-832
38.878143,-83.874644,1825,92.0,71.0,-384
38.878567,-83.873596,1800,92.7,66.5,-384
38.879172,-83.872498,1775,95.3,51.0,-384
38.880196,-83.871338,1750,97.2,40.4,-448
38.880755,-83.870911,1750,99.6,31.5,-576
38.885596,-83.869873,1625,102.1,14.2,-832
38.887985,-83.870107,1575,102.1,14.2,-832
38.889367,-83.8703,1550,99.5,354.2,-448
38.891974,-83.870667,1525,97.6,353.5,-384
38.869537,-83.879779,1550,70.2,144.3,768
38.868805,-83.878585,1600,70.2,144.3,768
38.868484,-83.87763,1600,80.1,119.1,640
38.868325,-83.876892,1625,85.4,108.4,512
38.868279,-83.875427,1650,94.0,90.6,448
38.868484,-83.874226,1675,98.3,80.6,512
38.868896,-83.873152,1675,103.5,66.7,576
38.869629,-83.871898,1700,103.5,66.7,576
38.870041,-83.87148,1700,112.6,41.8,448
38.876146,-83.869751,1700,117.6,27.9,256
38.876379,-83.869751,1700,125.1,357.2,-64
38.87866,-83.870056,1700,122.9,353.0,192
38.882245,-83.870789,1700,120.8,350.0,-256
38.884644,-83.87136,1700,116.1,349.1,0
38.88588,-83.871659,1700,112.2,348.7,0
38.888992,-83.872375,1675,107.4,350.9,-64
38.89351,-83.873291,1650,105.2,351.2,-128
38.897002,-83.874023,1600,104.7,349.5,-448
38.904683,-83.882019,1425,104.7,349.5,-448
38.90387,-83.883422,1350,75.0,227.2,-768
38.871597,-83.881033,1375,62.4,173.6,1600
38.870467,-83.880859,1450,62.4,173.6,1280
38.869034,-83.880436,1550,62.7,171.7,1152
38.868622,-83.880138,1575,64.1,157.0,960
38.868186,-83.8797,1600,68.1,139.8,832
38.867935,-83.879242,1600,70.8,132.7,704
38.867534,-83.875366,1650,77.8,115.9,512
38.867615,-83.875122,1650,96.8,76.2,384
38.869256,-83.872192,1700,107.6,48.0,512
38.869675,-83.871838,1700,112.6,35.2,256
38.875076,-83.871216,1650,123.9,353.0,-320
38.882675,-83.872256,1625,119.1,352.3,-128
38.884572,-83.87262,1600,116.4,351.1,-256
38.887645,-83.873352,1575,113.0,349.3,-320
38.901123,-83.878167,1425,112.2,348.7,-512
38.90189,-83.881653,1350,86.8,302.8,-448
38.871918,-83.880973,1425,62.2,175.4,1344
38.870865,-83.880794,1525,59.7,171.3,1472
38.870178,-83.880496,1575,60.2,158.6,1408
38.869492,-83.879839,1625,62.8,142.8,1280
38.868988,-83.878645,1675,62.8,142.8,1280
38.868988,-83.876137,1700,90.4,79.8,192
38.86921,-83.875366,1700,95.2,71.0,192
38.869722,-83.874329,1700,96.8,66.9,192
38.869858,-83.874107,1700,100.8,53.5,192
38.871414,-83.872734,1725,104.4,40.0,256
38.872981,-83.872192,1725,104.4,40.0,256
38.875717,-83.872077,1700,113.1,358.0,-320
38.879105,-83.872435,1700,114.4,355.0,-64
38.884107,-83.873169,1700,115.9,353.1,0
38.891144,-83.874346,1700,117.2,351.7,0
38.891327,-83.874406,1700,116.4,351.1,128
38.916786,-83.883728,2225,103.6,337.9,896
38.919393,-83.885254,2300,103.8,334.9,704
38.921255,-83.886353,2350,103.8,334.9,704
38.924377,-83.888318,2450,102.9,333.4,768
38.927444,-83.890407,2550,101.6,331.2,768
38.930557,-83.892617,2650,100.7,330.9,768
38.934011,-83.895142,2725,100.8,329.6,640
38.937595,-83.897949,2825,103.8,328.0,576
38.941087,-83.900818,2925,102.9,327.7,704
38.944531,-83.903625,3025,102.6,326.9,704
38.94793,-83.906494,3100,102.6,326.9,640
38.950537,-83.908691,3200,102.3,326.1,704
38.953982,-83.911682,3275,102.3,326.1,576
38.95665,-83.913873,3375,101.2,327.1,768
38.9599,-83.916679,3450,101.0,326.3,576
38.962509,-83.918829,3550,100.7,327.6,704
38.965897,-83.921575,3625,101.6,327.9,576
38.969513,-83.924381,3700,104.4,329.5,512
38.972928,-83.92688,3800,103.8,331.2,704
38.97614,-83.929138,3900,102.6,330.2,768
38.979678,-83.931946,3975,103.9,330.0,512
38.981913,-83.933472,4025,105.5,333.0,512
38.985637,-83.935791,4125,103.8,334.9,704
38.99006,-83.938293,4175,108.7,335.6,256
38.992899,-83.939941,4200,112.8,335.9,192
38.998439,-83.943176,4250,117.6,334.3,128
39.00119,-83.944861,4250,122.1,334.3,-64
39.007005,-83.948425,4325,122.6,334.9,384
39.011939,-83.951538,4350,124.8,332.8,128
39.01973,-83.956803,4375,128.4,331.6,192
39.02417,-83.959908,4450,123.9,331.6,576
39.026184,-83.961281,4450,126.2,331.6,192
39.027162,-83.961975,4450,128.0,331.0,-128
39.028465,-83.962891,4425,131.6,330.9,-576
39.03035,-83.964267,4400,133.0,330.7,-128
39.033279,-83.966297,4450,131.5,331.9,320
39.039047,-83.970118,4450,134.2,333.4,-64
39.050019,-83.977173,4450,135.5,333.2,128
39.055939,-83.980746,4450,135.6,335.1,128
39.060353,-83.983337,4425,138.7,335.3,-320
39.067383,-83.987488,4400,138.2,334.7,128
39.072783,-83.990906,4450,133.3,333.2,192
39.0802,-83.995912,4475,129.3,331.9,128
39.084188,-83.998657,4450,132.4,332.1,-320
39.087307,-84.000732,4400,136.9,332.1,-640
39.091916,-84.003784,4350,139.1,333.1,-192
39.099472,-84.00863,4350,136.4,334.4,-64
39.104392,-84.011414,4325,136.2,336.6,-128
39.111933,-84.015503,4300,136.9,338.1,-64
39.121353,-84.020154,4325,132.0,338.7,64
39.129456,-84.024035,4300,135.1,340.1,-128
39.141174,-84.029229,4275,135.4,341.0,-128
39.14722,-84.032104,4275,134.8,339.1,0
39.152667,-84.034607,4250,136.3,341.2,-128
39.161698,-84.038391,4200,137.9,341.8,0
39.169891,-84.041687,4200,135.7,343.3,64
39.18045,-84.045828,4225,134.2,344.0,0
39.187042,-84.048037,4225,134.1,345.8,0
39.195053,-84.050605,4150,139.0,346.3,-320
39.203247,-84.053053,4150,139.3,347.6,0
39.211462,-84.055359,4100,139.5,347.2,-192
39.221466,-84.058427,4075,139.0,346.3,-64
39.226364,-84.060098,4075,138.3,344.0,-128
39.230621,-84.06183,4050,139.5,341.2,-128
39.235794,-84.064278,4050,138.0,339.2,0
39.240738,-84.066845,4000,140.2,336.9,-320
39.245728,-84.069771,3950,142.7,334.7,-320
39.251823,-84.073608,3875,141.8,333.6,-384
39.258992,-84.078247,3800,139.1,333.1,-384
39.264345,-84.081909,3750,137.8,331.4,-448
39.269047,-84.085266,3675,139.3,330.3,-576
39.273972,-84.088878,3575,140.2,330.5,-512
39.279614,-84.093079,3500,139.4,329.4,-448
39.284689,-84.096985,3425,139.1,328.8,-384
39.28967,-84.100708,3400,137.4,330.8,-320
39.296356,-84.105298,3350,134.6,332.1,-192
39.303403,-84.110107,3300,132.0,331.5,-192
39.308258,-84.113657,3275,132.2,329.6,-256
39.313889,-84.118135,3200,132.9,328.2,-256
39.32048,-84.123509,3150,131.5,326.8,-256
39.325607,-84.127927,3075,134.0,326.0,-512
39.330496,-84.131958,3025,134.8,327.7,-384
39.33728,-84.137361,2975,132.4,328.6,-256
39.344101,-84.142675,2925,132.4,328.6,-256
39.349503,-84.147034,2850,133.1,327.3,-320
39.356193,-84.152649,2800,132.3,327.0,-128
39.362757,-84.158325,2750,130.9,325.6,-256
39.368809,-84.163574,2675,132.0,326.4,-384
39.373371,-84.16748,2600,135.4,325.8,-576
39.37784,-84.171387,2525,135.6,326.4,-320
39.384018,-84.176649,2450,134.2,326.5,-384
39.387848,-84.179871,2450,129.8,326.3,64
39.397624,-84.188232,2475,126.2,326.3,64
39.402931,-84.192871,2450,123.7,325.5,-256
39.405445,-84.195068,2375,126.5,325.3,-704
39.40947,-84.198681,2300,124.3,325.2,-448
39.413498,-84.202264,2225,121.2,324.7,-512
39.417252,-84.205846,2150,119.8,322.5,-576
39.420776,-84.209489,2075,118.2,321.9,-448
39.424622,-84.213549,2000,116.4,319.9,-448
39.428395,-84.217651,1925,117.2,320.2,-512
39.432449,-84.221968,1850,115.6,319.6,-448
39.436432,-84.226505,1775,114.8,318.5,-448
39.440369,-84.230804,1725,115.7,320.3,-448
39.443013,-84.233398,1700,115.0,323.1,-64
39.44632,-84.236477,1675,115.1,325.6,-256
39.448134,-84.237915,1675,116.0,330.6,-256
39.449577,-84.238831,1650,117.3,335.8,-128
39.451159,-84.239502,1650,118.9,341.9,-192
39.452742,-84.23999,1625,119.6,347.9,-256
39.454147,-84.240238,1625,120.5,354.8,-128
39.45694,-84.240358,1600,120.0,358.6,-192
39.459539,-84.240295,1600,120.1,2.4,-192
39.46452,-84.23999,1575,117.3,4.4,-128
39.468849,-84.23938,1550,116.8,6.9,-128
39.475739,-84.238464,1500,115.5,5.5,-256
39.479184,-84.238037,1475,111.2,3.6,-320
39.48024,-84.238089,1475,108.1,357.9,-192
39.481293,-84.238328,1475,105.1,348.5,0
39.482117,-84.238746,1475,102.9,338.9,-64
39.482895,-84.239343,1450,100.8,329.6,-256
39.483627,-84.240059,1425,100.1,320.3,-512
39.484072,-84.240723,1425,98.4,312.1,-576
39.484543,-84.241612,1375,96.3,302.7,-768
39.484863,-84.242493,1350,94.8,296.3,-832
39.485046,-84.243403,1325,91.8,286.5,-896
39.485143,-84.244202,1325,90.1,278.9,-896
39.485138,-84.245373,1275,87.0,271.3,-832
39.485046,-84.245851,1275,83.5,259.0,-704
39.484818,-84.246567,1250,81.3,251.3,-704
39.484543,-84.247224,1225,78.9,239.5,-832
39.484118,-84.247864,1200,77.6,231.8,-960
39.483653,-84.248352,1175,78.0,220.8,-1024
39.483094,-84.24884,1150,78.2,212.5,-1024
39.482443,-84.249268,1100,78.3,204.9,-1024
39.481613,-84.249613,1075,77.2,198.9,-896
39.480953,-84.249817,1050,77.1,193.5,-768
39.479507,-84.25015,1000,76.3,190.6,-832
39.478439,-84.250305,975,74.4,186.2,-576
39.47546,-84.25061,900,72.3,184.8,-384
39.473557,-84.250807,875,75.2,184.6,-384
39.468018,-84.251284,725,76.2,183.8,-512
39.462524,-84.251881,700,76.2,183.8,-512
39.46051,-84.252001,750,81.1,182.8,-512
39.46019,-84.252061,750,83.2,183.4,704
39.459027,-84.252136,825,81.2,184.2,1152
39.457816,-84.252258,925,77.3,185.2,1600
39.456207,-84.252419,1025,77.2,183.7,1280
39.454465,-84.252563,1125,76.2,183.8,1216
39.452682,-84.252717,1225,76.2,183.8,1216
39.451253,-84.252808,1325,73.2,183.9,1408
39.450042,-84.25293,1425,69.1,182.5,1472
39.449341,-84.252956,1450,68.4,174.1,1280
39.448837,-84.252777,1500,68.5,168.2,1216
39.448517,-84.252598,1525,69.3,159.7,1088
39.448105,-84.252299,1525,72.2,149.2,896
39.447715,-84.251831,1525,76.4,135.0,576
39.447389,-84.25116,1550,80.7,123.9,384
39.447235,-84.250747,1550,84.5,117.5,256
39.447063,-84.250061,1550,89.2,107.6,128
39.447006,-84.249254,1550,93.2,99.3,64
39.44696,-84.248657,1550,97.2,93.5,64
39.447063,-84.247742,1550,101.6,83.8,64
39.447327,-84.246508,1575,106.3,71.9,256
39.447647,-84.245672,1575,108.7,63.2,512
39.448105,-84.244776,1600,112.6,56.6,704
39.448832,-84.243713,1625,116.8,48.1,512
39.449661,-84.242746,1625,121.1,42.0,256
39.450302,-84.242149,1625,124.6,38.2,64
39.451263,-84.241313,1625,129.0,32.3,0
39.452882,-84.240234,1625,132.9,25.4,128
39.454559,-84.239462,1650,134.4,19.1,384
39.45607,-84.238925,1650,130.3,14.7,256
39.457809,-84.238447,1675,125.8,9.6,256
39.46019,-84.238149,1675,123.5,5.1,0
39.463403,-84.237793,1675,119.3,4.3,0
39.470479,-84.237244,1625,115.2,3.0,-256
39.475692,-84.237,1600,111.0,1.0,-256
39.479919,-84.236954,1550,110.0,359.0,-448
39.48086,-84.237122,1550,106.5,350.3,-320
39.481659,-84.237492,1550,102.8,340.7,-64
39.482349,-84.237976,1550,99.8,331.9,-64
39.482849,-84.238507,1525,97.8,322.9,-320
39.483281,-84.239075,1525,94.8,314.1,-512
39.483606,-84.239685,1500,93.2,305.4,-640
39.484025,-84.240723,1475,90.5,293.5,-832
39.484258,-84.24176,1425,89.3,285.6,-896
39.484406,-84.242746,1425,88.6,281.1,-768
39.484491,-84.243835,1400,86.5,276.0,-576
39.484451,-84.244478,1375,83.1,267.2,-512
39.484314,-84.245254,1375,80.6,258.5,-448
39.484072,-84.246033,1350,77.5,250.4,-512
39.483886,-84.246399,1350,75.5,238.0,-640
39.483467,-84.247131,1325,75.0,233.1,-704
39.482955,-84.247742,1275,75.8,221.3,-1088
39.48221,-84.248413,1225,77.1,213.9,-1152
39.481384,-84.248956,1175,77.4,208.6,-960
39.480627,-84.249451,1150,76.7,202.2,-960
39.479782,-84.249792,1100,74.7,195.5,-896
39.478775,-84.250031,1050,73.4,191.0,-896
39.47681,-84.250427,975,69.7,188.2,-704
39.47546,-84.25061,950,68.2,184.2,-576
39.473318,-84.250732,850,68.2,184.2,-704
39.468155,-84.251284,725,68.3,185.0,-640
39.464722,-84.251583,700,62.1,183.7,-640
39.460236,-84.252061,750,81.3,184.9,256
39.458267,-84.25218,850,86.1,182.7,1024
39.456047,-84.252319,950,85.1,183.4,1216
39.454651,-84.252479,1050,83.2,184.1,1472
39.452911,-84.252598,1150,81.2,184.2,1344
39.451159,-84.252808,1250,81.2,184.2,1152
39.449158,-84.252956,1350,82.2,183.5,1216
39.447203,-84.253113,1450,81.2,184.2,1216
39.445541,-84.253255,1550,80.1,182.9,1280
39.443207,-84.253374,1650,79.0,181.4,896
39.440826,-84.253434,1750,78.1,182.2,896
39.438218,-84.25354,1850,80.0,181.4,768
39.435006,-84.253601,1925,82.0,180.7,640
39.431946,-84.253613,2025,84.0,180.7,640
39.429652,-84.253662,2075,84.0,179.3,640
39.428628,-84.253479,2125,83.9,171.8,704
39.427883,-84.253235,2150,83.8,162.6,832
39.427139,-84.252777,2175,85.0,154.9,960
39.426636,-84.25224,2200,86.4,143.0,832
39.426068,-84.251526,2225,89.1,134.1,704
39.425556,-84.250671,2225,92.0,127.5,640
39.425171,-84.249732,2250,96.7,118.4,448
39.424811,-84.248535,2250,99.4,110.6,320
39.424576,-84.247463,2275,100.9,103.8,256
39.424438,-84.24609,2275,103.7,96.7,64
39.424438,-84.244385,2250,105.0,90.0,-192
39.424438,-84.242065,2250,101.0,91.1,-64
39.424347,-84.240835,2250,96.4,95.4,128
39.424255,-84.240119,2275,91.6,100.7,256
39.42402,-84.239075,2275,87.0,107.4,384
39.423752,-84.238387,2300,83.3,114.1,384
39.423431,-84.237671,2300,79.1,122.1,256
39.422995,-84.237,2300,75.7,132.3,192
39.422576,-84.236572,2300,73.2,141.1,192
39.422012,-84.236178,2300,70.7,151.3,64
39.421552,-84.235962,2300,69.3,162.4,0
39.42104,-84.235901,2300,69.5,173.4,-64
39.420685,-84.235939,2300,69.0,180.8,-128
39.420364,-84.235999,2300,69.9,189.1,-192
39.419923,-84.236267,2275,71.2,199.7,-320
39.419597,-84.23645,2275,73.9,210.0,-512
39.419128,-84.237074,2250,75.7,226.6,-640
39.418945,-84.237551,2250,78.2,237.5,-576
39.418762,-84.238208,2225,81.0,252.0,-448
39.418671,-84.238984,2225,83.6,263.1,-384
39.418716,-84.239402,2225,86.0,270.7,-320
39.418808,-84.240238,2225,88.5,280.4,-320
39.418945,-84.240776,2200,89.7,284.2,-320
39.419178,-84.241333,2200,94.4,295.8,-384
39.41955,-84.242004,2200,97.7,305.0,-384
39.419998,-84.242627,2175,99.7,313.8,-384
39.420668,-84.243286,2175,103.6,323.2,-448
39.421326,-84.243701,2150,106.2,330.0,-640
39.422058,-84.244119,2125,109.9,338.1,-896
39.423157,-84.244478,2075,112.8,347.2,-1088
39.424255,-84.244657,2025,116.6,354.1,-1280
39.425903,-84.244657,1950,119.0,0.5,-1280
39.428741,-84.244478,1850,119.2,3.4,-1088
39.43277,-84.24406,1775,114.6,6.0,-640
39.436821,-84.243408,1725,114.0,7.6,-384
39.442886,-84.242268,1675,110.7,6.2,-448
39.447327,-84.241731,1600,113.4,4.6,-320
39.453506,-84.240955,1600,108.6,5.8,128
39.458267,-84.240417,1550,111.3,4.1,-192
39.466894,-84.239502,1550,108.5,5.3,64
39.476761,-84.238208,1550,106.4,4.8,192
39.481093,-84.237854,1550,105.1,2.7,0
39.482349,-84.237915,1550,103.2,356.7,-64
39.483001,-84.238037,1550,101.4,347.5,64
39.483902,-84.238447,1575,99.0,339.9,128
39.484584,-84.238892,1575,95.3,331.8,128
39.485184,-84.239462,1550,93.2,324.6,0
39.485655,-84.240051,1550,91.2,313.7,-320
39.486099,-84.240835,1525,89.6,305.5,-576
39.486511,-84.241791,1500,87.2,296.6,-768
39.48674,-84.242746,1475,87.3,293.6,-832
39.486865,-84.243469,1450,84.2,283.0,-640
39.486969,-84.244478,1450,80.4,275.7,-448
39.486923,-84.245194,1425,76.1,267.0,-384
39.486832,-84.245911,1425,73.5,258.2,-448
39.486649,-84.246448,1400,71.3,247.8,-640
39.48642,-84.246926,1375,70.0,239.0,-768
39.486099,-84.247463,1350,68.8,229.1,-832
39.485733,-84.247821,1325,68.9,219.7,-832
39.485096,-84.248352,1300,68.8,212.5,-960
39.48436,-84.248836,1250,70.7,205.1,-1088
39.48349,-84.249254,1200,70.8,198.9,-1088
39.482443,-84.249573,1150,71.8,192.9,-960
39.481232,-84.249817,1100,70.9,188.9,-896
39.479462,-84.25009,1025,72.3,185.6,-832
39.47644,-84.250508,925,74.3,185.4,-448
39.473179,-84.250793,850,75.2,184.6,-512
39.470618,-84.251038,800,75.2,184.6,-512
39.464951,-84.251583,700,75.2,184.6,-512
39.462479,-84.251822,700,57.2,185.0,-512
39.461334,-84.251941,700,57.2,185.0,-64
