lat,lon,alt,gs,track
21.328757,-157.915789,-50.0,2.2,358.2
21.328709,-157.915795,-50.0,2.2,358.2
21.328629,-157.915795,-50.0,2.2,355.4
21.328245,-157.915764,-50.0,2.8,327.3
21.328072,-157.91568,-50.0,4.0,327.3
21.327978,-157.915634,-50.0,2.0,327.3
21.32785,-157.915459,-50.0,2.2,0.0
21.327791,-157.915375,-50.0,4.0,327.3
21.327768,-157.915359,-50.0,5.0,0.0
21.327805,-157.916107,-50.0,7.8,268.2
21.327805,-157.916357,-50.0,9.8,271.0
21.327805,-157.917268,-50.0,13.2,271.0
21.327815,-157.917671,-50.0,14.2,271.0
21.327816,-157.91808,-50.0,14.8,271.0
21.327803,-157.918472,-50.0,15.5,268.2
21.32777,-157.918679,-50.0,15.5,262.6
21.32771,-157.918854,-50.0,15.5,257.0
21.327667,-157.918954,-50.0,15.5,251.4
21.327587,-157.919091,-50.0,15.5,245.7
21.327518,-157.919216,-50.0,15.5,240.1
21.327496,-157.919253,-50.0,15.5,240.1
21.327278,-157.919628,-50.0,12.8,237.3
21.327128,-157.919922,-50.0,10.8,240.1
21.326919,-157.920303,-50.0,10.2,240.1
21.326709,-157.920685,-50.0,7.8,240.1
21.326488,-157.921092,-50.0,3.2,240.1
21.326406,-157.921244,-50.0,1.4,240.1
21.326363,-157.921313,-50.0,0.0,240.1
21.32636,-157.921308,-50.0,0.0,240.1
21.326363,-157.921313,-50.0,0.1,0.0
21.326363,-157.921313,-50.0,0.0,240.1
21.326372,-157.921308,-50.0,0.1,0.0
21.326351,-157.921351,-50.0,2.8,0.0
21.326244,-157.921562,-50.0,7.8,0.0
21.326034,-157.921969,-50.0,12.8,0.0
21.325756,-157.922387,-50.0,15.5,0.0
21.325382,-157.922656,-50.0,15.5,212.0
21.325312,-157.922681,-50.0,14.8,209.2
21.324533,-157.922928,-50.0,16.0,209.2
21.32416,-157.923141,-50.0,16.0,209.2
21.323959,-157.923569,-50.0,16.0,209.2
21.323959,-157.924584,-50.0,16.5,268.2
21.323959,-157.925645,-50.0,17.5,271.0
21.323939,-157.926114,-50.0,17.5,265.4
21.323881,-157.926381,-50.0,17.5,257.0
21.323822,-157.926532,-50.0,17.5,251.4
21.323685,-157.926781,-50.0,17.5,240.1
21.323555,-157.926979,-50.0,17.5,237.3
21.323346,-157.927322,-50.0,18.5,237.3
21.323238,-157.927518,-50.0,18.5,240.1
21.323194,-157.927653,-50.0,18.5,245.7
21.323147,-157.927855,-50.0,18.5,254.2
21.323125,-157.928365,-50.0,18.5,268.2
21.323136,-157.929955,-50.0,24.5,271.0
21.323135,-157.931563,-50.0,31.5,268.2
21.323124,-157.93391,-50.0,34.5,268.2
21.323135,-157.936005,-50.0,34.0,268.2
21.323135,-157.936539,-50.0,34.0,268.2
21.323135,-157.936996,-50.0,34.0,268.2
21.323124,-157.938019,-50.0,34.0,268.2
21.323135,-157.938629,-50.0,34.0,268.2
21.323135,-157.93895,-50.0,34.0,268.2
21.323136,-157.940559,-50.0,30.5,271.0
21.323135,-157.941727,-50.0,22.0,271.0
21.323135,-157.942291,-50.0,16.0,271.0
21.322918,-157.943198,-50.0,15.5,240.1
21.322845,-157.943281,-50.0,15.5,234.5
21.322298,-157.9437,-50.0,16.5,212.0
21.321865,-157.94396,-50.0,17.5,209.2
21.321487,-157.944185,-50.0,18.5,209.2
21.32111,-157.944409,-50.0,19.5,209.2
21.320715,-157.944641,-50.0,19.5,209.2
21.320227,-157.944921,-50.0,20.5,209.2
21.319773,-157.945201,-50.0,20.5,209.2
21.319424,-157.945404,-50.0,20.5,209.2
21.319121,-157.945595,-50.0,20.5,209.2
21.318077,-157.94622,-50.0,20.5,209.2
21.317794,-157.94637,-50.0,20.5,206.4
21.317608,-157.946469,-50.0,19.5,203.5
21.317445,-157.94651,-50.0,20.5,197.9
21.316875,-157.946607,-50.0,20.5,183.9
21.316498,-157.946582,-50.0,21.5,175.4
21.316109,-157.946519,-50.0,22.5,172.6
21.315697,-157.946469,-50.0,22.5,172.6
21.315468,-157.946444,-50.0,23.5,172.6
21.315408,-157.946434,-50.0,23.5,172.6
21.314978,-157.94637,-50.0,23.5,172.6
21.314547,-157.94632,-50.0,24.5,172.6
21.314117,-157.946269,-50.0,25.5,172.6
21.313698,-157.946205,-50.0,25.5,172.6
21.313271,-157.946145,-50.0,25.5,172.6
21.312881,-157.946107,-50.0,26.5,172.6
21.312469,-157.946045,-50.0,26.5,172.6
21.312092,-157.946007,-50.0,27.5,172.6
21.311668,-157.945958,-50.0,26.5,172.6
21.311289,-157.9459,-50.0,26.5,172.6
21.310913,-157.945845,-50.0,26.5,172.6
21.310532,-157.945798,-50.0,26.5,172.6
21.310113,-157.945747,-50.0,26.5,172.6
21.309734,-157.945733,-50.0,26.5,175.4
21.309357,-157.94572,-50.0,27.5,178.2
21.308727,-157.945708,-50.0,26.5,178.2
21.308356,-157.945709,-50.0,23.5,181.0
21.308135,-157.945709,-50.0,21.5,181.0
21.307926,-157.945708,-50.0,17.5,181.0
21.30748,-157.945708,-50.0,14.2,181.0
21.307285,-157.945697,-50.0,13.8,175.4
21.307169,-157.945646,-50.0,12.8,167.0
21.307068,-157.945583,-50.0,12.8,158.5
21.307006,-157.945518,-50.0,12.2,150.1
21.306924,-157.945353,-50.0,11.8,130.4
21.306913,-157.945277,-50.0,11.2,122.0
21.306901,-157.945188,-50.0,11.2,113.5
21.306901,-157.944857,-50.0,11.8,91.0
21.306908,-157.944272,-50.0,23.5,91.0
21.306913,-157.944107,-50.0,27.5,91.0
21.306908,-157.944022,-50.0,32.5,91.0
21.306908,-157.94381,-50.0,37.5,91.0
21.306908,-157.943598,-50.0,42.5,91.0
21.306908,-157.943011,-50.0,51.5,88.2
21.306901,-157.942861,-50.0,56.5,88.2
21.306908,-157.942537,-50.0,61.5,88.2
21.306901,-157.941678,-50.0,71.0,88.2
21.306901,-157.941132,-50.0,79.0,88.2
21.306901,-157.94047,-50.0,85.0,88.2
21.306885,-157.940402,-100,85.0,112.0
21.306913,-157.939809,-100,89.0,90.0
21.306913,-157.939148,-100,93.0,90.0
21.306913,-157.938639,-100,98.0,90.0
21.306913,-157.93808,-100,102.0,90.0
21.306885,-157.937605,-100,106.0,90.0
21.306885,-157.936457,-100,115.0,90.0
21.306913,-157.935282,-100,123.0,90.0
21.306885,-157.93386,-100,127.0,90.0
21.306913,-157.933095,-100,135.0,90.0
21.306885,-157.930065,-100,146.0,90.0
21.306885,-157.929316,-100,154.0,90.0
21.306866,-157.925873,-100,172.0,90.0
21.306885,-157.924771,-100,175.0,90.0
21.306885,-157.922974,-75,180.0,90.3
21.306885,-157.920227,0,184.0,90.0
21.306866,-157.917531,75,186.0,90.3
21.30682,-157.915344,175,186.0,90.9
21.306793,-157.913735,275,186.0,90.9
21.306747,-157.911937,375,185.1,91.6
21.306587,-157.9098,475,186.4,93.7
21.306308,-157.907969,575,186.6,97.4
21.305923,-157.906244,675,187.1,102.0
21.305423,-157.904561,750,187.9,106.7
21.305144,-157.903697,825,188.5,109.2
21.304276,-157.90175,925,189.8,114.3
21.303235,-157.899831,1025,192.4,121.0
21.301575,-157.897455,1100,195.6,127.1
21.300116,-157.895762,1150,198.3,131.7
21.298906,-157.894541,1200,202.3,136.6
21.296814,-157.892811,1250,207.2,143.2
21.294763,-157.891439,1300,209.5,147.7
21.292374,-157.890164,1375,213.8,153.9
21.289352,-157.888866,1450,218.2,158.5
21.286423,-157.887817,1525,222.6,161.4
21.283401,-157.886869,1600,226.5,163.3
21.28093,-157.886119,1625,229.5,164.3
21.279236,-157.88562,1650,233.8,165.1
21.27713,-157.885071,1675,237.2,165.9
21.274605,-157.88442,1700,240.8,166.3
21.271486,-157.883657,1750,245.0,167.3
21.266971,-157.88264,1850,249.3,168.2
21.263992,-157.881978,1950,251.0,168.5
21.26088,-157.881325,2050,251.8,168.8
21.258362,-157.880826,2150,253.4,169.3
21.255341,-157.880227,2250,254.2,169.6
21.251587,-157.879478,2350,257.1,169.7
21.248474,-157.878879,2450,259.1,169.8
21.244858,-157.878229,2550,262.1,169.9
21.241367,-157.877553,2650,265.0,170.0
21.238312,-157.876981,2750,267.0,170.1
21.235382,-157.876481,2850,268.8,170.4
21.231777,-157.875824,2950,271.9,170.3
21.228007,-157.875061,3050,273.8,169.3
21.224396,-157.874234,3150,274.6,167.4
21.221924,-157.873585,3225,274.8,165.5
21.219955,-157.872936,3325,274.2,164.3
21.217575,-157.872087,3425,272.6,161.8
21.215469,-157.871188,3525,271.3,158.8
21.213296,-157.870127,3625,269.9,155.7
21.21176,-157.869263,3725,269.2,154.0
21.210114,-157.868292,3800,266.4,150.6
21.208466,-157.867143,3900,265.1,148.9
21.207047,-157.866144,4000,264.1,145.6
21.205196,-157.864634,4100,264.0,142.7
21.203247,-157.862848,4200,262.7,140.2
21.201416,-157.861101,4300,262.8,138.2
21.199377,-157.859039,4400,263.9,136.7
21.197468,-157.857056,4500,264.5,135.6
21.195374,-157.854767,4600,264.5,134.1
21.193698,-157.852885,4700,265.2,133.6
21.191574,-157.850464,4800,265.3,133.0
21.189743,-157.848317,4900,266.2,132.3
21.188158,-157.846476,5000,266.2,132.3
21.186342,-157.844289,5100,267.0,131.8
21.184713,-157.842306,5200,267.1,131.5
21.183223,-157.840525,5300,266.4,131.4
21.181594,-157.838542,5400,267.2,131.2
21.179718,-157.836282,5500,267.9,131.1
21.178116,-157.834234,5600,267.5,130.3
21.176697,-157.832386,5700,268.0,129.1
21.175049,-157.830089,5800,267.8,127.0
21.173261,-157.827301,5900,268.2,124.5
21.171585,-157.824351,6000,268.4,120.2
21.170334,-157.8216,6100,268.8,116.8
21.168915,-157.817904,6200,268.9,111.6
21.168001,-157.814738,6300,269.6,106.2
21.167209,-157.810822,6400,270.5,100.4
21.166837,-157.807312,6500,271.1,97.2
21.166604,-157.804108,6600,271.5,93.4
21.166489,-157.800176,6700,273.1,91.7
21.166465,-157.796529,6800,274.0,90.6
21.166465,-157.793274,6900,275.0,90.2
21.166443,-157.790139,7000,276.0,90.0
21.166511,-157.782288,7200,279.0,89.2
21.166901,-157.774658,7350,281.8,85.7
21.167582,-157.769216,7450,284.6,80.9
21.168594,-157.764671,7550,286.2,77.1
21.170151,-157.758928,7725,287.9,73.4
21.171936,-157.753235,7925,287.8,70.9
21.17382,-157.747752,8125,287.6,69.9
21.175827,-157.742049,8325,287.3,69.4
21.177887,-157.736156,8525,288.6,69.3
21.180496,-157.728915,8725,290.3,69.0
21.183243,-157.721424,8925,292.3,68.5
21.186296,-157.713165,9125,294.5,68.5
21.188996,-157.70579,9325,296.4,68.6
21.191437,-157.699102,9525,296.9,68.9
21.193909,-157.692211,9725,297.9,68.9
21.196305,-157.685445,9925,298.8,69.0
21.199051,-157.677968,10125,300.1,68.9
21.202789,-157.667791,10325,304.9,68.7
21.207321,-157.655506,10500,313.3,68.3
21.211853,-157.643382,10675,320.0,68.2
21.216522,-157.630987,10850,327.2,68.3
21.221303,-157.618001,11000,334.1,68.6
21.225449,-157.606617,11175,339.8,68.4
21.229614,-157.59633,11350,343.7,65.6
21.233597,-157.58809,11475,347.6,62.0
21.237305,-157.581549,11525,352.3,57.8
21.24146,-157.575429,11575,356.2,53.7
21.245636,-157.570063,11625,361.0,49.4
21.250534,-157.56462,11700,364.2,45.6
21.256805,-157.558427,11775,369.6,41.9
21.267197,-157.549139,11925,376.4,39.6
21.28359,-157.534993,12125,385.6,38.7
21.298068,-157.522583,12250,395.6,38.6
21.315308,-157.50769,12425,405.0,39.4
21.336456,-157.488964,12725,414.7,39.7
21.355545,-157.472035,13075,419.1,39.6
21.371841,-157.457703,13450,421.2,39.5
21.388612,-157.442881,13850,423.3,39.6
21.405603,-157.427877,14225,425.5,39.6
21.422362,-157.413025,14600,427.5,39.7
21.440145,-157.397257,14975,430.3,39.7
21.45813,-157.381198,15325,433.7,40.0
21.476624,-157.364519,15675,435.6,40.3
21.494568,-157.348139,16025,438.3,40.6
21.512674,-157.331543,16375,440.4,40.7
21.530736,-157.314962,16725,442.4,40.8
21.550232,-157.296953,17075,445.9,40.9
21.570602,-157.278026,17400,449.3,41.2
21.590744,-157.25905,17725,452.7,41.5
21.610977,-157.239924,18050,456.2,41.6
21.626121,-157.224986,18325,458.3,43.6
21.637344,-157.212807,18525,459.7,46.2
21.647049,-157.201172,18725,462.2,49.0
21.657544,-157.1875,18925,463.2,51.4
21.667236,-157.173656,19150,465.5,54.1
21.676025,-157.159823,19350,467.1,56.6
21.685593,-157.143244,19600,468.9,58.8
21.7,-157.117971,19950,470.4,58.5
21.714752,-157.092257,20275,471.8,58.4
21.72956,-157.066396,20625,474.0,58.5
21.745249,-157.038981,20925,477.6,58.4
21.760254,-157.012806,21250,480.4,58.4
21.775135,-156.986949,21575,482.6,58.4
21.789551,-156.96177,21900,484.3,58.5
21.805673,-156.933543,22250,487.1,58.4
21.820849,-156.907043,22550,488.8,58.5
21.836655,-156.879422,22875,491.5,58.5
21.852551,-156.851654,23200,493.8,58.5
21.870209,-156.820695,23475,497.7,58.6
21.887466,-156.790365,23775,501.3,58.6
21.904083,-156.761119,24100,503.5,58.7
21.921982,-156.729858,24375,506.8,58.5
21.941986,-156.694802,24650,512.6,58.5
21.96032,-156.66275,24925,515.4,58.4
21.978516,-156.630981,25225,517.9,58.6
21.996957,-156.598511,25500,521.5,58.6
22.015274,-156.566312,25775,523.3,58.7
22.034943,-156.531779,26050,526.5,58.5
22.054821,-156.496785,26325,529.1,58.7
22.075745,-156.459944,26575,532.7,58.7
22.098347,-156.420135,26825,537.7,58.6
22.12088,-156.380493,27075,541.3,58.6
22.144667,-156.338603,27300,545.7,58.6
22.166034,-156.300913,27575,548.0,58.7
22.185471,-156.266635,27925,548.0,58.7
22.203276,-156.235199,28250,547.4,58.8
22.221359,-156.203264,28550,547.4,58.8
22.240631,-156.169156,28825,549.7,58.8
22.261932,-156.131287,29075,552.2,58.9
22.280823,-156.097545,29375,553.6,58.9
22.298859,-156.065385,29675,553.6,58.9
22.315467,-156.035868,30000,553.6,58.9
22.332275,-156.005909,30325,552.7,58.8
22.348798,-155.976461,30650,552.2,58.9
22.36728,-155.943451,30950,551.7,59.0
22.386832,-155.908559,31250,552.2,58.9
22.405701,-155.874822,31525,552.2,58.9
22.424911,-155.840607,31825,552.2,58.9
22.444885,-155.804959,32100,553.3,58.8
22.464946,-155.769297,32375,553.9,59.0
22.486588,-155.730652,32625,555.0,58.9
22.512497,-155.684559,32825,557.2,58.9
22.536392,-155.642062,33075,559.9,58.8
22.559913,-155.600179,33325,561.3,58.8
22.583267,-155.558616,33575,562.2,58.8
22.605487,-155.518901,33825,562.5,59.0
22.628857,-155.476939,34075,563.4,59.0
22.652115,-155.43517,34300,564.2,59.1
22.675409,-155.393321,34550,564.7,59.0
22.699942,-155.349172,34775,566.5,59.1
22.723125,-155.307414,35025,566.5,59.1
22.745041,-155.267828,35275,565.9,59.2
22.767443,-155.227305,35525,564.6,59.2
22.791458,-155.183882,35750,564.6,59.2
22.818185,-155.1356,35950,565.9,59.2
22.842773,-155.091148,36000,564.6,59.2
22.869345,-155.042877,35975,563.2,59.2
22.89602,-154.994507,36000,562.3,59.2
22.922136,-154.947103,35975,561.8,59.3
22.948251,-154.899699,35975,561.8,59.3
22.974747,-154.851546,36000,562.7,59.3
23.001434,-154.803106,36000,563.2,59.2
23.024643,-154.760859,35975,564.1,59.3
23.051504,-154.711965,36000,565.4,59.3
23.078318,-154.663289,36000,565.4,59.3
23.101227,-154.621532,35975,566.3,59.3
23.128006,-154.572693,35975,566.3,59.3
23.154236,-154.524802,35975,565.8,59.4
23.180268,-154.477183,36000,565.8,59.4
23.207336,-154.427623,35975,565.3,59.5
23.233012,-154.380493,36000,565.3,59.5
23.258569,-154.333547,36000,565.3,59.5
23.281082,-154.292192,36000,566.6,59.5
23.305493,-154.247386,36000,566.6,59.5
23.329747,-154.202779,35975,566.1,59.5
23.356142,-154.154205,36000,567.0,59.6
23.381561,-154.107272,36000,567.0,59.6
23.408157,-154.058183,35975,566.1,59.5
23.434071,-154.010366,36000,567.0,59.6
23.459473,-153.963451,36000,566.5,59.7
23.485138,-153.916016,36000,567.0,59.6
23.510928,-153.868306,35975,566.5,59.7
23.53723,-153.819682,36000,565.6,59.6
23.56316,-153.771644,35975,564.3,59.7
23.588837,-153.723857,35975,563.3,59.8
23.61474,-153.67567,36000,562.9,59.7
23.628938,-153.649292,36000,562.4,59.8
23.648397,-153.61312,36000,561.5,59.7
23.673569,-153.566081,35975,559.7,59.9
23.699465,-153.517663,35975,557.9,59.8
23.724838,-153.470357,36000,557.4,59.8
23.741409,-153.438568,36000,559.0,61.2
23.752716,-153.41507,36000,559.9,63.0
23.756491,-153.406712,36000,560.4,63.6
23.839401,-153.235698,36000,0.0,0.0
23.866587,-153.188799,35975,548.3,56.8
23.893982,-153.143209,36000,548.6,57.0
23.921286,-153.097488,36000,548.6,57.0
23.946304,-153.055471,36000,548.1,57.1
34.655502,-129.57735,36000,506.6,68.7
34.668274,-129.537665,36000,506.6,68.7
34.685165,-129.485256,36000,507.5,68.7
34.701508,-129.43436,36000,507.5,68.7
34.702332,-129.431725,35975,507.5,68.7
34.756273,-129.263134,35975,0.0,0.0
34.769943,-129.220295,36000,509.0,68.9
34.769943,-129.220291,36000,509.0,69.0
35.011642,-128.451644,36000,0.0,0.0
35.138031,-128.041506,36000,0.0,0.0
35.147219,-128.011551,36000,520.8,69.6
35.175842,-127.917686,36000,521.4,69.7
35.185226,-127.886801,35975,521.4,69.7
35.202026,-127.831645,36000,521.4,69.7
35.218643,-127.776994,36000,522.4,69.7
35.235397,-127.721672,35975,522.4,69.7
35.251465,-127.668571,36000,523.3,69.8
35.267091,-127.616778,36000,523.0,69.9
35.283617,-127.561847,36000,523.9,69.9
35.299255,-127.509899,35975,524.2,69.8
35.310608,-127.472076,36000,524.8,69.9
35.320533,-127.43901,35975,524.8,69.9
35.335662,-127.388286,35975,524.8,69.9
35.348602,-127.345161,35975,524.8,69.9
35.363251,-127.296066,36000,524.8,69.9
35.367233,-127.282677,36000,525.8,70.0
35.38884,-127.210064,35975,525.8,70.0
35.401208,-127.168443,35975,526.4,70.1
35.418153,-127.111407,36000,526.4,70.1
35.434616,-127.055683,36000,526.4,70.1
35.4506,-127.001602,35975,527.3,70.2
35.466847,-126.946612,36000,527.3,70.2
35.483186,-126.89098,36000,528.3,70.2
35.499712,-126.834762,36000,528.3,70.2
35.516099,-126.779012,35975,528.9,70.3
35.531927,-126.724841,36000,528.9,70.3
35.54808,-126.669558,36000,528.9,70.3
35.564048,-126.614743,36000,529.8,70.4
35.580048,-126.559696,36000,529.5,70.5
35.596355,-126.503419,36000,529.5,70.5
35.612686,-126.447086,36000,529.5,70.5
35.628891,-126.391068,35975,530.4,70.5
35.645002,-126.335235,36000,530.4,70.5
35.661342,-126.278433,36000,531.3,70.5
35.677277,-126.222954,36000,532.0,70.7
35.688482,-126.185225,35975,532.3,69.3
35.69877,-126.153844,36000,532.2,67.6
35.709896,-126.122287,36000,531.3,65.9
35.729587,-126.067589,35975,531.7,66.6
35.748596,-126.01284,36000,531.9,67.1
35.767776,-125.957108,36000,532.9,67.1
35.786614,-125.902152,36000,533.8,67.2
35.805679,-125.846558,36000,533.8,67.2
35.8246,-125.79147,36000,534.2,67.1
35.843353,-125.736923,35975,535.1,67.1
35.86268,-125.680613,36000,535.1,67.1
35.881851,-125.624771,36000,535.1,67.1
35.90076,-125.569523,35975,535.1,67.1
35.919891,-125.513706,36000,535.1,67.1
35.938979,-125.457848,35975,534.7,67.2
35.95784,-125.402584,36000,534.7,67.2
35.976687,-125.347284,36000,534.7,67.2
35.995697,-125.291348,36000,535.6,67.3
36.014648,-125.235558,36000,536.5,67.3
36.0336,-125.17971,35975,536.2,67.4
36.052094,-125.12495,36000,536.2,67.4
36.071048,-125.06871,35975,537.1,67.4
36.089813,-125.013027,35975,536.7,67.5
36.108627,-124.957008,36000,537.6,67.6
36.127283,-124.901168,36000,537.6,67.6
36.146164,-124.844685,36000,538.5,67.6
36.164897,-124.788734,35975,538.5,67.6
36.18338,-124.733276,36000,538.5,67.6
36.202046,-124.677234,36000,539.5,67.7
36.220993,-124.620199,36000,540.4,67.7
36.239639,-124.563904,36000,541.3,67.8
36.246736,-124.542418,36100,541.3,67.8
36.247192,-124.541016,36100,541.3,67.8
36.261307,-124.498356,36375,540.9,67.8
36.274854,-124.457216,36675,539.1,67.8
36.289032,-124.414158,36950,538.7,67.9
36.291752,-124.405907,36975,538.7,67.9
36.292236,-124.404488,37000,538.7,67.9
36.303204,-124.371137,37025,537.4,67.9
36.30368,-124.369698,37025,537.4,67.9
36.32222,-124.313335,36975,537.4,67.9
36.340942,-124.256344,37000,537.4,67.9
36.359113,-124.200732,37000,538.3,68.0
36.377408,-124.144807,37000,538.0,68.1
36.395843,-124.088239,37000,538.0,68.1
36.414045,-124.032314,36975,538.0,68.1
36.432247,-123.976272,37000,538.0,68.1
36.450402,-123.92023,37000,538.5,68.2
36.468658,-123.863811,37000,538.5,68.2
36.486899,-123.807386,37000,538.5,68.2
36.505241,-123.750584,36975,539.4,68.2
36.52335,-123.694309,37000,539.4,68.2
36.541645,-123.637332,37000,540.4,68.3
36.559893,-123.580238,36975,540.9,68.4
36.578293,-123.522835,37000,540.9,68.4
36.59625,-123.466459,37000,541.9,68.4
36.614182,-123.410053,37000,541.9,68.4
36.632515,-123.352505,36975,541.9,68.4
36.650803,-123.294868,36975,541.5,68.6
36.668872,-123.23785,37000,541.5,68.6
36.687103,-123.180199,36975,541.5,68.6
36.705322,-123.122552,37000,541.5,68.6
36.723129,-123.065987,36975,542.1,68.7
36.741211,-123.00848,37000,543.0,68.7
36.75943,-122.950287,37000,543.0,68.7
36.777283,-122.893238,37000,543.0,68.7
36.795215,-122.835856,37000,543.9,68.8
36.812988,-122.778969,37000,543.9,68.8
36.830687,-122.72196,36975,544.5,68.9
36.848694,-122.663841,37000,544.5,68.9
36.866905,-122.605093,37000,544.5,68.9
36.884781,-122.547176,37000,544.1,69.0
36.902657,-122.489319,37000,544.1,69.0
36.920487,-122.431342,36975,544.1,69.0
36.938502,-122.372768,36975,544.1,69.0
36.956223,-122.314999,36975,545.1,69.0
36.974115,-122.256636,37000,544.7,69.1
36.991851,-122.198539,36975,544.4,69.2
37.009355,-122.14104,36975,543.4,69.2
37.026901,-122.083351,37000,543.4,69.2
37.044479,-122.025322,37000,543.1,69.3
37.06192,-121.967819,36975,543.1,69.3
37.079183,-121.910566,36975,544.0,69.3
37.096664,-121.852638,37000,544.0,69.3
37.114284,-121.794075,36975,543.7,69.4
37.131683,-121.736113,37000,543.7,69.4
37.148872,-121.678779,36975,543.3,69.5
37.166199,-121.620931,37000,542.4,69.5
37.18346,-121.563064,37000,542.0,69.6
37.200714,-121.505166,37000,542.0,69.6
37.217723,-121.447827,36975,542.0,69.6
37.23518,-121.389014,37000,543.0,69.6
37.252533,-121.330437,37000,542.6,69.7
37.269861,-121.271807,37000,542.6,69.7
37.286957,-121.213736,36975,542.6,69.7
37.30394,-121.155941,37000,542.3,69.8
37.320976,-121.097817,37000,542.3,69.8
37.338246,-121.038825,36975,542.3,69.8
37.355255,-120.980686,37000,543.2,69.9
37.372192,-120.922715,37000,542.9,70.0
37.389084,-120.864745,36975,543.8,70.0
37.406067,-120.806132,36975,543.8,70.0
37.42305,-120.74746,37000,543.5,70.1
37.439713,-120.689957,36975,543.5,70.1
37.456722,-120.630958,37000,543.5,70.1
37.473358,-120.573081,37000,544.1,70.2
37.490333,-120.513989,37000,544.1,70.2
37.506958,-120.455972,37000,544.1,70.2
37.523711,-120.397319,37000,545.0,70.3
37.540649,-120.338102,36975,544.1,70.2
37.557368,-120.279455,37000,544.7,70.4
37.574158,-120.220116,36975,544.7,70.4
37.590729,-120.161737,37000,544.3,70.5
37.607318,-120.103017,37000,543.4,70.4
37.623984,-120.044085,37000,543.1,70.5
37.640417,-119.98569,36975,543.1,70.5
37.656921,-119.926992,37000,543.1,70.5
37.67363,-119.867326,36975,544.0,70.6
37.690275,-119.807938,37000,544.0,70.6
37.706614,-119.749364,37000,543.7,70.7
37.722839,-119.691078,36975,543.7,70.7
37.739319,-119.631822,36975,544.3,70.8
37.755634,-119.572807,37000,544.3,70.8
37.772206,-119.5128,37000,545.2,70.8
37.788593,-119.45345,36975,544.3,70.8
37.804642,-119.395031,36975,543.9,70.9
37.820801,-119.33636,37000,543.0,70.9
37.837007,-119.277311,37000,543.9,70.9
37.853068,-119.218617,36975,542.7,71.0
37.869278,-119.159,37000,541.1,71.1
37.885421,-119.099619,36975,540.5,71.0
37.901482,-119.040567,37000,540.1,71.1
37.917217,-118.98259,37000,542.0,71.2
37.933182,-118.923554,36975,543.0,71.2
37.949152,-118.864368,36975,543.0,71.2
37.965088,-118.805217,37000,543.0,71.2
37.981201,-118.745143,36975,542.7,71.3
37.997314,-118.685069,36975,542.7,71.3
38.0133,-118.625236,37000,542.7,71.3
38.029175,-118.565707,36975,542.3,71.4
38.044922,-118.506424,37000,543.3,71.4
38.06076,-118.446701,37000,544.2,71.5
38.076462,-118.387503,37000,544.2,71.5
38.092255,-118.327721,37000,543.9,71.6
38.108081,-118.267643,36975,543.0,71.5
38.123383,-118.209443,36975,543.0,71.5
38.139084,-118.149719,37000,543.6,71.7
38.154819,-118.089593,37000,543.3,71.8
38.170228,-118.030422,36975,542.3,71.7
38.18573,-117.970773,37000,541.1,71.8
38.201185,-117.911125,36975,540.1,71.8
38.216583,-117.85192,37000,540.1,71.8
38.232096,-117.792007,37000,539.8,71.9
38.247644,-117.731761,36975,539.8,71.9
38.263007,-117.672232,36975,539.5,72.0
38.277924,-117.614194,37000,539.5,72.0
38.293396,-117.553945,37000,539.5,72.0
38.308456,-117.494864,37000,540.1,72.1
38.323837,-117.434614,36975,539.2,72.1
38.338933,-117.375303,36975,537.9,72.1
38.354095,-117.31546,37000,537.9,72.1
38.369239,-117.255647,36975,536.7,72.2
38.384182,-117.196237,36975,536.1,72.4
38.398939,-117.137425,37000,536.7,72.2
38.413743,-117.07843,37000,537.6,72.2
38.428826,-117.018188,36975,537.0,72.4
38.443726,-116.958359,36975,536.1,72.4
38.45842,-116.899427,37000,536.1,72.4
38.472957,-116.84082,37000,535.8,72.5
38.487947,-116.780762,36975,535.1,72.4
38.502751,-116.721375,37000,534.8,72.5
38.517322,-116.662537,37000,535.8,72.5
38.532172,-116.602295,36975,536.4,72.7
38.54686,-116.542312,36975,536.4,72.7
38.561267,-116.483459,37000,537.4,72.7
38.575516,-116.425164,36975,537.1,72.8
38.58999,-116.365601,36975,537.1,72.8
38.604675,-116.30533,37000,538.3,72.7
38.619038,-116.246155,36975,539.0,72.8
38.633469,-116.186707,36975,539.0,72.8
38.647888,-116.126862,37000,539.0,72.8
38.662399,-116.066676,37000,538.7,72.9
38.67691,-116.00649,37000,538.7,72.9
38.691284,-115.946423,37000,536.2,73.1
38.705383,-115.887312,36975,533.0,73.1
38.719437,-115.828439,37000,531.8,73.2
38.73365,-115.768677,37000,532.1,73.1
38.747755,-115.708984,37000,534.0,73.1
38.761954,-115.64917,37000,534.9,73.2
38.776292,-115.588684,36975,534.9,73.2
38.790304,-115.529114,37000,537.5,73.3
38.804352,-115.469055,36975,539.7,73.3
38.818359,-115.409168,37000,539.4,73.4
38.832642,-115.348026,36975,539.4,73.4
38.846603,-115.288258,37000,538.5,73.4
38.860551,-115.228088,36975,538.2,73.5
38.874893,-115.166095,37000,538.2,73.5
38.888808,-115.105835,37000,540.1,73.5
38.902681,-115.045654,37000,541.1,73.6
38.916507,-114.985413,36975,541.1,73.6
38.930473,-114.924561,36975,540.8,73.7
38.944336,-114.864091,36975,539.8,73.7
38.958115,-114.804024,37000,538.9,73.6
38.971718,-114.744202,37000,539.3,73.8
38.98558,-114.683055,37000,540.5,73.8
38.999359,-114.622212,36975,540.2,73.9
39.012863,-114.561967,36975,540.0,74.0
39.02665,-114.500671,37000,540.0,74.0
39.040375,-114.439445,36975,540.0,74.0
39.054108,-114.377946,36975,538.7,74.1
39.067755,-114.316772,37000,538.7,74.1
39.081162,-114.25647,37000,539.7,74.1
39.094894,-114.194581,36975,539.7,74.1
39.108395,-114.133911,37000,539.0,73.9
39.121857,-114.073254,36975,538.5,74.2
39.135132,-114.012949,37000,539.1,74.3
39.148682,-113.95127,37000,539.4,74.2
39.16221,-113.889832,37000,540.4,74.2
39.175617,-113.828552,37000,541.1,74.3
39.188791,-113.767822,36975,540.8,74.4
39.201872,-113.707092,36975,540.8,74.4
39.215103,-113.646101,36975,540.8,74.4
39.227755,-113.587524,37000,540.5,74.6
39.241287,-113.524595,37000,540.5,74.6
39.254523,-113.462952,37000,539.6,74.5
39.267563,-113.401954,36975,539.3,74.6
39.280592,-113.341003,37000,539.3,74.6
39.291733,-113.290717,37000,539.4,73.4
39.302719,-113.245339,37000,539.2,72.1
39.314622,-113.200073,37000,538.9,70.8
39.327051,-113.156006,36975,539.2,69.5
39.344089,-113.097107,36975,538.5,69.7
39.361084,-113.037793,37000,539.4,69.7
39.378159,-112.978084,37000,539.1,69.8
39.395187,-112.918376,37000,539.1,69.8
39.412102,-112.859009,37000,537.8,69.9
39.428814,-112.800049,36975,536.9,69.8
39.44577,-112.740266,37000,536.5,69.9
39.462433,-112.681454,36975,535.3,70.0
39.479187,-112.622044,37000,535.3,70.0
39.495663,-112.563599,36975,534.0,70.1
39.512238,-112.504538,37000,534.0,70.1
39.528809,-112.445557,36975,532.7,70.1
39.545425,-112.386077,37000,531.4,70.2
39.561954,-112.326599,37000,532.4,70.2
39.578433,-112.267395,37000,532.4,70.2
39.594727,-112.208801,37000,531.1,70.3
39.611113,-112.149658,37000,531.1,70.3
39.627228,-112.091416,37000,530.7,70.4
39.643327,-112.033081,37000,530.7,70.4
39.659729,-111.973492,36975,530.7,70.4
39.675888,-111.914739,37000,532.6,70.5
39.69223,-111.855091,37000,534.5,70.6
39.708389,-111.79592,37000,534.5,70.6
39.724777,-111.735793,36975,531.3,70.5
39.740854,-111.676697,37000,530.1,70.6
39.756866,-111.61769,37000,530.1,70.6
39.772882,-111.558594,37000,529.7,70.7
39.788818,-111.499528,37000,529.7,70.7
39.80505,-111.439331,36975,529.4,70.8
39.821017,-111.380005,37000,529.4,70.8
39.836984,-111.320496,37000,531.6,70.8
39.853043,-111.260515,37000,532.6,70.8
39.868835,-111.201285,37000,533.2,70.9
39.884903,-111.14074,37000,533.2,70.9
39.90065,-111.08151,36975,532.2,70.9
39.916489,-111.021801,36975,530.0,70.9
39.932053,-110.963013,36975,527.5,71.1
39.947617,-110.903809,36975,526.2,71.2
39.963364,-110.843933,37000,526.2,71.2
39.979065,-110.784119,37000,526.2,71.2
39.994125,-110.726624,37000,526.2,71.2
40.009367,-110.668404,36975,523.7,71.3
40.024841,-110.60907,37000,522.7,71.2
40.040039,-110.550659,37000,523.7,71.3
40.055314,-110.491874,37000,524.6,71.3
40.070572,-110.432861,37000,525.3,71.5
40.085946,-110.373209,37000,525.3,71.5
40.101471,-110.312927,37000,525.3,71.5
40.116484,-110.254482,37000,524.9,71.6
40.131707,-110.195118,36975,524.0,71.5
40.146698,-110.135376,37000,524.0,72.2
40.160988,-110.076017,37000,524.5,73.2
40.174535,-110.015904,37000,524.7,73.8
40.187897,-109.955444,37000,524.4,73.9
40.20093,-109.896178,37000,524.2,74.1
40.214218,-109.835754,36975,523.5,73.9
40.227493,-109.775635,36975,523.2,74.0
40.240494,-109.716125,37000,523.9,74.2
40.25354,-109.656677,36975,521.3,74.0
40.266815,-109.596313,36975,519.4,73.9
40.279929,-109.536937,37000,520.0,74.0
40.292917,-109.477636,37000,522.2,74.0
40.305908,-109.418457,37000,524.2,74.1
40.319,-109.358093,36975,524.9,74.2
40.332254,-109.297361,37000,526.1,74.1
40.345195,-109.237498,36975,524.6,74.3
40.357956,-109.178101,37000,523.6,74.3
40.371048,-109.117249,37000,522.7,74.2
40.383787,-109.057908,36975,522.4,74.3
40.396729,-108.997437,37000,522.4,74.3
40.409623,-108.936872,36975,522.1,74.4
40.422379,-108.876634,36975,522.1,74.4
40.435134,-108.816833,37000,523.1,74.5
40.447998,-108.756104,36975,521.9,74.6
40.460738,-108.695609,36975,520.6,74.6
40.473493,-108.634872,36975,519.7,74.6
40.485923,-108.575509,37000,518.4,74.7
40.49826,-108.516479,37000,518.2,74.8
40.510688,-108.456844,36975,518.4,74.7
40.523254,-108.396545,37000,519.1,74.8
40.535706,-108.336426,36975,519.1,74.8
40.548019,-108.276855,37000,520.1,74.8
40.560333,-108.217163,37000,520.1,74.8
40.572743,-108.157217,36975,520.1,74.8
40.584915,-108.097717,37000,521.8,75.0
40.597137,-108.03772,37000,522.7,75.0
40.609451,-107.977051,36975,522.5,75.1
40.621762,-107.916204,36975,520.5,75.1
40.633896,-107.856201,36975,518.4,75.1
40.646118,-107.795471,37000,515.9,75.3
40.658073,-107.735929,36975,514.0,75.2
40.664264,-107.702533,37000,515.2,77.0
40.669739,-107.668457,37000,517.0,78.7
40.674273,-107.635304,37000,519.2,80.5
40.67823,-107.601034,37000,519.9,82.2
40.681549,-107.564331,37000,520.0,83.8
40.686768,-107.501709,36975,518.0,83.8
40.691895,-107.43988,36975,517.0,83.8
40.696976,-107.378662,37000,516.9,83.9
40.702018,-107.316575,37000,515.9,83.9
40.707001,-107.255188,36975,515.8,84.0
40.711945,-107.19342,37000,515.9,83.9
40.716961,-107.131993,37000,515.9,83.9
40.721803,-107.071006,36975,513.7,84.1
40.726547,-107.010559,37000,512.6,84.2
40.731346,-106.949595,37000,511.8,84.1
40.736206,-106.887878,37000,513.6,84.2
40.740889,-106.827309,37000,513.6,84.2
40.745591,-106.765699,36975,514.5,84.3
40.750305,-106.704102,37000,517.6,84.2
40.75502,-106.641968,37000,519.6,84.3
40.759743,-106.580055,36950,519.6,84.3
40.764445,-106.517757,36975,520.6,84.3
40.7691,-106.456084,36975,517.5,84.3
40.77356,-106.394043,36975,513.2,84.7
40.778,-106.33252,37000,513.4,84.4
40.782532,-106.270874,37000,515.4,84.4
40.786976,-106.210015,37000,515.2,84.7
40.791412,-106.147888,37000,516.3,84.6
40.795853,-106.085938,37000,518.2,84.7
40.800201,-106.024292,37000,520.2,84.7
40.804413,-105.962341,36975,522.0,84.9
40.808716,-105.899841,37000,519.1,84.8
40.813045,-105.837354,36975,517.2,84.7
40.817375,-105.775368,37000,517.1,84.8
40.821564,-105.712821,37000,516.0,85.0
40.825607,-105.651306,36975,514.0,85.0
40.829757,-105.590598,37000,514.1,84.9
40.833901,-105.528176,37000,515.0,85.0
40.838013,-105.466736,37000,514.9,85.1
40.841949,-105.405396,36975,516.9,85.1
40.845978,-105.343262,37000,517.9,85.1
40.849915,-105.281555,37000,518.9,85.1
40.853918,-105.218936,36975,518.8,85.2
40.857834,-105.156311,37000,518.8,85.2
40.861692,-105.094279,36975,519.7,85.4
40.86557,-105.031494,36975,519.7,85.4
40.86937,-104.968384,36975,520.6,85.5
40.873077,-104.906433,36975,520.5,85.6
40.876877,-104.843872,36975,520.6,85.5
40.880639,-104.781605,37000,519.6,85.5
40.884293,-104.71936,36975,520.6,85.5
40.888,-104.656128,37000,520.5,85.7
40.891625,-104.593215,37000,520.5,85.6
40.895279,-104.530273,37000,521.5,85.7
40.897119,-104.49259,36975,521.6,87.2
40.897705,-104.461792,37000,521.0,89.2
40.897705,-104.405212,37000,521.0,90.3
40.897293,-104.342957,37000,521.0,90.6
40.896653,-104.279792,37000,521.1,90.9
40.895862,-104.217557,37000,521.1,90.9
40.895096,-104.154968,37000,521.1,91.0
40.894279,-104.093025,37000,521.1,91.0
40.893539,-104.030518,36975,520.0,90.8
40.892929,-103.967493,37000,520.0,90.7
40.892349,-103.905029,36975,521.0,90.7
40.891754,-103.841614,37000,520.0,90.8
40.891251,-103.778992,36975,518.0,90.6
40.890881,-103.71693,36975,517.0,90.3
40.89061,-103.654968,37000,516.0,90.3
40.890555,-103.59246,36975,515.0,89.8
40.890927,-103.530787,37000,517.0,89.4
40.891525,-103.468628,37000,518.0,89.2
40.892231,-103.407066,36975,518.1,88.9
40.893441,-103.344581,37000,518.2,88.3
40.89507,-103.281971,36975,520.4,87.8
40.897025,-103.219736,37000,522.5,87.6
40.899124,-103.157532,37000,525.5,87.4
40.901401,-103.093768,37000,527.6,87.3
40.903702,-103.030457,36975,528.6,87.3
40.905991,-102.966003,36975,530.6,87.3
40.908291,-102.901695,36975,531.6,87.3
40.91066,-102.837158,37000,533.6,87.3
40.912857,-102.772766,37000,534.5,87.4
40.915041,-102.707873,37000,535.5,87.4
40.917389,-102.642883,36975,536.7,87.1
40.920069,-102.57791,37000,536.9,86.7
40.922974,-102.514282,36975,536.1,86.4
40.926132,-102.450195,37000,538.1,86.3
40.929286,-102.385587,37000,540.2,86.2
40.932632,-102.321472,37000,541.3,86.0
40.936083,-102.256622,37000,542.3,86.0
40.939481,-102.192577,37000,543.3,86.0
40.942978,-102.127441,36975,543.4,85.9
40.946548,-102.062683,36975,543.5,85.8
40.950281,-101.996945,36975,543.5,85.8
40.953959,-101.931464,36975,543.5,85.8
40.957497,-101.867294,37000,543.5,85.8
40.96106,-101.802856,36975,543.5,85.8
40.964813,-101.736694,37000,544.5,85.7
40.968669,-101.670789,36975,544.7,85.5
40.972733,-101.604919,36975,544.9,85.3
40.976852,-101.539978,36975,544.9,85.2
40.981006,-101.473909,37000,546.9,85.3
40.985056,-101.407991,37000,547.8,85.4
40.989013,-101.34201,37000,548.8,85.4
40.993063,-101.275843,36975,548.8,85.3
40.997345,-101.210424,37000,548.7,84.3
41.00029,-101.178162,36975,549.9,82.4
41.004318,-101.143677,36975,550.6,80.5
41.009262,-101.109314,36975,550.7,78.7
41.014523,-101.078151,36975,551.4,76.9
41.021027,-101.044495,37000,551.9,75.0
41.034805,-100.979553,36975,552.5,74.3
41.048134,-100.916041,36975,554.1,74.5
41.061676,-100.851135,36975,554.8,74.6
41.074995,-100.787326,37000,556.1,74.6
41.088541,-100.722407,36975,556.8,74.7
41.101576,-100.659298,37000,557.7,74.7
41.11489,-100.594815,37000,557.7,74.7
41.128372,-100.529297,36975,558.7,74.7
41.141518,-100.465664,37000,559.0,74.7
41.154922,-100.400635,36975,559.4,74.9
41.168378,-100.334951,37000,559.4,74.9
41.181553,-100.270094,37000,560.4,74.9
41.194727,-100.205113,37000,561.1,75.0
41.20784,-100.140381,36975,562.0,75.1
41.221169,-100.074151,37000,563.0,75.1
41.234343,-100.00817,37000,563.7,75.2
41.247482,-99.942444,37000,563.7,75.2
41.26062,-99.876953,36975,564.7,75.2
41.273804,-99.810669,37000,565.6,75.2
41.286714,-99.74531,37000,565.4,75.3
41.299759,-99.679199,37000,566.4,75.4
41.312988,-99.612061,36975,566.4,75.4
41.325818,-99.546557,37000,566.1,75.5
41.338899,-99.479953,37000,566.4,75.4
41.351794,-99.413972,37000,567.1,75.5
41.364716,-99.347595,37000,567.8,75.6
41.377491,-99.281699,37000,569.0,75.6
41.390488,-99.214283,37000,570.0,75.6
41.40358,-99.146368,37000,570.7,75.7
41.416269,-99.0802,36975,570.7,75.7
41.429077,-99.013346,37000,570.4,75.8
41.441803,-98.946679,37000,571.7,75.7
41.454529,-98.879887,36975,572.6,75.8
41.467383,-98.811993,36975,572.1,75.9
41.479294,-98.748738,37200,574.1,76.0
41.488658,-98.698489,37475,572.9,76.1
41.497968,-98.648667,37750,570.7,76.1
41.508349,-98.592842,38000,570.7,76.1
41.518079,-98.540401,38275,569.7,76.1
41.52832,-98.485406,38550,568.7,76.1
41.5383,-98.431507,38825,566.6,76.1
41.550568,-98.365153,39025,566.3,76.2
41.56311,-98.297487,38975,566.6,76.1
41.57547,-98.23057,39000,564.4,76.2
41.587463,-98.165151,39000,562.9,76.3
41.599452,-98.099543,38975,561.7,76.4
41.611404,-98.033877,39000,561.7,76.4
41.623489,-97.96721,39025,562.9,76.3
41.635529,-97.900294,39000,564.4,76.6
41.647476,-97.833939,38975,565.4,76.6
41.659272,-97.767845,39000,566.4,76.6
41.671188,-97.700854,39000,567.1,76.8
41.683013,-97.633773,38975,568.1,76.8
41.694901,-97.566584,39000,569.3,76.7
41.706662,-97.499957,39000,569.0,76.8
41.718672,-97.431612,38975,568.8,76.9
41.730377,-97.364273,39000,568.8,76.9
41.741995,-97.297541,39000,568.8,76.9
41.753906,-97.229566,38975,568.8,76.9
41.765579,-97.161837,39000,568.4,77.1
41.777375,-97.093847,39000,568.6,77.0
41.78892,-97.026715,38975,570.3,77.1
41.800507,-96.959027,39000,571.1,77.2
41.811996,-96.891611,39000,570.3,77.1
41.823441,-96.823633,38975,568.7,77.4
41.835006,-96.755442,39000,568.1,77.2
41.846458,-96.687672,39000,567.7,77.4
41.85777,-96.62054,39000,567.0,77.3
41.869171,-96.552533,38975,565.8,77.3
41.880295,-96.485804,38975,563.4,77.5
41.891474,-96.418634,39000,565.5,77.4
41.902554,-96.351631,39000,565.3,77.5
41.913587,-96.284755,38975,564.1,77.6
41.924423,-96.218324,38975,562.9,77.7
41.93542,-96.151194,39000,563.9,77.7
41.94635,-96.084054,39000,563.7,77.8
41.957206,-96.016931,38975,562.9,77.7
41.968006,-95.950119,39000,562.7,77.8
41.978943,-95.882242,38975,562.5,77.9
41.9897,-95.815153,38975,561.5,77.9
42.00032,-95.748846,39000,561.5,77.9
42.010941,-95.682304,38975,559.4,77.9
42.021423,-95.615949,39000,558.0,78.1
42.031815,-95.549594,39025,557.2,78.0
42.042397,-95.482497,38975,555.8,78.2
42.05278,-95.416072,39000,555.8,78.2
42.063263,-95.348532,39000,556.8,78.2
42.073726,-95.28123,39000,555.8,78.2
42.084045,-95.214823,38975,554.2,78.4
42.094208,-95.148218,38975,553.1,78.5
42.10437,-95.081551,39000,554.4,78.3
42.114624,-95.014759,39000,555.4,78.4
42.124608,-94.948958,39000,555.2,78.5
42.134849,-94.881315,39000,555.2,78.5
42.144791,-94.815445,38975,554.0,78.6
42.154913,-94.748393,38975,552.9,78.6
42.164922,-94.681837,38975,551.7,78.7
42.174698,-94.616046,39000,550.7,78.7
42.184428,-94.550256,39000,550.7,78.7
42.194183,-94.484045,39000,551.5,78.8
42.204026,-94.417143,39000,551.5,78.8
42.213593,-94.351522,38975,551.3,78.9
42.223389,-94.284169,39000,551.3,78.9
42.233121,-94.217217,38975,551.1,79.0
42.242798,-94.150335,39000,550.1,79.0
42.252394,-94.083401,39000,549.9,79.1
42.261844,-94.017483,39000,551.1,79.0
42.271454,-93.950459,38975,550.9,79.1
42.280884,-93.884114,39000,550.7,79.2
42.290314,-93.817874,38975,549.7,79.2
42.299652,-93.751394,39000,548.6,79.3
42.30899,-93.684852,38975,549.5,79.3
42.318219,-93.619229,39000,550.3,79.4
42.327343,-93.552544,38975,550.3,79.4
42.336594,-93.486224,39000,549.4,79.4
42.345778,-93.419239,38975,549.2,79.5
42.35495,-93.352391,38975,548.0,79.6
42.364026,-93.285551,38975,547.8,79.7
42.373077,-93.218744,38975,546.9,79.7
42.382088,-93.152118,39000,545.9,79.7
42.391119,-93.085242,39000,544.9,79.6
42.399902,-93.019492,38975,542.7,79.7
42.408577,-92.95462,39000,541.6,79.8
42.417343,-92.888593,39000,540.6,79.8
42.425949,-92.823549,38975,540.2,80.0
42.434509,-92.758442,39000,541.1,80.1
42.443118,-92.692289,38975,541.2,80.0
42.451721,-92.626169,39000,540.2,80.0
42.460203,-92.560709,39000,541.1,80.1
42.466415,-92.510438,39000,540.3,81.3
42.469653,-92.477353,38975,539.8,83.2
42.472167,-92.443181,38975,539.0,85.1
42.473877,-92.408628,38975,537.7,87.0
42.474747,-92.371798,38975,537.1,88.8
42.474792,-92.337591,39000,536.0,90.8
42.473982,-92.271679,39000,536.1,90.9
42.473331,-92.205378,39000,536.0,90.8
42.472586,-92.139076,38975,536.1,90.9
42.471841,-92.073478,39000,536.1,90.9
42.471039,-92.007502,38975,536.1,91.0
42.470169,-91.941771,39000,537.1,91.0
42.469299,-91.874605,38975,538.1,91.1
42.46843,-91.808687,39000,539.1,91.1
42.467468,-91.742581,39000,540.1,91.2
42.466488,-91.676054,38975,541.1,91.2
42.465454,-91.60881,39000,542.1,91.2
42.464401,-91.542518,39000,542.1,91.3
42.463211,-91.475664,39000,541.2,91.4
42.462067,-91.409621,38975,539.1,91.3
42.460831,-91.342392,38975,538.2,91.5
42.459641,-91.282654,38750,537.2,91.5
42.458908,-91.245762,38375,538.2,91.5
42.458221,-91.211492,37975,538.2,91.6
42.457443,-91.173914,37600,538.2,91.6
42.456757,-91.137709,37225,537.2,91.4
42.456116,-91.10088,36850,536.1,91.3
42.455455,-91.065099,36475,535.2,91.5
42.454697,-91.029406,36100,534.2,91.7
42.453872,-90.993113,35700,533.2,91.7
42.45314,-90.96018,35300,533.2,91.7
42.452454,-90.926222,34900,533.2,91.6
42.451721,-90.891016,34500,532.2,91.6
42.450986,-90.860063,34100,532.3,91.8
42.450241,-90.828254,33700,532.3,91.9
42.449403,-90.79504,33300,531.3,91.9
42.448517,-90.758931,32900,530.3,91.8
42.447556,-90.719417,32525,526.3,92.0
42.446563,-90.680514,32175,522.3,92.0
42.445541,-90.641264,31825,518.3,92.0
42.444561,-90.604312,31475,514.3,92.0
42.443573,-90.564423,31125,510.3,91.9
42.442657,-90.527656,30775,506.3,91.9
42.441696,-90.490452,30425,503.3,92.1
42.440744,-90.454527,30075,500.3,92.1
42.439767,-90.418439,29725,496.3,92.1
42.438789,-90.381456,29375,493.3,92.1
42.437851,-90.345508,29000,491.3,92.0
42.436935,-90.30949,28650,488.3,92.0
42.435974,-90.274284,28300,486.3,92.1
42.435013,-90.239202,27950,483.3,92.1
42.434052,-90.204371,27575,480.3,92.2
42.433063,-90.169969,27225,477.3,92.2
42.432083,-90.135831,26875,475.3,92.2
42.431122,-90.102185,26525,472.4,92.3
42.430084,-90.068409,26150,469.4,92.4
42.429016,-90.03427,25800,467.4,92.4
42.428129,-90.00198,25425,464.3,92.1
42.427185,-89.967603,25075,462.4,92.2
42.426178,-89.934332,24700,459.4,92.5
42.424988,-89.900624,24325,457.5,92.8
42.423939,-89.866823,23950,454.4,92.3
42.422961,-89.833991,23575,452.4,92.3
42.421937,-89.801352,23225,450.4,92.4
42.420914,-89.7691,22850,448.4,92.6
42.419861,-89.736141,22500,446.4,92.4
42.418808,-89.703993,22125,444.5,92.6
42.417701,-89.671049,21750,442.4,92.5
42.41663,-89.638601,21375,440.5,92.6
42.415513,-89.606345,21025,437.5,92.6
42.414489,-89.575813,20650,436.5,92.6
42.413361,-89.544067,20300,435.5,92.8
42.412301,-89.513408,19925,435.5,92.6
42.41123,-89.481918,19575,435.5,92.8
42.410159,-89.451514,19200,435.5,92.6
42.409149,-89.420846,18825,434.4,92.5
42.408051,-89.390072,18475,431.5,92.8
42.407087,-89.363048,18075,428.5,92.8
42.405945,-89.331519,17700,422.5,92.7
42.404938,-89.30268,17325,418.5,92.7
42.403828,-89.27222,16950,417.5,92.9
42.402804,-89.242518,16575,416.4,92.6
42.401779,-89.213853,16200,411.5,92.8
42.400726,-89.183391,15825,404.4,92.6
42.399628,-89.153865,15475,399.6,93.2
42.398392,-89.125089,15125,396.7,93.3
42.397125,-89.096822,14775,394.7,93.3
42.39592,-89.068097,14400,392.6,93.1
42.394797,-89.040038,14050,390.6,93.1
42.393677,-89.012104,13675,389.5,92.9
42.392563,-88.983829,13325,386.6,93.1
42.391492,-88.955979,12975,384.5,92.8
42.390421,-88.9273,12625,381.5,93.0
42.389328,-88.900056,12250,380.5,92.9
42.388641,-88.881142,12025,378.5,92.9
42.388092,-88.866972,11825,377.5,92.9
42.387442,-88.849374,11650,375.5,92.9
42.386557,-88.82491,11500,367.4,92.8
42.385529,-88.797621,11400,357.5,92.9
42.384705,-88.775711,11325,348.5,93.0
42.383698,-88.750555,11225,338.5,93.2
42.382645,-88.724899,11125,328.6,93.3
42.381683,-88.702739,11025,319.5,93.2
42.380585,-88.68239,10925,312.2,95.0
42.37912,-88.664474,10850,305.3,97.0
42.377061,-88.644849,10725,299.6,98.8
42.375106,-88.629456,10575,297.8,100.2
42.373077,-88.614599,10400,297.8,100.2
42.371155,-88.599992,10225,297.6,100.1
42.369232,-88.585323,10050,297.4,99.9
42.367285,-88.57018,9875,297.6,100.1
42.365423,-88.558172,9725,295.7,103.1
42.363876,-88.551365,9650,294.1,107.8
42.362137,-88.545622,9575,290.6,113.7
42.359894,-88.53988,9500,288.2,118.6
42.357559,-88.535073,9450,286.2,123.8
42.354669,-88.530259,9375,284.5,128.7
42.352203,-88.526896,9325,282.2,134.0
42.349228,-88.523462,9250,280.1,139.2
42.34601,-88.520359,9200,278.4,143.9
42.341766,-88.516783,9125,277.0,148.4
42.336048,-88.512566,9000,276.0,152.1
42.328354,-88.507358,8800,277.7,153.7
42.319977,-88.501927,8600,279.5,154.4
42.311655,-88.496534,8425,280.4,154.4
42.30217,-88.490441,8250,280.4,154.4
42.29187,-88.483824,8075,279.5,154.4
42.28212,-88.477457,7925,279.1,154.1
42.271912,-88.470716,7750,277.3,153.9
42.261795,-88.464036,7600,276.4,153.8
42.252411,-88.457857,7425,275.9,154.0
42.242432,-88.451375,7250,274.6,154.1
42.233139,-88.44531,7075,275.1,154.4
42.227721,-88.441858,6975,275.1,154.4
42.222107,-88.438194,6875,275.1,154.4
42.217072,-88.43501,6775,274.6,154.6
42.211304,-88.431327,6675,274.2,154.7
42.206121,-88.428061,6575,275.1,154.8
42.200958,-88.424773,6475,274.7,155.0
42.195145,-88.421215,6375,275.2,155.3
42.188919,-88.417345,6275,274.3,155.2
42.180796,-88.412348,6175,272.0,155.2
42.171067,-88.40628,6075,267.6,155.2
42.164703,-88.402426,6025,263.2,155.8
42.158963,-88.399381,5975,260.3,158.4
42.154999,-88.397744,5925,256.3,163.7
42.149734,-88.396059,5875,252.6,167.9
42.144287,-88.394685,5875,248.7,170.1
42.14003,-88.393811,5875,244.7,171.5
42.133034,-88.392611,5875,239.8,173.1
42.127716,-88.391814,5900,235.4,173.7
42.120026,-88.39069,5875,231.1,174.3
42.099014,-88.388068,5850,227.0,174.7
42.082718,-88.386133,5800,225.9,174.9
42.075123,-88.385201,5700,225.9,174.9
42.068161,-88.384386,5600,225.9,174.9
42.061809,-88.383668,5500,224.9,174.9
42.056036,-88.382966,5400,223.8,175.1
42.050636,-88.382327,5300,223.8,175.1
42.044864,-88.381688,5200,222.8,175.1
42.039276,-88.380827,5125,222.0,172.2
42.035843,-88.379891,5050,221.7,167.0
42.032272,-88.378455,5000,221.7,162.9
42.029434,-88.37702,4950,221.4,158.5
42.026383,-88.375045,4900,221.4,154.0
42.023543,-88.372746,4900,221.1,147.8
42.020325,-88.369591,4875,222.2,143.2
42.01799,-88.366782,4875,223.1,138.4
42.015769,-88.363676,4850,224.4,132.3
42.01355,-88.359854,4850,224.6,127.6
42.01181,-88.356295,4850,225.8,122.7
42.010117,-88.352113,4875,226.9,118.7
42.005155,-88.338893,4875,227.6,116.9
41.995651,-88.314098,4875,227.6,116.9
41.986208,-88.288943,4875,228.1,116.6
41.9767,-88.263474,4875,228.1,116.6
41.970062,-88.245496,4875,227.7,115.2
41.968332,-88.239824,4875,228.6,111.3
41.967075,-88.234395,4875,229.7,106.7
41.966171,-88.229266,4850,231.0,102.0
41.965492,-88.223153,4825,232.1,97.7
41.965073,-88.216345,4750,233.5,93.7
41.964887,-88.208654,4650,234.1,91.2
41.964887,-88.202586,4550,234.0,90.0
41.964934,-88.196773,4450,234.0,89.5
41.964981,-88.192,4350,233.0,89.5
41.965027,-88.186362,4250,232.0,89.5
41.965027,-88.180932,4150,232.0,89.5
41.965073,-88.174771,4050,231.0,89.8
41.965073,-88.169341,3950,230.0,89.8
41.965073,-88.162984,3850,227.0,89.8
41.965118,-88.155608,3750,223.0,89.7
41.965118,-88.148554,3650,218.0,89.7
41.96512,-88.141458,3550,213.0,90.0
41.965167,-88.133921,3450,208.0,89.7
41.965164,-88.126956,3375,203.0,89.7
41.96521,-88.118217,3275,199.0,90.0
41.965213,-88.111246,3175,197.0,90.0
41.965213,-88.104667,3075,197.0,90.0
41.96521,-88.098679,2975,196.0,89.7
41.965256,-88.092187,2875,195.0,89.7
41.965306,-88.085505,2775,194.0,89.7
41.965306,-88.078798,2675,193.0,89.7
41.965353,-88.071708,2575,191.0,89.7
41.965347,-88.064971,2475,191.0,89.7
41.965399,-88.057975,2375,190.0,89.7
41.965399,-88.051396,2275,190.0,89.7
41.965446,-88.044817,2175,189.0,89.7
41.965485,-88.037442,2075,187.0,89.7
41.965485,-88.031013,1975,185.0,89.7
41.965492,-88.024569,1875,182.0,90.0
41.965485,-88.017779,1775,177.0,90.0
41.96553,-88.010913,1700,172.0,89.7
41.965539,-88.003937,1600,167.0,89.7
41.965576,-87.99693,1500,163.0,89.3
41.965679,-87.990013,1400,161.0,89.3
41.965714,-87.983572,1300,158.0,89.6
41.965668,-87.975894,1200,155.0,90.7
41.965622,-87.968778,1100,155.0,90.4
41.965622,-87.961662,1000,154.0,89.6
41.965668,-87.954608,900,154.0,89.6
41.965668,-87.947492,800,155.0,89.6
41.965725,-87.940127,700,156.0,89.6
41.965714,-87.932822,600,156.0,90.0
41.965725,-87.924542,550,153.0,90.0
41.965725,-87.922307,525,149.0,89.6
41.965725,-87.921476,500,147.0,90.0
41.965714,-87.92065,475,143.0,90.0
41.965725,-87.919432,475,138.0,90.0
41.965725,-87.918666,525,128.0,90.0
41.965714,-87.917841,550,124.0,90.0
41.965725,-87.916749,550,119.0,89.5
41.965725,-87.915791,550,115.0,89.5
41.965725,-87.915536,550,111.0,89.5
41.965725,-87.914897,550,107.0,89.5
41.965759,-87.914345,550,102.0,89.4
41.965748,-87.914221,-50.0,97.0,88.9
41.965748,-87.913752,-50.0,93.0,88.9
41.965748,-87.913409,-50.0,93.0,88.9
41.965748,-87.912805,-50.0,89.0,91.7
41.965748,-87.912348,-50.0,85.0,91.7
41.965748,-87.911849,-50.0,81.0,91.7
41.965748,-87.911336,-50.0,77.0,91.7
41.965748,-87.91085,-50.0,73.0,91.7
41.965748,-87.910665,-50.0,67.5,91.7
41.965748,-87.910266,-50.0,64.5,88.9
41.965748,-87.909929,-50.0,60.5,88.9
41.965748,-87.90943,-50.0,56.5,88.9
41.965759,-87.909118,-50.0,52.5,88.9
41.96576,-87.908781,-50.0,49.5,88.9
41.965772,-87.908494,-50.0,47.5,88.9
41.965772,-87.908015,-50.0,42.5,88.9
41.965794,-87.907557,-50.0,38.5,86.1
41.96583,-87.907009,-50.0,35.5,83.2
41.965876,-87.906498,-50.0,31.5,83.2
41.965935,-87.906051,-50.0,30.5,80.4
41.966,-87.905716,-50.0,28.5,77.6
41.966068,-87.90545,-50.0,28.5,74.8
41.966144,-87.905156,-50.0,27.5,72.0
41.966237,-87.904853,-50.0,26.5,69.2
41.966331,-87.904576,-50.0,24.5,66.4
41.966493,-87.90415,-50.0,20.5,63.5
41.966606,-87.90389,-50.0,16.5,60.7
41.966755,-87.903609,-50.0,12.8,57.9
41.966824,-87.903515,-50.0,11.2,49.5
41.96711,-87.903448,-50.0,10.2,46.7
41.967378,-87.903847,-50.0,11.2,46.7
41.967389,-87.903911,-50.0,11.2,305.4
41.967401,-87.904023,-50.0,11.2,297.0
41.967413,-87.904134,-50.0,11.8,288.5
41.967413,-87.904262,-50.0,12.2,280.1
41.967401,-87.90439,-50.0,12.8,274.5
41.967401,-87.904805,-50.0,13.8,271.7
41.967396,-87.905357,-50.0,15.5,268.9
41.967396,-87.905934,-50.0,18.5,268.9
41.967401,-87.90637,-50.0,19.5,268.9
41.967396,-87.906964,-50.0,21.5,268.9
41.967389,-87.907536,-50.0,23.5,268.9
41.967396,-87.90801,-50.0,24.5,268.9
41.967384,-87.90879,-50.0,26.5,268.9
41.967389,-87.909292,-50.0,27.5,268.9
41.967389,-87.909787,-50.0,28.5,268.9
41.967389,-87.910378,-50.0,28.5,268.9
41.967384,-87.910897,-50.0,28.5,268.9
41.967389,-87.911416,-50.0,28.5,268.9
41.967384,-87.911958,-50.0,28.5,268.9
41.967384,-87.912551,-50.0,28.5,268.9
41.967378,-87.913125,-50.0,27.5,268.9
41.967378,-87.913652,-50.0,27.5,268.9
41.967384,-87.914189,-50.0,27.5,268.9
41.967378,-87.914753,-50.0,27.5,268.9
41.967378,-87.915344,-50.0,27.5,268.9
41.967378,-87.915935,-50.0,27.5,268.9
41.967373,-87.916468,-50.0,27.5,268.9
41.967378,-87.916861,-50.0,27.5,271.7
41.967384,-87.917311,-50.0,27.5,268.9
41.967378,-87.917771,-50.0,28.5,268.9
41.967373,-87.918278,-50.0,28.5,268.9
41.967378,-87.918873,-50.0,28.5,268.9
41.967373,-87.919449,-50.0,28.5,268.9
41.967361,-87.919963,-50.0,28.5,268.9
41.967373,-87.920463,-50.0,29.5,271.7
41.967373,-87.920947,-50.0,29.5,268.9
41.967373,-87.921493,-50.0,29.5,268.9
41.967361,-87.92193,-50.0,29.5,268.9
41.967361,-87.922476,-50.0,29.5,268.9
41.967361,-87.923022,-50.0,28.5,268.9
41.967361,-87.923568,-50.0,25.5,268.9
41.967366,-87.923983,-50.0,21.5,268.9
41.967366,-87.924446,-50.0,17.5,268.9
41.967366,-87.924718,-50.0,13.2,268.9
41.967378,-87.925101,-50.0,10.2,271.7
41.967407,-87.925223,-50.0,10.2,280.1
41.967459,-87.925309,-50.0,10.2,288.6
41.967517,-87.925372,-50.0,9.8,299.8
41.967579,-87.92541,-50.0,9.8,308.2
41.967636,-87.925441,-50.0,10.2,319.5
41.967716,-87.925441,-50.0,10.8,330.8
41.967785,-87.925436,-50.0,10.8,342.0
41.96789,-87.92542,-50.0,11.8,353.2
41.968094,-87.925394,-50.0,13.8,358.9
41.968542,-87.925404,-50.0,17.5,358.9
41.968972,-87.925404,-50.0,19.5,358.9
41.969376,-87.92541,-50.0,20.5,1.7
41.969764,-87.925404,-50.0,21.5,358.9
41.970188,-87.925394,-50.0,18.5,358.9
41.970625,-87.925404,-50.0,15.5,358.9
41.97102,-87.925404,-50.0,14.2,358.9
41.971195,-87.925379,-50.0,12.8,4.5
41.971298,-87.925332,-50.0,12.2,10.1
41.97139,-87.925254,-50.0,12.2,18.6
41.971447,-87.925191,-50.0,12.2,27.0
41.971498,-87.925101,-50.0,12.2,35.4
41.971527,-87.92502,-50.0,12.2,43.9
41.971556,-87.924909,-50.0,12.2,55.1
41.971561,-87.924786,-50.0,12.2,63.6
41.971567,-87.92467,-50.0,12.2,72.0
41.971561,-87.924536,-50.0,12.2,80.4
41.971556,-87.924287,-50.0,13.2,86.1
41.971561,-87.923756,-50.0,16.5,88.9
41.971567,-87.923233,-50.0,18.5,91.7
41.971561,-87.922726,-50.0,20.5,88.9
41.971567,-87.922243,-50.0,23.5,91.7
41.971567,-87.9217,-50.0,24.5,88.9
41.971573,-87.921212,-50.0,26.5,88.9
41.971567,-87.920662,-50.0,26.5,88.9
41.971573,-87.920104,-50.0,27.5,88.9
41.971567,-87.919512,-50.0,27.5,88.9
41.971579,-87.918985,-50.0,27.5,88.9
41.971573,-87.91845,-50.0,27.5,91.7
41.971567,-87.917899,-50.0,26.5,88.9
41.971567,-87.917324,-50.0,24.5,88.9
41.971573,-87.916749,-50.0,21.5,88.9
41.971579,-87.916191,-50.0,18.5,88.9
41.971573,-87.915594,-50.0,14.8,88.9
41.971573,-87.915157,-50.0,10.2,88.9
41.971614,-87.915009,-50.0,9.2,83.2
41.971653,-87.914938,-50.0,9.2,74.8
41.971695,-87.914881,-50.0,9.2,66.4
41.971745,-87.914845,-50.0,9.8,57.9
41.97179,-87.914814,-50.0,9.8,49.5
41.971859,-87.914814,-50.0,10.8,38.2
41.971928,-87.914814,-50.0,10.8,27.0
41.97201,-87.914817,-50.0,11.2,15.7
41.972111,-87.914829,-50.0,11.8,4.5
41.972282,-87.91486,-50.0,12.8,358.9
41.972729,-87.914876,-50.0,13.8,358.9
41.973118,-87.91486,-50.0,13.8,1.7
41.973302,-87.914769,-50.0,12.8,15.7
41.973383,-87.91469,-50.0,12.2,24.2
41.973441,-87.914594,-50.0,12.2,32.6
41.973464,-87.914546,-50.0,11.8,38.2
41.973495,-87.914439,-50.0,11.2,49.5
41.973511,-87.914338,-50.0,11.2,57.9
41.973518,-87.914236,-50.0,10.8,66.4
41.973523,-87.914147,-50.0,10.2,74.8
41.973518,-87.913987,-50.0,9.8,80.4
41.973511,-87.913779,-50.0,9.8,86.1
41.973523,-87.913284,-50.0,12.8,88.9
41.973541,-87.91305,-50.0,12.8,86.1
41.973581,-87.912901,-50.0,12.2,77.6
41.973633,-87.912785,-50.0,11.8,69.2
41.973709,-87.912693,-50.0,11.2,60.7
41.973755,-87.912662,-50.0,11.8,52.3
41.973825,-87.912614,-50.0,11.8,43.9
41.973907,-87.912598,-50.0,12.2,35.4
41.973988,-87.912582,-50.0,12.2,24.2
41.974045,-87.912598,-50.0,12.2,15.7
41.974105,-87.912614,-50.0,12.2,7.3
41.974209,-87.912693,-50.0,12.8,350.4
41.974262,-87.912754,-50.0,12.8,342.0
41.974337,-87.912837,-50.0,12.8,333.5
41.9744,-87.91291,-50.0,12.8,327.9
41.974514,-87.91305,-50.0,12.8,322.3
41.974826,-87.913412,-50.0,13.2,319.5
41.975132,-87.913721,-50.0,13.8,322.3
41.975246,-87.913799,-50.0,14.2,327.9
41.975407,-87.913877,-50.0,14.2,333.5
41.975544,-87.913924,-50.0,14.8,339.2
41.975727,-87.913971,-50.0,15.5,344.8
41.975908,-87.914019,-50.0,15.5,347.6
41.976299,-87.914096,-50.0,15.5,350.4
41.976528,-87.914127,-50.0,16.5,353.2
41.976665,-87.914115,-50.0,17.5,358.9
41.976837,-87.914096,-50.0,17.5,4.5
41.977235,-87.914019,-50.0,16.5,7.3
41.977631,-87.913923,-50.0,13.8,10.1
41.977759,-87.913875,-50.0,12.8,12.9
41.977844,-87.913815,-50.0,11.8,21.4
41.977922,-87.913699,-50.0,10.8,29.8
41.977968,-87.91362,-50.0,10.8,38.2
41.978004,-87.913518,-50.0,10.2,46.7
41.978027,-87.913412,-50.0,9.2,55.1
41.978039,-87.913347,-50.0,9.2,60.7
41.978027,-87.913173,-50.0,8.2,77.6
41.978016,-87.913113,-50.0,7.8,83.2
41.977992,-87.913013,-50.0,6.8,91.7
41.977968,-87.912901,-50.0,5.2,97.3
41.977947,-87.912816,-50.0,5.2,100.1
41.977899,-87.912598,-50.0,5.2,102.9
41.97784,-87.912326,-50.0,7.2,105.7
41.977741,-87.911864,-50.0,7.8,105.7
41.977712,-87.91164,-50.0,6.8,102.9
41.977695,-87.911458,-50.0,3.2,100.1
41.977673,-87.911318,-50.0,0.1,100.1
41.977677,-87.91132,-50.0,0.1,100.1
41.977661,-87.911318,-50.0,0.0,100.1
41.977666,-87.911304,-50.0,0.0,100.1
41.977673,-87.911302,-50.0,0.0,100.1
41.977684,-87.911318,-50.0,0.0,100.1
41.977677,-87.91132,-50.0,0.0,100.1
41.97773,-87.911693,-50.0,4.2,100.1
41.977782,-87.91223,-50.0,4.2,0.0
41.977856,-87.912551,-50.0,2.2,0.0
41.977936,-87.912644,-50.0,3.2,0.0
41.978085,-87.912677,-50.0,1.9,0.0
41.97819,-87.91263,-50.0,2.2,0.0
41.978201,-87.91263,-50.0,2.2,0.0
41.978291,-87.91266,-50.0,0.1,0.0
41.978291,-87.91266,-50.0,0.0,207.0
41.978294,-87.912662,-50.0,0.0,0.0
41.978291,-87.91266,-50.0,0.0,207.0
41.978291,-87.91266,-50.0,0.0,207.0
41.978294,-87.912662,-50.0,0.0,207.0
41.978291,-87.91266,-50.0,0.0,0.0
41.978259,-87.912677,-50.0,1.1,0.0
41.978166,-87.912965,-50.0,3.8,0.0
41.978096,-87.913268,-50.0,5.2,0.0
41.978015,-87.913572,-50.0,5.8,0.0
41.977787,-87.913815,-50.0,6.2,0.0
41.977549,-87.913907,-50.0,5.8,0.0
41.977305,-87.913971,-50.0,5.8,0.0
41.97702,-87.914033,-50.0,6.8,0.0
41.976711,-87.914083,-50.0,7.8,187.3
41.976432,-87.914147,-50.0,8.8,187.3
41.976357,-87.914189,-50.0,8.8,192.9
41.976269,-87.914242,-50.0,8.2,198.6
41.976223,-87.914306,-50.0,7.8,204.2
41.976176,-87.91437,-50.0,7.2,209.8
41.976128,-87.914455,-50.0,7.2,218.2
41.976116,-87.914517,-50.0,6.8,226.7
41.976118,-87.914578,-50.0,6.8,235.1
41.976128,-87.914642,-50.0,6.2,246.4
41.976151,-87.914689,-50.0,6.2,254.8
41.976176,-87.914721,-50.0,5.2,263.2
41.976208,-87.914798,-50.0,4.8,271.7
41.976231,-87.914845,-50.0,3.8,280.1
41.976254,-87.91486,-50.0,3.8,285.7
41.976292,-87.914897,-50.0,3.2,291.4
41.976311,-87.914923,-50.0,2.8,297.0
41.976345,-87.914938,-50.0,2.8,302.6
41.976391,-87.91497,-50.0,3.2,308.2
41.976425,-87.914985,-50.0,3.8,313.9
41.976467,-87.914993,-50.0,3.8,319.5
41.976514,-87.915009,-50.0,4.2,325.1
41.976549,-87.915009,-50.0,4.2,330.7
41.976595,-87.915009,-50.0,4.8,336.4
41.976654,-87.915017,-50.0,4.8,342.0
41.976746,-87.915017,-50.0,5.2,347.6
41.976837,-87.915001,-50.0,6.2,353.2
41.976944,-87.914993,-50.0,7.2,358.9
41.977066,-87.91497,-50.0,7.2,1.7
41.977212,-87.914945,-50.0,7.8,4.5
41.977444,-87.914892,-50.0,7.2,7.3
41.977673,-87.914845,-50.0,6.8,10.1
41.977968,-87.914753,-50.0,6.8,10.1
41.978224,-87.91469,-50.0,7.8,10.1
41.978399,-87.914626,-50.0,7.2,12.9
41.978492,-87.914578,-50.0,6.8,15.7
41.97869,-87.91445,-50.0,7.2,18.5
41.979,-87.914252,-50.0,7.8,18.5
41.979318,-87.914035,-50.0,7.8,18.5
41.979641,-87.913784,-50.0,8.2,18.5
41.979924,-87.913492,-50.0,8.8,0.0
41.980247,-87.913159,-50.0,9.2,0.0
41.980602,-87.912879,-50.0,9.8,0.0
41.980957,-87.912613,-50.0,7.8,29.8
41.981122,-87.912502,-50.0,5.8,27.0
41.981232,-87.91241,-50.0,4.2,29.8
41.981403,-87.912286,-50.0,2.8,29.8
41.981495,-87.912182,-50.0,3.8,32.6
41.981586,-87.912083,-50.0,3.8,35.4
41.981689,-87.911973,-50.0,4.2,38.2
41.981861,-87.911771,-50.0,5.8,38.2
41.982101,-87.911615,-50.0,6.8,27.0
41.982365,-87.911755,-50.0,7.8,344.8
41.982479,-87.911911,-50.0,7.2,327.9
41.982565,-87.912023,-50.0,7.2,322.3
41.982717,-87.912198,-50.0,5.8,319.5
41.9828,-87.912317,-50.0,5.2,316.7
41.982833,-87.912422,-50.0,5.2,311.0
41.982856,-87.912486,-50.0,5.2,305.4
41.98288,-87.912723,-50.0,5.8,302.6
41.982891,-87.913125,-50.0,8.2,302.6
41.982891,-87.91322,-50.0,9.2,302.6
41.982891,-87.913269,-50.0,9.8,274.5
41.982891,-87.913763,-50.0,12.2,271.7
41.982891,-87.914283,-50.0,13.2,268.9
41.982891,-87.914876,-50.0,13.2,268.9
41.982891,-87.915329,-50.0,13.2,268.9
41.982891,-87.915656,-50.0,13.2,268.9
41.982891,-87.915967,-50.0,13.2,268.9
41.982891,-87.91651,-50.0,13.2,271.7
41.982903,-87.916925,-50.0,13.2,271.7
41.982903,-87.917516,-50.0,12.8,271.7
41.982903,-87.918043,-50.0,12.8,268.9
41.982891,-87.918606,-50.0,12.8,268.9
41.982891,-87.919177,-50.0,14.2,268.9
41.98288,-87.919511,-50.0,14.2,268.9
41.982868,-87.919895,-50.0,13.8,266.1
41.982833,-87.920454,-50.0,12.8,266.1
41.982811,-87.920962,-50.0,12.2,268.9
41.98281,-87.921253,-50.0,12.8,268.9
41.98281,-87.921811,-50.0,13.2,268.9
41.982811,-87.922398,-50.0,9.2,268.9
41.98281,-87.922929,-50.0,9.2,268.9
41.98281,-87.923265,-50.0,6.8,268.9
41.98281,-87.923632,-50.0,5.8,268.9
41.982811,-87.92399,-50.0,6.2,268.9
41.982811,-87.924255,-50.0,1.4,268.9
41.98281,-87.924335,-50.0,1.4,268.9
41.98281,-87.924654,-50.0,4.8,268.9
41.9828,-87.924973,-50.0,5.8,268.9
41.98281,-87.925356,-50.0,6.8,268.9
41.982811,-87.925722,-50.0,6.8,0.0
41.98281,-87.926043,-50.0,6.8,0.0
41.98281,-87.926331,-50.0,6.8,0.0
41.98281,-87.926762,-50.0,7.2,268.9
41.98281,-87.927145,-50.0,8.2,268.9
41.98281,-87.927688,-50.0,9.8,268.9
41.982811,-87.928281,-50.0,10.8,268.9
41.982811,-87.928874,-50.0,11.8,268.9
41.982811,-87.929327,-50.0,11.2,271.7
41.982822,-87.929764,-50.0,11.2,268.9
41.982811,-87.930326,-50.0,12.2,268.9
41.982811,-87.930825,-50.0,11.2,268.9
41.982833,-87.930993,-50.0,9.8,274.5
41.982868,-87.931106,-50.0,9.2,280.1
41.982903,-87.931168,-50.0,9.2,285.8
41.982949,-87.931249,-50.0,8.8,294.2
41.983017,-87.931309,-50.0,8.8,305.4
41.983074,-87.93134,-50.0,8.2,313.9
41.983147,-87.931377,-50.0,7.2,322.3
41.983229,-87.931393,-50.0,7.2,330.8
41.983287,-87.931393,-50.0,6.2,336.4
41.983337,-87.931402,-50.0,6.2,342.0
41.983415,-87.931409,-50.0,5.2,347.6
41.983486,-87.931402,-50.0,4.8,350.4
41.983635,-87.931402,-50.0,4.2,353.2
41.983715,-87.931387,-50.0,5.2,358.9
41.983764,-87.931377,-50.0,5.8,4.5
41.983811,-87.931313,-50.0,6.2,12.9
41.983834,-87.931265,-50.0,7.2,21.4
41.983869,-87.931169,-50.0,7.2,35.4
41.983887,-87.931059,-50.0,7.8,43.9
41.983892,-87.930514,-50.0,11.2,43.9
41.983892,-87.930403,-50.0,12.8,43.9
41.983898,-87.930201,-50.0,16.5,43.9
41.983904,-87.930083,-50.0,19.5,43.9
41.983904,-87.929923,-50.0,23.5,43.9
41.983904,-87.929732,-50.0,27.5,43.9
41.98391,-87.929623,-50.0,32.5,43.9
41.983904,-87.929317,-50.0,36.5,43.9
41.98391,-87.9285,-50.0,49.5,43.9
41.98391,-87.927407,-50.0,62.5,43.9
41.983904,-87.926937,-50.0,66.5,43.9
41.98391,-87.926455,-50.0,71.0,43.9
41.98391,-87.925472,-50.0,79.0,43.9
41.983887,-87.924645,625,83.0,0.0
41.983927,-87.922434,625,103.0,90.0
41.983932,-87.918653,625,107.0,90.0
41.983927,-87.917516,625,122.0,90.0
41.983927,-87.916686,625,129.0,90.0
41.983887,-87.913846,625,136.0,90.0
41.983927,-87.913428,625,143.0,90.0
41.983887,-87.9111,625,146.0,90.0
41.983927,-87.909659,625,153.0,90.0
41.983927,-87.908637,625,159.0,90.0
41.983932,-87.907104,625,162.0,90.0
41.983932,-87.905669,625,166.0,90.0
41.983927,-87.905124,625,169.0,89.7
41.983932,-87.903546,625,172.0,90.0
41.983932,-87.903109,650,175.0,90.0
41.983932,-87.901299,650,177.0,90.0
41.983927,-87.898929,675,182.0,90.0
41.983887,-87.894245,775,185.0,90.3
41.983887,-87.891686,875,185.0,90.3
41.983881,-87.888837,975,183.0,90.0
41.983881,-87.886793,1075,182.0,89.4
41.983932,-87.884445,1175,182.0,89.4
41.983974,-87.881874,1275,183.1,88.4
41.98402,-87.879575,1375,183.1,88.1
41.984116,-87.876955,1475,183.2,87.5
41.984206,-87.874337,1575,183.2,87.2
41.984299,-87.871399,1675,183.3,86.6
41.984436,-87.869214,1775,183.4,86.2
41.984579,-87.866608,1875,184.5,86.0
41.984765,-87.86367,1975,184.6,85.3
41.98494,-87.860787,2075,185.8,84.8
41.98526,-87.857791,2175,187.0,81.7
41.985696,-87.854919,2275,189.1,78.1
41.986348,-87.852173,2350,191.1,73.3
41.987232,-87.849554,2425,194.7,66.1
41.988373,-87.846867,2475,196.9,61.5
41.989655,-87.844432,2525,201.5,54.5
41.991236,-87.842017,2575,204.2,49.4
41.992401,-87.8405,2600,207.9,44.6
41.994913,-87.837801,2675,212.7,38.7
41.997893,-87.834991,2750,217.4,34.1
42.001477,-87.831925,2850,220.0,32.8
42.005035,-87.828889,2950,222.0,32.1
42.00856,-87.825955,3050,224.2,32.1
42.011719,-87.823271,3150,225.6,32.1
42.015396,-87.820236,3250,228.1,31.7
42.018841,-87.817362,3350,230.3,31.7
42.022614,-87.814283,3450,232.6,31.6
42.026138,-87.811411,3550,235.6,31.5
42.030212,-87.807978,3650,236.7,31.9
42.0336,-87.805169,3750,239.1,32.4
42.03772,-87.801611,3850,241.1,32.6
42.041702,-87.798115,3900,246.0,32.7
42.044632,-87.795618,3950,249.7,32.7
42.048495,-87.792259,4000,254.6,32.8
42.052499,-87.78881,4075,259.1,32.7
42.056671,-87.785194,4175,262.7,32.7
42.061762,-87.780826,4275,267.1,32.6
42.066879,-87.776892,4350,271.9,29.8
42.070312,-87.774707,4425,274.9,24.0
42.073425,-87.773209,4525,275.8,19.5
42.076752,-87.771883,4625,276.5,16.6
42.081161,-87.770524,4700,280.4,11.3
42.086105,-87.769651,4750,284.5,7.7
42.08974,-87.769328,4750,288.5,3.4
42.09379,-87.769456,4800,292.1,358.8
42.098236,-87.770025,4875,294.1,353.2
42.103088,-87.771086,4975,296.6,349.9
42.108361,-87.772777,4975,301.0,346.0
42.113715,-87.775013,4975,303.6,341.6
42.119476,-87.777953,4975,307.4,339.0
42.136368,-87.786692,5000,312.0,339.4
42.147263,-87.792123,4900,314.5,339.7
42.16008,-87.798427,4975,312.9,340.0
42.177445,-87.806758,4925,314.4,340.3
42.194762,-87.81519,4975,315.4,339.8
42.202164,-87.818831,5075,316.4,339.9
42.20842,-87.821898,5175,319.5,339.9
42.21329,-87.824324,5275,321.4,340.0
42.217941,-87.82658,5375,323.6,339.9
42.221483,-87.828284,5475,324.6,340.0
42.224881,-87.829945,5575,325.5,340.1
42.228424,-87.831698,5675,325.5,340.1
42.231119,-87.833011,5775,325.5,340.1
42.234055,-87.834445,5875,325.5,340.1
42.236893,-87.835818,5975,325.5,340.1
42.239731,-87.837254,6075,325.5,340.1
42.243118,-87.838877,6175,325.5,340.1
42.245682,-87.840125,6275,325.2,340.2
42.249069,-87.841748,6375,325.5,340.1
42.251907,-87.843184,6475,325.5,340.1
42.254861,-87.844636,6575,324.9,339.8
42.258259,-87.846296,6675,325.9,339.9
42.261246,-87.847803,6775,325.3,339.7
42.264908,-87.849614,6875,325.6,339.5
42.268175,-87.851279,6975,326.9,339.4
42.274413,-87.854472,7175,327.6,339.1
42.281768,-87.858305,7375,328.3,338.8
42.288437,-87.861848,7575,329.3,338.8
42.296293,-87.865906,7775,331.1,338.9
42.303462,-87.86961,7975,331.7,339.2
42.310631,-87.873251,8175,333.2,339.4
42.317459,-87.876642,8375,333.1,340.0
42.325155,-87.880341,8575,334.3,340.4
42.332291,-87.883759,8775,334.9,340.6
42.339167,-87.887048,8975,334.9,340.6
42.346197,-87.890433,9175,335.9,340.2
42.35439,-87.894521,9375,337.6,339.9
42.361908,-87.898241,9575,337.9,339.7
42.369232,-87.901923,9775,339.2,339.6
42.376602,-87.905606,9975,339.5,339.5
42.382926,-87.908829,10175,339.5,339.5
42.389956,-87.912406,10375,339.9,339.3
42.396426,-87.915664,10575,339.5,339.5
42.403223,-87.919049,10775,338.5,340.0
42.408809,-87.921796,10975,337.2,340.1
42.414505,-87.924583,11175,335.3,339.9
42.419284,-87.926969,11375,333.5,339.8
42.425217,-87.929889,11575,332.2,339.9
42.431854,-87.933197,11775,333.1,340.0
42.439682,-87.937067,11975,333.8,339.7
42.454431,-87.944279,12275,338.1,341.2
42.463028,-87.947741,12450,342.1,344.7
42.473282,-87.950925,12650,345.0,347.6
42.48576,-87.954116,12900,348.2,350.1
42.500015,-87.95698,13200,351.2,352.3
42.512621,-87.958779,13325,358.4,354.9
42.531601,-87.960913,13500,368.3,355.2
42.553866,-87.963505,13725,377.4,355.0
42.577698,-87.966406,14025,386.7,354.7
42.604752,-87.969777,14325,395.6,354.9
42.632126,-87.97271,14575,405.1,355.8
42.658722,-87.974958,14825,414.6,356.8
42.687103,-87.97708,15100,424.1,355.8
42.697632,-87.97864,15175,425.2,353.0
42.70697,-87.980825,15300,425.8,349.7
42.717125,-87.983945,15425,425.7,346.0
42.727692,-87.987969,15625,423.9,343.3
42.739191,-87.993334,15875,422.3,340.1
42.749451,-87.999053,16075,420.2,336.7
42.759441,-88.00547,16275,419.9,333.6
42.770187,-88.01341,16425,419.6,330.4
42.789734,-88.028766,16800,421.5,330.3
42.809252,-88.043845,17150,423.2,330.4
42.828506,-88.058677,17525,424.1,330.5
42.84906,-88.074582,17875,426.4,330.2
42.869293,-88.090487,18225,428.3,330.0
42.889135,-88.105905,18575,430.0,330.2
42.909348,-88.121657,18950,431.8,330.3
42.931079,-88.138602,19300,434.5,330.2
42.9524,-88.155278,19650,436.7,330.2
42.97435,-88.172437,20000,439.1,329.9
42.995132,-88.188789,20350,440.8,330.1
43.017105,-88.206035,20700,442.2,330.0
43.038071,-88.222514,21050,443.9,330.1
43.060773,-88.240291,21400,446.7,330.0
43.076889,-88.252535,21625,449.6,332.0
43.087051,-88.259178,21750,452.8,335.2
43.096619,-88.264487,21875,455.7,338.5
43.106827,-88.269206,22000,458.2,341.7
43.11766,-88.273381,22125,460.8,345.4
43.129166,-88.276807,22250,463.2,348.5
43.139586,-88.27907,22375,466.0,351.6
43.150589,-88.28064,22475,469.5,355.4
43.163635,-88.281406,22625,471.2,358.5
43.175245,-88.281097,22725,474.3,2.2
43.202682,-88.279234,23050,476.5,2.7
43.232086,-88.277435,23375,479.5,2.5
43.262512,-88.275594,23675,482.5,2.6
43.290416,-88.273839,24000,483.5,2.7
43.318161,-88.272008,24350,485.5,2.6
43.347349,-88.270242,24675,486.5,2.6
43.377515,-88.268411,25000,488.5,2.6
43.419662,-88.265757,25225,496.5,2.5
43.461731,-88.263202,25475,502.5,2.5
43.496246,-88.261158,25750,505.5,2.6
43.527785,-88.25919,26075,507.5,2.6
43.560425,-88.257198,26375,508.5,2.5
43.595053,-88.25507,26650,511.5,2.6
43.642676,-88.252128,26850,518.5,2.5
43.690067,-88.24925,26950,527.5,2.5
43.739179,-88.246242,27150,534.5,2.5
43.784042,-88.243529,27375,538.5,2.5
43.824966,-88.24091,27625,541.6,2.7
43.859528,-88.238738,27925,542.5,2.5
43.890288,-88.236825,28250,540.6,2.7
43.921664,-88.234863,28600,539.6,2.7
43.953278,-88.232798,28925,538.6,2.7
43.987061,-88.23069,29250,537.5,2.6
44.02034,-88.228582,29550,537.6,2.7
44.052521,-88.226538,29875,536.5,2.6
44.085709,-88.224494,30175,535.5,2.6
44.119858,-88.222387,30475,535.5,2.6
44.155775,-88.220149,30750,536.5,2.6
44.196671,-88.217534,31000,537.5,2.6
44.245528,-88.214454,30975,537.6,2.7
44.295199,-88.211372,31025,538.5,2.5
44.331207,-88.209098,31300,537.6,2.7
44.365679,-88.206884,31600,536.5,2.6
44.404876,-88.204405,31875,537.6,2.7
44.453384,-88.201316,32025,539.5,2.5
44.499051,-88.198711,31975,540.2,1.5
44.515732,-88.198896,31975,539.2,358.6
44.532895,-88.200252,31975,538.4,355.9
44.549423,-88.202689,32000,536.8,353.1
44.566831,-88.206281,32000,536.1,350.7
44.585037,-88.211321,32000,534.6,348.0
44.601746,-88.217076,31975,532.1,345.4
44.617992,-88.223698,32000,529.8,342.8
44.656398,-88.241786,31975,528.1,341.6
44.702637,-88.263245,32000,530.0,341.6
44.748013,-88.284391,32000,530.3,341.5
44.794053,-88.305828,31975,529.0,341.6
44.839737,-88.327332,32000,529.4,341.5
44.886292,-88.349108,32000,531.3,341.6
44.932022,-88.370558,32000,533.2,341.6
44.977844,-88.392007,32000,533.2,341.6
45.024393,-88.413882,31975,533.5,341.5
45.070541,-88.43556,32000,535.4,341.6
45.1168,-88.457292,32000,535.4,341.6
45.163259,-88.479197,31975,534.4,341.6
45.209381,-88.50102,31975,534.7,341.5
45.255572,-88.522875,31975,534.7,341.5
45.301565,-88.544713,31975,536.6,341.5
45.347652,-88.566686,31975,537.9,341.5
45.394638,-88.589172,31975,539.5,341.3
45.44101,-88.611472,32000,541.4,341.4
45.48824,-88.633944,32000,541.7,341.6
45.534187,-88.655917,31975,540.4,341.3
45.580856,-88.678358,32000,540.4,341.3
45.627431,-88.700798,31975,539.5,341.3
45.673704,-88.723045,31975,539.2,341.4
45.720657,-88.74575,32000,539.5,341.3
45.767646,-88.768433,32000,539.5,341.3
45.814087,-88.790901,31950,538.2,341.4
45.860332,-88.813271,31975,535.1,341.4
45.906784,-88.835851,31975,532.2,341.3
45.952423,-88.858159,32000,532.5,341.2
45.998932,-88.880868,31975,531.3,341.2
46.044213,-88.902946,31975,531.3,341.2
46.089981,-88.925417,31950,531.0,341.0
46.135483,-88.947724,31975,531.3,341.2
46.181442,-88.970233,32000,529.4,341.1
46.226279,-88.992279,32000,523.1,341.1
46.271393,-89.01458,31950,515.5,341.2
46.315566,-89.036293,31975,511.0,341.3
46.359146,-89.057654,32175,510.4,341.1
46.390096,-89.07296,32475,508.5,341.1
46.420262,-89.08786,32775,506.3,341.1
46.446075,-89.100595,33125,502.2,341.1
46.470062,-89.112519,33525,496.8,341.1
46.497665,-89.126252,33850,491.8,341.0
46.53978,-89.147287,33975,482.3,341.0
46.581482,-89.168188,33950,476.6,340.8
46.622269,-89.18882,34000,478.5,340.9
46.663742,-89.209654,34000,481.3,341.0
46.705078,-89.230421,33975,483.5,340.9
46.746964,-89.251389,34000,484.5,341.0
46.789468,-89.272774,33975,484.5,341.0
46.830734,-89.293526,34000,484.2,341.1
46.872657,-89.314481,33975,481.0,341.1
46.913452,-89.335052,33975,477.2,340.9
46.954514,-89.355789,33975,474.1,340.9
46.996216,-89.377007,34000,472.2,340.8
47.036335,-89.397513,34000,471.6,340.7
47.077652,-89.418617,34000,472.2,340.8
47.118439,-89.439423,34000,472.2,340.8
47.158674,-89.459909,34000,473.4,340.8
47.199081,-89.480544,33975,472.2,340.8
47.239349,-89.501108,33975,470.3,340.8
47.279942,-89.521954,34000,471.2,340.8
47.32021,-89.542659,33975,471.2,340.8
47.360524,-89.563364,34000,471.6,340.7
47.400839,-89.58421,33975,472.5,340.7
47.440873,-89.604774,34000,473.4,340.8
47.481327,-89.62569,33975,473.8,340.6
47.522415,-89.646996,34000,473.8,340.6
47.563073,-89.668086,33975,473.8,340.6
47.604458,-89.689566,33975,474.7,340.7
47.644913,-89.71051,34000,476.0,340.6
47.685928,-89.731934,33975,475.0,340.6
47.726486,-89.753151,34000,475.0,340.6
47.767624,-89.77471,33975,475.0,340.6
47.808264,-89.796049,34000,477.3,340.5
47.849928,-89.817951,34000,478.2,340.6
47.89122,-89.839642,33975,479.5,340.5
47.932388,-89.861298,33975,481.7,340.5
47.972919,-89.882742,34000,483.0,340.4
48.013792,-89.904363,34000,484.9,340.5
48.055801,-89.926666,33975,486.1,340.4
48.097412,-89.948639,34000,489.0,340.5
48.139206,-89.970749,34000,490.2,340.5
48.181659,-89.993206,33975,489.3,340.4
48.223742,-90.015684,33975,488.4,340.4
48.265546,-90.038091,34000,491.5,340.4
48.308002,-90.060786,34000,493.4,340.5
48.350551,-90.083554,33975,495.0,340.3
48.393448,-90.106624,34000,496.9,340.4
48.437073,-90.130005,33975,496.0,340.3
48.478867,-90.152471,33975,495.0,340.3
48.521723,-90.175564,34000,496.0,340.3
48.564651,-90.19881,34000,497.2,340.2
48.607361,-90.222121,33975,496.6,340.1
48.649928,-90.245169,33975,497.2,340.2
48.692963,-90.268531,34000,497.6,340.1
48.735809,-90.291772,34000,498.2,340.3
48.779068,-90.315294,33975,496.6,340.1
48.822189,-90.338956,34000,497.0,340.0
48.864301,-90.362115,33975,497.9,340.0
48.907222,-90.38575,34000,499.8,340.1
48.950134,-90.409311,34000,503.0,340.1
48.992935,-90.432763,34000,502.6,340.2
49.036514,-90.456637,33975,499.8,340.1
49.077929,-90.479495,33975,500.1,340.0
49.120239,-90.503047,34000,500.5,339.9
49.163074,-90.52691,33975,501.4,339.9
49.206553,-90.551123,34000,501.4,339.9
49.249878,-90.575162,34000,501.4,339.9
49.292768,-90.599044,34000,502.4,340.0
49.335456,-90.622968,33975,502.4,340.0
49.378191,-90.64682,34000,502.4,340.0
49.420715,-90.670729,34000,503.6,339.9
49.464732,-90.695256,34000,504.6,340.0
49.507278,-90.719243,33975,504.0,339.8
49.549923,-90.743284,34000,504.9,339.8
49.592797,-90.767558,33975,505.3,339.7
49.635635,-90.791811,34000,507.2,339.8
49.679757,-90.816848,34000,506.2,339.8
49.723516,-90.841568,34000,503.6,339.9
49.766373,-90.865968,33975,500.6,339.5
49.809405,-90.890635,33975,499.0,339.7
49.851974,-90.915118,34000,499.9,339.8
49.894782,-90.939554,34000,502.1,339.7
49.937622,-90.964123,34000,502.5,339.6
49.962469,-90.978971,33975,500.6,337.9
49.980057,-90.990793,33975,498.6,335.9
49.998081,-91.004136,33975,496.4,333.7
50.016495,-91.019126,33975,494.4,331.6
50.034904,-91.035461,34000,493.1,329.5
50.050552,-91.050568,33975,491.9,327.5
50.087694,-91.088166,33975,492.9,326.9
50.125259,-91.126171,33975,492.3,327.0
50.163071,-91.164262,34000,492.6,327.2
50.200583,-91.202261,33975,491.2,326.8
50.238244,-91.240416,34000,492.3,327.0
50.275772,-91.278534,34000,492.0,326.9
50.313659,-91.316949,33975,490.4,327.1
50.351395,-91.355294,33975,489.3,326.9
50.38884,-91.393457,33975,488.4,326.9
50.425461,-91.431114,34000,489.8,326.8
50.463501,-91.469783,34000,491.2,326.8
50.5009,-91.508452,33975,489.5,326.7
50.538071,-91.546615,33975,492.0,326.9
50.575701,-91.585297,34000,494.5,326.6
50.613083,-91.623972,33975,494.8,326.8
50.650589,-91.662911,33975,493.4,326.4
50.688171,-91.70199,33975,493.7,326.6
50.72532,-91.74057,34000,494.5,326.6
50.763748,-91.780379,34000,495.4,326.7
50.800967,-91.819229,33975,496.2,326.3
50.83914,-91.859055,34000,495.1,326.5
50.874892,-91.896591,33975,494.0,326.3
50.909853,-91.933365,34000,495.6,326.4
50.946671,-91.972046,34000,496.2,326.3
50.98429,-92.011795,34000,498.4,326.4
51.021858,-92.051468,34000,499.0,326.3
51.058634,-92.090225,33975,497.8,326.5
51.093362,-92.127075,33975,496.7,326.2
51.127671,-92.163391,33975,495.6,326.4
51.165332,-92.203293,34000,494.0,326.3
51.202062,-92.242355,33975,493.7,326.1
51.238419,-92.281189,34000,494.5,326.2
51.275893,-92.321243,33975,492.9,326.1
51.312437,-92.360535,33975,492.0,326.0
51.349679,-92.400589,33975,490.6,326.0
51.386455,-92.440186,33975,489.8,326.0
51.41922,-92.475561,34000,489.0,325.9
51.452373,-92.511292,34000,489.2,326.1
51.487147,-92.548752,33975,488.4,326.0
51.524017,-92.588882,33975,487.3,325.8
51.540573,-92.606878,33975,486.8,325.9
51.556915,-92.624695,33975,486.8,325.9
51.592821,-92.663803,33975,480.0,326.0
51.619125,-92.692467,34000,489.5,325.8
51.660136,-92.737198,34000,490.4,325.9
51.677902,-92.756607,34000,489.5,325.8
51.724797,-92.807999,33975,489.5,325.8
51.75824,-92.844642,34000,489.3,325.7
51.778285,-92.866592,34000,490.9,325.8
51.794952,-92.884872,34000,490.1,325.7
51.822235,-92.91494,33975,490.1,325.7
51.840664,-92.93541,33975,480.0,326.0
51.873857,-92.972183,33975,480.0,326.0
51.897171,-92.997971,33975,480.0,326.0
51.924408,-93.028183,33975,489.8,325.6
51.946246,-93.052316,34000,490.1,325.7
51.961189,-93.068871,33975,490.0,326.0
51.994629,-93.106079,34000,490.4,325.5
52.023103,-93.137931,33975,489.6,325.4
52.04567,-93.162994,33975,480.0,326.0
52.078594,-93.199692,34000,480.0,325.0
52.113007,-93.23822,34000,480.0,326.0
52.158691,-93.28949,33975,488.2,325.4
52.173523,-93.306122,33975,487.4,325.4
52.230309,-93.370056,34000,480.0,325.0
52.343903,-93.498764,33975,0.0,0.0
52.377133,-93.536499,33975,0.0,325.0
52.387939,-93.548813,34000,0.0,325.0
52.634171,-93.830795,33975,0.0,325.0
52.650536,-93.84977,33975,0.0,325.0
55.077068,-96.865044,33975,0.0,325.0
55.087006,-96.87841,33975,0.0,322.0
55.097168,-96.891983,33975,0.0,323.0
55.130932,-96.937286,34000,0.0,322.0
55.140244,-96.949661,34000,0.0,323.0
55.428448,-97.340614,-50.0,483.0,322.0
55.438797,-97.354782,-50.0,482.0,322.0
55.443527,-97.361259,33975,482.0,322.0
55.474346,-97.403496,33975,480.0,322.0
55.50251,-97.442291,33975,478.0,322.0
55.536713,-97.489349,33975,477.0,322.0
55.539986,-97.493881,33975,477.0,322.0
55.581837,-97.551895,34000,477.0,322.0
55.600708,-97.578072,34000,478.0,322.0
55.626202,-97.613525,34000,478.0,322.0
55.651897,-97.649231,33975,479.0,322.0
55.662323,-97.663734,33975,480.0,322.0
61.19678,-110.531413,33975,512.1,296.3
61.205113,-110.566406,34000,512.1,296.3
61.225571,-110.652629,34000,512.1,296.3
61.231695,-110.678406,34000,510.3,296.2
61.250688,-110.759176,34000,510.3,296.2
61.259766,-110.797933,34000,510.7,296.0
61.278946,-110.87932,34000,512.1,296.1
61.299288,-110.966288,33975,511.6,296.0
61.319725,-111.053874,34000,513.0,295.8
61.339737,-111.140344,34000,513.9,295.7
61.360062,-111.228234,33975,513.5,295.6
61.379591,-111.313171,34000,513.5,295.6
61.393341,-111.373215,33975,513.0,295.5
61.412969,-111.459147,34000,513.0,295.5
61.432661,-111.545817,34000,513.5,295.4
61.45285,-111.634827,34000,514.4,295.3
61.472975,-111.723836,34000,513.1,295.3
61.489517,-111.797562,33975,511.8,295.2
61.509006,-111.88446,33975,510.0,295.1
61.525253,-111.957397,33975,507.3,295.0
61.591141,-112.255456,34000,511.4,294.9
61.605835,-112.322489,33975,512.3,294.8
61.605835,-112.322487,33975,511.5,295.0
61.67807,-112.655182,33975,0.0,0.0
61.775208,-113.110918,34000,0.0,0.0
61.794113,-113.200673,34000,509.0,294.0
61.808716,-113.270416,33975,508.6,293.9
61.818329,-113.316618,34000,508.2,293.8
61.852003,-113.478495,33975,506.9,293.7
61.906311,-113.742534,33975,0.0,0.0
61.906311,-113.742531,33975,0.0,294.0
61.943758,-113.926799,34000,508.4,293.3
61.964813,-114.030729,33975,508.4,293.3
61.981979,-114.116069,33975,509.9,293.1
61.99617,-114.186794,33975,509.5,293.0
62.013977,-114.276058,33975,509.5,293.0
62.032393,-114.368896,34000,511.3,292.9
62.04999,-114.457703,33975,510.9,292.8
62.068085,-114.549735,33975,509.6,292.7
62.08548,-114.638508,33975,509.2,292.6
62.103699,-114.73199,34000,510.2,292.6
62.121552,-114.823903,34000,509.8,292.5
62.13667,-114.902203,33975,508.5,292.4
62.154313,-114.993685,33975,505.9,292.3
62.171677,-115.084534,34000,505.5,292.2
62.189301,-115.1769,33975,505.5,292.2
62.206375,-115.266622,34000,506.0,292.0
62.222559,-115.352325,34000,507.0,292.0
62.23983,-115.444336,33975,507.5,291.9
62.257278,-115.537211,34000,509.7,291.9
62.271672,-115.614307,33975,508.4,291.8
62.286755,-115.695543,33975,508.1,291.7
62.289413,-115.709941,33975,508.1,291.7
62.308273,-115.812073,34000,509.0,291.7
62.321529,-115.884,34000,510.9,291.6
62.350997,-116.045098,33975,510.1,291.4
62.370316,-116.15137,33975,510.1,291.4
62.372086,-116.161194,33975,510.1,291.4
64.065097,-144.336401,35975,488.1,271.2
64.065841,-144.438135,36000,488.1,270.9
64.066544,-144.540358,35975,488.1,270.9
64.067139,-144.637862,36000,488.1,270.8
64.067734,-144.737373,35975,487.0,270.7
64.068192,-144.839947,36000,488.0,270.6
64.068635,-144.941089,35975,488.0,270.6
64.069007,-145.041614,35975,487.0,270.5
64.06929,-145.141437,36000,486.0,270.4
64.069519,-145.242224,36000,486.0,270.2
64.069659,-145.343518,35975,486.0,270.1
64.069705,-145.43053,35975,486.0,270.0
64.069705,-145.456018,36000,486.0,270.0
64.069705,-145.536877,36000,486.0,270.0
64.069659,-145.639929,36000,485.0,269.9
64.069565,-145.720966,35975,484.0,269.9
64.069426,-145.818237,35975,484.0,269.6
64.069107,-145.918509,36000,485.0,269.5
64.068741,-146.017597,36000,485.0,269.5
64.068375,-146.116685,36000,486.0,269.4
64.067936,-146.216272,35975,485.0,269.4
64.067413,-146.313911,36000,485.0,269.3
64.066818,-146.411943,35975,485.1,269.2
64.066121,-146.513452,35975,484.1,269.0
64.065674,-146.579062,35975,484.1,269.0
64.064771,-146.695605,36000,484.1,269.0
64.06398,-146.793929,35975,484.1,268.9
64.063095,-146.891162,35975,484.1,268.8
64.062149,-146.987457,36000,485.1,268.7
64.061188,-147.078306,35975,485.1,268.6
64.060547,-147.133347,35975,485.1,268.6
64.059326,-147.238007,36000,485.0,268.0
64.05835,-147.315567,35975,485.0,268.0
64.056976,-147.423111,35975,485.0,268.0
64.055969,-147.498047,36000,485.0,268.0
64.054482,-147.605164,35975,485.0,268.0
64.05336,-147.679062,35975,485.3,268.0
64.052248,-147.750952,35975,485.3,268.0
64.051208,-147.819989,36000,486.0,268.0
64.050247,-147.879822,36000,486.0,268.0
64.048462,-147.98468,35975,487.0,267.0
64.046895,-148.076257,36000,487.0,268.0
64.045898,-148.128876,35975,485.0,268.0
64.044472,-148.20787,35975,485.0,268.0
64.041687,-148.354304,36000,487.5,267.5
64.039633,-148.456055,35975,486.5,267.3
64.037491,-148.558008,36000,484.5,267.3
64.035536,-148.650403,35975,483.6,267.2
64.03331,-148.750552,36000,483.6,267.0
64.031021,-148.851436,36000,486.6,267.1
64.028732,-148.948834,36000,489.6,267.1
64.026306,-149.051619,35975,488.8,266.7
64.023712,-149.153687,35975,488.8,266.7
64.021058,-149.254211,35975,489.9,266.5
64.018433,-149.35649,35975,489.8,266.7
64.015823,-149.456951,35975,488.9,266.6
64.013098,-149.557874,36000,489.0,266.4
64.010193,-149.658825,36000,488.1,266.2
64.007355,-149.757913,35975,487.1,266.2
64.004333,-149.857847,36000,486.2,266.0
