lat,lon,alt,gs,track,vs
31.209732,121.767399,3000,162.0,343.0,1792
31.261871,121.746665,3950,234.0,341.0,432
31.327421,121.715057,6425,260.0,327.0,2240
31.329803,121.712463,6525,260.0,317.0,2240
31.336853,121.701645,6900,260.0,307.0,2240
31.339012,121.696213,7050,270.0,295.0,2360
31.341154,121.686935,7350,270.0,282.0,2752
31.341667,121.680725,7525,270.0,276.0,2752
31.340744,121.667122,7950,270.0,264.0,2680
31.340084,121.661446,8100,270.0,262.0,2488
31.338408,121.648972,8425,280.0,261.0,2112
31.33799,121.646225,8475,280.0,260.0,1792
31.336546,121.637383,8625,280.0,259.0,1344
31.335754,121.632767,8675,280.0,259.0,1080
31.333374,121.619728,8800,280.0,258.0,640
31.332821,121.61673,8825,280.0,258.0,512
31.33136,121.608902,8850,290.0,258.0,120
31.329983,121.601242,8875,290.0,258.0,192
31.328842,121.594955,8875,290.0,258.0,704
31.327698,121.588547,8950,290.0,258.0,1280
31.326584,121.582176,9050,290.0,258.0,1848
31.32449,121.569595,9350,290.0,259.0,2360
31.323441,121.563179,9500,290.0,259.0,2360
31.321335,121.550308,9825,290.0,259.0,2560
31.320486,121.545212,9950,300.0,259.0,2560
31.318996,121.536423,10175,300.0,259.0,2240
31.316895,121.523979,10425,300.0,259.0,1400
31.31476,121.51088,10575,310.0,259.0,1024
31.3125,121.497208,10725,320.0,259.0,1024
31.310211,121.483101,10875,320.0,259.0,1024
31.309067,121.476151,10950,330.0,259.0,1080
31.306845,121.462753,11075,340.0,259.0,1024
31.305588,121.45504,11150,340.0,259.0,1344
31.303162,121.440125,11375,350.0,259.0,2040
31.30188,121.432426,11500,350.0,259.0,1664
31.300608,121.42469,11600,350.0,259.0,1208
31.299454,121.417503,11675,350.0,259.0,960
31.29808,121.40937,11725,350.0,259.0,704
31.296021,121.397095,11775,350.0,259.0,192
31.290482,121.363922,11800,350.0,259.0,-64
31.288971,121.356216,11800,350.0,257.0,-120
31.284454,121.341415,11800,350.0,248.0,64
31.282267,121.336472,11800,350.0,243.0,64
31.274277,121.323097,11800,360.0,232.0,0
31.270163,121.318069,11800,360.0,226.0,0
31.258245,121.305763,11825,360.0,220.0,-64
31.249586,121.297356,11800,370.0,220.0,0
31.229523,121.278183,11800,370.0,219.0,0
31.192932,121.243248,11800,370.0,219.0,0
31.187347,121.2379,11800,370.0,219.0,0
31.164688,121.216248,11800,370.0,219.0,0
31.139257,121.191887,11800,370.0,219.0,0
31.129166,121.182213,11825,370.0,219.0,192
31.123764,121.176994,11875,370.0,220.0,760
31.117704,121.171234,11950,370.0,219.0,1720
31.105682,121.159706,12300,370.0,219.0,1984
31.10289,121.157066,12425,370.0,219.0,1984
31.088097,121.142776,13050,360.0,220.0,2880
31.06929,121.115372,13925,360.0,231.0,2880
31.06794,121.112076,14025,360.0,244.0,2880
31.063238,121.096855,14400,350.0,250.0,2560
31.056747,121.070953,15000,350.0,254.0,2560
31.053089,121.056046,15325,350.0,254.0,2560
31.043472,121.016724,16250,350.0,254.0,2560
31.042707,121.013687,16300,340.0,254.0,2240
31.039822,121.002045,16525,340.0,254.0,2240
31.035818,120.985733,16825,350.0,254.0,2040
31.02269,120.932938,17800,350.0,254.0,2040
31.019432,120.919754,18050,350.0,254.0,1984
31.010971,120.885742,18650,350.0,254.0,1984
31.006956,120.869766,18950,350.0,254.0,1984
30.948859,120.636969,23050,355.0,254.0,1664
30.92116,120.526721,24675,355.0,254.0,1664
30.882843,120.421143,25825,370.0,247.0,832
30.79566,120.34682,26775,391.0,216.0,1024
30.73192,120.25112,27825,382.0,232.0,1024
30.657442,120.162305,28900,403.0,226.0,1024
30.564989,120.086554,29900,407.0,215.0,1088
30.4697,120.00894,30100,429.0,215.0,0
30.36195,119.93597,30100,455.0,210.0,0
30.2525,119.86321,30100,458.0,210.0,0
30.14163,119.7897,30100,458.0,210.0,0
30.04007,119.7223,30100,458.0,210.0,0
29.92341,119.64386,30100,457.0,210.0,-64
24.79619,114.49356,36100,474.0,192.0,64
24.67031,114.46267,36100,474.0,193.0,0
24.41004,114.39374,36100,478.0,194.0,0
24.29938,114.3342,36100,478.0,206.0,0
24.17656,114.25858,36100,478.0,209.0,0
24.06555,114.19153,36100,483.0,209.0,0
23.94559,114.11919,36100,482.0,209.0,0
23.748413,114.000648,36100,478.0,209.0,0
23.719025,113.983055,36100,478.0,209.0,-32
23.683731,113.961853,36100,477.0,209.0,0
23.649582,113.941399,36100,478.0,209.0,-32
23.607559,113.916222,36100,480.0,209.0,-32
23.566086,113.891396,36100,482.0,209.0,0
23.554594,113.88485,36100,484.0,207.0,-32
23.536835,113.875435,36100,486.0,205.0,0
23.518284,113.866425,36100,486.0,204.0,64
23.505753,113.860809,36075,487.0,202.0,32
23.479645,113.849996,36100,485.6,200.1,0
23.460793,113.843079,36100,485.0,198.0,0
23.424667,113.831685,36100,485.3,195.8,0
23.39772,113.823603,36100,485.0,195.7,0
23.376709,113.817207,36100,485.0,196.0,0
23.328211,113.802541,36100,482.8,195.6,0
23.286547,113.789927,36100,481.9,195.6,0
23.244789,113.777313,36100,480.6,195.6,0
23.203766,113.764976,36100,480.6,195.6,0
23.161469,113.752242,36100,479.7,195.6,0
23.118851,113.739458,36100,479.4,195.5,0
23.079803,113.727722,36100,480.6,195.6,0
23.037352,113.714956,36100,481.6,195.5,0
22.99498,113.702254,36100,481.3,195.4,0
22.953735,113.689919,36100,481.6,195.5,0
22.935263,113.683929,36100,481.1,197.0,-64
22.928746,113.681335,36100,481.6,198.8,0
22.916565,113.675737,36100,481.0,201.3,0
22.904167,113.669027,36100,480.8,206.3,0
22.896103,113.664051,36100,481.6,210.0,0
22.884894,113.656158,36100,481.6,212.5,0
22.876933,113.64975,36100,481.8,216.6,0
22.868637,113.642378,36100,481.4,219.8,0
22.860443,113.634189,36100,481.8,223.1,0
22.850725,113.623149,36100,482.2,225.0,-64
22.842453,113.612466,36100,482.5,230.6,64
22.827164,113.591092,36100,482.6,232.3,0
22.800029,113.552551,36100,482.0,233.0,0
22.773972,113.515336,36100,482.6,232.9,0
22.747147,113.477134,36100,481.8,232.8,0
22.720322,113.438882,36100,481.2,232.9,-64
22.69389,113.401337,36100,480.4,232.9,-64
22.66745,113.363775,36100,481.8,232.8,0
22.641083,113.326272,36100,481.8,232.8,0
22.614565,113.288676,36100,482.4,232.8,0
22.588123,113.25119,36100,481.8,232.8,0
22.562659,113.215027,36100,481.6,232.7,0
22.53645,113.177948,36100,481.6,232.7,0
22.510474,113.141225,36100,482.4,232.8,0
22.483658,113.103349,36100,481.6,232.7,0
22.457125,113.065796,36100,481.0,232.8,0
22.430079,113.027445,36100,481.6,232.7,0
22.403311,112.989756,36100,481.6,232.7,0
22.376683,112.952271,36100,483.0,232.7,0
22.361938,112.931413,36125,482.4,232.8,448
22.336462,112.89561,36300,480.8,232.6,576
22.309415,112.857513,36500,478.0,232.6,512
22.28288,112.82018,36700,477.2,232.6,576
22.25574,112.781982,36900,477.4,232.8,640
22.230057,112.745944,37075,477.2,232.6,640
22.203323,112.708341,37275,477.2,232.6,576
22.176407,112.670638,37475,477.2,232.6,640
22.149719,112.633184,37675,477.2,232.6,640
22.123352,112.59623,37875,476.4,232.5,640
22.097137,112.55956,38050,477.2,232.6,320
22.070251,112.521923,38100,477.8,232.5,64
22.043742,112.484843,38100,477.8,232.5,0
22.01716,112.447713,38100,479.2,232.5,-64
21.990601,112.410711,38100,479.2,232.5,0
21.964463,112.374166,38100,479.2,232.5,0
21.939377,112.33925,38100,479.8,232.4,0
21.921495,112.314301,38100,479.2,232.5,0
21.403152,111.616949,38100,480.3,229.6,64
21.375916,111.582692,38100,480.9,229.6,0
21.351059,111.55153,38100,481.7,229.6,0
21.338196,111.53539,38100,481.7,229.6,0
21.308441,111.498097,38100,481.7,229.6,0
21.269119,111.448858,38100,482.3,229.5,0
21.24733,111.421542,38100,483.1,229.6,0
21.228333,111.397772,38100,483.1,229.6,0
21.20622,111.370138,38100,483.1,229.6,0
21.193651,111.354421,38100,483.0,229.4,0
21.193651,111.354424,38100,483.0,229.0,0
21.125918,111.269786,38100,483.0,229.0,0
21.111053,111.251254,38100,482.3,229.5,0
20.879562,110.962355,38100,480.3,229.6,0
20.857498,110.934693,38100,480.3,229.6,0
20.829566,110.899841,38100,479.5,229.6,0
20.802567,110.866078,38100,478.9,229.7,0
20.785858,110.845135,38100,479.5,229.6,0
20.758108,110.810453,38100,479.5,229.6,-64
20.737905,110.785184,38100,480.3,229.6,-64
20.323654,110.092522,38100,484.0,236.0,0
20.316746,110.082207,38100,484.0,234.0,0
20.304108,110.06427,38100,484.0,233.0,32
20.290695,110.046318,38100,484.0,231.0,0
20.265585,110.013596,38100,483.0,231.0,0
20.2404,109.979584,38100,484.0,232.0,0
20.220749,109.953186,38100,484.0,232.0,0
20.198547,109.923508,38100,485.0,231.0,0
20.173225,109.889648,38100,485.0,231.0,0
20.153395,109.863228,38100,485.0,231.0,0
20.131468,109.833969,38100,485.0,231.0,0
20.103149,109.796288,38100,487.0,231.0,0
20.080994,109.766808,38100,487.0,231.0,0
20.051073,109.726997,38100,487.0,231.0,0
20.031055,109.700432,38100,487.0,231.0,32
20.005125,109.666023,38100,488.0,231.0,64
19.976543,109.628021,38100,489.0,231.0,32
19.954384,109.598663,38100,488.0,231.0,32
19.933182,109.570473,38100,489.0,232.0,0
19.902832,109.530212,38100,490.0,231.0,64
19.882278,109.502991,38100,490.0,231.0,0
19.851837,109.462769,38100,490.0,231.0,0
19.830555,109.434616,38100,491.0,231.0,0
19.805054,109.400826,38100,492.0,231.0,32
19.784592,109.373749,38100,492.0,232.0,32
19.758179,109.338882,38100,493.0,231.0,0
19.728699,109.299889,38100,493.0,231.0,0
19.7064,109.270515,38100,493.0,231.0,0
19.68512,109.242455,38100,494.0,231.0,0
19.655519,109.2033,38100,494.0,231.0,32
19.633713,109.174576,38100,494.0,231.0,0
19.613529,109.148018,38100,493.0,231.0,0
19.586838,109.112923,38100,494.0,231.0,0
19.560928,109.079231,38050,494.0,231.0,-384
19.534483,109.045052,38000,493.0,231.0,0
19.503799,109.005363,38000,493.0,231.0,-32
19.48295,108.978333,38000,491.0,231.0,0
19.452347,108.938713,38000,490.0,231.0,0
19.426849,108.905708,38000,490.0,231.0,-64
19.401344,108.872765,38000,489.0,230.0,32
19.374847,108.838463,38000,490.0,231.0,0
19.349167,108.805305,38000,490.0,231.0,0
19.34483,108.799706,38000,480.0,231.0,64
19.314926,108.761116,38000,489.0,231.0,0
19.293045,108.732819,38000,488.0,231.0,0
19.262943,108.694038,38000,488.0,230.0,32
19.241623,108.666618,38000,490.0,230.0,0
19.21106,108.62722,38000,490.0,231.0,0
19.189774,108.599808,38000,490.0,230.0,0
19.167801,108.571503,38000,490.0,230.0,0
19.160343,108.561951,38000,480.0,230.0,0
19.138184,108.533485,38000,480.0,230.0,0
19.129665,108.522499,38000,490.0,231.0,0
19.104355,108.489891,38000,489.0,230.0,64
19.081669,108.460777,38000,489.0,230.0,0
19.051689,108.422272,38000,489.0,230.0,-32
19.029903,108.39431,38000,490.0,230.0,0
19.000076,108.355995,38000,490.0,230.0,0
18.970276,108.317741,38000,490.0,231.0,0
18.948349,108.289688,38000,490.0,230.0,0
18.917992,108.250786,38000,490.0,230.0,32
18.895926,108.222527,38000,490.0,230.0,0
18.868927,108.188011,38000,490.0,231.0,0
18.84374,108.155807,38000,489.0,230.0,0
18.818436,108.123466,38000,489.0,230.0,0
18.791748,108.089432,38000,489.0,230.0,0
18.766159,108.056717,38000,489.0,230.0,0
18.744911,108.02961,38000,489.0,231.0,0
18.714092,107.990265,38000,489.0,230.0,0
18.693054,107.963432,38000,489.0,231.0,32
18.662001,107.923897,38000,490.0,230.0,32
18.640587,107.896629,38000,491.0,231.0,0
18.615555,107.864754,38000,490.0,230.0,-32
18.588308,107.830162,38000,490.0,230.0,0
18.563637,107.798752,38000,491.0,230.0,-64
18.536495,107.76429,38000,491.0,230.0,32
18.512238,107.733505,38000,491.0,230.0,0
18.488268,107.703018,38000,490.0,230.0,0
18.45866,107.665466,38000,489.0,230.0,-32
18.439041,107.640366,38000,489.0,231.0,0
18.424492,107.620224,38000,488.0,234.0,0
18.414995,107.60614,38000,489.0,235.0,0
18.398575,107.579887,38000,489.0,237.0,0
18.381012,107.55056,38000,489.0,238.0,0
18.360203,107.516304,38000,490.0,237.0,0
18.336321,107.476898,38000,489.0,237.0,0
18.31514,107.441994,38000,489.0,237.0,32
18.292143,107.404045,38000,488.0,237.0,0
18.273521,107.373283,38000,489.0,238.0,-32
18.253086,107.339523,38000,489.0,238.0,0
18.228832,107.299522,38000,489.0,238.0,0
18.216961,107.279945,38000,488.0,238.0,0
18.193871,107.241997,38000,488.0,237.0,0
18.166033,107.196105,38000,487.0,237.0,-64
18.15365,107.175705,38000,488.0,238.0,-64
18.132294,107.140549,38000,488.0,238.0,0
18.105011,107.095835,38000,489.0,237.0,0
18.092789,107.07579,38000,480.0,238.0,0
18.070221,107.03878,38000,488.8,237.4,64
18.052958,107.010567,38000,488.8,237.0,0
18.029846,106.972717,38000,490.0,238.0,0
18.010574,106.941109,38000,490.0,238.0,0
17.988855,106.905602,38000,488.8,237.4,0
17.971352,106.876915,38000,488.8,238.0,0
17.941956,106.828697,38000,488.0,238.0,0
17.923309,106.797951,38000,489.0,238.0,0
17.904282,106.766632,38000,490.0,238.0,0
17.890137,106.743408,38000,490.0,237.0,0
17.865166,106.702309,38000,489.0,237.0,0
17.84771,106.673615,38000,488.0,237.0,0
17.825409,106.637108,38000,487.0,237.0,0
17.806231,106.605637,38000,488.0,238.0,0
17.78775,106.575325,38000,489.0,237.0,-32
17.766861,106.541077,38000,489.0,237.0,32
17.741592,106.499779,38000,490.0,237.0,0
17.722321,106.468361,38000,490.0,237.0,-32
17.697392,106.427696,38000,490.0,237.0,0
17.678305,106.396606,38000,491.0,237.0,0
17.660522,106.367699,38000,490.0,237.0,0
17.634842,106.325829,38000,490.0,238.0,0
17.615753,106.294746,38000,492.0,237.0,0
17.60376,106.27639,38000,491.0,235.0,-64
17.600843,106.272324,37975,490.7,231.1,64
17.581942,106.249954,38000,490.7,231.1,64
17.574646,106.242615,38000,480.0,224.0,32
17.554779,106.225601,38000,480.0,218.0,64
17.538345,106.212929,38000,480.0,216.0,-120
17.509832,106.191345,38000,480.0,216.0,32
17.486893,106.174095,38000,489.0,216.0,0
17.457973,106.152107,38000,491.0,216.0,32
17.447081,106.143333,38000,492.0,218.0,0
17.435629,106.133621,38000,493.0,219.0,0
17.421337,106.120819,38000,494.0,221.0,-32
17.405502,106.105766,38000,495.0,222.0,0
17.400202,106.10051,38000,495.0,223.0,0
17.386322,106.086205,38000,496.0,225.0,32
17.375715,106.074715,38000,497.0,226.0,-32
17.362495,106.059563,38000,496.0,228.0,0
17.35067,106.045235,38000,497.0,229.0,-32
17.346954,106.040565,38000,490.0,230.0,0
17.331957,106.020859,38000,498.0,232.0,0
17.323298,106.008751,38000,490.0,234.0,0
17.312805,105.993347,38000,499.0,235.0,-32
17.304153,105.979904,38000,499.0,236.0,0
17.295973,105.966568,38000,500.0,237.0,0
17.277445,105.935768,38000,500.0,238.0,0
17.257566,105.903099,38000,499.4,237.7,0
17.231777,105.860725,38000,499.0,238.0,0
17.211153,105.826836,38000,498.0,237.0,0
17.189413,105.791084,38000,490.0,237.0,0
17.167557,105.75502,38000,497.0,238.0,0
17.162554,105.746353,38000,497.0,239.0,-32
17.157257,105.735985,38000,496.0,242.0,0
17.152451,105.724823,38000,496.0,247.0,-32
17.149429,105.716858,38000,490.0,248.0,-64
17.142929,105.69416,38000,497.0,256.0,0
17.138168,105.672813,38000,497.0,257.0,-64
17.133591,105.65065,38000,490.0,258.0,0
17.131439,105.638893,38000,497.0,259.0,0
17.127686,105.615646,38000,497.0,261.0,0
17.122519,105.579254,38000,490.0,262.0,-32
17.121231,105.569893,38000,490.0,262.0,0
17.115234,105.526527,38000,490.0,262.0,0
17.11088,105.494598,38000,497.0,262.0,0
17.104935,105.450584,38000,497.0,262.0,0
17.101089,105.421913,38000,497.0,262.0,0
17.09935,105.408951,38000,497.0,262.0,0
17.093307,105.363655,38000,490.0,262.0,0
17.088348,105.326912,38000,490.0,262.0,0
17.083786,105.292824,38000,490.0,262.0,0
17.081955,105.279427,38000,490.0,262.0,0
16.818558,103.818536,38000,492.9,262.8,-64
16.813797,103.77435,38000,493.0,263.7,0
16.811417,103.7478,38000,491.8,265.1,0
16.79155,103.472374,38000,490.4,266.0,0
16.787807,103.417885,38000,490.0,266.0,64
16.785433,103.382181,38000,490.0,266.0,64
16.783768,103.355186,38000,480.0,266.0,0
16.782314,103.331467,38000,480.0,266.0,0
16.779419,103.28363,38000,480.0,266.0,0
16.777817,103.262619,38000,480.0,265.0,0
16.776215,103.251007,38000,480.0,262.0,0
16.774475,103.241852,38000,480.0,259.0,0
16.771133,103.227928,38000,480.0,256.0,0
16.769186,103.22097,38000,480.0,254.0,0
16.762669,103.201202,38000,480.0,251.0,0
16.756618,103.184135,38000,480.0,249.0,0
16.746237,103.156517,38000,480.0,248.0,0
16.74353,103.149818,38000,480.0,247.0,0
16.72998,103.118688,38000,488.1,244.9,0
16.721098,103.09948,38000,487.6,244.8,0
16.711624,103.08004,40825,480.0,243.0,64
16.697571,103.052818,38000,480.0,242.0,0
16.678253,103.015907,-900,490.0,241.4,0
16.671194,103.002565,38000,489.1,241.3,0
16.658905,102.979362,38000,480.0,241.0,0
16.648569,102.959747,38000,490.0,241.0,0
16.61998,102.905129,38000,491.3,241.6,0
16.607117,102.880361,38000,491.7,241.7,-64
16.593567,102.855546,38000,491.7,241.7,-64
16.583117,102.836887,38000,491.6,239.8,0
16.560214,102.796031,38000,492.1,239.7,0
16.537915,102.756451,38000,493.4,239.7,-64
16.515701,102.717205,38000,493.9,239.6,0
16.492992,102.676997,38000,494.8,239.6,0
16.470612,102.637699,38000,494.8,239.0,0
16.461914,102.623869,38000,493.7,236.6,0
16.452213,102.609754,38000,493.7,234.3,0
16.439529,102.592549,38000,494.1,232.3,0
16.419571,102.566528,38000,493.4,230.9,0
16.396088,102.537521,38000,493.2,229.9,0
16.36665,102.501362,38000,493.2,229.9,0
16.33816,102.46654,38000,492.3,229.6,0
16.308609,102.4305,38000,494.5,229.7,0
16.279923,102.395472,38000,494.5,229.7,0
16.250427,102.359716,38000,495.0,229.4,0
16.22081,102.323962,38000,494.4,229.5,0
16.191706,102.288404,38000,494.6,229.8,0
16.165963,102.256818,37975,495.3,229.8,0
16.138687,102.223157,38000,495.5,230.1,0
16.111823,102.190018,38000,495.4,229.9,0
16.092499,102.166298,38000,496.0,229.8,0
16.063705,102.131316,38000,497.2,229.5,-64
16.035942,102.097762,38000,497.2,229.5,0
16.005497,102.060928,38000,498.6,229.5,0
15.978012,102.027524,38000,498.7,229.6,0
15.949448,101.992656,38000,498.8,229.8,0
15.9207,101.957606,38000,499.5,229.7,0
15.891072,101.921883,38000,499.9,229.3,0
15.861046,101.885883,38000,499.9,229.3,0
15.848145,101.870968,38000,500.4,227.5,0
15.836288,101.858633,38000,499.9,224.8,0
15.822733,101.845616,38000,499.0,222.5,-128
15.808069,101.832766,38000,498.8,220.2,0
15.793579,101.821193,38000,498.3,217.7,0
15.778695,101.810303,38000,498.6,215.3,0
15.76506,101.801147,38000,497.3,213.0,64
15.725922,101.775657,38000,499.4,212.3,0
15.688797,101.75142,38000,500.2,212.3,0
15.651352,101.727086,38000,499.7,212.2,-64
15.612876,101.702107,38000,499.7,212.2,64
15.57605,101.678178,38000,498.0,212.3,0
15.538239,101.653603,38000,496.1,212.1,0
15.499786,101.628691,38000,495.2,212.2,0
15.461884,101.604116,38000,494.7,212.1,0
15.441147,101.590143,38000,495.3,213.7,0
15.431488,101.582674,38000,495.8,217.4,0
15.421872,101.574342,38000,495.9,220.3,0
15.413074,101.565759,38000,496.6,223.2,0
15.405113,101.557127,38000,496.4,225.6,0
15.399261,101.550148,38000,497.5,228.8,0
15.391846,101.540353,38000,496.5,231.9,0
15.3853,101.530585,38000,497.1,235.2,64
15.37923,101.520489,38000,497.1,237.6,0
15.375599,101.513721,38000,496.9,240.9,0
15.369361,101.500675,38000,497.3,244.0,-64
15.36424,101.488168,38000,497.7,247.6,64
15.34996,101.451079,38000,498.4,248.6,0
15.333609,101.407487,38000,498.6,248.8,0
15.317735,101.365356,38000,498.6,248.8,0
15.3013,101.321604,38000,499.0,248.7,0
15.285233,101.27896,38000,499.0,248.7,0
15.268661,101.235111,38000,499.0,248.7,0
15.252045,101.191069,38000,499.9,248.8,0
15.235336,101.146835,37975,499.0,248.7,64
15.218951,101.103499,38000,495.8,248.7,64
15.202515,101.060052,38025,493.6,248.7,-64
15.186401,101.017311,38000,493.2,248.9,0
15.169785,100.973463,38000,492.7,248.7,0
15.153122,100.929421,38000,491.7,248.6,0
15.136871,100.886632,38000,490.8,248.6,0
15.120483,100.843458,38000,490.4,248.7,0
15.10405,100.800283,38000,490.4,248.7,64
15.087662,100.756964,38000,489.9,248.6,0
15.07132,100.714079,38000,488.6,248.6,0
15.055069,100.671194,38000,488.6,248.6,64
15.038818,100.628501,38000,488.9,248.5,0
15.022797,100.586435,38000,489.9,248.6,0
15.006533,100.543883,38000,491.2,248.5,0
14.989914,100.500281,38000,492.1,248.5,0
14.973388,100.456924,38000,493.4,248.5,0
14.956768,100.413421,38000,495.3,248.6,64
14.939917,100.369328,38000,496.6,248.5,0
14.923645,100.326763,38000,497.9,248.4,0
14.906771,100.282664,38000,498.4,248.6,0
14.889733,100.23813,38000,501.0,248.4,0
14.873199,100.194927,38000,501.0,248.4,64
14.856262,100.150681,38000,501.0,248.4,0
14.839364,100.106588,38000,499.7,248.5,0
14.822388,100.062387,38000,500.1,248.4,0
14.805725,100.018963,38000,499.7,248.5,0
14.788808,99.97496,38000,499.2,248.4,0
14.771988,99.93112,38000,499.2,248.4,64
14.755417,99.888169,38000,498.2,248.3,0
14.738663,99.844555,38000,498.8,248.5,0
14.721771,99.800799,38000,500.1,248.4,-64
14.704781,99.756679,38000,500.5,248.3,0
14.687897,99.712909,38000,500.1,248.4,-64
14.670984,99.669222,38000,499.5,248.3,0
14.654114,99.625491,38000,499.2,248.4,0
14.637234,99.581765,38000,498.8,248.5,0
14.620382,99.538205,38000,499.5,248.3,64
14.603439,99.494413,38000,499.5,248.3,0
14.586594,99.450847,38000,499.2,248.4,0
14.569826,99.407622,38000,498.2,248.3,0
14.552994,99.364235,38000,498.2,248.3,0
14.536262,99.320984,38000,498.2,248.3,0
14.519257,99.277149,38000,497.3,248.3,0
14.502419,99.23372,38000,497.3,248.3,0
14.485567,99.190497,38000,497.3,248.3,0
14.468808,99.147371,38000,497.3,248.3,0
14.451874,99.10383,38000,497.7,248.2,0
14.435197,99.061022,38000,497.7,248.2,0
14.418299,99.017655,38000,498.6,248.2,0
14.401611,98.974741,38000,498.6,248.2,0
14.384949,98.932027,38000,499.9,248.2,0
14.368022,98.888855,38000,499.9,248.2,0
14.351074,98.845367,38000,499.9,248.2,0
14.334045,98.801706,38000,499.9,248.2,0
14.316696,98.757524,38000,500.3,248.1,-64
14.311661,98.744549,38000,500.3,248.1,0
14.293446,98.698088,38000,499.9,248.2,64
14.271752,98.642723,38000,499.9,248.2,0
14.266399,98.629086,38000,499.9,248.2,0
14.197861,98.454216,38000,500.0,248.2,0
14.181069,98.411672,38000,498.4,248.0,64
14.164169,98.368599,38000,498.0,248.1,0
14.146957,98.324843,38000,499.3,248.0,0
14.130327,98.282631,38000,499.3,248.0,0
14.113174,98.23913,38000,499.3,248.0,0
14.098206,98.201728,38000,499.1,246.9,0
14.08667,98.175722,38000,498.9,245.2,0
14.068176,98.133955,38000,498.1,245.7,0
14.049279,98.091093,38000,497.2,245.6,0
14.031403,98.050666,38000,497.2,245.6,0
14.014086,98.011539,38000,496.3,245.6,0
13.999282,97.978098,38000,496.7,245.5,0
13.983035,97.941477,38000,496.3,245.6,0
13.964127,97.898791,38000,496.7,245.5,0
13.945281,97.856429,38000,496.7,245.5,0
13.927638,97.81658,38000,496.7,245.5,0
13.908785,97.77408,38000,497.6,245.6,0
13.89006,97.732055,38000,497.6,245.6,0
13.872194,97.691827,38000,497.2,245.6,0
13.866236,97.677034,38000,496.9,248.4,0
13.862411,97.664953,38000,496.8,251.5,64
13.860077,97.655577,38000,494.5,256.1,-64
13.857577,97.642196,38000,494.3,259.5,-64
13.856094,97.630431,38000,491.4,263.2,0
13.854538,97.612152,38000,490.4,265.7,-64
13.851851,97.567123,38000,490.9,266.6,0
13.849244,97.520527,38000,490.8,266.7,0
13.846684,97.474365,38000,491.7,266.9,0
13.844636,97.436973,38000,491.7,266.9,0
13.842215,97.39139,38000,492.7,266.9,0
13.83989,97.346539,38000,492.7,267.0,0
13.837555,97.300652,38000,493.7,267.0,0
13.835185,97.25435,38000,493.7,267.0,0
13.832977,97.208452,38000,494.6,267.2,0
13.830688,97.161949,38000,494.6,267.1,0
13.828528,97.117984,38000,493.6,267.1,0
13.826434,97.073942,38000,493.6,267.2,0
13.824966,97.036412,38000,492.4,267.8,0
13.823959,97.009372,38000,492.4,267.8,0
13.822616,96.974391,38000,492.4,267.7,0
13.821121,96.938766,38000,492.4,267.6,-64
13.800156,96.734714,38000,496.6,247.9,0
13.795166,96.724154,38000,496.6,247.9,0
13.780254,96.699974,38000,497.1,235.2,0
13.773285,96.691053,38000,496.6,231.4,0
13.763947,96.680682,38000,496.5,226.1,0
13.755255,96.672315,38000,495.9,223.1,0
13.746783,96.665087,38000,495.9,220.3,0
7.705215,81.201255,23925,452.8,263.7,-2560
7.703293,81.183984,23525,452.8,263.7,-2560
7.483226,80.522493,13000,376.1,250.3,-64
7.472855,80.493335,13000,378.0,250.4,-64
7.468701,80.481673,13000,378.0,250.4,-320
7.465256,80.47206,12925,378.0,250.4,-1024
7.461136,80.460422,12750,377.0,250.3,-2112
7.452268,80.435454,12025,373.5,250.4,-3008
7.451151,80.432329,11925,373.5,250.4,-3008
7.44361,80.411163,11250,366.3,250.4,-1856
7.441818,80.406097,11150,363.1,250.4,-1216
7.437103,80.392876,10975,358.1,250.2,-960
7.431656,80.377606,10800,358.1,250.2,-960
7.425734,80.361107,10625,333.4,250.4,-896
7.422754,80.352631,10550,330.2,250.4,-896
7.415726,80.331566,10250,321.0,251.0,-1152
7.410837,80.303334,9675,313.8,256.4,-1664
7.409683,80.295069,9500,305.0,261.9,-1984
7.409088,80.290693,9375,302.8,262.2,-2048
7.403668,80.251907,8225,295.9,262.0,-2688
7.401899,80.23931,7825,295.9,262.0,-2688
7.400574,80.229709,7525,294.9,262.0,-2368
7.399887,80.224775,7375,293.9,262.0,-2432
7.398834,80.217327,7150,293.9,262.0,-2432
7.397849,80.210377,6950,292.9,262.0,-2112
7.397011,80.204457,6800,290.9,261.9,-1856
7.396362,80.199823,6700,289.9,261.9,-1536
7.395721,80.195261,6625,287.8,262.0,-1088
7.394852,80.189162,6550,282.8,261.9,-704
7.394404,80.185894,6525,280.7,262.0,-640
7.393473,80.179312,6450,273.7,262.0,-768
7.392517,80.172497,6400,268.7,261.9,-768
7.392076,80.169367,6350,265.6,262.0,-832
7.391285,80.163874,6300,260.6,261.8,-768
7.386658,80.130974,5925,260.6,262.0,-768
7.385373,80.121773,5575,234.0,262.0,-1664
7.383041,80.105324,5100,232.4,261.8,-1728
7.381027,80.091545,4750,232.4,261.8,-1728
7.380707,80.089355,4700,228.0,262.0,-1280
7.380112,80.084976,4600,226.0,262.0,0
7.378464,80.072739,4325,220.2,261.9,-1792
7.377731,80.067521,4175,220.1,262.2,-1792
7.377226,80.064097,4075,220.1,262.2,-1792
7.376807,80.061114,4000,219.2,261.9,-1728
7.376678,80.06012,3950,219.2,261.9,-1728
7.374893,80.04792,3625,219.2,261.0,-1088
7.372664,80.037292,3425,218.0,255.0,-1344
7.348177,80.011673,3075,206.0,226.0,-128
7.334106,80.001091,2975,206.0,226.0,-128
7.331955,79.999416,2975,192.6,217.4,-448
7.324173,79.993457,2875,187.6,217.4,-576
7.31987,79.990152,2825,186.8,217.6,-576
7.313031,79.984873,2725,182.6,217.4,-576
7.306458,79.979817,2675,177.6,217.4,-192
7.294189,79.970413,2600,174.6,217.8,-448
7.285192,79.963468,2400,174.0,217.5,-512
7.283377,79.962095,2325,166.2,217.4,-1280
7.275742,79.95627,2175,166.2,217.4,-1152
7.27281,79.954045,2100,166.2,217.4,-1152
7.260681,79.944763,1800,143.8,216.2,-832
7.258192,79.942822,1725,137.4,218.2,-640
7.254189,79.939649,1650,134.0,217.7,-704
7.249741,79.936198,1550,132.6,217.6,-704
7.241455,79.929866,1350,134.0,217.7,-704
7.165604,79.872142,1125,154.4,216.6,2816
7.154572,79.865811,1850,147.0,210.2,2176
7.146932,79.866107,2125,158.8,171.3,1024
7.138413,79.870274,2350,158.8,171.3,1024
7.133711,79.873731,2450,176.1,146.6,1024
7.132141,79.874981,2475,183.8,142.1,576
7.127655,79.878845,2575,183.8,142.1,576
7.123563,79.883297,2750,193.7,130.2,1536
7.118912,79.891833,3025,196.1,123.8,1536
7.117744,79.89684,3175,197.7,101.1,1472
7.11763,79.899933,3250,197.4,99.0,1472
7.117996,79.90417,3375,197.4,99.0,1472
7.119598,79.909849,3525,192.6,74.9,1280
7.12361,79.919997,3700,193.4,69.4,1024
7.125641,79.924885,3775,210.4,67.9,768
7.127609,79.929727,3850,213.9,67.8,832
7.131058,79.938228,3950,223.8,67.7,576
7.13413,79.945947,4075,241.0,68.3,1152
7.135803,79.95021,4150,245.1,68.5,1088
7.138824,79.957937,4275,250.1,68.7,1088
7.142231,79.966594,4425,271.1,68.4,1344
7.143631,79.970088,4500,274.3,68.4,1600
7.145004,79.973579,4575,276.1,68.6,1728
7.152786,79.993271,5250,285.0,68.4,3136
7.153931,79.996246,5375,285.0,68.4,3136
7.160431,80.012543,6000,286.3,68.3,2752
7.16153,80.01515,6100,287.8,67.5,2688
7.164855,80.02233,6375,287.6,66.6,2752
7.166577,80.025645,6525,288.0,63.2,3072
7.167755,80.027859,6600,288.1,62.3,3136
7.168991,80.030093,6725,286.8,61.5,3328
7.170181,80.032188,6825,286.9,61.0,3456
7.171417,80.034376,6925,286.2,60.5,3584
7.174258,80.039283,7200,284.0,60.0,3840
7.176086,80.04243,7375,282.3,59.8,3968
7.177826,80.045502,7550,280.9,59.9,3840
7.179705,80.048707,7725,278.7,59.8,3648
7.181521,80.051833,7900,277.8,59.7,3520
7.183319,80.054906,8050,277.0,59.6,3328
7.18515,80.058071,8225,277.0,59.6,3136
7.187805,80.062587,8425,276.1,59.5,2944
7.189155,80.064855,8500,276.1,59.5,2560
7.191995,80.069638,8675,277.5,59.5,2432
7.194809,80.074504,8850,279.7,59.5,2240
7.197721,80.079488,9025,282.8,59.6,2176
7.200623,80.084373,9175,284.2,59.5,2176
7.204098,80.090285,9375,285.6,59.5,2304
7.206659,80.094641,9550,288.8,59.2,2496
7.21431,80.107137,10025,289.3,59.0,2624
7.218338,80.113608,10275,290.5,58.2,2752
7.221695,80.118982,10475,290.2,58.0,2368
7.227585,80.128412,10725,294.7,58.0,1152
7.233536,80.138048,10875,303.6,58.2,1024
7.238708,80.146427,11025,312.5,58.3,1216
7.245071,80.156762,11175,321.9,58.3,1088
7.253956,80.171119,11375,331.9,58.2,1024
7.259821,80.18059,11475,341.9,58.0,1024
7.266432,80.191198,11625,350.4,57.9,1408
7.270482,80.197686,11750,354.0,57.9,1792
7.275833,80.206247,11950,357.6,57.9,2176
7.283112,80.217978,12250,358.5,58.0,2304
7.289801,80.228656,12575,362.1,58.0,2624
7.298309,80.242139,12975,364.5,57.7,2496
7.306961,80.255546,13350,365.9,57.0,2432
7.312775,80.264391,13600,365.9,57.0,2432
7.322434,80.278852,14000,367.5,56.7,2304
7.331772,80.292602,14350,372.2,55.8,2176
7.340515,80.305683,14700,374.1,56.2,2560
7.343033,80.309453,14825,374.1,56.2,2560
7.360291,80.335709,15600,375.3,56.5,2176
7.372009,80.353306,16000,378.0,56.4,2048
7.378576,80.363238,16250,380.2,56.5,2112
7.3877,80.377113,16600,381.9,56.6,2368
7.395707,80.389331,16925,382.8,56.7,2496
7.406204,80.406748,17350,381.8,61.0,2048
7.410418,80.415423,17525,382.9,64.6,1984
7.414515,80.425983,17750,384.3,69.1,1856
7.419449,80.440284,18000,386.4,71.3,1792
7.424663,80.455864,18300,388.3,71.4,1920
7.432716,80.479494,18750,390.9,71.2,2112
7.439048,80.497868,19100,393.4,71.0,1856
7.446263,80.518988,19475,397.5,71.1,1792
7.45292,80.538356,19775,400.7,71.1,1600
7.460541,80.560649,20150,404.8,71.1,1920
7.466492,80.57811,20475,407.0,71.0,1920
7.472672,80.596214,20775,409.0,71.0,1664
7.47331,80.597977,20800,409.0,70.0,0
7.478198,80.612328,21025,412.0,71.0,0
7.479401,80.61586,21075,412.0,71.0,1728
7.48127,80.621231,21150,414.0,71.0,0
7.485672,80.634109,21350,416.0,71.0,0
7.487043,80.638084,21425,416.0,71.0,1792
7.489976,80.646606,21550,416.0,71.0,1856
7.493141,80.655937,21725,417.0,71.0,0
7.510345,80.706218,22675,417.0,71.0,0
7.656097,81.133056,27600,457.6,71.1,1280
7.665985,81.161965,27900,459.8,71.1,1152
7.673126,81.182913,28100,460.8,71.1,1152
7.70343,81.597693,31100,486.2,88.2,896
13.271439,96.578064,39000,444.6,71.7,0
13.274002,96.585972,39000,444.9,71.5,-64
13.304306,96.67893,39000,445.9,71.6,0
13.361191,96.853397,39000,447.8,71.7,0
13.374252,96.893353,39000,448.1,71.5,0
13.387213,96.93324,39000,447.8,71.7,0
13.399841,96.971867,39000,446.8,71.6,0
13.412704,97.011408,39000,445.9,71.6,0
13.417798,97.02701,39000,445.9,71.6,0
13.458847,97.152999,39000,444.6,71.7,0
13.471939,97.193156,39000,444.6,71.7,0
13.484414,97.231558,39000,445.9,71.6,0
13.497495,97.271745,39000,445.9,71.6,-64
13.507132,97.301331,39000,445.9,71.6,0
13.519468,97.339204,39000,446.8,71.6,0
13.52655,97.361029,39000,446.8,71.6,0
13.539047,97.399339,39000,446.8,71.6,0
13.552002,97.439212,39000,447.8,71.7,0
13.562622,97.471908,39000,447.8,71.7,0
13.574341,97.507829,39000,446.8,71.6,0
13.587341,97.547704,39000,445.9,71.6,0
13.600004,97.58659,39000,445.9,71.6,0
13.61248,97.624945,39000,444.9,71.5,0
13.62561,97.665142,39000,443.7,71.6,0
13.638688,97.705271,39000,442.7,71.6,0
13.651351,97.744205,39000,442.7,71.6,0
13.663742,97.782251,39000,441.8,71.5,0
13.673416,97.812002,39000,442.7,71.6,0
13.68403,97.844624,39000,442.7,71.6,0
13.694504,97.876724,39000,442.7,71.6,0
13.705956,97.911891,39000,442.7,71.6,0
13.773178,98.118415,39000,444.0,71.4,0
13.786352,98.155999,39000,446.8,71.6,0
13.798968,98.197728,39000,449.0,71.6,0
13.81192,98.237236,39000,449.7,71.3,0
13.82527,98.277668,39000,450.6,71.4,0
13.838333,98.317455,39000,451.6,71.4,0
13.851562,98.357802,39000,452.5,71.4,0
13.863629,98.394663,39000,453.5,71.5,0
13.876694,98.434611,39000,453.5,71.5,0
13.889698,98.474266,39000,454.7,71.4,0
13.903244,98.515683,39000,455.4,71.6,0
13.916512,98.556326,39000,455.7,71.4,0
13.9295,98.596031,39000,455.7,71.4,0
13.942566,98.636201,39000,455.4,71.6,0
13.955895,98.677079,39000,455.4,71.6,0
13.969299,98.718172,39000,455.4,71.6,0
13.982529,98.758803,39000,455.4,71.6,0
13.995558,98.798748,39000,455.4,71.6,0
14.008713,98.839211,39000,455.4,71.6,0
14.021484,98.878421,39000,454.4,71.5,0
14.029541,98.90201,39000,454.3,70.1,0
14.036338,98.919549,39000,453.5,67.8,0
14.044624,98.939064,39000,453.5,65.9,0
14.053619,98.958214,39000,453.9,64.0,0
14.06282,98.976351,39000,453.2,62.0,0
14.073114,98.99496,39000,453.0,59.9,0
14.083466,99.012246,39000,453.4,57.9,0
14.095133,99.03028,39000,454.6,56.0,0
14.106262,99.046199,39000,454.1,54.1,0
14.13176,99.081053,39000,455.8,53.2,0
14.156396,99.115038,39000,456.0,53.4,0
14.181885,99.150049,39000,456.6,53.3,0
14.206672,99.184185,39000,456.6,53.3,0
14.231392,99.218108,39000,456.6,53.3,0
14.256716,99.252946,39000,456.6,53.3,0
14.281714,99.287302,39000,456.6,53.3,0
14.306899,99.321996,39000,456.6,53.3,0
14.33226,99.356942,39000,458.0,53.3,0
14.357117,99.391132,39000,458.8,53.3,0
14.382111,99.425559,39000,458.8,53.3,0
14.406707,99.459469,39000,460.2,53.3,0
14.431752,99.49397,39000,460.2,53.3,0
14.457263,99.529098,39000,461.0,53.4,0
14.482727,99.564225,39000,461.0,53.4,0
14.507586,99.59863,39000,460.4,53.5,0
14.532631,99.633227,39000,460.4,53.5,0
14.557068,99.667022,39000,460.2,53.3,0
14.582016,99.701449,39000,459.6,53.4,0
14.606598,99.735497,39000,459.6,53.4,0
14.631912,99.770492,39000,458.8,53.3,0
14.657135,99.805345,39000,459.0,53.5,0
14.681992,99.839772,39000,459.6,53.4,0
14.707202,99.874782,39000,459.6,53.4,0
14.732437,99.909668,39000,459.6,53.4,0
14.756927,99.943716,39000,459.0,53.5,0
14.781876,99.978333,39000,458.2,53.4,0
14.806544,100.012544,39000,458.2,53.4,0
14.831497,100.04719,39000,457.6,53.5,0
14.856171,100.08145,39000,456.2,53.6,0
14.880842,100.11576,39000,456.2,53.6,0
14.905654,100.150239,39000,456.2,53.6,0
14.930466,100.184817,39000,456.2,53.6,0
14.955734,100.220032,39000,456.2,53.6,0
14.980138,100.254021,39000,457.0,53.6,0
15.00499,100.2886,39000,457.6,53.5,0
15.029856,100.323274,39000,457.6,53.5,0
15.054703,100.357891,39000,457.6,53.5,0
15.079971,100.393163,39000,458.4,53.6,0
15.104479,100.42735,39000,458.4,53.6,0
15.129639,100.462502,39000,458.4,53.6,0
15.15429,100.496995,39000,458.4,53.6,0
15.179009,100.531425,39000,459.0,53.5,0
15.204071,100.566487,39000,459.2,53.7,0
15.228516,100.600698,39000,459.8,53.6,0
15.254237,100.636384,39000,459.6,52.8,0
15.265869,100.651197,39000,460.3,50.5,0
15.279785,100.667725,39000,460.5,48.5,0
15.294388,100.683867,39000,461.2,46.6,0
15.309036,100.699045,39000,461.8,44.6,0
15.326626,100.716035,39000,462.8,42.9,0
15.35735,100.74561,39000,463.4,43.2,0
15.388401,100.775626,39000,463.4,43.2,0
15.419824,100.805937,39000,464.8,43.2,0
15.450641,100.835708,39000,465.5,43.1,0
15.481567,100.865527,39000,466.2,43.2,0
15.512882,100.895789,39000,467.0,43.1,0
15.544211,100.92605,39000,467.6,43.2,0
15.575317,100.956116,39000,468.4,43.1,0
15.6064,100.986184,39000,468.4,43.1,0
15.63707,101.015818,39000,469.0,43.2,0
15.668273,101.045968,39000,469.0,43.2,0
15.699835,101.076524,39000,469.0,43.2,0
15.731118,101.106785,39000,467.6,43.2,0
15.761377,101.136115,39000,466.2,43.2,64
15.791962,101.165739,39000,466.2,43.2,0
15.822966,101.195755,39000,464.1,43.2,0
15.852992,101.224937,39000,462.7,43.2,0
15.883575,101.254674,39000,461.3,43.2,0
15.913836,101.284087,39000,459.8,43.2,0
15.944002,101.313319,39000,459.8,43.2,0
15.974808,101.343239,39000,459.8,43.2,0
16.004745,101.372343,39000,458.4,43.2,0
16.035151,101.401945,39000,459.1,43.3,0
16.066062,101.43201,39000,459.8,43.2,0
16.086456,101.451271,39000,459.7,41.7,0
16.096939,101.460138,39000,460.1,38.9,0
16.110397,101.470642,39000,460.4,36.5,0
16.124112,101.480419,39000,461.5,34.1,0
16.138683,101.489885,39000,462.4,31.6,0
16.151625,101.497536,39000,462.9,29.2,0
16.189565,101.518527,39000,465.3,28.2,0
16.2269,101.539323,39000,466.2,28.2,0
16.265121,101.560557,39000,466.7,28.3,0
16.302128,101.58111,39000,467.5,28.2,0
16.339096,101.601707,39000,466.7,28.3,0
16.377263,101.622947,39000,466.7,28.3,0
16.415017,101.643938,39000,466.7,28.3,0
16.452678,101.664881,39000,466.2,28.2,0
16.48978,101.685529,39000,465.3,28.2,0
16.527162,101.706374,39000,464.4,28.3,0
16.56445,101.72717,39000,464.4,28.3,0
16.590088,101.741445,39000,465.3,28.2,0
16.623711,101.760178,39000,465.8,28.3,0
16.658579,101.779649,39000,466.7,28.3,0
16.694657,101.799758,39000,466.7,28.3,0
16.704254,101.805147,39000,466.7,28.3,0
17.132446,102.044777,39000,460.0,28.0,0
17.167023,102.064217,39000,460.0,28.0,0
17.206696,102.086502,39000,460.0,28.0,0
17.233383,102.101486,39000,460.0,28.0,0
17.266068,102.11985,39000,470.0,28.0,0
17.303375,102.140762,39000,470.0,28.0,0
17.33219,102.157013,39000,470.0,28.0,0
17.367523,102.176926,39000,470.0,28.0,0
17.407139,102.199188,39000,470.0,28.0,0
17.436264,102.215591,39000,470.0,28.0,0
17.476921,102.238472,39000,470.0,28.0,0
17.505131,102.254417,39000,470.0,28.0,0
17.539766,102.273987,39000,470.0,28.0,0
17.576248,102.294518,39000,470.0,28.0,0
17.605171,102.310867,39000,470.0,28.0,0
17.645859,102.333824,39000,470.0,28.0,0
17.680435,102.353355,39000,470.0,28.0,0
17.710287,102.370216,39000,470.0,28.0,0
17.750601,102.393066,39000,470.0,28.0,0
17.779358,102.409302,39000,470.0,28.0,0
17.808426,102.425781,39000,470.0,28.0,0
17.849432,102.448982,39000,470.0,28.0,0
17.877457,102.464806,39000,470.0,28.0,0
17.909637,102.483116,39000,470.0,28.0,0
17.947678,102.504662,39000,470.0,28.0,0
17.981779,102.524071,39000,470.0,29.0,0
17.99295,102.530579,39000,470.0,29.0,0
18.003334,102.537071,39000,470.0,31.0,0
18.021536,102.549179,39000,470.0,33.0,0
18.032755,102.557076,39000,470.0,34.0,0
18.047325,102.567871,39000,470.0,36.0,0
18.081207,102.593414,39000,470.0,36.0,0
18.112173,102.616524,39000,470.0,36.0,0
18.139313,102.636826,39000,470.0,36.0,0
18.16147,102.653404,39000,470.0,35.0,0
18.198294,102.680969,39000,470.0,35.0,0
18.225899,102.701691,39000,470.0,36.0,0
18.257721,102.725555,39000,470.0,35.0,0
18.293564,102.75248,39000,470.0,35.0,0
18.321579,102.773567,39000,470.0,35.0,0
18.355314,102.79892,39000,470.0,36.0,0
18.381821,102.81884,39000,470.0,36.0,0
18.409378,102.839584,39000,470.0,36.0,0
18.441147,102.863518,39000,470.0,35.0,0
18.467506,102.883369,39000,460.0,36.0,0
18.491547,102.901428,39000,460.0,35.0,0
18.524345,102.926163,39000,460.0,36.0,0
18.556274,102.950233,39000,460.0,35.0,0
18.587889,102.974152,39000,460.0,36.0,0
18.619125,102.997658,39000,460.0,35.0,0
18.654879,103.024689,39000,460.0,36.0,-64
18.683275,103.046165,39000,460.0,36.0,-64
18.715256,103.070343,39000,468.0,36.0,0
18.752218,103.098297,39000,460.0,36.0,0
18.778893,103.118477,39000,460.0,36.0,-64
18.805206,103.138374,39000,460.0,36.0,0
18.837688,103.163017,39000,460.0,36.0,0
18.861237,103.180847,39000,460.0,36.0,0
18.893412,103.205215,39000,460.0,36.0,0
18.920692,103.225945,39000,460.0,36.0,0
18.951927,103.249664,39000,460.0,35.0,-32
18.977997,103.26944,39000,470.0,36.0,0
18.982979,103.273232,39000,460.0,36.0,-32
19.029282,103.308367,39000,470.5,35.9,0
19.034279,103.312184,39000,470.5,35.9,0
19.051737,103.32547,39000,470.0,35.9,-192
19.067596,103.337502,41825,470.0,35.9,-192
19.082703,103.34903,41825,469.0,36.0,32
19.11026,103.369919,41825,469.0,36.0,0
19.126919,103.382599,39000,468.0,36.0,0
19.151544,103.401373,39000,468.0,36.0,0
19.166748,103.412933,39000,467.7,35.9,0
19.205824,103.442719,39000,469.0,36.0,0
19.246045,103.473333,39000,460.0,36.0,0
19.258942,103.48317,39000,460.0,36.0,0
19.274689,103.495132,41800,460.0,36.0,0
19.280045,103.499252,41800,470.0,36.0,0
19.316345,103.526962,41800,470.0,36.0,64
19.343153,103.547394,41800,470.0,36.0,0
19.353699,103.555412,44600,470.5,35.9,0
19.365875,103.564731,39000,470.5,35.9,0
19.391893,103.584645,39000,471.1,36.0,0
19.406708,103.595924,39000,470.5,36.0,-32
19.414658,103.60202,41800,470.5,36.0,0
19.422821,103.608284,39000,470.0,36.0,0
19.46526,103.640925,39000,470.0,36.0,0
19.499522,103.667442,39000,469.8,36.4,0
19.531311,103.692104,39000,469.2,36.3,0
19.555984,103.711281,39000,469.2,36.3,0
19.575806,103.726685,39000,468.4,36.4,0
19.591415,103.738754,41800,468.4,36.0,-32
19.622406,103.762733,41800,467.0,36.0,0
19.646488,103.781448,41800,466.0,36.0,0
19.678608,103.806419,39000,466.0,36.0,0
19.70682,103.828293,39000,466.0,36.0,0
19.737991,103.852531,39000,466.0,36.0,0
19.77297,103.87973,39000,460.0,36.0,0
19.799835,103.900597,39000,460.0,36.0,0
19.826319,103.921227,39000,468.0,36.0,0
19.85816,103.945992,39000,468.0,36.0,0
19.905304,103.982751,39000,468.0,36.0,-32
19.929749,104.001781,39000,468.4,36.4,0
19.959551,104.025047,39000,468.4,36.4,0
19.993011,104.051121,39000,468.4,36.4,0
20.016769,104.06971,39000,468.4,36.4,0
20.04364,104.090702,39000,468.0,36.0,0
20.062637,104.105515,39000,467.0,36.4,0
20.079703,104.11883,39000,467.6,36.5,0
20.096741,104.132149,41825,467.6,36.5,0
20.108565,104.141402,39000,467.6,36.5,0
20.125809,104.154854,41825,468.4,36.4,0
20.151533,104.174957,41825,468.4,36.4,0
20.182631,104.199333,41825,468.4,36.0,64
20.204277,104.216309,39000,460.0,36.0,-32
20.230362,104.236763,39000,460.0,37.0,0
20.256088,104.256866,39000,460.0,36.0,0
20.284378,104.279088,39000,465.4,36.5,0
20.30777,104.297379,39000,465.4,36.5,0
20.334158,104.318085,39000,460.0,36.0,-32
20.359451,104.33799,39000,466.2,36.5,0
20.403287,104.372364,39000,466.0,36.0,32
20.418961,104.384684,39000,466.8,36.5,0
20.444719,104.404924,39000,466.8,36.5,0
20.447983,104.40749,39000,466.8,36.5,0
20.466133,104.421501,39000,460.0,36.0,0
20.485638,104.436432,39000,467.1,35.8,0
20.523159,104.465096,39000,467.7,35.9,0
20.568361,104.499856,39000,466.9,35.9,0
20.601786,104.525574,39000,468.3,36.0,0
20.631042,104.548106,39000,468.3,36.0,0
20.657776,104.568656,39000,460.0,36.0,0
20.659515,104.570029,39000,460.0,36.0,0
20.688217,104.592149,39000,460.0,36.0,0
20.695077,104.597484,39000,468.3,36.0,0
20.712395,104.610817,39000,468.3,36.0,0
20.74411,104.635704,39000,469.0,37.0,0
20.749449,104.640228,39000,469.0,38.0,0
20.753733,104.644073,39000,469.0,40.0,0
20.769104,104.658707,39000,468.0,42.0,0
20.782425,104.672783,39000,470.0,45.0,0
20.786911,104.67778,39000,469.0,46.0,32
20.799957,104.693428,39000,469.0,48.0,0
20.804169,104.698822,39000,469.0,50.0,0
20.812042,104.709419,39000,469.0,52.0,0
20.827652,104.732666,39000,469.0,54.0,0
20.837723,104.749786,39000,469.0,59.0,0
20.846786,104.766899,39000,468.3,62.4,0
20.854614,104.78338,39000,468.3,62.4,0
20.86611,104.81147,39000,469.0,68.0,0
20.873093,104.831596,39000,469.0,70.0,-32
20.886639,104.871094,39000,460.0,70.0,0
20.900139,104.910347,39000,470.0,70.0,0
20.91774,104.961908,39000,470.4,70.0,0
20.926849,104.988541,39000,470.4,70.0,0
20.942459,105.034103,39000,470.0,70.0,-32
20.958527,105.081335,39000,472.3,70.1,0
20.972062,105.120933,39000,473.2,70.1,0
20.986773,105.164079,39000,473.2,70.1,0
20.997345,105.195269,39000,474.2,70.2,0
21.003799,105.21425,39000,474.2,70.2,0
21.014191,105.244949,39000,475.0,70.0,0
21.029926,105.29129,39000,475.5,70.1,0
21.041145,105.324348,39000,476.4,70.1,0
21.057129,105.371521,39000,476.4,70.0,0
21.068161,105.40403,39000,478.0,70.0,0
21.08565,105.455831,39000,477.3,70.2,0
21.100035,105.498556,39000,477.0,70.3,0
21.101198,105.502116,39000,477.0,70.3,0
21.111008,105.531174,39000,477.0,70.0,-32
21.120705,105.559746,41825,470.0,70.0,0
21.127625,105.580311,39000,477.0,70.3,0
21.138657,105.61312,39000,477.0,70.3,0
21.144699,105.630997,39000,477.0,70.3,64
21.160126,105.676791,39000,477.0,70.3,0
21.168327,105.701345,39000,476.7,70.4,0
21.18013,105.734619,39000,476.7,70.4,0
21.184479,105.745206,39000,475.2,66.6,0
21.191208,105.760387,39000,475.4,64.2,0
21.194275,105.766879,39000,475.4,63.7,0
21.208603,105.794295,39000,474.6,59.8,0
21.218417,105.811005,39000,474.4,57.5,0
21.231903,105.831648,39000,474.0,56.9,0
21.242345,105.846202,39000,474.4,52.6,0
21.253784,105.860862,39000,473.7,50.4,0
21.267809,105.877327,39000,473.3,48.6,0
21.281982,105.892426,39000,473.0,44.0,0
21.29068,105.901009,39000,472.7,41.1,0
21.308821,105.917664,39000,472.7,41.1,0
21.327023,105.933479,39000,470.0,39.0,0
21.370834,105.971674,39000,474.0,39.3,0
21.401181,105.998128,39000,474.0,39.3,0
21.418304,106.013073,39000,474.0,39.3,0
21.436562,106.028999,39000,473.4,39.2,0
21.476084,106.063436,39000,473.4,39.0,0
21.49118,106.076594,39000,472.6,39.2,0
21.512255,106.094971,39000,472.6,39.2,0
21.517143,106.099297,41800,472.6,40.0,0
21.553162,106.13073,39000,470.0,39.0,32
21.580673,106.154793,39000,470.0,39.0,0
21.624985,106.193498,39000,470.0,39.0,0
21.645673,106.211599,39000,472.6,39.2,0
21.669754,106.232651,39000,472.6,39.2,0
21.673883,106.236267,41800,472.6,39.0,0
21.705167,106.263682,39000,472.6,39.0,0
21.72171,106.278143,39000,472.6,39.2,0
21.743362,106.297066,39000,473.0,39.0,0
21.750687,106.303459,41800,470.0,39.0,0
21.777649,106.32711,41800,470.0,39.0,0
21.783829,106.332527,39000,470.0,39.0,0
21.810379,106.355843,39000,470.0,39.0,0
21.837616,106.379768,39000,470.0,39.0,0
21.866226,106.404884,39000,470.0,39.0,-32
21.899094,106.433746,39000,470.0,39.0,0
21.910034,106.443336,39000,460.0,39.0,0
21.940659,106.470253,39000,460.0,39.0,0
21.967392,106.493774,39000,460.0,39.0,-32
21.982361,106.506905,39000,470.0,39.0,0
21.991791,106.515144,39000,460.0,39.0,0
22.002449,106.524406,39000,471.0,39.0,0
22.029373,106.547806,39000,470.0,39.0,0
22.063248,106.577248,39000,470.0,39.0,-32
22.087547,106.598412,39000,470.0,39.0,0
22.118042,106.625008,39000,470.0,39.0,0
22.146622,106.649933,39000,470.0,39.0,0
22.165056,106.666313,39000,470.0,40.0,-64
22.169083,106.670105,39000,470.0,41.0,0
22.17984,106.681641,39000,472.0,45.0,96
22.187542,106.690979,39000,470.0,49.0,-64
22.200716,106.707863,39000,472.0,51.0,-32
22.219477,106.733498,39000,471.0,52.0,0
22.232836,106.753334,39000,471.0,54.0,0
22.243057,106.769684,39000,471.0,56.0,0
22.250381,106.782013,39000,471.0,58.0,0
22.260727,106.800591,39000,470.0,60.0,0
22.266634,106.811317,39000,460.0,59.0,0
22.274408,106.824646,39050,469.0,57.0,408
22.284256,106.840195,39100,468.0,56.0,192
22.290848,106.850227,39100,468.0,55.0,0
22.315704,106.887985,39100,468.0,55.0,0
22.333296,106.914925,39100,468.0,55.0,0
22.35997,106.95565,39100,469.0,55.0,0
22.385714,106.994987,39100,460.0,55.0,0
22.405033,107.024635,39100,460.0,55.0,0
22.428635,107.060722,39100,460.0,55.0,0
22.449909,107.0933,39100,460.0,55.0,0
22.471115,107.125786,39100,468.0,55.0,0
22.493134,107.159599,39100,468.0,55.0,0
22.517395,107.1968,39100,467.0,55.0,0
22.535473,107.22448,39100,467.0,55.0,0
22.559914,107.262062,39100,467.0,55.0,0
22.58075,107.294228,39100,467.0,55.0,0
22.603638,107.329437,39100,467.0,55.0,0
22.6222,107.357941,39100,467.0,55.0,0
22.64415,107.391708,39100,467.0,55.0,0
22.666855,107.426712,39100,467.0,55.0,0
22.691162,107.464264,39100,460.0,55.0,0
22.711533,107.495674,39100,460.0,55.0,0
22.737259,107.535576,39100,467.0,55.0,-32
22.754595,107.562309,39100,467.0,55.0,0
22.774471,107.592979,39100,468.0,55.0,0
22.800867,107.63382,39100,468.0,55.0,0
22.817253,107.659248,39100,468.0,55.0,0
22.843643,107.700226,39100,468.0,56.0,0
22.860031,107.725639,39100,468.0,55.0,-32
22.87875,107.754616,39100,460.0,55.0,0
22.899931,107.787422,39100,469.0,55.0,-32
22.916876,107.81382,39100,469.0,55.0,0
22.945496,107.85833,39100,469.0,55.0,0
22.961613,107.883354,39100,468.0,55.0,0
22.986603,107.922249,39100,468.0,55.0,0
23.005184,107.951256,39100,468.0,55.0,0
23.020798,107.975578,39100,469.0,55.0,0
23.038284,108.002846,39100,469.0,55.0,0
23.060907,108.038124,39100,468.0,55.0,0
23.079391,108.066963,39100,469.0,55.0,0
23.10099,108.100739,39100,469.0,55.0,0
23.116837,108.125595,39100,470.0,56.0,0
23.136017,108.160797,39100,470.0,63.0,0
23.144377,108.180847,39100,470.0,66.0,0
23.146683,108.187065,39100,471.0,68.0,0
23.152908,108.20649,39100,470.0,71.0,0
23.17749,108.284698,39100,470.0,69.0,0
23.181747,108.295982,39100,470.0,68.0,0
23.189667,108.315704,39100,470.0,66.0,0
23.23748,108.409576,39100,470.0,61.0,0
23.253401,108.4347,39100,470.0,55.0,0
31.5931,119.75339,26675,509.0,90.0,-1344
31.59226,119.9278,24950,482.0,90.0,-1152
31.591373,120.082269,23275,467.0,90.0,-1536
31.59023,120.23152,21350,458.0,90.0,-2144
31.573151,120.374828,19600,448.0,98.0,-664
31.53282,120.51119,17975,436.0,109.0,-1920
31.473875,120.710083,15875,400.0,109.0,-1024
31.468826,120.726929,15750,390.0,109.0,-1152
31.458139,120.762871,15375,390.0,109.0,-1152
31.451715,120.784462,15200,380.0,109.0,-888
31.447815,120.797585,15125,370.0,109.0,-832
31.437378,120.831726,14750,370.0,110.0,-1080
31.425461,120.869881,14100,370.0,110.0,-1664
31.420578,120.885368,13875,370.0,110.0,-1664
31.418015,120.893715,13775,370.0,110.0,-1152
31.41449,120.904915,13700,360.0,110.0,-568
31.411634,120.914047,13650,360.0,110.0,-384
31.398926,120.958878,13300,340.0,108.0,-2360
31.398422,120.962433,13225,330.0,99.0,-2560
31.397436,120.97683,12875,330.0,92.0,-2944
31.397343,120.987984,12550,330.0,91.0,-3264
31.39739,121.002487,12175,330.0,90.0,-2360
31.397461,121.006432,12075,330.0,89.0,-2040
31.397575,121.012154,11975,320.0,89.0,-1792
31.397715,121.021439,11825,320.0,89.0,-1720
31.397827,121.030235,11675,320.0,89.0,-1720
31.397902,121.036652,11550,310.0,89.0,-1848
31.398041,121.047913,11325,310.0,89.0,-2040
31.398134,121.057632,11125,300.0,89.0,-2112
31.39818,121.06752,10925,300.0,90.0,-2304
31.398239,121.07354,10775,300.0,89.0,-2304
31.398331,121.089851,10350,300.0,89.0,-2112
31.398367,121.096474,10225,300.0,90.0,-1600
31.39846,121.109604,10025,300.0,89.0,-1208
31.398554,121.125145,9850,300.0,89.0,-1208
31.3986,121.130035,9825,300.0,89.0,-320
31.398651,121.139511,9825,290.0,90.0,-120
31.398788,121.165413,9800,290.0,90.0,64
31.398832,121.173599,9800,280.0,90.0,0
31.39888,121.186523,9800,270.0,90.0,120
31.39888,121.206718,9825,260.0,90.0,-120
31.398514,121.215393,9750,260.0,93.0,-120
31.398228,121.219406,9700,260.0,95.0,-120
31.397715,121.225288,9600,260.0,96.0,-1792
31.397415,121.228149,9550,260.0,97.0,-1792
31.394783,121.255447,9000,260.0,96.0,-1848
31.394211,121.261055,8875,250.0,97.0,-1792
31.393293,121.270111,8675,250.0,97.0,-1792
31.392269,121.280495,8475,250.0,97.0,-1472
31.391098,121.292183,8225,250.0,97.0,-1920
31.39032,121.300316,8025,250.0,96.0,-2040
31.389633,121.307968,7825,250.0,96.0,-2112
31.389103,121.313454,7700,250.0,96.0,-2040
31.388685,121.317848,7600,250.0,96.0,-1600
31.38739,121.331879,7350,250.0,96.0,-1472
31.386728,121.338608,7225,250.0,96.0,-1528
31.38603,121.34597,7075,250.0,96.0,-1528
31.385742,121.348732,7000,240.0,97.0,-1600
31.384867,121.357674,6850,240.0,96.0,-1400
31.384232,121.364456,6725,240.0,96.0,-1344
31.383238,121.374313,6550,240.0,97.0,-1600
31.382957,121.377281,6475,240.0,96.0,-1920
31.38254,121.381729,6375,240.0,96.0,-1984
31.382168,121.385689,6275,240.0,96.0,-1792
31.381516,121.392776,6100,240.0,96.0,-1792
31.381002,121.398048,6000,240.0,96.0,-1792
31.379425,121.415352,5800,240.0,96.0,-1792
31.378954,121.420181,5750,230.0,96.0,-888
31.376404,121.446159,5425,230.0,97.0,-1152
31.375443,121.455849,5275,230.0,97.0,-1152
31.374859,121.462044,5175,230.0,96.0,-1080
31.374207,121.468994,5100,230.0,96.0,-960
31.372856,121.482315,4925,230.0,97.0,-960
31.372438,121.486488,4875,230.0,97.0,-960
31.371414,121.496834,4750,230.0,97.0,-888
31.37059,121.505234,4675,230.0,96.0,-760
31.370224,121.508629,4625,230.0,97.0,-760
31.368574,121.525764,4450,230.0,96.0,-704
31.368073,121.530762,4400,230.0,96.0,-760
31.363586,121.5774,3725,230.0,96.0,-760
31.362568,121.587837,3575,230.0,97.0,-888
31.361893,121.594849,3500,230.0,96.0,-640
31.360336,121.610146,3425,230.0,97.0,-248
31.359192,121.621826,3400,220.0,97.0,-248
31.358797,121.625961,3375,210.0,96.0,-320
31.357178,121.642136,3275,210.0,97.0,-384
31.356674,121.64698,3250,200.0,97.0,-384
31.356283,121.650406,3225,200.0,98.0,-440
31.341568,121.675789,3050,200.0,124.0,-440
31.333286,121.684189,3000,200.0,139.0,-440
