lat,lon,alt,gs,track
37.045293,-78.158828,23000,343.5,23.5
37.051392,-78.155511,22975,343.5,23.5
37.080139,-78.139908,23000,341.3,23.5
37.108475,-78.124539,23000,340.0,23.4
37.136629,-78.10927,23000,340.0,23.4
37.165305,-78.093746,23000,339.0,23.5
37.193981,-78.078222,23000,339.0,23.5
37.222471,-78.062698,23000,339.0,23.5
37.250931,-78.047226,23000,340.4,23.5
37.279823,-78.031411,23000,340.4,23.5
37.308289,-78.015903,23000,340.4,23.5
37.336899,-78.000358,23000,340.4,23.5
37.365386,-77.984838,23000,340.4,23.5
37.39397,-77.969194,23000,340.4,23.5
37.423111,-77.953252,23000,341.7,23.6
37.451601,-77.937609,23000,343.0,23.7
37.480453,-77.921818,23000,343.9,23.7
37.509326,-77.905963,23000,343.9,23.7
37.538095,-77.8902,23000,343.5,23.5
37.566539,-77.874199,23000,343.7,24.4
37.594889,-77.857958,23000,343.2,24.6
37.623093,-77.841758,23000,343.7,24.4
37.651962,-77.825357,23000,344.6,24.3
37.670425,-77.814935,22975,343.8,24.0
37.676971,-77.811253,22925,343.4,23.9
37.683059,-77.807922,22850,342.1,23.8
37.69249,-77.802721,22675,341.7,23.6
37.709082,-77.793652,22300,339.0,23.5
37.725128,-77.784839,21925,337.2,23.6
37.741529,-77.775859,21550,335.9,23.5
37.757812,-77.766782,21175,334.5,23.8
37.772919,-77.758425,20800,331.8,23.6
37.788639,-77.749707,20425,330.9,23.7
37.804459,-77.740953,20050,330.0,23.8
37.820435,-77.732012,19675,328.2,23.9
37.835907,-77.723363,19300,325.9,23.9
37.851857,-77.714539,18925,323.7,23.9
37.867813,-77.705598,18550,322.4,23.8
37.883327,-77.696925,18175,320.5,23.9
37.898209,-77.688651,17800,319.2,23.8
37.913399,-77.680147,17425,317.4,24.0
37.928101,-77.671879,17050,316.5,24.0
37.942566,-77.663756,16650,316.1,23.9
37.957019,-77.655726,16275,315.7,23.7
37.972046,-77.647452,15875,315.3,23.6
37.986812,-77.639246,15475,314.3,24.0
38.000885,-77.631323,15100,312.9,23.9
38.015349,-77.623125,14725,311.1,24.1
38.030059,-77.614766,14350,310.2,24.2
38.045471,-77.606195,13975,307.7,23.6
38.059021,-77.598539,13675,307.5,24.4
38.066849,-77.594507,13550,302.5,21.7
38.0728,-77.592053,13475,299.8,17.5
38.084106,-77.588136,13350,300.6,15.2
38.105846,-77.580732,13075,297.4,15.2
38.127365,-77.573353,12800,297.2,15.0
38.1492,-77.565756,12525,297.2,15.8
38.171082,-77.557808,12275,297.5,16.0
38.190811,-77.55062,12025,298.8,16.1
38.202256,-77.54646,11875,298.8,16.1
38.213516,-77.54238,11725,298.5,15.9
38.225647,-77.537998,11575,298.5,15.9
38.237868,-77.533563,11425,299.4,15.9
38.250412,-77.529057,11275,299.4,15.9
38.261983,-77.524845,11125,297.5,16.0
38.271759,-77.521382,10925,295.3,15.9
38.280929,-77.518039,10725,294.1,15.8
38.290193,-77.514755,10525,292.2,15.9
38.29955,-77.511351,10325,291.2,15.9
38.308116,-77.508246,10125,291.2,15.9
38.313143,-77.506455,10025,291.2,15.9
38.316238,-77.505331,9975,291.2,15.9
38.32278,-77.502932,9925,288.0,15.9
38.329995,-77.500305,9875,283.9,15.9
38.33606,-77.498085,9825,279.8,16.0
38.34343,-77.495396,9750,275.7,16.0
38.348877,-77.49341,9700,271.6,16.0
38.352539,-77.492065,9650,268.4,16.0
38.361465,-77.488851,9475,266.9,15.6
38.370123,-77.485796,9300,265.7,15.5
38.37561,-77.483884,9175,264.7,15.6
38.383065,-77.481199,8975,265.9,15.7
38.388837,-77.479109,8825,269.4,15.9
38.397995,-77.475761,8625,268.4,16.0
38.40683,-77.472606,8425,266.6,15.4
38.415139,-77.470154,8250,265.4,12.6
38.420726,-77.468933,8125,265.3,9.1
38.427383,-77.468003,7975,266.3,5.6
38.434924,-77.467529,7800,265.3,2.6
38.443909,-77.467466,7625,267.0,0.4
38.453731,-77.467285,7450,264.0,0.9
38.462949,-77.467163,7275,262.0,0.9
38.471933,-77.46698,7100,262.0,0.7
38.47724,-77.466919,7000,261.0,0.7
38.482773,-77.466809,6900,260.0,0.9
38.487575,-77.466736,6800,259.0,0.9
38.492509,-77.466614,6700,259.0,1.1
38.497304,-77.466492,6600,259.0,0.9
38.501404,-77.466391,6500,259.0,0.9
38.505844,-77.466331,6400,259.0,1.1
38.51001,-77.466212,6300,259.0,1.1
38.515549,-77.466092,6200,259.0,0.9
38.520813,-77.466003,6100,258.0,0.9
38.525208,-77.465913,6000,258.0,0.9
38.529877,-77.465794,5900,258.0,0.9
38.534686,-77.465759,5800,258.0,0.9
38.539294,-77.465637,5700,258.0,1.1
38.544205,-77.465495,5600,257.0,1.1
38.548744,-77.465454,5500,257.0,0.9
38.55304,-77.465376,5400,258.0,0.7
38.557709,-77.465316,5300,258.0,0.7
38.56257,-77.465271,5200,258.0,0.7
38.56797,-77.465149,5100,258.0,0.7
38.574162,-77.465088,5000,257.0,0.7
38.57959,-77.465018,4900,255.0,0.4
38.583984,-77.464958,4800,255.0,0.7
38.588562,-77.464898,4700,255.0,0.9
38.592829,-77.464783,4600,256.0,0.9
38.59781,-77.464722,4500,256.0,0.7
38.60257,-77.464659,4400,256.0,0.7
38.60788,-77.4646,4300,255.0,0.4
38.613739,-77.46454,4200,254.0,0.7
38.620056,-77.46442,4100,253.0,0.7
38.625928,-77.464355,4000,252.0,0.7
38.630676,-77.464241,3900,251.0,0.7
38.635331,-77.464172,3825,252.0,0.7
38.638125,-77.464172,3775,252.0,0.4
38.644409,-77.46405,3725,252.0,0.9
38.65507,-77.463806,3700,247.1,1.2
38.659259,-77.463684,3700,243.0,0.9
38.664825,-77.463585,3725,238.0,1.0
38.66922,-77.463525,3725,233.0,0.7
38.673318,-77.46344,3725,228.0,0.8
38.677689,-77.463405,3750,223.0,0.3
38.684555,-77.463346,3725,218.0,0.5
38.689565,-77.463318,3725,213.0,0.5
38.693436,-77.463286,3725,209.0,0.6
38.69632,-77.463286,3725,205.0,0.3
38.699524,-77.463286,3750,200.0,0.0
38.702553,-77.463257,3725,195.0,0.0
38.706757,-77.463286,3725,190.0,0.3
38.711517,-77.463226,3725,185.0,0.6
38.716278,-77.463107,3725,180.0,0.9
38.725782,-77.463013,3725,175.0,0.3
38.741424,-77.46283,3725,171.0,0.7
38.749524,-77.462646,3675,171.0,0.7
38.755783,-77.46257,3575,171.0,0.3
38.760883,-77.462463,3475,169.0,1.0
38.765445,-77.462402,3375,170.0,1.0
38.770007,-77.46228,3275,170.0,0.7
38.774368,-77.462271,3175,171.0,0.7
38.779861,-77.462211,3075,170.0,0.7
38.785881,-77.462036,2975,170.0,1.0
38.791375,-77.461975,2875,171.0,0.7
38.796775,-77.461914,2775,170.0,0.3
38.801895,-77.461914,2675,171.0,0.3
38.806915,-77.461853,2575,171.0,0.7
38.811676,-77.461734,2475,172.0,1.0
38.81662,-77.461614,2375,172.0,1.0
38.821959,-77.461548,2275,172.0,0.7
38.827103,-77.461495,2175,172.0,0.7
38.832247,-77.461426,2075,171.0,0.7
38.837173,-77.461375,1975,168.0,0.7
38.842163,-77.461256,1900,163.0,0.7
38.845825,-77.461196,1825,158.0,0.7
38.850494,-77.461137,1725,153.0,0.4
38.855301,-77.461077,1625,149.0,1.1
38.860474,-77.460957,1525,144.0,0.8
38.864648,-77.460938,1425,143.0,0.4
38.869629,-77.460838,1325,141.0,0.8
38.875215,-77.460693,1225,140.0,0.8
38.880615,-77.46051,1150,140.1,1.6
38.885559,-77.46036,1050,140.0,1.2
38.890717,-77.460205,950,141.0,1.2
38.896396,-77.460144,875,140.0,0.8
38.900757,-77.460181,775,140.0,359.6
38.905609,-77.460181,675,141.0,0.0
38.910736,-77.460181,575,142.0,0.4
38.915529,-77.460083,475,143.0,0.8
38.920532,-77.460002,375,144.0,0.8
38.925724,-77.459961,275,144.0,0.4
38.930845,-77.459839,175,145.0,0.8
38.936524,-77.459839,100,144.0,0.4
38.940854,-77.459778,0,144.0,0.8
38.945663,-77.459704,0,139.0,0.4
38.946442,-77.459704,-25,132.0,0.4
38.947632,-77.459704,-25,128.0,0.4
38.948181,-77.459704,-25,120.0,0.9
38.948582,-77.459656,-25,114.0,1.0
38.950104,-77.459644,-25,101.0,1.1
38.950583,-77.459656,-25,97.0,1.8
38.950909,-77.459595,-25,93.1,1.9
38.95106,-77.459625,-50.0,89.0,0.0
38.951431,-77.459614,-50.0,89.0,357.2
38.951968,-77.459625,-50.0,81.0,0.0
38.952282,-77.459625,-50.0,75.0,0.0
38.952585,-77.45961,-50.0,71.0,0.0
38.952862,-77.459599,-50.0,66.5,0.0
38.953167,-77.459595,-50.0,62.5,0.0
38.953938,-77.459599,-50.0,59.5,0.0
38.954327,-77.459599,-50.0,57.5,0.0
38.954587,-77.459595,-50.0,54.5,0.0
38.954979,-77.459584,-50.0,53.5,0.0
38.955448,-77.459579,-50.0,51.5,0.0
38.956135,-77.459569,-50.0,49.5,0.0
38.9566,-77.459564,-50.0,48.5,0.0
38.956947,-77.459569,-50.0,47.5,0.0
38.957485,-77.459584,-50.0,42.5,357.2
38.95784,-77.459584,-50.0,38.5,357.2
38.958148,-77.459595,-50.0,34.5,0.0
38.958515,-77.459569,-50.0,30.5,2.8
38.958778,-77.459539,-50.0,26.5,5.6
38.958916,-77.459495,-50.0,23.5,11.2
38.959019,-77.459465,-50.0,21.5,14.1
38.959149,-77.459381,-50.0,18.5,25.3
38.959248,-77.459256,-50.0,15.5,39.4
38.959265,-77.459198,-50.0,13.8,47.8
38.959289,-77.459122,-50.0,13.2,59.1
38.959305,-77.459047,-50.0,13.2,70.3
38.959282,-77.458868,-50.0,13.2,98.4
38.959202,-77.458718,-50.0,12.8,118.1
38.959145,-77.458659,-50.0,12.8,129.4
38.959056,-77.458572,-50.0,12.2,137.8
38.958963,-77.458496,-50.0,12.2,143.4
38.9588,-77.458374,-50.0,12.2,149.1
38.95852,-77.458176,-50.0,13.2,151.9
38.958149,-77.457897,-50.0,16.5,151.9
38.957764,-77.457626,-50.0,18.5,151.9
38.957636,-77.45755,-50.0,19.5,154.7
38.957403,-77.457428,-50.0,20.5,157.5
38.957252,-77.457352,-50.0,21.5,160.3
38.957016,-77.457255,-50.0,22.5,163.1
38.956879,-77.457214,-50.0,23.5,165.9
38.956696,-77.457166,-50.0,24.5,168.8
38.956444,-77.457121,-50.0,25.5,174.4
38.956112,-77.457091,-50.0,26.5,177.2
38.955751,-77.457092,-50.0,27.5,180.0
38.955343,-77.457092,-50.0,28.5,182.8
38.955013,-77.457106,-50.0,28.5,182.8
38.954567,-77.457121,-50.0,28.5,182.8
38.954189,-77.457121,-50.0,28.5,180.0
38.953823,-77.457121,-50.0,27.5,180.0
38.953435,-77.457123,-50.0,27.5,180.0
38.953004,-77.457138,-50.0,27.5,180.0
38.952576,-77.457136,-50.0,27.5,180.0
38.952164,-77.457151,-50.0,26.5,180.0
38.95177,-77.457153,-50.0,26.5,180.0
38.95134,-77.457169,-50.0,26.5,180.0
38.950905,-77.457166,-50.0,26.5,180.0
38.950459,-77.457181,-50.0,26.5,180.0
38.950058,-77.457181,-50.0,26.5,180.0
38.949641,-77.457184,-50.0,25.5,180.0
38.949245,-77.457199,-50.0,24.5,180.0
38.948879,-77.457196,-50.0,24.5,180.0
38.94843,-77.457199,-50.0,24.5,180.0
38.948193,-77.457211,-50.0,23.5,180.0
38.947781,-77.457211,-50.0,22.5,180.0
38.947357,-77.457226,-50.0,20.5,180.0
38.946991,-77.457211,-50.0,16.5,177.2
38.946865,-77.457166,-50.0,14.2,168.8
38.946766,-77.457138,-50.0,13.2,160.3
38.946708,-77.457062,-50.0,12.2,149.1
38.946659,-77.456987,-50.0,11.8,137.8
38.946626,-77.456924,-50.0,11.2,126.6
38.946615,-77.456802,-50.0,11.2,115.3
38.946602,-77.456733,-50.0,10.8,106.9
38.946613,-77.456629,-50.0,11.2,98.4
38.946603,-77.456482,-50.0,11.8,92.8
38.946613,-77.456315,-50.0,11.8,87.2
38.946638,-77.456161,-50.0,12.8,81.6
38.946693,-77.455703,-50.0,15.5,84.4
38.946705,-77.455494,-50.0,16.5,87.2
38.946696,-77.45517,-50.0,17.5,90.0
38.946693,-77.454688,-50.0,18.5,92.8
38.946684,-77.454193,-50.0,18.5,90.0
38.946682,-77.453688,-50.0,19.5,90.0
38.946682,-77.45321,-50.0,19.5,90.0
38.946673,-77.452698,-50.0,19.5,92.8
38.946671,-77.452121,-50.0,19.5,92.8
38.946659,-77.451643,-50.0,19.5,90.0
38.946661,-77.451111,-50.0,19.5,90.0
38.946659,-77.450613,-50.0,19.5,92.8
38.94665,-77.450043,-50.0,19.5,92.8
38.946638,-77.449524,-50.0,18.5,90.0
38.946636,-77.448971,-50.0,18.5,90.0
38.946636,-77.448553,-50.0,18.5,92.8
38.946626,-77.447998,-50.0,18.5,92.8
38.946625,-77.447463,-50.0,18.5,90.0
38.946613,-77.446941,-50.0,18.5,90.0
38.946613,-77.446404,-50.0,18.5,90.0
38.946613,-77.445926,-50.0,17.5,90.0
38.946602,-77.445403,-50.0,17.5,92.8
38.946603,-77.444885,-50.0,14.8,90.0
38.946591,-77.444656,-50.0,10.8,92.8
38.946579,-77.444553,-50.0,9.2,98.4
38.946545,-77.444473,-50.0,8.8,106.9
38.946522,-77.444427,-50.0,7.8,118.1
38.94643,-77.444388,-50.0,6.8,137.8
38.946394,-77.444382,-50.0,6.2,149.1
38.946359,-77.444366,-50.0,5.8,157.5
38.946312,-77.444382,-50.0,5.8,165.9
38.946254,-77.444382,-50.0,5.8,171.6
38.946178,-77.444373,-50.0,5.2,177.2
38.946018,-77.444373,-50.0,5.2,180.0
38.945801,-77.444373,-50.0,0.6,180.0
38.9458,-77.444366,-50.0,0.0,180.0
38.945789,-77.444358,-50.0,0.0,180.0
38.945789,-77.444358,-50.0,0.0,180.0
38.945801,-77.444358,-50.0,0.0,180.0
38.9458,-77.444366,-50.0,0.0,180.0
38.945789,-77.444373,-50.0,0.0,180.0
38.945788,-77.444366,-50.0,0.0,180.0
38.945801,-77.444373,-50.0,0.0,180.0
38.945789,-77.444373,-50.0,0.0,180.0
38.9458,-77.444366,-50.0,0.0,180.0
38.945835,-77.444373,-50.0,0.0,182.8
38.946033,-77.444366,-50.0,2.2,182.8
38.946103,-77.444366,-50.0,2.8,185.6
38.946149,-77.444366,-50.0,2.8,188.4
38.946196,-77.444366,-50.0,3.2,194.1
38.946242,-77.444351,-50.0,3.2,199.7
38.946281,-77.444344,-50.0,2.8,205.3
38.946324,-77.444336,-50.0,2.8,208.1
38.946362,-77.444314,-50.0,2.8,210.9
38.946407,-77.444284,-50.0,2.8,213.8
38.946465,-77.444224,-50.0,1.9,216.6
38.946522,-77.444179,-50.0,0.0,216.6
38.94651,-77.444179,-50.0,0.0,216.6
38.94651,-77.444183,-50.0,0.0,216.6
38.94651,-77.444183,-50.0,0.0,216.6
38.94651,-77.444179,-50.0,0.0,216.6
38.94651,-77.444179,-50.0,0.0,216.6
38.946522,-77.444179,-50.0,0.0,216.6
38.94651,-77.444179,-50.0,0.0,216.6
38.94651,-77.444194,-50.0,0.0,216.6
38.94651,-77.444183,-50.0,0.0,216.6
38.94651,-77.444179,-50.0,0.0,216.6
38.94651,-77.444199,-50.0,0.0,216.6
38.946487,-77.444244,-50.0,0.0,230.6
38.946499,-77.444329,-50.0,2.2,253.1
38.94651,-77.444351,-50.0,2.8,258.8
38.946522,-77.444366,-50.0,2.8,267.2
38.946533,-77.444382,-50.0,2.8,275.6
38.946568,-77.444403,-50.0,3.2,286.9
38.946579,-77.444433,-50.0,3.2,295.3
38.946615,-77.444458,-50.0,3.8,303.8
38.94665,-77.444489,-50.0,4.2,312.2
38.946716,-77.444553,-50.0,5.2,317.8
38.946882,-77.444763,-50.0,8.8,315.0
38.946957,-77.444896,-50.0,9.8,309.4
38.947022,-77.445007,-50.0,11.2,303.8
38.947071,-77.445135,-50.0,11.8,298.1
38.947105,-77.445269,-50.0,12.8,289.7
38.947128,-77.445433,-50.0,13.2,284.1
38.94714,-77.445583,-50.0,13.8,275.6
38.94714,-77.445747,-50.0,14.2,267.2
38.947115,-77.445908,-50.0,14.2,261.6
38.94708,-77.446075,-50.0,14.2,255.9
38.947022,-77.446304,-50.0,14.2,250.3
38.946917,-77.446625,-50.0,13.8,247.5
38.946754,-77.447113,-50.0,13.2,244.7
38.946682,-77.447344,-50.0,12.8,247.5
38.946636,-77.447523,-50.0,12.8,253.1
38.946615,-77.447678,-50.0,12.2,258.8
38.946613,-77.447926,-50.0,12.2,267.2
38.946615,-77.448349,-50.0,12.2,270.0
38.946625,-77.448881,-50.0,11.8,270.0
38.946626,-77.44931,-50.0,11.8,270.0
38.946638,-77.44986,-50.0,11.2,270.0
38.946636,-77.450434,-50.0,10.8,270.0
38.946648,-77.450911,-50.0,6.8,270.0
38.94665,-77.45105,-50.0,2.2,270.0
38.94665,-77.45105,-50.0,0.0,270.0
38.946648,-77.451076,-50.0,0.0,270.0
38.946626,-77.451126,-50.0,0.0,258.8
38.946625,-77.45112,-50.0,0.0,255.9
38.946615,-77.451141,-50.0,0.0,255.9
38.946613,-77.451165,-50.0,1.4,258.8
38.946625,-77.451225,-50.0,2.2,264.4
38.946625,-77.451285,-50.0,3.2,267.2
38.946638,-77.451385,-50.0,4.8,272.8
38.94665,-77.451797,-50.0,8.2,272.8
38.946671,-77.451986,-50.0,9.8,275.6
38.946705,-77.452136,-50.0,10.2,281.2
38.946743,-77.452271,-50.0,10.8,289.7
38.946801,-77.452393,-50.0,10.8,298.1
38.946854,-77.452494,-50.0,10.2,303.8
38.946911,-77.452553,-50.0,10.2,312.2
38.946957,-77.452598,-50.0,10.2,317.8
38.947034,-77.452621,-50.0,10.2,329.1
38.947094,-77.452643,-50.0,10.2,337.5
38.947138,-77.452652,-50.0,9.8,348.8
38.94722,-77.452628,-50.0,9.2,0.0
38.947255,-77.452591,-50.0,9.2,11.2
38.947289,-77.452568,-50.0,8.8,22.5
38.947311,-77.452524,-50.0,8.8,30.9
38.947334,-77.452464,-50.0,8.2,45.0
38.947325,-77.452408,-50.0,7.8,56.2
38.947325,-77.452347,-50.0,7.8,67.5
38.947325,-77.452286,-50.0,7.8,75.9
38.947336,-77.452209,-50.0,7.2,84.4
38.947325,-77.452057,-50.0,7.2,90.0
38.947325,-77.451736,-50.0,5.2,90.0
38.947323,-77.451553,-50.0,3.8,92.8
38.947325,-77.451416,-50.0,3.8,90.0
38.947325,-77.451324,-50.0,4.2,90.0
38.947325,-77.451309,-50.0,4.2,90.0
38.947323,-77.451225,-50.0,1.1,92.8
38.947325,-77.450897,-50.0,4.2,92.8
38.947323,-77.450643,-50.0,6.2,92.8
38.947311,-77.450314,-50.0,8.2,90.0
38.947313,-77.44986,-50.0,9.2,90.0
38.9473,-77.449702,-50.0,8.8,95.6
38.947278,-77.449615,-50.0,8.8,101.2
38.947254,-77.449508,-50.0,8.2,109.7
38.947197,-77.449404,-50.0,8.2,118.1
38.94715,-77.449341,-50.0,7.8,126.6
38.947105,-77.449299,-50.0,7.2,135.0
38.947045,-77.449265,-50.0,7.2,143.4
38.946991,-77.44924,-50.0,6.8,151.9
38.946941,-77.449234,-50.0,6.2,160.3
38.946888,-77.44924,-50.0,5.8,168.8
38.946836,-77.449234,-50.0,5.2,174.4
38.946785,-77.44924,-50.0,5.2,180.0
38.946743,-77.449265,-50.0,5.2,188.4
38.946693,-77.449329,-50.0,4.8,202.5
38.946682,-77.449359,-50.0,4.8,210.9
38.946659,-77.449389,-50.0,4.2,219.4
38.94665,-77.449432,-50.0,4.2,227.8
38.946638,-77.449478,-50.0,4.2,236.2
38.946625,-77.449538,-50.0,3.8,244.7
38.946626,-77.44957,-50.0,3.8,250.3
38.946626,-77.449615,-50.0,3.2,255.9
38.946638,-77.449646,-50.0,2.2,261.6
38.946636,-77.449673,-50.0,0.9,264.4
38.946636,-77.449732,-50.0,2.2,264.4
38.946626,-77.449875,-50.0,4.2,267.2
38.946636,-77.450105,-50.0,5.8,270.0
38.946636,-77.450553,-50.0,8.2,270.0
38.946638,-77.450958,-50.0,7.2,270.0
38.946626,-77.451035,-50.0,6.2,264.4
38.946613,-77.451091,-50.0,6.2,255.9
38.946579,-77.45112,-50.0,5.8,244.7
38.946545,-77.451135,-50.0,5.2,233.4
38.946498,-77.451157,-50.0,5.2,222.2
38.946465,-77.45115,-50.0,4.8,210.9
38.946452,-77.451157,-50.0,4.8,205.3
38.946419,-77.45115,-50.0,4.2,199.7
38.946396,-77.45115,-50.0,3.8,191.2
38.946362,-77.451135,-50.0,2.2,185.6
38.946339,-77.45112,-50.0,1.4,180.0
38.946316,-77.45112,-50.0,0.8,177.2
38.946293,-77.451106,-50.0,0.6,174.4
38.946289,-77.451111,-50.0,0.0,174.4
38.946213,-77.451091,-50.0,0.0,171.6
38.945881,-77.451035,-50.0,3.2,171.6
38.945789,-77.451016,-50.0,0.0,171.6
38.945788,-77.451019,-50.0,0.0,171.6
38.945788,-77.451019,-50.0,0.0,171.6
38.945789,-77.451016,-50.0,0.0,171.6
38.945789,-77.451016,-50.0,0.0,171.6
38.945789,-77.451016,-50.0,0.0,171.6
38.945788,-77.451019,-50.0,0.0,171.6
38.945869,-77.451031,-50.0,1.9,171.6
38.94594,-77.45105,-50.0,2.2,174.4
38.946018,-77.451061,-50.0,2.2,174.4
38.946091,-77.451065,-50.0,2.2,177.2
38.946161,-77.45108,-50.0,2.2,180.0
38.946231,-77.45108,-50.0,2.2,182.8
38.946293,-77.451076,-50.0,2.2,185.6
38.946339,-77.451076,-50.0,2.8,188.4
38.946382,-77.45108,-50.0,2.8,191.2
38.946428,-77.451065,-50.0,2.8,194.1
38.946453,-77.451061,-50.0,2.8,196.9
38.946465,-77.451061,-50.0,2.8,196.9
38.946499,-77.451046,-50.0,2.8,199.7
38.946556,-77.451019,-50.0,1.9,202.5
38.94659,-77.451001,-50.0,0.0,202.5
38.946579,-77.451016,-50.0,0.0,202.5
38.946556,-77.45105,-50.0,0.0,210.9
38.946545,-77.451111,-50.0,0.0,227.8
38.946545,-77.451141,-50.0,2.2,233.4
38.946545,-77.451157,-50.0,2.8,239.1
38.946545,-77.451202,-50.0,2.8,247.5
38.946545,-77.451233,-50.0,3.2,253.1
38.946556,-77.451279,-50.0,3.8,261.6
38.946556,-77.451285,-50.0,3.8,264.4
38.946556,-77.451294,-50.0,3.8,267.2
38.946568,-77.451385,-50.0,4.8,272.8
38.946602,-77.451643,-50.0,7.2,275.6
38.946625,-77.452001,-50.0,8.8,275.6
38.946638,-77.452362,-50.0,8.8,272.8
38.946661,-77.45282,-50.0,8.2,272.8
38.946671,-77.453165,-50.0,8.8,270.0
38.946671,-77.453718,-50.0,9.8,270.0
38.946684,-77.454285,-50.0,9.8,270.0
38.946684,-77.454712,-50.0,6.2,270.0
38.946682,-77.454882,-50.0,2.2,270.0
38.946684,-77.45517,-50.0,4.8,270.0
38.946682,-77.455479,-50.0,6.8,270.0
38.946682,-77.455643,-50.0,7.8,264.4
38.946648,-77.455748,-50.0,8.2,255.9
38.946615,-77.455841,-50.0,8.8,247.5
38.94658,-77.455902,-50.0,9.2,239.1
38.946522,-77.455963,-50.0,9.2,230.6
38.946452,-77.456024,-50.0,9.2,219.4
38.946384,-77.456061,-50.0,9.2,210.9
38.946316,-77.456076,-50.0,9.8,199.7
38.946224,-77.456076,-50.0,10.2,191.2
38.946121,-77.456091,-50.0,10.2,185.6
38.94595,-77.456091,-50.0,10.8,180.0
38.945521,-77.4561,-50.0,11.2,180.0
38.945091,-77.456106,-50.0,11.8,180.0
38.944668,-77.456106,-50.0,12.2,180.0
38.944252,-77.456116,-50.0,11.2,180.0
38.943822,-77.456116,-50.0,11.2,180.0
38.943391,-77.456131,-50.0,11.8,180.0
38.942963,-77.456136,-50.0,11.8,180.0
38.94253,-77.456131,-50.0,12.2,180.0
38.942099,-77.456146,-50.0,12.2,180.0
38.941692,-77.456151,-50.0,7.8,180.0
38.941354,-77.456146,-50.0,7.8,180.0
38.940983,-77.456166,-50.0,7.8,180.0
38.940609,-77.456161,-50.0,7.8,180.0
38.94026,-77.456161,-50.0,7.8,180.0
38.939876,-77.456161,-50.0,8.8,180.0
38.939449,-77.456166,-50.0,9.2,180.0
38.939027,-77.456177,-50.0,9.2,180.0
38.938625,-77.456181,-50.0,8.8,180.0
38.938179,-77.456181,-50.0,10.2,180.0
38.937744,-77.456181,-50.0,10.8,180.0
38.937344,-77.456196,-50.0,8.2,180.0
38.937234,-77.456192,-50.0,7.8,177.2
38.93716,-77.456166,-50.0,7.8,171.6
38.937092,-77.456136,-50.0,7.8,163.1
38.937037,-77.456085,-50.0,8.2,154.7
38.936978,-77.456024,-50.0,8.8,146.2
38.93692,-77.455948,-50.0,8.8,140.6
38.936862,-77.455856,-50.0,8.2,135.0
38.936757,-77.455704,-50.0,6.8,132.2
38.936657,-77.455554,-50.0,4.8,129.4
38.936508,-77.45533,-50.0,2.2,129.4
38.936497,-77.455315,-50.0,0.0,129.4
38.936497,-77.455315,-50.0,0.0,129.4
38.936497,-77.455315,-50.0,0.0,129.4
38.936466,-77.455276,-50.0,0.0,129.4
38.936373,-77.455124,-50.0,3.8,129.4
38.936337,-77.455076,-50.0,3.2,135.0
38.93628,-77.455032,-50.0,3.2,137.8
38.936245,-77.455001,-50.0,2.8,143.4
38.936187,-77.454971,-50.0,2.8,146.2
38.936152,-77.454956,-50.0,2.8,151.9
38.936106,-77.454956,-50.0,2.8,157.5
38.936071,-77.454941,-50.0,2.8,163.1
38.936036,-77.454941,-50.0,2.2,168.8
38.936005,-77.454957,-50.0,1.6,171.6
38.935989,-77.454956,-50.0,1.4,174.4
38.935982,-77.454957,-50.0,0.0,177.2
38.935989,-77.454956,-50.0,0.0,177.2
38.93597,-77.454957,-50.0,0.0,177.2
38.935925,-77.454972,-50.0,0.0,182.8
38.935867,-77.454987,-50.0,3.2,185.6
38.935803,-77.455017,-50.0,4.2,191.2
38.93571,-77.455048,-50.0,4.8,194.1
38.935604,-77.455106,-50.0,4.8,196.9
38.935465,-77.45517,-50.0,4.8,199.7
38.935261,-77.45527,-50.0,5.2,199.7
38.934895,-77.455449,-50.0,1.4,199.7
38.934825,-77.455475,-50.0,0.0,199.7
38.934643,-77.455569,-50.0,0.0,199.7
38.934639,-77.455566,-50.0,0.0,199.7
38.934631,-77.455569,-50.0,0.0,199.7
38.934441,-77.455658,-50.0,4.8,199.7
38.934255,-77.45575,-50.0,7.2,196.9
38.933999,-77.455872,-50.0,8.8,199.7
38.933727,-77.456002,-50.0,6.2,199.7
38.933704,-77.456031,-50.0,4.2,208.1
38.933685,-77.45607,-50.0,4.2,216.6
38.933681,-77.456106,-50.0,4.2,227.8
38.933685,-77.456146,-50.0,4.8,239.1
38.933681,-77.456181,-50.0,4.8,247.5
38.933696,-77.456238,-50.0,4.8,258.8
38.933708,-77.456284,-50.0,5.2,270.0
38.933731,-77.456329,-50.0,5.2,278.4
38.93375,-77.45639,-50.0,6.2,286.9
38.93383,-77.456643,-50.0,9.8,289.7
38.933859,-77.456741,-50.0,12.2,289.7
38.933883,-77.456863,-50.0,16.5,289.7
38.933922,-77.456957,-50.0,21.5,289.7
38.933976,-77.457153,-50.0,26.5,289.7
38.934036,-77.45733,-50.0,31.5,289.7
38.934104,-77.457611,-50.0,36.5,292.5
38.934208,-77.457947,-50.0,40.5,292.5
38.934265,-77.458121,-50.0,45.5,292.5
38.934371,-77.45845,-50.0,50.5,289.7
38.934471,-77.458793,-50.0,55.5,289.7
38.934608,-77.459286,-50.0,59.5,289.7
38.934744,-77.459717,-50.0,64.5,289.7
38.934872,-77.460175,-50.0,68.5,289.7
38.935012,-77.460632,-50.0,73.0,289.7
38.935151,-77.461105,-50.0,77.0,289.7
38.935279,-77.461563,-50.0,81.0,289.7
38.935364,-77.461838,-50.0,87.0,289.7
38.935512,-77.462311,-50.0,91.0,289.7
38.935593,-77.462616,-50.0,91.0,289.7
38.935593,-77.462689,0,91.0,0.0
38.935873,-77.463501,0,94.9,290.3
38.936106,-77.464294,0,102.2,290.0
38.936279,-77.464898,0,106.6,290.3
38.936478,-77.465637,0,110.7,290.1
38.936664,-77.466309,0,114.2,290.5
38.937037,-77.467529,0,118.3,290.3
38.937269,-77.468262,0,121.5,290.2
38.937469,-77.468899,0,125.9,290.5
38.937698,-77.469735,0,129.1,290.4
38.937927,-77.470511,0,132.3,290.4
38.938154,-77.471252,0,136.4,290.2
38.938293,-77.471863,0,139.5,290.1
38.938614,-77.472899,0,143.0,290.5
38.938889,-77.473735,0,146.2,290.4
38.939072,-77.474392,0,149.3,290.4
38.939301,-77.475287,0,155.7,290.3
38.939896,-77.477258,25,158.8,290.3
38.940156,-77.47821,25,162.0,290.2
38.940536,-77.479407,25,165.5,290.5
38.94072,-77.480004,25,167.7,290.6
38.940994,-77.4809,25,170.9,290.6
38.94136,-77.482273,75,173.1,290.6
38.941645,-77.483154,100,176.3,290.6
38.942139,-77.484721,125,177.6,290.8
38.942809,-77.487,225,178.3,291.4
38.943604,-77.489558,325,178.3,291.4
38.944252,-77.491699,425,179.2,291.3
38.944904,-77.493774,525,179.2,291.3
38.945526,-77.495887,625,178.3,291.4
38.946161,-77.498047,725,178.5,290.7
38.946626,-77.500122,825,179.3,287.5
38.946999,-77.502441,925,178.0,283.6
38.947185,-77.504639,1025,178.1,278.7
38.947138,-77.507263,1125,177.3,273.6
38.947092,-77.508972,1175,178.1,268.4
38.946719,-77.51123,1250,179.4,266.2
38.946259,-77.513441,1300,183.4,259.0
38.945572,-77.515829,1350,186.4,253.8
38.944718,-77.518188,1400,190.8,246.5
38.943135,-77.521851,1500,195.1,241.9
38.941727,-77.524965,1575,198.5,240.1
38.940807,-77.526917,1625,201.7,239.6
38.940033,-77.528607,1650,205.8,239.3
38.938573,-77.531738,1750,210.3,239.4
38.937241,-77.534637,1825,213.9,239.4
38.936012,-77.537231,1925,216.6,239.2
38.934709,-77.540039,2025,218.0,239.1
38.933638,-77.542236,2125,219.0,238.6
38.932381,-77.5448,2225,220.9,238.3
38.931264,-77.54718,2325,223.7,238.2
38.930191,-77.549385,2425,224.5,238.3
38.929138,-77.551535,2525,225.9,238.2
38.92804,-77.553804,2625,227.3,238.1
38.927078,-77.555774,2725,227.3,238.1
38.926025,-77.557924,2825,227.8,237.9
38.925305,-77.559448,2925,227.8,237.9
38.924149,-77.561745,3025,228.3,237.7
38.92337,-77.563357,3125,228.3,237.7
38.922466,-77.565186,3225,228.3,237.7
38.921631,-77.56688,3325,229.2,237.8
38.920604,-77.56897,3425,229.2,237.8
38.91944,-77.571289,3525,230.6,237.8
38.918276,-77.57373,3625,232.8,237.8
38.917191,-77.575896,3725,233.6,237.9
38.915669,-77.578979,3825,236.4,237.8
38.914169,-77.581986,3925,240.5,237.6
38.912521,-77.58527,4025,243.3,237.4
38.91069,-77.588554,4125,247.7,235.9
38.908686,-77.591858,4225,251.2,232.8
38.907166,-77.593988,4325,253.3,229.6
38.904916,-77.59668,4425,255.3,226.1
38.9031,-77.59845,4525,257.7,222.2
38.900679,-77.600586,4625,260.6,215.9
38.897746,-77.6026,4725,263.1,211.6
38.894989,-77.604138,4825,266.6,205.3
38.891974,-77.605347,4925,269.5,201.3
38.889038,-77.606347,5025,273.6,195.3
38.885834,-77.606944,5125,275.5,191.5
38.883362,-77.607239,5225,277.5,186.0
38.880753,-77.607302,5325,277.5,186.0
38.878418,-77.607302,5425,279.0,180.6
38.876175,-77.607064,5525,280.4,177.1
38.874344,-77.606825,5600,280.7,175.9
38.872562,-77.606506,5700,282.2,174.7
38.87059,-77.606168,5775,282.2,172.9
38.868791,-77.605774,5875,282.6,172.3
38.866837,-77.605392,5950,283.3,171.3
38.865005,-77.604974,6050,283.6,170.9
38.863205,-77.604614,6125,284.7,170.7
38.86111,-77.604187,6225,284.7,170.7
38.859155,-77.603821,6325,284.4,171.1
38.857727,-77.603541,6400,285.1,171.5
38.856268,-77.603333,6475,284.8,171.9
38.854313,-77.603088,6575,284.4,172.5
38.85301,-77.602905,6650,285.0,173.1
38.851055,-77.602722,6750,284.2,174.8
38.849192,-77.6026,6850,284.9,175.6
38.847107,-77.602526,6950,285.3,177.2
38.842438,-77.602586,7150,286.0,179.8
38.837694,-77.602966,7350,287.5,183.4
38.83276,-77.60376,7550,289.8,186.3
38.827453,-77.605103,7750,292.2,190.9
38.821655,-77.607004,7950,294.2,194.4
38.816746,-77.60907,8150,296.3,197.9
38.812408,-77.611243,8350,296.8,200.5
38.80751,-77.614109,8550,297.2,204.2
38.803339,-77.616821,8750,298.3,206.5
38.798264,-77.62008,8950,299.6,206.6
38.793869,-77.622827,9150,301.0,206.2
38.788069,-77.626404,9350,304.6,205.9
38.783088,-77.629517,9550,306.8,205.9
38.778433,-77.632385,9725,307.2,206.1
38.774104,-77.635071,9925,308.1,206.0
38.771357,-77.63678,10025,309.0,205.9
38.769562,-77.637933,10100,310.4,206.0
38.767074,-77.639465,10150,312.2,205.8
38.764435,-77.641097,10225,314.4,205.8
38.761597,-77.642829,10250,318.0,205.9
38.753574,-77.647766,10350,327.8,205.9
38.745847,-77.652588,10450,336.8,205.9
38.738072,-77.657349,10550,346.6,205.8
38.73587,-77.658711,10600,348.9,205.8
38.732952,-77.660522,10675,349.8,205.8
38.72662,-77.664429,10875,353.3,205.8
38.719345,-77.668921,11075,356.5,205.8
38.712433,-77.673161,11275,359.6,205.7
38.705812,-77.677185,11475,362.7,205.6
38.697372,-77.682356,11675,365.9,205.6
38.693196,-77.684875,11750,369.4,205.7
38.689133,-77.687371,11825,371.7,205.7
38.67897,-77.693581,11925,380.2,205.6
38.677368,-77.694596,11925,383.8,205.6
38.674622,-77.696268,11975,386.0,205.6
38.672154,-77.697754,12025,386.9,205.6
38.667297,-77.700686,12150,389.1,205.6
38.65416,-77.708687,12500,393.6,205.6
38.647614,-77.712688,12725,393.6,205.6
38.63589,-77.719849,13125,394.5,205.5
38.623693,-77.727234,13525,395.4,205.5
38.609588,-77.73584,13925,397.6,205.5
38.596879,-77.74353,14300,400.3,205.6
38.583984,-77.751438,14700,401.2,205.5
38.571213,-77.7592,15075,402.5,205.6
38.563129,-77.76416,15325,403.9,205.7
38.547318,-77.773829,15725,407.0,205.6
38.532451,-77.782898,16125,409.3,205.6
38.5177,-77.791861,16500,411.5,205.6
38.50303,-77.800842,16900,413.7,205.6
38.487762,-77.810132,17275,416.9,205.6
38.470413,-77.82064,17675,420.0,205.5
38.453293,-77.831029,18075,423.1,205.5
38.4339,-77.842834,18475,427.6,205.5
38.415419,-77.854065,18875,430.3,205.6
38.396805,-77.865425,19275,433.4,205.6
38.378037,-77.876826,19675,437.0,205.6
38.361191,-77.887047,20075,437.9,205.6
38.343775,-77.897664,20475,440.1,205.6
38.325211,-77.908962,20875,441.5,205.6
38.30765,-77.919577,21275,442.4,205.6
38.288727,-77.931051,21675,444.2,205.5
38.270129,-77.942326,22075,445.5,205.5
38.249926,-77.954506,22475,447.7,205.5
38.229908,-77.966627,22875,449.1,205.6
38.208801,-77.979438,23250,451.3,205.6
38.188011,-77.992003,23625,453.1,205.5
38.17777,-77.998213,23825,454.4,205.6
38.172821,-78.001177,23900,454.4,205.6
38.167328,-78.004508,23950,455.3,205.5
38.159912,-78.009007,24000,455.3,205.5
38.15094,-78.014384,24000,456.2,205.4
38.113388,-78.036963,24000,454.9,205.4
38.075363,-78.05979,24000,454.0,205.4
38.038578,-78.081864,24000,452.7,205.4
38.001663,-78.104086,24000,452.7,205.4
37.964421,-78.126466,24000,451.8,205.4
37.927644,-78.148558,24000,450.9,205.5
37.890542,-78.170829,24000,450.4,205.4
37.853668,-78.19297,24000,450.4,205.4
37.816943,-78.214894,24000,450.4,205.4
37.779282,-78.237464,24000,450.4,205.4
37.741745,-78.259881,24000,450.4,205.4
37.704437,-78.282204,24000,451.8,205.4
37.667417,-78.304337,24000,451.3,205.3
37.629776,-78.326676,24000,452.3,205.3
37.59288,-78.348532,24000,452.3,205.3
37.55603,-78.370387,24000,451.3,205.3
37.518585,-78.392594,24000,452.3,205.3
37.480929,-78.414857,24000,452.3,205.3
37.443455,-78.437009,24000,452.3,205.3
37.406027,-78.459161,24000,451.3,205.3
37.368366,-78.481372,24000,451.3,205.3
37.330948,-78.503509,24000,451.8,205.1
37.29364,-78.525482,24000,452.3,205.3
37.269287,-78.539507,24000,452.5,204.4
37.257432,-78.545439,24000,452.5,201.5
37.229826,-78.558098,24000,453.7,200.1
37.190536,-78.575891,23975,446.7,199.9
37.173684,-78.583533,23950,438.1,199.9
37.152466,-78.593094,23800,428.3,199.8
37.142303,-78.597652,23725,423.2,199.9
37.133881,-78.601451,23600,421.0,199.9
37.112608,-78.610999,23250,416.6,199.8
37.092171,-78.620194,22875,414.7,199.9
37.071213,-78.629676,22525,411.5,199.9
37.050705,-78.638968,22150,409.7,200.0
37.029831,-78.648493,21775,410.0,200.1
37.009186,-78.65796,21425,410.0,200.1
36.988541,-78.667427,21050,409.1,200.2
36.96797,-78.676857,20700,408.1,200.2
36.947953,-78.685993,20350,406.8,200.1
36.927338,-78.695361,19975,404.6,200.1
36.905357,-78.705338,19650,399.2,200.1
36.883804,-78.715171,19325,395.1,200.1
36.862157,-78.725042,19000,390.7,200.1
36.841255,-78.734514,18675,391.6,200.0
36.81958,-78.744335,18350,392.6,200.0
36.797961,-78.754091,18025,391.3,199.9
36.784195,-78.7603,17800,389.4,200.0
36.765887,-78.768583,17400,389.8,200.1
36.747803,-78.776836,17000,388.8,200.2
36.729767,-78.785019,16625,386.6,200.1
36.711823,-78.793144,16250,385.3,200.0
36.692334,-78.801951,15900,381.8,199.9
36.672084,-78.811126,15575,376.8,200.0
36.652532,-78.81995,15225,373.3,199.9
36.632701,-78.828891,14900,369.2,200.0
36.613037,-78.837662,14550,365.3,199.7
36.593457,-78.846423,14225,361.6,199.9
36.573578,-78.8554,13875,358.4,199.9
36.554493,-78.863895,13550,354.9,199.8
36.535546,-78.872311,13200,352.7,199.7
36.516129,-78.881035,12875,351.1,200.0
36.497177,-78.889618,12550,352.4,200.1
36.478592,-78.898029,12200,352.4,200.1
36.472468,-78.900828,12100,351.5,200.1
36.46701,-78.903294,12050,349.3,200.1
36.450897,-78.910446,11925,343.2,199.8
36.437321,-78.91649,11775,337.8,199.7
36.422052,-78.923268,11650,331.5,199.8
36.412399,-78.927097,11575,325.9,196.8
36.40655,-78.928645,11525,323.2,192.1
36.400778,-78.92958,11450,320.8,187.5
36.394592,-78.930016,11375,318.5,183.2
36.387817,-78.929787,11275,317.1,178.9
36.382576,-78.929054,11200,315.4,174.5
36.37671,-78.927768,11150,312.5,170.2
36.369827,-78.925724,11075,310.7,166.4
36.359439,-78.922567,10900,307.8,166.3
36.348918,-78.91947,10725,307.1,166.8
36.338444,-78.916431,10550,304.9,166.9
36.328249,-78.913568,10375,304.5,167.3
36.31824,-78.910821,10175,303.5,167.2
36.308624,-78.908157,10000,303.3,167.4
36.298508,-78.905411,9800,303.1,167.6
36.288075,-78.902465,9600,302.5,167.2
36.278252,-78.899718,9425,301.8,167.0
36.268476,-78.896913,9225,301.8,167.0
36.255981,-78.893337,9075,299.8,166.9
36.244171,-78.889904,8925,298.8,166.9
36.231354,-78.886242,8775,298.8,166.9
36.219084,-78.882713,8625,298.6,167.0
36.212381,-78.880842,8525,298.4,167.2
36.20224,-78.878117,8325,298.5,168.0
36.192317,-78.875583,8150,299.5,168.1
36.18219,-78.87291,7975,298.5,168.0
36.171799,-78.870163,7800,297.7,167.8
36.167877,-78.869096,7725,297.7,167.8
36.161545,-78.867416,7675,297.0,167.6
36.145485,-78.862902,7675,296.4,167.1
36.119568,-78.855515,7675,293.7,166.8
36.093626,-78.848117,7675,292.5,167.0
36.067429,-78.840752,7675,291.1,167.3
36.06015,-78.838806,7675,291.5,167.9
36.05603,-78.837891,7625,292.0,169.3
36.049727,-78.83678,7550,292.9,171.9
36.039951,-78.83567,7375,294.2,174.7
36.028779,-78.834384,7200,294.2,174.7
36.018351,-78.833216,7025,294.2,174.7
36.011856,-78.832455,6925,292.3,174.7
36.005814,-78.831768,6825,291.3,174.5
35.998427,-78.830878,6725,290.4,174.5
35.990699,-78.829943,6625,288.4,174.4
35.983795,-78.829536,6525,288.4,177.0
35.979034,-78.829765,6475,287.3,182.4
35.975372,-78.830566,6425,287.7,186.2
35.971939,-78.831711,6375,286.6,192.3
35.968493,-78.833391,6325,285.9,198.6
35.965095,-78.835553,6250,284.5,205.4
35.96196,-78.837948,6200,283.9,211.9
35.958939,-78.841038,6125,282.7,218.2
35.95578,-78.844929,6025,282.3,223.1
35.954498,-78.846531,5975,282.1,225.1
35.95234,-78.849403,5875,282.9,226.4
35.950012,-78.852539,5775,285.9,227.3
35.947998,-78.855171,5675,287.3,227.3
35.945264,-78.858753,5575,290.1,227.0
35.942825,-78.861923,5475,291.5,226.7
35.939631,-78.865999,5375,293.5,226.2
35.935022,-78.871901,5275,293.5,226.0
35.929825,-78.87846,5175,292.1,226.0
35.924781,-78.884875,5075,289.9,225.8
35.920258,-78.890533,4975,289.2,225.7
35.915405,-78.896599,4875,287.8,225.7
35.910117,-78.903283,4775,286.4,225.7
35.90211,-78.913509,4700,281.5,226.1
35.89536,-78.922217,4600,276.6,226.6
35.889771,-78.929558,4550,271.7,226.8
35.887213,-78.932852,4525,267.4,226.8
35.884141,-78.936884,4475,262.4,226.4
35.880882,-78.941034,4375,259.6,226.1
35.87781,-78.94489,4275,256.7,226.1
35.87511,-78.948338,4175,255.3,226.1
35.872238,-78.951988,4075,254.6,225.9
35.870132,-78.954735,3975,253.9,225.8
35.867432,-78.958111,3875,253.9,225.8
35.864961,-78.961195,3775,253.2,225.6
35.862447,-78.964409,3675,253.2,225.6
35.859833,-78.967724,3575,253.2,226.0
35.856491,-78.971958,3475,251.7,225.6
35.852997,-78.976272,3375,250.3,225.3
35.849487,-78.98037,3275,248.2,223.9
35.846191,-78.983631,3175,246.6,219.2
35.843314,-78.985914,3075,245.5,214.2
35.839874,-78.988037,2975,244.4,208.9
35.836332,-78.989712,2875,242.8,203.3
35.833632,-78.990647,2825,240.7,197.9
35.829814,-78.991465,2725,238.5,192.4
35.826965,-78.991699,2675,235.7,186.8
35.823297,-78.991641,2600,233.0,181.0
35.820969,-78.99129,2550,230.8,175.3
35.817444,-78.990326,2475,227.7,169.6
35.814377,-78.989124,2425,226.0,163.8
35.811519,-78.98755,2350,223.4,157.9
35.809145,-78.985855,2300,220.5,152.2
35.806686,-78.983688,2250,218.3,146.0
35.804169,-78.980999,2200,216.6,140.4
35.80188,-78.978195,2150,213.6,134.6
35.798904,-78.973961,2100,208.9,131.7
35.797531,-78.971844,2075,205.5,128.9
35.795883,-78.968697,2075,202.2,123.3
35.795013,-78.966351,2075,199.1,118.5
35.794295,-78.963883,2050,197.2,111.1
35.793869,-78.961773,2025,196.6,105.9
35.793594,-78.958569,1975,195.2,100.3
35.793597,-78.956461,1950,194.7,94.7
35.793777,-78.953648,1925,193.0,89.1
35.794189,-78.95153,1900,190.5,80.6
35.794854,-78.949332,1900,188.2,75.2
35.795878,-78.946351,1900,186.1,69.2
35.797577,-78.941803,1900,183.9,65.2
35.799088,-78.936939,1900,183.3,68.9
35.799774,-78.933907,1900,182.6,73.4
35.800347,-78.930223,1875,183.8,78.4
35.80188,-78.919659,1875,179.9,79.8
35.802535,-78.915496,1875,175.1,79.1
35.803207,-78.911705,1875,170.4,78.5
35.803848,-78.9081,1875,166.0,77.5
35.804676,-78.903633,1875,161.3,76.7
35.806137,-78.896198,1875,156.4,76.3
35.807556,-78.889961,1875,153.8,74.2
35.808447,-78.887037,1875,152.3,68.8
35.809611,-78.884583,1850,151.2,65.0
35.810394,-78.883152,1850,151.8,58.2
35.811938,-78.880726,1800,151.6,53.6
35.814331,-78.877087,1750,152.0,50.3
35.817673,-78.872452,1650,151.6,48.7
35.821381,-78.867416,1550,150.0,47.2
35.824905,-78.863125,1450,148.5,45.0
35.828293,-78.858948,1350,148.5,45.0
35.83168,-78.854828,1250,147.1,45.0
35.83554,-78.850163,1150,147.8,44.7
35.839233,-78.845558,1050,147.8,45.3
35.842941,-78.840981,950,147.8,45.3
35.846741,-78.836346,850,147.8,44.7
35.850037,-78.832283,750,147.1,45.0
35.853137,-78.828365,650,147.1,46.1
35.856628,-78.824041,550,145.7,45.0
35.860446,-78.819307,450,143.5,45.3
35.864136,-78.814716,350,142.1,45.3
35.867935,-78.810081,250,141.4,45.0
35.871944,-78.805107,150,142.1,45.3
35.876832,-78.799029,50,145.0,45.3
35.879196,-78.796177,25,142.8,45.0
35.879951,-78.795231,25,141.4,45.0
35.880341,-78.794746,25,135.1,45.3
35.881767,-78.792952,25,117.4,45.0
35.883087,-78.79137,50,99.7,45.4
35.883652,-78.790644,-50.0,85.0,45.0
35.883896,-78.790337,-50.0,81.0,45.0
35.884289,-78.789868,-50.0,75.0,45.0
35.884563,-78.789525,-50.0,66.5,45.0
35.884747,-78.789282,-50.0,61.5,45.0
35.884921,-78.78908,-50.0,56.5,45.0
35.885305,-78.788598,-50.0,40.5,45.0
35.885409,-78.788481,-50.0,34.5,45.0
35.885788,-78.787937,-50.0,13.8,56.2
35.885834,-78.787823,-50.0,13.2,67.5
35.885834,-78.787708,-50.0,12.8,75.9
35.885845,-78.787637,-50.0,12.8,81.6
35.885828,-78.787488,-50.0,12.8,92.8
35.885817,-78.787386,-50.0,13.2,101.2
35.885788,-78.787322,-50.0,13.2,106.9
35.885735,-78.78721,-50.0,12.2,115.3
35.885665,-78.787108,-50.0,11.2,123.8
35.885593,-78.787022,-50.0,9.8,129.4
35.885525,-78.786936,-50.0,9.2,135.0
35.885456,-78.786874,-50.0,8.8,143.4
35.885387,-78.78685,-50.0,7.8,151.9
35.885353,-78.78685,-50.0,7.8,160.3
35.885281,-78.78686,-50.0,8.2,171.6
35.885223,-78.78686,-50.0,8.8,182.8
35.885124,-78.786936,-50.0,9.8,199.7
35.88506,-78.786977,-50.0,10.2,208.1
35.884979,-78.787064,-50.0,11.2,216.6
35.884895,-78.787165,-50.0,12.2,222.2
35.884769,-78.787342,-50.0,13.8,227.8
35.884478,-78.787707,-50.0,16.5,225.0
35.884163,-78.788095,-50.0,18.5,225.0
35.883865,-78.788466,-50.0,20.5,225.0
35.883568,-78.788838,-50.0,21.5,225.0
35.883245,-78.789212,-50.0,22.5,225.0
35.88295,-78.789597,-50.0,24.5,225.0
35.882651,-78.789957,-50.0,25.5,225.0
35.882407,-78.790249,-50.0,25.5,225.0
35.882104,-78.790644,-50.0,25.5,225.0
35.881778,-78.791023,-50.0,24.5,225.0
35.881464,-78.791418,-50.0,23.5,225.0
35.881176,-78.791785,-50.0,22.5,225.0
35.880905,-78.792119,-50.0,21.5,225.0
35.880649,-78.792426,-50.0,21.5,225.0
35.880363,-78.792787,-50.0,22.5,225.0
35.880077,-78.793144,-50.0,22.5,225.0
35.87978,-78.793502,-50.0,21.5,225.0
35.879528,-78.793831,-50.0,22.5,225.0
35.879242,-78.794188,-50.0,22.5,225.0
35.878956,-78.794546,-50.0,21.5,225.0
35.878683,-78.794866,-50.0,20.5,225.0
35.87838,-78.795231,-50.0,20.5,225.0
35.878086,-78.79559,-50.0,20.5,225.0
35.877798,-78.795947,-50.0,19.5,225.0
35.877514,-78.796306,-50.0,16.5,222.2
35.877296,-78.796492,-50.0,16.5,213.8
35.877205,-78.796546,-50.0,16.5,208.1
35.87709,-78.796606,-50.0,16.5,202.5
35.87696,-78.796648,-50.0,17.5,196.9
35.876588,-78.796765,-50.0,13.8,194.1
35.876392,-78.796821,-50.0,9.8,191.2
35.876324,-78.796806,-50.0,8.2,182.8
35.876285,-78.796794,-50.0,7.8,174.4
35.876232,-78.796749,-50.0,7.2,160.3
35.87618,-78.796692,-50.0,7.2,151.9
35.876111,-78.796633,-50.0,7.2,143.4
35.876041,-78.796546,-50.0,7.2,137.8
35.875957,-78.796434,-50.0,5.8,135.0
35.875796,-78.796239,-50.0,0.0,135.0
35.875786,-78.79622,-50.0,0.0,135.0
35.875786,-78.79622,-50.0,0.0,135.0
35.875774,-78.79622,-50.0,0.0,135.0
35.875774,-78.79622,-50.0,0.0,135.0
35.875774,-78.79622,-50.0,0.0,135.0
35.875774,-78.79622,-50.0,0.0,135.0
35.875785,-78.796224,-50.0,0.0,135.0
35.875774,-78.79622,-50.0,0.0,135.0
35.875774,-78.796206,-50.0,0.0,135.0
35.875786,-78.796206,-50.0,0.0,135.0
35.875774,-78.796206,-50.0,0.0,135.0
35.875774,-78.79622,-50.0,0.0,135.0
35.875774,-78.79622,-50.0,0.0,135.0
35.875785,-78.796224,-50.0,0.0,135.0
35.875786,-78.79622,-50.0,0.0,135.0
35.875786,-78.79622,-50.0,0.0,135.0
35.875785,-78.79621,-50.0,0.0,135.0
35.875774,-78.796206,-50.0,0.0,135.0
35.875774,-78.79622,-50.0,0.0,135.0
35.875774,-78.79622,-50.0,0.0,135.0
35.875774,-78.79622,-50.0,0.0,135.0
35.875785,-78.796224,-50.0,0.0,135.0
35.875786,-78.796234,-50.0,0.0,135.0
35.875785,-78.796239,-50.0,0.0,135.0
35.875785,-78.796224,-50.0,0.0,135.0
35.875786,-78.796234,-50.0,0.0,135.0
35.875785,-78.796224,-50.0,0.0,135.0
35.875786,-78.79622,-50.0,0.0,135.0
35.875785,-78.796224,-50.0,0.0,135.0
35.875774,-78.79622,-50.0,0.0,135.0
35.875774,-78.79622,-50.0,0.0,135.0
35.875785,-78.796224,-50.0,0.0,135.0
35.875785,-78.796224,-50.0,0.0,135.0
35.875832,-78.796291,-50.0,2.2,135.0
35.875936,-78.796429,-50.0,3.8,135.0
35.87598,-78.796477,-50.0,4.2,137.8
35.876026,-78.796549,-50.0,4.2,143.4
35.87606,-78.796592,-50.0,4.2,149.1
35.876087,-78.796619,-50.0,3.8,154.7
35.876111,-78.796648,-50.0,3.2,160.3
35.876129,-78.796663,-50.0,3.2,165.9
35.876157,-78.796677,-50.0,2.8,174.4
35.87618,-78.796707,-50.0,2.8,180.0
35.876204,-78.796721,-50.0,2.2,188.4
35.876232,-78.796735,-50.0,2.2,196.9
35.876244,-78.796735,-50.0,2.2,202.5
35.876266,-78.796735,-50.0,2.2,208.1
35.876285,-78.796736,-50.0,1.6,210.9
35.876324,-78.796706,-50.0,1.1,213.8
35.876358,-78.796678,-50.0,1.4,216.6
35.876369,-78.796678,-50.0,0.2,219.4
35.876369,-78.796678,-50.0,0.0,219.4
35.876367,-78.796677,-50.0,0.0,219.4
35.876367,-78.796677,-50.0,0.0,219.4
35.876355,-78.796692,-50.0,0.0,219.4
35.876297,-78.796765,-50.0,3.8,222.2
35.876192,-78.796882,-50.0,5.2,225.0
35.875994,-78.79713,-50.0,6.8,225.0
35.875761,-78.797422,-50.0,7.8,225.0
35.875494,-78.797744,-50.0,7.8,225.0
35.875447,-78.797831,-50.0,7.2,233.4
35.875436,-78.797904,-50.0,7.2,241.9
35.875431,-78.797965,-50.0,7.2,253.1
35.875443,-78.798051,-50.0,7.8,264.4
35.875459,-78.798124,-50.0,8.2,275.6
35.87547,-78.798167,-50.0,8.2,281.2
35.875511,-78.798265,-50.0,8.2,289.7
35.875552,-78.798401,-50.0,8.2,286.9
35.875546,-78.798494,-50.0,8.2,278.4
35.875546,-78.798566,-50.0,8.2,270.0
35.875517,-78.79865,-50.0,8.2,261.6
35.875488,-78.798723,-50.0,8.2,250.3
35.875447,-78.79881,-50.0,8.2,239.1
35.875389,-78.798869,-50.0,8.2,233.4
35.875282,-78.799024,-50.0,8.8,230.6
35.875088,-78.799281,-50.0,9.2,227.8
35.874859,-78.799553,-50.0,10.2,225.0
35.87455,-78.799939,-50.0,10.8,225.0
35.874248,-78.800315,-50.0,10.2,225.0
35.874074,-78.800549,-50.0,8.2,227.8
35.873992,-78.800651,-50.0,7.8,230.6
35.873955,-78.801012,-50.0,8.8,270.0
35.874149,-78.80137,-50.0,9.2,312.2
35.874318,-78.801571,-50.0,9.8,315.0
35.874413,-78.80167,-50.0,10.2,320.6
35.877577,-78.798124,-50.0,73.0,45.0
35.877845,-78.797788,-50.0,77.0,45.0
35.878143,-78.797436,-50.0,81.0,45.0
35.878338,-78.797193,-50.0,87.0,45.0
35.879253,-78.796108,50,98.3,44.6
35.880203,-78.794918,50,102.5,44.6
35.880341,-78.794689,50,108.9,45.0
35.880753,-78.794174,50,113.1,45.0
35.881441,-78.793361,75,116.0,45.0
35.881851,-78.792858,75,120.2,45.0
35.882325,-78.792251,75,123.7,44.7
35.882744,-78.791725,75,126.6,44.7
35.883117,-78.791316,75,130.1,45.0
35.883682,-78.790627,75,137.2,45.0
35.884598,-78.789425,75,140.0,45.0
35.885559,-78.78828,75,146.4,44.7
35.886612,-78.786907,75,152.7,45.0
35.887632,-78.785647,75,159.1,45.2
35.888191,-78.785004,75,161.9,45.2
35.889587,-78.78331,125,166.9,45.0
35.890091,-78.782673,125,169.0,44.8
35.890686,-78.781986,150,172.5,44.5
35.892471,-78.779812,250,174.0,44.1
35.893684,-78.778459,325,174.7,43.8
35.894852,-78.777065,425,174.7,43.4
35.896337,-78.775362,525,175.5,43.2
35.897781,-78.773746,625,176.2,42.9
35.899384,-78.771915,725,177.6,43.0
35.901272,-78.769869,825,177.7,42.0
35.902948,-78.76835,925,179.5,38.2
35.904717,-78.767005,1025,180.6,34.4
35.906616,-78.765793,1125,181.1,30.5
35.908356,-78.76482,1225,182.5,26.0
35.910004,-78.763905,1325,182.6,24.6
35.911102,-78.763332,1375,185.3,24.2
35.913003,-78.762272,1425,187.5,24.2
35.915405,-78.760929,1500,190.7,24.1
35.916824,-78.760128,1550,194.7,24.6
35.919195,-78.758766,1625,199.1,24.6
35.92067,-78.757954,1650,203.6,24.7
35.922779,-78.756779,1700,207.2,24.8
35.924149,-78.756008,1725,211.2,24.6
35.926364,-78.754733,1775,215.7,24.7
35.927667,-78.753974,1800,219.2,24.8
35.930041,-78.75263,1875,222.8,25.0
35.931931,-78.751488,1925,227.3,25.0
35.933905,-78.750351,1975,230.8,25.1
35.935776,-78.749313,2050,233.5,25.4
35.938065,-78.74794,2150,236.6,25.3
35.939771,-78.746961,2250,237.5,25.2
35.94136,-78.746052,2325,238.9,25.3
35.942843,-78.74515,2425,238.9,25.3
35.944286,-78.744332,2500,239.3,25.5
35.945962,-78.743338,2600,240.2,25.4
35.948227,-78.742046,2700,242.4,25.4
35.949875,-78.741074,2800,243.8,25.5
35.952438,-78.739529,2900,246.9,25.4
35.954435,-78.738371,3000,249.1,25.4
35.956741,-78.737011,3100,250.9,25.8
35.959625,-78.735294,3200,253.1,25.8
35.96165,-78.734105,3300,256.8,25.4
35.963931,-78.732819,3400,257.7,25.3
35.965468,-78.731943,3450,259.5,25.1
35.967224,-78.730946,3550,260.4,25.0
35.969099,-78.729839,3650,261.3,24.9
35.970749,-78.728943,3750,261.8,24.6
35.972311,-78.728086,3825,261.4,24.4
35.973312,-78.72757,3900,261.5,23.9
35.974312,-78.727034,3975,260.6,23.5
35.975327,-78.72654,4050,259.9,23.1
35.97664,-78.725924,4150,258.7,22.5
35.977661,-78.725452,4225,258.1,21.6
35.978642,-78.725047,4325,257.0,21.0
35.979899,-78.724521,4400,256.0,20.4
35.981369,-78.723965,4500,255.6,19.4
35.982506,-78.723528,4575,255.5,18.7
35.983521,-78.723106,4650,255.5,18.0
35.985123,-78.722534,4750,254.7,16.7
35.986137,-78.722242,4825,254.7,16.7
35.987394,-78.721774,4900,255.5,15.7
35.988557,-78.721424,4975,255.5,15.7
35.99014,-78.720956,5075,255.2,14.5
35.99176,-78.720474,5175,255.6,14.0
35.993408,-78.720016,5275,255.7,13.1
35.995148,-78.719559,5375,256.4,12.8
35.996611,-78.719145,5450,256.4,12.8
35.997914,-78.718794,5525,255.4,12.9
35.999032,-78.718444,5600,255.7,13.1
36.00032,-78.718071,5675,255.7,13.1
36.00206,-78.717556,5775,254.9,13.4
36.003204,-78.717213,5850,254.9,13.4
36.005127,-78.71664,5950,256.1,13.6
36.006775,-78.716125,6050,256.4,13.8
36.009247,-78.715382,6150,257.3,13.7
36.011078,-78.714809,6225,259.5,13.8
36.014161,-78.713885,6325,262.7,13.9
36.017029,-78.713036,6425,264.8,14.0
36.019328,-78.712308,6525,266.1,14.1
36.021377,-78.711665,6625,266.1,14.1
36.023163,-78.71109,6700,267.3,14.3
36.025101,-78.710496,6800,268.2,14.2
36.02742,-78.709774,6900,269.5,14.4
36.032689,-78.7081,7100,273.3,14.2
36.037628,-78.70657,7300,275.3,14.1
36.041977,-78.705254,7500,276.2,14.0
36.046371,-78.703938,7700,278.0,13.7
36.050891,-78.702548,7900,279.2,13.9
36.055161,-78.701248,8100,280.4,14.0
36.059736,-78.69986,8300,281.3,14.0
36.063538,-78.69873,8500,281.1,13.8
36.067324,-78.697581,8675,281.1,13.8
36.071141,-78.696412,8875,281.1,13.8
36.074936,-78.695297,9075,281.8,13.5
36.079102,-78.694096,9275,281.8,13.5
36.082919,-78.692965,9475,281.6,13.4
36.086975,-78.691807,9675,281.4,13.1
36.090553,-78.690744,9850,281.4,13.1
36.094743,-78.689575,10050,281.4,13.1
36.09906,-78.688316,10250,282.3,13.1
36.103169,-78.687179,10450,283.3,13.1
36.107758,-78.685856,10650,283.3,13.1
36.110571,-78.685017,10775,284.5,13.2
36.11369,-78.68414,10875,285.7,13.4
36.115645,-78.683556,10950,286.7,13.3
36.117973,-78.682855,11000,288.9,13.4
36.121674,-78.681736,11075,293.0,13.4
36.129937,-78.67929,11175,302.5,13.6
36.137106,-78.677186,11275,310.7,13.6
36.145439,-78.674674,11375,320.2,13.7
36.147629,-78.674011,11400,323.3,13.8
36.149954,-78.673271,11450,324.3,13.7
36.152002,-78.672687,11525,325.2,13.7
36.155401,-78.671635,11625,327.4,13.8
36.162058,-78.669589,11825,329.6,13.9
36.174766,-78.665733,12225,333.5,13.7
36.187042,-78.662052,12625,337.6,13.7
36.200684,-78.657932,13025,341.7,13.7
36.213638,-78.653636,13425,345.1,15.8
36.222296,-78.650013,13725,347.2,19.2
36.2314,-78.645458,14025,348.9,22.2
36.24202,-78.63945,14400,350.8,25.0
36.253393,-78.63289,14800,352.1,25.0
36.265549,-78.625889,15200,353.9,24.9
36.277954,-78.618793,15600,355.7,24.8
36.289797,-78.612028,16000,357.0,24.8
36.303251,-78.604373,16400,358.9,24.7
36.316006,-78.597126,16800,361.1,24.7
36.329925,-78.589237,17200,364.2,24.7
36.343472,-78.581523,17600,366.5,24.7
36.358508,-78.572992,18000,369.6,24.6
36.373535,-78.564491,18400,373.2,24.7
36.390955,-78.554584,18800,377.6,24.7
36.397614,-78.550758,18975,378.6,24.7
36.403198,-78.547554,19150,379.0,24.8
36.414688,-78.541031,19550,377.6,24.7
36.425916,-78.534598,19950,376.7,24.8
36.437973,-78.527761,20350,376.3,24.7
36.450119,-78.520832,20750,376.3,24.7
36.46232,-78.513969,21150,375.0,24.6
36.474426,-78.507042,21550,374.1,24.6
36.486201,-78.500353,21950,373.2,24.7
36.499189,-78.492932,22350,372.3,24.8
36.506378,-78.488846,22575,371.8,24.6
36.511276,-78.486099,22675,371.8,24.6
36.516599,-78.483056,22800,372.3,24.8
36.522537,-78.479691,22875,373.2,24.7
36.530685,-78.475056,22975,373.2,24.7
36.536499,-78.471737,23000,373.2,24.7
36.567435,-78.45407,23000,373.6,24.9
36.598764,-78.436072,23000,372.7,24.9
36.629721,-78.418248,23000,372.7,24.9
36.660632,-78.400424,23000,371.4,24.8
36.691031,-78.38301,23000,370.4,24.9
36.721756,-78.365421,23000,370.0,24.8
36.752838,-78.347454,23000,370.4,24.9
36.783297,-78.32989,23000,370.4,24.9
36.814178,-78.312035,23000,370.4,24.9
36.844839,-78.294418,23000,370.4,24.9
36.875473,-78.27677,23000,370.0,24.8
36.906281,-78.259005,23000,370.4,24.9
36.937042,-78.24124,23000,370.4,24.9
36.967365,-78.223612,23000,370.0,25.1
36.997925,-78.205826,23000,370.0,25.1
37.028628,-78.187906,23000,369.5,25.0
37.059219,-78.170179,23000,369.5,25.0
37.090123,-78.152141,23000,370.0,25.1
37.120422,-78.134473,23000,370.9,25.0
37.150827,-78.116674,23000,370.0,25.1
37.181442,-78.098826,23000,370.4,24.9
37.211929,-78.081178,23000,370.4,24.9
37.242325,-78.06353,23000,369.1,24.8
37.273213,-78.045681,23000,369.5,25.0
37.304124,-78.02753,23000,369.1,25.2
37.334569,-78.009617,23000,369.1,25.2
37.365326,-77.991534,23000,368.6,25.0
37.395721,-77.973769,23000,369.5,25.0
37.426758,-77.955653,23000,370.0,25.1
37.457108,-77.937771,23000,370.0,25.1
37.487503,-77.919831,23000,370.4,25.2
37.517899,-77.901891,23000,370.4,25.2
37.548756,-77.883752,23000,370.4,24.9
37.579341,-77.866496,23000,370.2,24.1
37.609863,-77.849413,23000,369.8,23.9
37.62204,-77.842576,22975,369.3,24.1
37.628448,-77.839011,22925,369.3,24.1
37.639343,-77.832875,22800,368.4,24.2
37.644745,-77.829778,22700,367.5,24.3
37.651245,-77.826097,22575,366.5,24.3
37.666254,-77.817535,22175,367.5,24.3
37.681011,-77.809236,21775,367.6,23.9
37.695969,-77.80091,21375,368.5,23.9
37.711166,-77.792495,20975,369.4,23.8
37.720533,-77.787323,20725,369.4,23.8
37.738541,-77.777418,20350,367.7,23.6
37.755308,-77.768216,19975,365.4,23.5
37.772003,-77.758951,19600,364.0,23.8
37.788593,-77.749707,19225,362.2,24.0
37.805398,-77.740273,18850,361.3,24.0
37.822902,-77.730421,18475,359.0,24.0
37.840452,-77.720689,18100,356.9,23.6
37.856781,-77.711792,17725,355.2,23.4
37.874176,-77.70215,17350,352.3,24.0
37.891706,-77.692327,16975,350.5,24.1
37.904938,-77.684794,16675,348.7,24.2
37.909349,-77.682296,16550,348.3,24.1
37.920894,-77.675848,16150,349.6,24.1
37.926498,-77.672639,15975,350.9,24.2
37.938812,-77.665684,15675,350.5,24.1
37.954784,-77.656801,15300,347.5,23.8
37.966236,-77.650472,15050,345.7,23.5
37.974709,-77.645814,14925,343.0,23.7
37.993378,-77.635355,14750,333.9,24.0
38.00939,-77.626349,14600,324.1,24.0
38.024752,-77.617751,14450,315.2,24.0
38.033844,-77.612681,14350,310.7,23.9
38.035904,-77.611513,14325,308.5,23.9
38.038532,-77.610049,14250,308.5,23.9
38.052311,-77.602168,13875,305.6,24.5
38.063461,-77.595208,13625,303.7,26.8
38.078613,-77.585508,13275,298.7,26.6
38.094953,-77.575299,12975,294.7,26.0
38.110245,-77.565814,12650,294.3,26.2
38.1259,-77.556172,12300,292.9,26.1
38.140549,-77.546997,12025,291.1,26.3
38.149466,-77.541384,11825,290.2,26.4
38.158125,-77.535951,11650,289.8,26.6
38.166824,-77.530284,11450,288.9,27.2
38.175814,-77.524368,11250,289.0,27.6
38.181839,-77.519999,11100,289.0,30.1
38.185777,-77.516426,11000,291.1,35.5
38.189733,-77.511948,10875,290.9,40.3
38.193318,-77.507291,10750,292.8,44.2
38.197973,-77.500843,10625,293.1,47.8
38.20459,-77.491539,10425,291.7,48.1
38.211334,-77.481975,10250,290.3,48.1
38.217865,-77.472722,10075,289.7,48.2
38.224503,-77.463665,9900,287.9,46.3
38.228465,-77.459226,9800,285.5,41.5
38.232376,-77.455834,9700,283.8,36.5
38.235215,-77.453733,9650,282.0,31.7
38.239358,-77.451344,9550,280.9,26.7
38.243129,-77.449613,9475,279.7,21.6
38.247574,-77.447945,9400,278.7,16.7
38.253743,-77.44609,9275,277.0,12.9
38.259338,-77.44514,9150,276.1,8.5
38.265893,-77.444478,9025,275.9,4.6
38.275576,-77.443821,8825,275.4,3.1
38.28511,-77.443094,8650,275.5,3.3
38.294662,-77.442508,8475,274.3,2.5
38.303787,-77.442452,8300,273.0,0.0
38.312347,-77.442861,8125,272.3,357.5
38.321411,-77.44362,7925,271.7,355.8
38.330833,-77.444597,7750,271.9,355.4
38.339864,-77.445493,7550,271.9,355.4
38.349221,-77.446209,7375,271.4,356.8
38.358627,-77.446601,7175,271.1,358.3
38.366913,-77.446659,7025,271.0,359.8
38.371148,-77.446568,6925,270.0,0.9
38.37678,-77.446389,6850,269.1,1.5
38.387329,-77.445841,6775,264.2,2.4
38.397077,-77.445254,6700,259.3,2.9
38.406294,-77.444597,6600,254.4,3.2
38.41571,-77.44406,6525,250.3,2.8
38.423813,-77.443642,6450,246.2,2.1
38.433472,-77.443284,6375,242.1,1.4
38.442838,-77.443115,6275,240.0,0.7
38.452428,-77.443054,6200,238.0,0.0
38.461761,-77.443045,6125,237.0,359.8
38.470963,-77.443105,6050,236.0,359.5
38.480545,-77.443176,5975,236.0,359.5
38.489868,-77.443224,5900,237.0,359.8
38.499207,-77.443224,5825,237.0,0.2
38.508728,-77.443045,5750,237.0,1.0
38.51802,-77.44281,5675,235.1,1.2
38.527377,-77.442505,5600,232.1,1.2
38.53624,-77.442328,5525,229.0,1.0
38.544974,-77.442139,5425,227.0,1.0
38.554184,-77.44197,5350,226.0,0.8
38.563019,-77.441851,5275,224.0,0.8
38.572114,-77.441711,5200,223.0,0.8
38.580772,-77.441528,5125,222.0,0.8
38.589615,-77.441433,5050,222.0,0.5
38.598358,-77.441313,4975,222.0,0.5
38.607074,-77.441223,4900,221.0,0.5
38.616074,-77.441134,4825,221.0,0.3
38.62509,-77.441101,4750,221.0,0.5
38.636216,-77.440918,4675,219.0,0.8
38.644688,-77.440735,4650,214.0,1.1
38.650772,-77.440537,4650,209.0,1.1
38.662797,-77.440369,4600,204.0,0.6
38.669998,-77.440239,4500,202.0,0.9
38.67746,-77.440179,4400,201.0,0.6
38.685049,-77.440063,4300,200.0,0.6
38.692337,-77.43994,4200,198.0,0.6
38.699946,-77.439819,4125,196.0,0.9
38.709503,-77.439701,4050,194.0,0.6
38.717651,-77.439582,3975,194.0,0.6
38.723969,-77.439462,3875,195.0,0.6
38.72905,-77.439403,3775,196.0,0.6
38.733417,-77.439392,3675,196.0,0.6
38.738251,-77.439283,3575,196.0,0.6
38.742867,-77.439209,3475,195.0,0.6
38.74736,-77.439164,3375,194.0,0.9
38.752716,-77.439044,3275,193.0,0.9
38.758209,-77.438985,3175,191.0,0.6
38.763583,-77.438904,3075,189.0,0.6
38.769309,-77.438843,2975,188.0,0.3
38.774963,-77.438806,2875,188.0,0.3
38.779783,-77.438782,2775,189.0,0.6
38.784671,-77.43866,2675,189.0,0.9
38.789838,-77.438538,2575,189.0,1.2
38.79538,-77.438447,2475,190.0,0.6
38.800644,-77.438388,2375,190.0,0.6
38.806091,-77.438268,2275,190.0,0.6
38.810715,-77.438209,2175,191.0,0.6
38.815768,-77.43811,2075,191.0,0.6
38.820557,-77.438029,1975,191.0,0.9
38.825821,-77.43797,1875,189.0,0.9
38.831735,-77.437866,1775,186.0,0.9
38.837677,-77.437731,1675,183.0,0.6
38.842255,-77.437731,1575,181.0,0.3
38.846924,-77.437671,1475,177.0,0.6
38.851089,-77.437611,1425,172.0,0.7
38.855012,-77.437561,1350,167.0,0.7
38.858084,-77.4375,1275,162.0,0.7
38.862259,-77.437432,1200,157.0,0.7
38.864822,-77.437373,1150,152.0,0.8
38.869492,-77.437313,1050,147.0,0.8
38.874657,-77.437195,950,143.0,0.8
38.880289,-77.437134,850,140.0,0.4
38.885742,-77.437014,750,140.0,0.8
38.891089,-77.436951,650,140.0,0.8
38.896408,-77.436895,550,140.0,0.4
38.901672,-77.436776,450,140.0,0.8
38.906708,-77.436716,350,139.0,0.4
38.912178,-77.436707,250,140.0,0.0
38.917205,-77.436707,150,142.0,0.4
38.922592,-77.436596,50,143.0,1.2
38.925797,-77.436477,-25,144.1,1.6
38.929276,-77.436417,-25,141.0,1.2
38.930283,-77.436358,-50,138.0,0.8
38.930612,-77.43634,-50,132.0,0.9
38.931931,-77.436358,-50,129.0,0.9
38.932526,-77.436358,-50,121.0,0.9
38.933871,-77.43634,-50,117.0,1.0
38.934104,-77.43634,-50,110.0,0.5
38.934814,-77.436298,-50,107.0,0.5
38.935272,-77.436298,-50,101.0,0.6
38.936085,-77.436298,-50.0,95.0,0.0
38.936497,-77.436283,-50.0,91.0,0.0
38.936897,-77.436283,-50.0,89.0,0.0
38.937362,-77.436279,-50.0,87.0,0.0
38.938122,-77.436268,-50.0,81.0,0.0
38.938468,-77.436279,-50.0,77.0,0.0
38.938763,-77.436283,-50.0,75.0,0.0
38.939083,-77.436268,-50.0,73.0,2.8
38.939387,-77.436264,-50.0,69.5,2.8
38.939678,-77.436249,-50.0,66.5,0.0
38.939958,-77.436249,-50.0,63.5,0.0
38.940342,-77.436234,-50.0,61.5,0.0
38.940777,-77.436238,-50.0,59.5,0.0
38.941191,-77.436218,-50.0,57.5,0.0
38.94161,-77.436218,-50.0,56.5,0.0
38.942041,-77.436203,-50.0,53.5,0.0
38.942516,-77.436208,-50.0,48.5,0.0
38.942693,-77.436203,-50.0,45.5,0.0
38.942879,-77.436203,-50.0,43.5,357.2
38.943065,-77.436218,-50.0,40.5,354.4
38.943363,-77.436268,-50.0,36.5,351.6
38.943496,-77.43631,-50.0,34.5,348.8
38.943672,-77.436358,-50.0,33.5,343.1
38.944043,-77.436523,-50.0,29.5,340.3
38.944241,-77.43663,-50.0,26.5,337.5
38.944542,-77.43682,-50.0,24.5,334.7
38.944892,-77.437057,-50.0,21.5,331.9
38.945251,-77.437313,-50.0,18.5,331.9
38.945595,-77.437552,-50.0,16.5,329.1
38.94594,-77.43779,-50.0,15.5,331.9
38.94619,-77.437985,-50.0,12.8,329.1
38.94627,-77.438059,-50.0,11.2,323.4
38.946327,-77.438134,-50.0,9.2,317.8
38.94637,-77.438217,-50.0,7.8,312.2
38.946405,-77.438309,-50.0,7.8,303.8
38.94644,-77.438416,-50.0,7.8,295.3
38.946453,-77.438507,-50.0,8.2,289.7
38.946476,-77.438641,-50.0,8.8,284.1
38.946487,-77.438761,-50.0,8.8,275.6
38.946487,-77.43898,-50.0,8.8,272.8
38.94651,-77.439499,-50.0,9.8,272.8
38.946545,-77.440002,-50.0,13.2,275.6
38.946568,-77.440399,-50.0,14.8,272.8
38.946568,-77.440918,-50.0,15.5,270.0
38.946568,-77.441492,-50.0,15.5,270.0
38.94658,-77.442032,-50.0,15.5,270.0
38.94658,-77.442581,-50.0,16.5,270.0
38.94658,-77.44313,-50.0,16.5,270.0
38.94659,-77.443687,-50.0,16.5,270.0
38.946602,-77.444164,-50.0,17.5,272.8
38.946603,-77.444656,-50.0,17.5,270.0
38.946603,-77.445206,-50.0,17.5,270.0
38.946602,-77.445762,-50.0,18.5,270.0
38.946613,-77.446284,-50.0,18.5,270.0
38.946615,-77.446854,-50.0,18.5,270.0
38.946626,-77.447266,-50.0,18.5,270.0
38.946626,-77.447815,-50.0,18.5,270.0
38.946636,-77.448508,-50.0,15.5,270.0
38.946636,-77.448926,-50.0,13.8,270.0
38.946638,-77.449493,-50.0,12.8,270.0
38.946648,-77.450046,-50.0,11.2,270.0
38.946659,-77.450553,-50.0,6.8,270.0
38.946659,-77.450822,-50.0,4.2,270.0
38.94665,-77.450912,-50.0,4.2,267.2
38.946636,-77.450986,-50.0,4.2,261.6
38.946602,-77.451061,-50.0,4.8,253.1
38.946591,-77.451096,-50.0,4.8,244.7
38.946556,-77.45112,-50.0,4.8,233.4
38.946522,-77.451126,-50.0,4.8,222.2
38.946487,-77.45112,-50.0,4.8,210.9
38.946442,-77.451135,-50.0,4.2,202.5
38.946407,-77.451135,-50.0,4.2,196.9
38.94637,-77.451126,-50.0,4.2,188.4
38.946335,-77.451126,-50.0,3.8,182.8
38.946312,-77.451111,-50.0,3.8,180.0
38.945801,-77.451016,-50.0,0.0,171.6
38.945801,-77.451016,-50.0,0.0,171.6
38.9458,-77.451004,-50.0,0.0,171.6
38.945801,-77.451016,-50.0,0.0,171.6
38.945801,-77.451001,-50.0,0.0,171.6
38.945823,-77.451004,-50.0,0.0,171.6
38.945916,-77.451035,-50.0,3.2,174.4
38.946007,-77.451046,-50.0,4.2,177.2
38.946079,-77.45105,-50.0,4.2,182.8
38.946277,-77.45105,-50.0,4.8,182.8
38.946347,-77.451035,-50.0,4.2,177.2
38.946384,-77.451031,-50.0,4.2,174.4
38.94644,-77.451019,-50.0,4.2,168.8
38.946442,-77.451031,-50.0,4.2,165.9
38.946453,-77.451031,-50.0,4.2,165.9
38.94651,-77.451035,-50.0,3.8,160.3
38.946533,-77.451035,-50.0,3.2,154.7
38.94658,-77.45105,-50.0,2.8,149.1
38.946638,-77.451096,-50.0,2.2,146.2
38.946661,-77.451111,-50.0,0.0,146.2
38.946659,-77.451106,-50.0,0.0,146.2
38.946661,-77.451096,-50.0,0.0,137.8
38.946659,-77.451031,-50.0,0.0,120.9
38.946671,-77.450986,-50.0,2.8,106.9
38.946673,-77.450943,-50.0,3.2,98.4
38.946693,-77.450911,-50.0,3.8,90.0
38.946705,-77.450867,-50.0,4.2,81.6
38.946728,-77.450822,-50.0,4.8,73.1
38.946754,-77.45076,-50.0,4.8,64.7
38.946808,-77.450688,-50.0,5.8,59.1
38.946842,-77.450628,-50.0,5.8,53.4
38.946906,-77.450546,-50.0,6.8,50.6
38.946917,-77.450531,-50.0,6.8,47.8
38.947151,-77.45021,-50.0,8.8,47.8
38.94722,-77.450076,-50.0,9.2,53.4
38.947255,-77.449982,-50.0,9.2,59.1
38.94729,-77.449875,-50.0,9.2,67.5
38.947313,-77.449646,-50.0,8.8,81.6
38.947325,-77.449432,-50.0,8.2,87.2
38.947323,-77.44909,-50.0,7.8,90.0
38.947323,-77.448643,-50.0,7.2,90.0
38.947311,-77.448389,-50.0,7.2,92.8
38.947313,-77.447983,-50.0,7.2,92.8
38.947311,-77.447523,-50.0,7.8,92.8
38.947301,-77.447205,-50.0,8.2,95.6
38.947266,-77.447067,-50.0,8.8,101.2
38.94722,-77.446884,-50.0,9.2,106.9
38.947162,-77.446701,-50.0,9.8,112.5
38.947048,-77.446389,-50.0,10.2,115.3
38.946859,-77.445877,-50.0,10.2,115.3
38.946728,-77.445493,-50.0,9.8,112.5
38.946684,-77.445328,-50.0,9.8,109.7
38.946648,-77.445135,-50.0,9.2,104.1
38.946625,-77.444941,-50.0,9.2,98.4
38.946613,-77.444821,-50.0,9.8,95.6
38.946615,-77.444794,-50.0,9.8,95.6
38.946602,-77.444597,-50.0,10.2,92.8
38.946602,-77.444164,-50.0,11.2,90.0
38.94659,-77.443612,-50.0,12.2,90.0
38.946591,-77.443039,-50.0,11.2,90.0
38.94659,-77.442463,-50.0,10.2,90.0
38.946579,-77.44191,-50.0,9.2,90.0
38.946579,-77.441418,-50.0,7.8,90.0
38.946568,-77.441025,-50.0,6.2,90.0
38.946568,-77.440686,-50.0,6.2,90.0
38.946568,-77.440358,-50.0,7.2,90.0
38.946556,-77.44,-50.0,8.8,92.8
38.946522,-77.439612,-50.0,9.8,95.6
38.946498,-77.439178,-50.0,10.2,95.6
38.946499,-77.439059,-50.0,10.2,90.0
38.946522,-77.438934,-50.0,10.2,78.8
38.946556,-77.438835,-50.0,10.2,70.3
38.946603,-77.438766,-50.0,9.8,59.1
38.94665,-77.438705,-50.0,9.8,50.6
38.946716,-77.438671,-50.0,9.8,42.2
38.946778,-77.438629,-50.0,9.2,33.8
38.946847,-77.438599,-50.0,9.2,22.5
38.946934,-77.438582,-50.0,9.8,14.1
38.947037,-77.438582,-50.0,9.8,5.6
38.947277,-77.438567,-50.0,10.2,2.8
38.947598,-77.438567,-50.0,10.8,0.0
38.948044,-77.438552,-50.0,11.2,0.0
38.94849,-77.438552,-50.0,11.8,0.0
38.948925,-77.438537,-50.0,12.2,0.0
38.94936,-77.438537,-50.0,12.8,0.0
38.949795,-77.438522,-50.0,12.2,0.0
38.950241,-77.438522,-50.0,11.8,0.0
38.950687,-77.438522,-50.0,11.2,0.0
38.951134,-77.438507,-50.0,11.2,0.0
38.951569,-77.438507,-50.0,10.8,0.0
38.951957,-77.438492,-50.0,10.8,0.0
38.952404,-77.438492,-50.0,11.2,0.0
38.952853,-77.438477,-50.0,11.2,0.0
38.953285,-77.438477,-50.0,10.2,0.0
38.953726,-77.438477,-50.0,10.8,0.0
38.954156,-77.438461,-50.0,11.2,0.0
38.954459,-77.438461,-50.0,10.8,2.8
38.954556,-77.438432,-50.0,10.2,8.4
38.954647,-77.438388,-50.0,10.2,16.9
38.954704,-77.438343,-50.0,10.2,25.3
38.954762,-77.438268,-50.0,10.2,33.8
38.954808,-77.438202,-50.0,10.2,42.2
38.954843,-77.43811,-50.0,10.2,53.4
38.954865,-77.438029,-50.0,10.2,64.7
38.954865,-77.43794,-50.0,10.2,73.1
38.954876,-77.437806,-50.0,10.2,81.6
38.954878,-77.437607,-50.0,10.2,87.2
38.954878,-77.437241,-50.0,9.2,90.0
38.954876,-77.436746,-50.0,8.2,90.0
38.954878,-77.436447,-50.0,7.2,92.8
38.954866,-77.436264,-50.0,7.8,95.6
38.954853,-77.436193,-50.0,8.2,104.1
38.954808,-77.436111,-50.0,8.2,115.3
38.954739,-77.436044,-50.0,8.8,135.0
38.954693,-77.436029,-50.0,9.2,143.4
38.95461,-77.436005,-50.0,10.2,157.5
38.954552,-77.435989,-50.0,10.8,163.1
38.95447,-77.435989,-50.0,11.2,171.6
38.954372,-77.435999,-50.0,12.2,177.2
38.954226,-77.435989,-50.0,13.8,182.8
38.954029,-77.435999,-50.0,16.5,182.8
38.953807,-77.436005,-50.0,22.5,180.0
38.953632,-77.436005,-50.0,26.5,180.0
38.95332,-77.436014,-50.0,34.5,180.0
38.953148,-77.436014,-50.0,39.5,180.0
38.952911,-77.43602,-50.0,43.5,180.0
38.952747,-77.436029,-50.0,48.5,180.0
38.952106,-77.436029,-50.0,56.5,180.0
38.951797,-77.436029,-50.0,61.5,180.0
38.951258,-77.43605,-50.0,69.5,180.0
38.950356,-77.436059,-50.0,77.0,180.0
38.949921,-77.436059,-50.0,81.0,180.0
38.949536,-77.436066,-50.0,85.0,180.0
38.949175,-77.436081,-50.0,89.0,180.0
38.948685,-77.436074,-50.0,93.0,180.0
38.948502,-77.436059,-25,93.0,180.6
38.947769,-77.436119,-25,97.0,180.6
38.947231,-77.436096,-25,101.0,180.6
38.946899,-77.436119,-25,108.0,180.5
38.945928,-77.436096,-25,115.0,180.5
38.944839,-77.436119,-25,122.0,180.5
38.942871,-77.436178,-25,129.0,180.4
38.942344,-77.436157,-25,132.0,180.4
38.941452,-77.436178,-25,135.0,180.4
38.94072,-77.436178,-25,141.0,180.4
38.939346,-77.436238,0,145.0,180.8
38.938619,-77.436218,0,148.0,180.8
38.937241,-77.436238,0,151.0,180.4
38.936897,-77.436279,0,157.0,180.7
38.935638,-77.436298,-25,160.0,180.7
38.934942,-77.436279,-25,162.0,180.7
38.93415,-77.436279,0,165.0,180.7
38.932526,-77.436298,0,171.0,180.7
38.931776,-77.43634,0,174.0,180.7
38.930519,-77.43634,0,176.0,180.6
38.929779,-77.436358,25,181.0,180.3
38.929413,-77.436358,25,181.0,180.3
38.928452,-77.436358,50,183.0,180.3
38.92754,-77.43634,75,184.0,180.0
38.926758,-77.436358,125,184.0,180.0
38.924652,-77.436358,225,183.0,179.7
38.922419,-77.43634,325,184.0,179.7
38.920185,-77.436279,425,185.0,179.7
38.917531,-77.436279,525,187.0,179.4
38.914902,-77.436238,625,189.0,179.4
38.91188,-77.436238,725,191.0,179.4
38.909198,-77.436218,825,193.0,179.7
38.90701,-77.436218,925,194.0,180.0
38.904282,-77.436238,1025,195.0,180.3
38.901517,-77.436279,1125,199.0,180.6
38.89801,-77.436298,1200,203.0,180.9
38.896088,-77.436358,1250,206.0,181.1
38.893138,-77.436462,1325,210.0,181.1
38.890778,-77.436537,1425,214.1,181.3
38.887552,-77.436646,1525,217.1,181.6
38.884991,-77.436768,1625,220.1,181.6
38.882431,-77.436829,1725,222.1,181.6
38.8797,-77.436955,1825,224.1,181.5
38.877729,-77.437012,1900,226.1,181.5
38.875809,-77.437074,2000,227.1,181.3
38.873819,-77.437134,2100,227.1,181.3
38.872147,-77.437134,2175,226.0,181.0
38.870607,-77.437195,2275,226.0,181.0
38.868896,-77.437193,2375,227.0,180.8
38.866603,-77.437256,2475,227.0,180.8
38.865005,-77.437253,2575,227.0,180.8
38.863541,-77.437313,2675,227.0,180.8
38.861343,-77.437313,2775,227.0,180.8
38.85976,-77.437378,2875,227.0,180.8
38.858322,-77.437373,2975,226.0,180.8
38.8564,-77.437432,3075,226.0,181.0
38.85466,-77.437492,3175,226.0,181.0
38.852963,-77.4375,3275,226.0,181.0
38.851706,-77.437561,3325,226.0,181.0
38.849705,-77.437622,3425,228.1,181.3
38.848114,-77.437671,3475,230.1,181.2
38.845367,-77.437731,3575,232.1,181.2
38.842163,-77.437791,3650,237.1,181.2
38.837997,-77.43791,3750,242.1,181.2
38.835832,-77.437988,3800,246.1,181.2
38.832825,-77.438029,3900,250.1,181.1
38.829666,-77.438149,4000,252.1,181.1
38.827313,-77.438171,4100,253.1,181.1
38.824799,-77.438232,4200,254.1,181.1
38.822571,-77.438328,4300,255.0,181.1
38.820053,-77.438388,4400,256.1,181.3
38.817677,-77.438477,4500,257.1,181.3
38.815535,-77.438538,4600,258.1,181.3
38.813141,-77.438567,4700,259.1,181.3
38.810577,-77.438686,4800,261.1,181.3
38.808273,-77.438721,4900,262.1,181.3
38.805201,-77.438843,5000,263.1,181.3
38.802873,-77.438904,5100,265.1,181.3
38.800406,-77.438965,5200,266.0,181.1
38.797394,-77.438985,5300,268.0,180.9
38.794913,-77.439026,5400,270.0,180.9
38.792267,-77.439104,5500,271.0,180.6
38.789513,-77.439087,5600,272.0,180.6
38.7863,-77.439148,5700,274.0,180.4
38.78389,-77.439224,5800,274.0,180.8
38.780807,-77.439453,5900,275.3,182.7
38.778259,-77.439761,6000,275.9,184.6
38.775284,-77.440298,6100,276.9,186.6
38.772893,-77.440796,6200,277.4,188.9
38.77024,-77.441589,6300,278.5,191.4
38.767959,-77.442322,6400,278.9,193.7
38.765488,-77.443284,6500,278.8,196.0
38.763153,-77.444299,6600,279.2,198.4
38.761302,-77.445251,6700,279.9,199.4
38.759393,-77.446228,6800,279.7,200.5
38.756926,-77.447693,6900,279.8,203.8
38.755051,-77.448896,7000,280.0,206.3
38.752213,-77.450986,7100,280.9,210.1
38.747772,-77.454867,7300,282.9,214.2
38.744078,-77.458679,7450,284.8,219.7
38.742262,-77.460876,7550,284.5,222.4
38.739166,-77.465018,7750,284.3,225.9
38.736832,-77.468421,7925,283.4,228.4
38.734222,-77.472362,8100,283.0,229.4
38.73056,-77.477974,8300,285.4,230.1
38.726807,-77.483706,8500,287.6,230.2
38.723176,-77.489258,8700,290.4,230.2
38.718707,-77.496033,8900,293.8,230.0
38.714905,-77.501858,9075,296.8,230.2
38.711351,-77.507263,9275,298.2,230.2
38.707626,-77.512963,9475,299.6,230.1
38.703996,-77.518555,9675,300.4,230.3
38.700577,-77.523771,9875,301.9,230.5
38.697013,-77.529358,10075,302.7,230.6
38.694453,-77.533386,10200,304.1,230.6
38.691799,-77.537415,10300,306.9,230.6
38.687805,-77.543653,10450,311.9,230.6
38.680801,-77.55458,10650,319.7,230.6
38.675739,-77.562439,10825,324.1,230.8
38.670897,-77.570068,11025,327.0,231.0
38.666336,-77.57715,11225,329.7,230.7
38.661773,-77.584045,11425,332.3,230.1
38.656998,-77.591301,11625,335.0,229.8
38.652649,-77.597839,11825,337.0,229.7
38.645154,-77.609192,12100,341.4,229.9
38.633376,-77.627075,12475,348.5,230.0
38.622669,-77.64325,12825,356.9,229.7
38.613498,-77.656982,13225,359.0,229.7
38.602615,-77.67322,13625,363.1,229.5
38.591446,-77.689879,14025,368.9,229.6
38.581055,-77.705582,14425,371.9,230.0
38.571167,-77.720629,14825,374.1,230.1
38.560593,-77.73675,15225,376.3,230.2
38.549011,-77.754424,15625,380.5,230.1
38.538666,-77.770187,15950,384.1,230.2
38.528773,-77.785156,16350,386.0,229.8
38.520627,-77.797607,16625,387.7,230.2
38.508224,-77.816819,17000,392.2,230.6
38.495773,-77.835985,17400,396.3,230.3
38.486206,-77.850554,17700,398.2,230.0
38.478171,-77.862488,18025,398.4,229.1
38.468162,-77.877136,18425,397.7,229.2
38.457967,-77.892273,18825,398.0,229.6
38.44693,-77.909247,19225,399.0,231.2
38.43916,-77.922485,19475,399.4,234.0
38.428986,-77.940415,19875,401.1,234.1
38.419098,-77.95785,20275,401.3,234.3
38.411276,-77.971941,20550,401.8,234.7
38.399079,-77.994212,20925,404.7,235.4
38.387394,-78.015588,21325,406.7,235.2
38.377199,-78.034277,21725,406.7,235.2
38.367144,-78.052488,22125,406.4,235.0
38.356384,-78.072062,22525,406.7,235.2
38.344613,-78.093447,22925,407.8,235.0
38.332463,-78.11548,23300,409.2,234.9
38.320731,-78.136557,23675,410.9,234.6
38.307541,-78.160011,24025,414.3,234.4
38.292526,-78.186717,24350,417.9,234.4
38.278107,-78.212488,24675,422.0,234.8
38.264776,-78.236747,25050,423.6,235.0
38.25067,-78.262004,25375,425.9,234.6
38.236891,-78.286484,25725,427.9,234.4
38.229955,-78.298725,25875,428.7,234.5
38.224741,-78.307979,25950,429.3,234.4
38.223484,-78.310248,25950,430.7,234.4
38.204636,-78.343681,26000,432.3,234.5
38.181793,-78.38412,25975,432.9,234.4
38.158859,-78.424618,26000,431.4,233.8
38.135239,-78.464706,25975,431.4,233.1
38.113853,-78.499942,26000,430.3,232.0
38.089507,-78.53923,26000,430.3,232.0
38.08015,-78.554336,26025,431.1,232.1
38.067161,-78.575473,26125,432.7,232.2
38.063004,-78.582283,26200,433.4,232.3
38.058549,-78.589564,26275,433.4,232.3
38.044235,-78.613197,26600,435.2,232.7
38.026056,-78.643421,26875,440.4,232.8
38.019012,-78.655155,26975,441.8,232.8
38.01416,-78.66322,27000,444.0,232.9
37.989761,-78.703892,27000,445.4,232.9
37.964933,-78.745104,27000,445.2,232.7
37.9404,-78.785825,27000,443.8,232.7
37.91597,-78.826495,27000,443.2,232.8
37.891388,-78.867168,27000,443.0,232.6
37.867035,-78.907432,27000,441.6,232.6
37.842407,-78.947988,27000,442.2,232.5
37.817688,-78.988719,27000,441.6,232.6
37.793381,-79.028866,27000,441.6,232.6
37.771545,-79.064863,27050,442.2,232.5
37.768433,-79.069948,27075,442.2,232.5
37.766922,-79.072402,27100,442.2,232.5
37.763031,-79.078772,27175,442.2,232.5
37.748108,-79.103199,27525,441.4,232.5
37.735197,-79.124371,27875,440.0,232.5
37.722209,-79.145627,28275,437.8,232.4
37.708511,-79.168006,28650,436.4,232.4
37.694511,-79.191006,29000,435.6,232.4
37.680033,-79.214769,29350,436.0,232.7
37.665298,-79.239534,29675,436.0,233.4
37.649963,-79.265656,30000,436.2,233.6
37.635086,-79.291018,30325,436.2,233.6
37.618973,-79.318426,30650,437.6,233.6
37.60405,-79.343788,30975,437.4,233.4
37.588698,-79.369653,31325,436.6,233.3
37.574341,-79.393752,31675,435.0,233.1
37.564816,-79.409717,31875,434.2,233.1
37.560627,-79.416763,31950,434.2,233.1
37.555692,-79.425062,32000,435.0,233.1
37.54097,-79.449736,32075,439.4,233.2
37.536942,-79.456456,32125,439.4,233.2
37.531345,-79.465903,32250,439.4,233.2
37.517624,-79.488831,32625,435.6,233.0
37.504578,-79.510564,33000,433.4,233.0
37.490472,-79.534149,33375,429.2,233.1
37.477019,-79.556599,33725,426.4,233.1
37.470408,-79.567646,33900,425.6,233.0
37.466777,-79.573795,33950,425.0,233.1
37.46228,-79.581279,34000,425.0,233.1
37.456815,-79.590394,34000,425.0,233.1
37.433304,-79.629724,34000,426.4,233.1
37.410049,-79.668469,34000,426.4,233.1
37.386566,-79.707681,34000,427.0,233.0
37.362919,-79.747069,34000,427.8,233.1
37.339317,-79.786238,34000,428.4,233.0
37.315436,-79.825824,34000,428.4,233.0
37.291901,-79.864937,34000,429.2,233.1
37.268188,-79.904207,34000,429.8,232.9
37.244583,-79.94339,34000,429.8,232.9
37.220981,-79.98226,34000,430.4,232.8
37.197147,-80.021548,34000,431.0,232.7
37.173265,-80.060896,34000,431.8,232.8
37.149307,-80.100208,34000,431.6,232.6
37.125366,-80.139537,34000,431.8,232.8
37.101808,-80.178282,34000,431.8,232.8
37.07788,-80.21757,34000,431.8,232.8
37.054185,-80.256441,34000,431.8,232.8
37.030426,-80.295508,34000,431.0,232.7
37.019829,-80.312089,34000,432.8,230.7
37.010007,-80.325941,34000,434.1,228.1
36.998886,-80.340388,34000,434.9,225.6
36.971555,-80.375439,34000,434.9,225.8
36.943542,-80.41139,34000,434.2,225.9
36.916111,-80.446552,34000,434.2,225.8
36.888519,-80.481808,34000,433.5,225.6
36.860667,-80.517366,34000,433.5,225.6
36.832829,-80.552868,34000,432.8,225.8
36.80513,-80.588106,34000,432.1,225.7
36.777711,-80.622935,34000,431.4,225.6
36.750059,-80.658056,34000,430.7,225.7
36.722305,-80.693264,34000,430.7,225.7
36.694794,-80.728283,34000,430.0,225.8
36.667511,-80.762844,34000,429.9,225.6
36.639777,-80.79784,34000,429.2,225.5
36.612218,-80.832669,34000,429.2,225.5
36.584518,-80.867615,34000,429.2,225.5
36.556961,-80.902348,34000,428.5,225.6
36.529999,-80.936394,34000,428.5,225.4
36.502029,-80.971527,34000,428.5,225.4
36.474472,-81.006145,34000,428.5,225.4
36.446915,-81.040707,34000,428.5,225.4
36.419445,-81.075128,34000,428.5,225.4
36.391886,-81.109723,34000,428.5,225.4
36.364001,-81.144552,34000,428.5,225.4
36.336815,-81.178563,34000,428.5,225.4
36.309442,-81.212808,34000,429.2,225.3
36.281799,-81.247387,34000,429.9,225.4
36.254105,-81.282005,34000,430.6,225.3
36.226913,-81.31588,34000,430.6,225.3
36.198853,-81.350899,34000,430.6,225.3
36.171341,-81.385174,34000,431.3,225.2
36.143784,-81.419392,34000,431.3,225.2
36.116064,-81.453747,34000,430.6,225.1
36.088394,-81.488056,34000,429.9,225.2
36.060745,-81.522331,34000,429.9,225.2
36.033155,-81.556539,34000,429.2,225.1
36.005859,-81.590309,34000,428.5,225.2
35.978316,-81.624386,34000,428.5,225.2
35.950943,-81.658221,34000,427.1,225.0
35.923325,-81.692219,34000,426.4,225.1
35.895996,-81.725807,34000,425.7,225.0
35.869034,-81.758995,34000,425.0,225.1
35.841797,-81.792469,34000,424.3,225.0
35.814056,-81.826572,34000,424.3,225.0
35.786453,-81.86039,34000,423.6,224.9
35.758484,-81.89415,34000,423.6,224.3
35.730927,-81.926994,34000,423.6,224.1
35.703094,-81.960125,34000,423.6,224.1
35.675308,-81.993256,34000,422.9,224.2
35.647522,-82.026386,34000,422.9,224.2
35.619781,-82.05946,34000,422.9,224.2
35.591793,-82.092883,34000,421.5,224.2
35.564484,-82.12532,34000,421.5,224.2
35.537064,-82.157993,34000,421.5,224.2
35.509256,-82.191058,34000,420.8,224.1
35.481995,-82.223396,34000,420.8,224.1
35.454254,-82.256413,34000,420.1,224.2
35.426486,-82.289351,34000,420.8,224.1
35.401301,-82.319739,34000,420.0,225.2
35.37444,-82.353399,34000,420.1,226.0
35.347549,-82.387333,34000,419.4,225.9
35.320859,-82.420719,34000,419.3,225.7
35.294357,-82.453709,34000,419.3,225.5
35.267556,-82.486871,34000,418.6,225.4
35.24051,-82.520297,34000,418.6,225.4
35.213974,-82.553007,34000,417.9,225.3
35.187114,-82.586117,34000,417.2,225.4
35.160095,-82.619374,34000,416.5,225.3
35.133545,-82.651436,34000,416.5,224.3
35.106308,-82.68361,34000,415.8,224.0
35.079391,-82.715336,34000,415.1,224.1
35.052246,-82.747286,34000,413.7,224.1
35.025345,-82.779121,34000,413.0,224.2
34.998671,-82.810707,34000,413.0,224.2
34.971725,-82.842575,34000,412.3,224.3
34.944856,-82.874451,34000,411.6,224.2
34.917763,-82.906322,34000,410.9,223.9
34.890809,-82.937565,34000,410.9,223.7
34.864088,-82.968464,34000,411.0,223.5
34.836639,-82.999971,34000,411.0,223.5
34.809677,-83.031081,34000,410.2,223.6
34.803909,-83.037751,33975,409.6,223.5
34.800064,-83.042179,33925,408.8,223.6
34.795936,-83.046913,33875,408.1,223.5
34.79187,-83.051652,33800,407.4,223.6
34.785736,-83.058715,33650,407.4,223.6
34.773605,-83.072672,33300,406.0,223.6
34.762185,-83.085938,32900,406.7,223.7
34.750454,-83.099499,32500,408.8,223.6
34.73998,-83.111629,32100,412.3,223.7
34.729111,-83.124184,31700,417.3,223.6
34.71824,-83.136749,31300,421.6,223.6
34.713212,-83.142471,31125,424.4,223.7
34.698669,-83.159273,30725,430.8,223.6
34.684164,-83.175888,30325,431.5,223.5
34.669872,-83.19231,29925,430.1,223.5
34.654907,-83.209496,29525,427.2,223.5
34.640312,-83.226242,29125,425.8,223.5
34.626532,-83.242092,28725,423.7,223.6
34.612106,-83.258767,28325,421.6,223.6
34.597297,-83.275795,27925,419.4,223.6
34.582947,-83.292174,27525,418.1,223.4
34.56904,-83.308125,27150,418.0,223.6
34.564943,-83.312817,27075,418.7,223.6
34.560847,-83.317509,27025,420.1,223.6
34.541977,-83.339314,26775,425.8,223.7
34.537811,-83.344135,26675,426.5,223.8
34.522842,-83.361511,26275,428.6,223.9
34.507782,-83.378944,25900,427.9,223.8
34.49316,-83.395786,25500,428.6,223.7
34.478714,-83.412295,25100,430.1,223.5
34.464577,-83.428459,24700,428.7,223.3
34.449773,-83.445396,24300,426.5,223.6
34.435389,-83.461876,23900,423.0,223.5
34.420864,-83.478584,23500,420.2,223.5
34.407074,-83.494356,23100,418.1,223.4
34.393478,-83.509883,22700,415.9,223.4
34.380364,-83.524818,22300,413.8,223.3
34.365829,-83.541384,21900,411.7,223.4
34.3526,-83.556463,21500,408.9,223.4
34.338886,-83.57214,21100,406.7,223.5
34.325013,-83.58799,20700,403.9,223.5
34.311493,-83.603435,20300,401.8,223.4
34.297668,-83.619298,19900,399.6,223.7
34.283936,-83.635104,19500,397.5,223.6
34.270294,-83.650071,19100,394.5,221.8
34.256332,-83.664812,18700,391.9,221.2
34.24205,-83.679834,18300,389.2,220.9
34.227539,-83.694913,17900,386.4,220.9
34.213989,-83.70915,17500,384.2,221.0
34.201417,-83.722229,17100,381.4,221.0
34.189178,-83.735046,16700,379.2,221.0
34.176636,-83.748219,16300,377.7,221.2
34.164082,-83.761539,15900,376.2,221.4
34.151699,-83.7747,15500,374.1,221.3
34.140564,-83.786559,15125,373.3,221.6
34.129168,-83.79879,14725,373.2,221.9
34.117584,-83.811166,14325,372.6,221.5
34.108359,-83.820877,14025,371.3,221.3
34.104492,-83.824955,13925,370.6,221.2
34.098862,-83.830891,13800,369.2,221.2
34.094487,-83.835526,13750,367.1,221.2
34.090343,-83.839931,13725,364.2,221.4
34.075607,-83.855728,13700,360.5,221.7
34.051254,-83.882017,13700,356.9,222.1
34.027265,-83.907967,13700,355.5,221.8
34.003291,-83.933773,13700,354.1,221.8
33.982342,-83.956089,13700,353.1,220.9
33.974196,-83.963928,13700,352.5,218.2
33.96524,-83.971701,13700,351.5,215.3
33.956273,-83.978691,13700,349.8,212.5
33.942959,-83.98819,13700,347.0,210.5
33.921936,-84.003146,13675,345.2,210.6
33.914655,-84.008331,13600,345.7,210.8
33.891953,-84.024615,13350,348.5,210.9
33.869797,-84.040534,13075,351.2,211.0
33.847366,-84.056509,12825,348.8,210.7
33.825623,-84.071979,12550,347.5,210.6
33.803442,-84.087696,12275,347.5,210.6
33.781143,-84.103489,12025,346.1,210.6
33.76973,-84.111552,11875,343.9,210.6
33.757828,-84.120016,11725,343.0,210.7
33.752747,-84.123604,11700,342.1,210.8
33.725979,-84.142628,11700,340.3,210.6
33.699212,-84.161568,11725,339.4,210.6
33.672351,-84.180622,11700,339.4,210.6
33.66197,-84.187946,11700,330.0,210.6
33.65181,-84.195127,11700,320.5,210.6
33.641347,-84.202538,11700,311.1,210.5
33.632263,-84.208972,11700,301.7,210.5
33.622354,-84.215927,11700,293.6,210.5
33.6129,-84.222593,11700,284.2,210.4
33.6035,-84.229202,11700,274.8,210.4
33.593445,-84.23627,11700,265.8,210.5
33.584367,-84.242649,11700,256.9,210.7
33.57245,-84.251175,11700,248.0,210.8
33.568214,-84.254608,11700,245.0,214.9
33.564514,-84.25813,11700,242.7,218.5
33.560669,-84.262278,11700,242.8,222.2
33.557144,-84.266594,11700,241.9,226.3
33.553736,-84.271431,11700,242.3,230.5
33.550415,-84.276852,11675,241.8,233.8
33.54808,-84.28128,11650,240.8,237.0
33.547405,-84.282646,11650,240.1,238.6
33.546799,-84.283914,11625,239.4,239.4
33.545746,-84.286213,11575,239.5,240.8
33.543494,-84.291859,11425,240.7,244.9
33.541399,-84.298096,11275,243.3,248.3
33.540024,-84.303253,11175,244.1,251.9
33.538788,-84.309302,11075,245.2,256.1
33.537781,-84.315839,10950,245.8,259.9
33.53721,-84.322198,10825,247.3,264.2
33.537003,-84.328802,10725,248.1,268.1
33.537048,-84.33913,10525,248.0,270.7
33.537048,-84.349017,10325,248.0,270.0
33.537024,-84.358801,10125,249.0,269.8
33.537003,-84.369012,9925,250.0,269.8
33.536977,-84.379652,9725,250.0,269.8
33.53693,-84.390863,9550,249.0,270.0
33.536957,-84.401697,9375,248.0,269.8
33.536911,-84.412463,9200,246.0,269.8
33.536911,-84.423615,9025,245.0,269.8
33.536865,-84.433612,8850,244.0,269.8
33.536865,-84.444708,8675,243.0,269.8
33.536837,-84.454483,8500,243.0,270.0
33.536819,-84.464978,8325,242.0,270.0
33.536819,-84.476019,8150,241.0,270.0
33.536819,-84.487555,8000,238.0,269.8
33.536819,-84.497772,7825,237.0,270.0
33.536865,-84.507166,7650,236.0,270.5
33.53693,-84.516925,7475,235.0,270.5
33.537003,-84.526776,7300,234.0,270.5
33.537094,-84.536115,7100,233.0,270.5
33.537094,-84.541113,7000,233.0,270.2
33.53714,-84.545892,6900,233.0,270.2
33.537117,-84.549997,6800,233.0,270.0
33.537094,-84.554626,6700,232.0,269.8
33.537117,-84.559021,6600,232.0,269.8
33.537048,-84.56391,6500,232.0,269.8
33.537048,-84.567865,6400,232.0,269.8
33.537048,-84.57226,6300,232.0,269.8
33.537003,-84.576874,6200,232.0,269.5
33.536957,-84.581158,6100,232.0,269.5
33.536957,-84.584619,6000,233.0,269.5
33.53693,-84.589121,5900,233.0,269.5
33.536865,-84.594122,5800,232.0,269.5
33.536865,-84.598846,5700,231.0,269.5
33.536819,-84.602802,5600,231.0,269.5
33.536819,-84.607031,5500,230.0,269.5
33.536791,-84.61087,5400,230.0,269.5
33.536744,-84.614569,5300,231.0,269.5
33.536744,-84.617764,5200,232.0,269.8
33.536774,-84.620874,5100,233.0,270.2
33.536911,-84.624664,5000,234.1,271.7
33.537163,-84.627629,4900,235.9,274.9
33.537722,-84.631161,4800,238.6,279.9
33.538376,-84.634277,4700,240.8,283.7
33.539566,-84.637903,4600,243.9,290.1
33.54098,-84.641075,4500,246.4,296.2
33.542517,-84.644108,4400,246.5,300.2
33.544464,-84.647192,4300,248.4,306.0
33.546478,-84.649714,4200,249.3,309.6
33.548584,-84.652125,4100,250.3,315.6
33.551175,-84.654465,4000,250.7,321.8
33.554214,-84.656665,3900,250.8,327.7
33.557053,-84.65829,3800,251.0,331.7
33.559788,-84.659557,3700,251.2,338.0
33.562546,-84.66042,3600,251.6,344.1
33.566445,-84.661274,3500,251.2,349.5
33.570308,-84.661846,3400,251.9,352.9
33.573807,-84.662214,3300,251.3,354.1
33.577194,-84.662606,3200,253.1,354.6
33.580811,-84.662999,3100,253.1,354.6
33.583008,-84.663279,3050,254.2,354.4
33.587719,-84.663849,2950,253.3,354.1
33.592346,-84.664344,2850,250.8,355.4
33.595866,-84.664364,2775,250.3,357.2
33.597029,-84.664307,2775,249.0,0.2
33.599217,-84.664078,2750,249.2,2.1
33.602829,-84.663279,2725,245.4,8.0
33.605392,-84.662326,2700,243.0,13.8
33.608155,-84.66116,2700,240.1,19.7
33.611115,-84.659411,2700,237.1,25.5
33.613953,-84.657225,2700,233.6,32.1
33.615967,-84.655151,2700,230.8,36.7
33.617844,-84.652909,2700,226.3,44.3
33.619446,-84.650331,2700,221.5,51.8
33.621002,-84.647136,2700,218.3,57.0
33.621964,-84.644165,2700,213.4,64.8
33.622447,-84.642563,2700,209.4,70.2
33.622866,-84.63953,2700,206.4,75.7
33.623016,-84.637999,2700,203.4,81.2
33.622912,-84.635124,2700,200.3,87.1
33.62268,-84.632549,2700,197.2,92.6
33.622168,-84.629974,2700,193.5,99.2
33.620305,-84.617786,2700,192.9,98.1
33.61998,-84.612637,2725,194.5,94.1
33.619858,-84.60661,2725,195.0,90.9
33.619933,-84.596443,2700,194.0,88.8
33.620178,-84.589009,2700,189.2,87.6
33.620259,-84.583569,2700,185.1,88.4
33.620316,-84.57763,2700,181.0,89.7
33.620399,-84.564114,2700,176.0,88.7
33.620538,-84.552612,2725,171.0,89.3
33.620585,-84.549637,2700,168.0,89.7
33.620585,-84.545574,2625,163.0,89.3
33.620682,-84.540412,2525,158.0,88.9
33.620678,-84.534874,2425,153.0,90.0
33.620631,-84.531384,2375,148.0,91.2
33.620544,-84.527351,2275,144.1,91.6
33.620399,-84.523087,2175,142.1,91.6
33.620361,-84.518439,2075,143.0,90.4
33.620361,-84.513674,1975,143.0,90.4
33.62027,-84.509246,1875,143.0,90.8
33.620212,-84.504547,1775,144.0,90.8
33.620212,-84.499226,1675,145.0,90.0
33.620212,-84.494476,1575,146.0,89.6
33.620212,-84.489441,1475,147.0,90.0
33.620212,-84.484062,1375,148.0,90.4
33.620224,-84.478697,1275,148.0,89.6
33.620224,-84.473316,1175,149.0,90.0
33.620259,-84.467525,1075,151.0,89.6
33.62027,-84.461994,975,152.0,90.4
33.620259,-84.456139,875,152.0,90.0
33.620259,-84.450016,775,152.0,89.2
33.62027,-84.446187,700,151.0,89.6
33.62027,-84.441759,675,147.0,89.6
33.620305,-84.440517,650,145.0,90.0
33.620305,-84.439487,625,140.0,89.6
33.620305,-84.438915,625,136.0,89.6
33.62027,-84.438115,625,131.0,89.6
33.620305,-84.43697,625,127.0,89.6
33.620259,-84.436684,625,116.0,89.5
33.620259,-84.436111,625,110.0,89.0
33.62027,-84.435313,650,104.0,88.9
33.620305,-84.435081,650,98.0,88.8
33.62027,-84.434023,650,88.0,88.7
33.620294,-84.433808,-50.0,87.0,90.0
33.620294,-84.433465,-50.0,83.0,90.0
33.620294,-84.43305,-50.0,81.0,90.0
33.620293,-84.43265,-50.0,77.0,90.0
33.620293,-84.432118,-50.0,73.0,90.0
33.620294,-84.431577,-50.0,71.0,90.0
33.620281,-84.431039,-50.0,67.5,90.0
33.620282,-84.430532,-50.0,65.5,90.0
33.620282,-84.430046,-50.0,63.5,90.0
33.620293,-84.429539,-50.0,60.5,90.0
33.620294,-84.429116,-50.0,58.5,90.0
33.620294,-84.428587,-50.0,54.5,90.0
33.620294,-84.428072,-50.0,50.5,90.0
33.620305,-84.427643,-50.0,46.5,90.0
33.620316,-84.427199,-50.0,43.5,90.0
33.620316,-84.426723,-50.0,41.5,87.2
33.62034,-84.426312,-50.0,38.5,84.4
33.620375,-84.426098,-50.0,37.5,81.6
33.620407,-84.42591,-50.0,36.5,78.8
33.620453,-84.425644,-50.0,36.5,75.9
33.620522,-84.425363,-50.0,35.5,73.1
33.620602,-84.425139,-50.0,33.5,70.3
33.620705,-84.424845,-50.0,30.5,67.5
33.620853,-84.424452,-50.0,27.5,64.7
33.620934,-84.424267,-50.0,25.5,61.9
33.621015,-84.424124,-50.0,23.5,59.1
33.62112,-84.423938,-50.0,21.5,53.4
33.621213,-84.423809,-50.0,20.5,47.8
33.621265,-84.423752,-50.0,19.5,42.2
33.621391,-84.423668,-50.0,18.5,30.9
33.621552,-84.42364,-50.0,17.5,11.2
33.621655,-84.423637,-50.0,17.5,0.0
33.621769,-84.423682,-50.0,16.5,345.9
33.621842,-84.423723,-50.0,16.5,337.5
33.6219,-84.42378,-50.0,15.5,329.1
33.62197,-84.423852,-50.0,15.5,320.6
33.622009,-84.42392,-50.0,15.5,309.4
33.622055,-84.42406,-50.0,14.8,298.1
33.622078,-84.424172,-50.0,14.2,286.9
33.622078,-84.424242,-50.0,14.2,278.4
33.622063,-84.424381,-50.0,14.2,270.0
33.622051,-84.424481,-50.0,14.2,261.6
33.622005,-84.42461,-50.0,14.2,253.1
33.621935,-84.424839,-50.0,14.8,247.5
33.621792,-84.425279,-50.0,16.5,250.3
33.621737,-84.425483,-50.0,17.5,255.9
33.6217,-84.425742,-50.0,18.5,258.8
33.621689,-84.425966,-50.0,19.5,264.4
33.621689,-84.426288,-50.0,20.5,272.8
33.621712,-84.426582,-50.0,21.5,275.6
33.62178,-84.427017,-50.0,21.5,278.4
33.621849,-84.427549,-50.0,22.5,278.4
33.621912,-84.427972,-50.0,22.5,278.4
33.621981,-84.42843,-50.0,22.5,281.2
33.622051,-84.428902,-50.0,23.5,278.4
33.622098,-84.429359,-50.0,23.5,275.6
33.622124,-84.429806,-50.0,23.5,272.8
33.622124,-84.430254,-50.0,23.5,270.0
33.622124,-84.430772,-50.0,23.5,270.0
33.622124,-84.431277,-50.0,23.5,270.0
33.622121,-84.431777,-50.0,22.5,270.0
33.622121,-84.432306,-50.0,22.5,270.0
33.622121,-84.432793,-50.0,20.5,270.0
33.622124,-84.433267,-50.0,16.5,270.0
33.622135,-84.433393,-50.0,15.5,275.6
33.622179,-84.433537,-50.0,14.8,284.1
33.622227,-84.433659,-50.0,14.8,292.5
33.622272,-84.433751,-50.0,14.8,303.8
33.622342,-84.433837,-50.0,14.8,312.2
33.622412,-84.433894,-50.0,15.5,320.6
33.622482,-84.433937,-50.0,15.5,329.1
33.622552,-84.433966,-50.0,15.5,337.5
33.622645,-84.433966,-50.0,15.5,345.9
33.622761,-84.43398,-50.0,15.5,354.4
33.622959,-84.43398,-50.0,16.5,0.0
33.62339,-84.43398,-50.0,16.5,0.0
33.62382,-84.43398,-50.0,18.5,0.0
33.624264,-84.433981,-50.0,20.5,0.0
33.624681,-84.43398,-50.0,22.5,0.0
33.625099,-84.433981,-50.0,23.5,0.0
33.625477,-84.433981,-50.0,24.5,0.0
33.625927,-84.43398,-50.0,26.5,0.0
33.626322,-84.43398,-50.0,26.5,0.0
33.626753,-84.43398,-50.0,26.5,0.0
33.627137,-84.43398,-50.0,26.5,0.0
33.627571,-84.433981,-50.0,26.5,0.0
33.627972,-84.433981,-50.0,25.5,0.0
33.628384,-84.433981,-50.0,25.5,0.0
33.62872,-84.43398,-50.0,24.5,0.0
33.62915,-84.433967,-50.0,22.5,0.0
33.629585,-84.433981,-50.0,21.5,0.0
33.630023,-84.43398,-50.0,19.5,0.0
33.630329,-84.433995,-50.0,19.5,357.2
33.630454,-84.434023,-50.0,18.5,351.6
33.630594,-84.43408,-50.0,17.5,343.1
33.630981,-84.43422,-50.0,16.5,345.9
33.631096,-84.434234,-50.0,16.5,351.6
33.631292,-84.434237,-50.0,17.5,357.2
33.631687,-84.434237,-50.0,16.5,0.0
33.632118,-84.434237,-50.0,16.5,0.0
33.632538,-84.434248,-50.0,17.5,0.0
33.632979,-84.434237,-50.0,15.5,0.0
33.633167,-84.434248,-50.0,14.2,354.4
33.633293,-84.43429,-50.0,13.2,348.8
33.633375,-84.434323,-50.0,12.8,337.5
33.633456,-84.434409,-50.0,12.2,329.1
33.633511,-84.434458,-50.0,11.8,320.6
33.63355,-84.434538,-50.0,11.2,312.2
33.633579,-84.434626,-50.0,11.2,300.9
33.633591,-84.43471,-50.0,11.2,292.5
33.633608,-84.43481,-50.0,11.2,284.1
33.633614,-84.434906,-50.0,11.8,278.4
33.633614,-84.435145,-50.0,12.8,272.8
33.633614,-84.435635,-50.0,14.8,270.0
33.633619,-84.436154,-50.0,16.5,270.0
33.633619,-84.436655,-50.0,17.5,270.0
33.633614,-84.437148,-50.0,19.5,270.0
33.633614,-84.437639,-50.0,20.5,270.0
33.633614,-84.438073,-50.0,21.5,270.0
33.633608,-84.438586,-50.0,22.5,270.0
33.633608,-84.439101,-50.0,23.5,270.0
33.633608,-84.439631,-50.0,23.5,270.0
33.633614,-84.440161,-50.0,23.5,270.0
33.633608,-84.440646,-50.0,23.5,270.0
33.633614,-84.440988,-50.0,23.5,270.0
33.633614,-84.441675,-50.0,23.5,270.0
33.633614,-84.442011,-50.0,23.5,270.0
33.633614,-84.442515,-50.0,22.5,270.0
33.633614,-84.44302,-50.0,22.5,270.0
33.633608,-84.443607,-50.0,22.5,270.0
33.633614,-84.444001,-50.0,22.5,270.0
33.633608,-84.444523,-50.0,22.5,270.0
33.633614,-84.445024,-50.0,21.5,270.0
33.633614,-84.4455,-50.0,21.5,270.0
33.633608,-84.446025,-50.0,19.5,270.0
33.633614,-84.446551,-50.0,15.5,270.0
33.633608,-84.447083,-50.0,11.8,270.0
33.633614,-84.447364,-50.0,11.2,272.8
33.633631,-84.447484,-50.0,11.2,281.2
33.633678,-84.44757,-50.0,11.2,292.5
33.633747,-84.447656,-50.0,11.8,303.8
33.633771,-84.447699,-50.0,11.8,309.4
33.633841,-84.447727,-50.0,12.2,320.6
33.6339,-84.44777,-50.0,12.2,331.9
33.633992,-84.447799,-50.0,12.2,343.1
33.634094,-84.447798,-50.0,12.8,351.6
33.634236,-84.447799,-50.0,13.2,357.2
33.634644,-84.447798,-50.0,14.8,0.0
33.635078,-84.447798,-50.0,16.5,0.0
33.635525,-84.447812,-50.0,14.8,0.0
33.635811,-84.447798,-50.0,14.2,2.8
33.63597,-84.44777,-50.0,13.8,8.4
33.636063,-84.447742,-50.0,13.8,11.2
33.636191,-84.447684,-50.0,14.2,19.7
33.636273,-84.447627,-50.0,14.2,28.1
33.636383,-84.447532,-50.0,14.2,36.6
33.636471,-84.447412,-50.0,15.5,45.0
33.636529,-84.447327,-50.0,15.5,50.6
33.636566,-84.447252,-50.0,15.5,59.1
33.6366,-84.447112,-50.0,15.5,67.5
33.636634,-84.446983,-50.0,15.5,75.9
33.636645,-84.446826,-50.0,15.5,84.4
33.636645,-84.446597,-50.0,15.5,90.0
33.636635,-84.446061,-50.0,15.5,90.0
33.636635,-84.445795,-50.0,11.2,90.0
33.636635,-84.445654,-50.0,6.2,90.0
33.636635,-84.445374,-50.0,4.8,90.0
33.636635,-84.445024,-50.0,6.8,90.0
33.636634,-84.444566,-50.0,9.2,90.0
33.636635,-84.444043,-50.0,10.8,90.0
33.636635,-84.44351,-50.0,10.2,90.0
33.636635,-84.443034,-50.0,8.8,90.0
33.636635,-84.442515,-50.0,9.8,90.0
33.636634,-84.441977,-50.0,10.8,90.0
33.636635,-84.44145,-50.0,11.8,90.0
33.636646,-84.441044,-50.0,11.8,87.2
33.636681,-84.440904,-50.0,11.8,78.8
33.636726,-84.440792,-50.0,10.8,67.5
33.636785,-84.440703,-50.0,10.8,59.1
33.636829,-84.440638,-50.0,10.8,50.6
33.636866,-84.440603,-50.0,10.8,45.0
33.637001,-84.440526,-50.0,11.2,28.1
33.637239,-84.440489,-50.0,11.8,5.6
33.637505,-84.440498,-50.0,12.8,0.0
33.637925,-84.440489,-50.0,14.2,0.0
33.638356,-84.440489,-50.0,14.2,0.0
33.638787,-84.440489,-50.0,13.8,0.0
33.639217,-84.440489,-50.0,13.8,0.0
33.639599,-84.440498,-50.0,13.8,0.0
33.640032,-84.440489,-50.0,13.8,0.0
33.640404,-84.440489,-50.0,13.2,0.0
33.6408,-84.440498,-50.0,12.8,0.0
33.641247,-84.440484,-50.0,12.2,0.0
33.641659,-84.440498,-50.0,13.2,0.0
33.642094,-84.440498,-50.0,13.8,0.0
33.642453,-84.440489,-50.0,13.2,0.0
33.642883,-84.440489,-50.0,13.2,0.0
33.643112,-84.440526,-50.0,13.2,351.6
33.643295,-84.440596,-50.0,13.2,337.5
33.643456,-84.440764,-50.0,12.8,320.6
33.643698,-84.441018,-50.0,12.2,323.4
33.643779,-84.441061,-50.0,12.2,331.9
33.643856,-84.4411,-50.0,11.8,337.5
33.643993,-84.441114,-50.0,11.8,348.8
33.644117,-84.441133,-50.0,11.8,354.4
33.64428,-84.441133,-50.0,11.2,0.0
33.644508,-84.441142,-50.0,10.8,357.2
33.644582,-84.441175,-50.0,10.2,348.8
33.644634,-84.441198,-50.0,10.2,343.1
33.644699,-84.441261,-50.0,10.2,331.9
33.644804,-84.44139,-50.0,10.2,315.0
33.64484,-84.44145,-50.0,10.2,309.4
33.644909,-84.441577,-50.0,10.2,306.6
33.645048,-84.441819,-50.0,10.2,303.8
33.645118,-84.441962,-50.0,10.2,300.9
33.645153,-84.442077,-50.0,9.8,295.3
33.645176,-84.442177,-50.0,9.2,286.9
33.645184,-84.442291,-50.0,9.2,281.2
33.645188,-84.442449,-50.0,8.8,275.6
33.645195,-84.442586,-50.0,7.8,272.8
33.645195,-84.442768,-50.0,5.8,270.0
33.645188,-84.442806,-50.0,4.8,264.4
33.645149,-84.442838,-50.0,3.8,250.3
33.645126,-84.442852,-50.0,3.8,239.1
33.645106,-84.442863,-50.0,3.8,233.4
33.645081,-84.442866,-50.0,3.2,222.2
33.645048,-84.442878,-50.0,3.8,213.8
33.645012,-84.44288,-50.0,3.8,205.3
33.644966,-84.44288,-50.0,4.2,196.9
33.64492,-84.442878,-50.0,4.2,188.4
33.644862,-84.442878,-50.0,3.8,185.6
33.644757,-84.442878,-50.0,3.2,182.8
33.644691,-84.44288,-50.0,2.8,180.0
33.644594,-84.442892,-50.0,0.0,180.0
33.644594,-84.442892,-50.0,0.0,180.0
33.644737,-84.442894,-50.0,2.2,188.4
33.64478,-84.442892,-50.0,2.2,191.2
33.64484,-84.44288,-50.0,2.2,196.9
33.64492,-84.442863,-50.0,2.2,194.1
33.644943,-84.442835,-50.0,2.2,191.2
33.644967,-84.442821,-50.0,2.2,185.6
33.64499,-84.442806,-50.0,1.9,180.0
33.645,-84.442796,-50.0,1.9,174.4
33.645023,-84.442796,-50.0,1.9,168.8
33.645035,-84.442782,-50.0,1.6,163.1
33.645046,-84.442768,-50.0,1.6,157.5
33.64506,-84.442763,-50.0,1.6,154.7
33.645069,-84.442768,-50.0,1.6,146.2
33.645083,-84.442763,-50.0,1.6,137.8
33.645092,-84.44274,-50.0,1.4,132.2
33.645118,-84.442749,-50.0,1.4,123.8
33.645138,-84.442754,-50.0,1.6,118.1
33.645153,-84.442763,-50.0,1.6,112.5
33.645164,-84.442763,-50.0,1.4,106.9
33.645172,-84.442782,-50.0,1.6,101.2
33.645188,-84.442806,-50.0,1.9,95.6
33.645195,-84.442838,-50.0,1.4,90.0
33.645206,-84.44288,-50.0,2.2,87.2
33.645211,-84.442921,-50.0,1.1,84.4
33.645206,-84.442908,-50.0,0.2,84.4
33.645199,-84.442878,-50.0,1.4,87.2
33.645199,-84.442863,-50.0,1.4,90.0
33.645184,-84.44281,-50.0,1.6,92.8
33.645188,-84.442778,-50.0,1.9,92.8
33.645188,-84.442677,-50.0,0.0,90.0
33.645184,-84.442501,-50.0,0.8,90.0
33.645188,-84.442506,-50.0,0.0,90.0
33.645188,-84.442506,-50.0,0.0,90.0
33.645184,-84.442473,-50.0,0.0,90.0
33.645184,-84.442277,-50.0,4.8,90.0
33.645188,-84.442177,-50.0,5.2,92.8
33.645161,-84.442123,-50.0,5.8,98.4
33.645141,-84.442062,-50.0,5.8,104.1
33.645106,-84.441977,-50.0,5.8,109.7
33.645058,-84.441885,-50.0,5.8,115.3
33.644989,-84.441731,-50.0,5.2,118.1
33.644909,-84.441563,-50.0,4.8,120.9
33.644783,-84.441338,-50.0,0.0,120.9
33.644783,-84.441338,-50.0,0.0,120.9
33.644791,-84.44133,-50.0,0.0,120.9
33.644794,-84.441338,-50.0,0.0,120.9
33.644783,-84.441338,-50.0,0.0,123.8
33.644714,-84.441254,-50.0,2.8,132.2
33.64468,-84.441226,-50.0,2.8,135.0
33.644652,-84.441204,-50.0,3.2,140.6
33.644611,-84.441184,-50.0,3.2,146.2
33.644571,-84.441161,-50.0,3.8,151.9
33.644524,-84.441161,-50.0,3.8,157.5
33.644478,-84.441147,-50.0,4.2,163.1
33.644408,-84.441147,-50.0,4.8,168.8
33.644325,-84.441142,-50.0,5.2,174.4
33.644233,-84.441133,-50.0,5.8,177.2
33.644094,-84.441133,-50.0,6.8,180.0
33.643873,-84.441147,-50.0,7.8,182.8
33.64364,-84.441147,-50.0,8.2,180.0
33.643513,-84.441114,-50.0,8.2,174.4
33.643387,-84.441086,-50.0,8.8,168.8
33.643284,-84.441044,-50.0,8.8,163.1
33.643101,-84.440932,-50.0,9.2,154.7
33.642802,-84.440732,-50.0,9.8,146.2
33.642662,-84.440618,-50.0,9.8,149.1
33.642551,-84.440568,-50.0,9.8,154.7
33.642403,-84.440526,-50.0,9.2,163.1
33.642104,-84.440503,-50.0,9.2,177.2
33.641906,-84.440503,-50.0,8.8,180.0
33.641533,-84.440503,-50.0,8.8,180.0
33.641114,-84.440503,-50.0,8.8,180.0
33.640755,-84.440498,-50.0,8.8,180.0
33.640404,-84.440503,-50.0,8.2,180.0
33.640009,-84.440503,-50.0,8.2,180.0
33.639622,-84.440498,-50.0,8.2,180.0
33.639244,-84.440498,-50.0,8.8,180.0
33.638889,-84.440498,-50.0,8.2,180.0
33.638542,-84.440503,-50.0,3.2,180.0
33.638409,-84.440498,-50.0,1.6,180.0
33.638286,-84.440489,-50.0,4.2,180.0
33.638019,-84.440489,-50.0,6.2,180.0
33.637681,-84.440489,-50.0,1.6,180.0
33.637424,-84.440498,-50.0,4.8,180.0
33.637274,-84.440503,-50.0,4.8,177.2
33.637161,-84.440498,-50.0,6.8,177.2
33.637029,-84.440475,-50.0,8.2,171.6
33.636948,-84.440432,-50.0,8.8,163.1
33.636841,-84.440357,-50.0,8.8,151.9
33.636784,-84.440287,-50.0,8.2,143.4
33.636738,-84.440231,-50.0,8.2,135.0
33.636703,-84.440147,-50.0,7.8,126.6
33.636681,-84.440091,-50.0,7.8,120.9
33.636658,-84.439993,-50.0,7.2,112.5
33.636658,-84.439923,-50.0,7.2,106.9
33.636645,-84.439845,-50.0,7.2,98.4
33.636635,-84.439657,-50.0,7.8,95.6
33.636645,-84.439516,-50.0,7.8,90.0
33.636646,-84.439124,-50.0,6.2,90.0
33.636645,-84.438787,-50.0,2.8,90.0
33.636645,-84.4384,-50.0,4.2,90.0
33.636645,-84.438086,-50.0,6.2,90.0
33.636645,-84.437671,-50.0,8.2,90.0
33.636645,-84.437199,-50.0,9.2,90.0
33.636645,-84.436669,-50.0,9.8,90.0
33.636645,-84.436169,-50.0,9.2,90.0
33.636645,-84.435668,-50.0,8.8,90.0
33.636646,-84.435187,-50.0,8.8,90.0
33.636635,-84.434738,-50.0,9.8,90.0
33.636635,-84.43422,-50.0,11.8,90.0
33.636645,-84.433708,-50.0,12.8,90.0
33.636645,-84.433193,-50.0,13.8,90.0
33.636645,-84.432735,-50.0,14.2,90.0
33.636646,-84.432202,-50.0,13.8,90.0
33.636646,-84.431669,-50.0,12.2,90.0
33.636646,-84.431151,-50.0,8.2,90.0
33.636623,-84.431081,-50.0,7.2,98.4
33.6366,-84.431039,-50.0,7.2,109.7
33.636555,-84.431011,-50.0,7.2,120.9
33.636517,-84.43099,-50.0,6.8,135.0
33.636471,-84.43099,-50.0,6.8,143.4
33.636366,-84.430976,-50.0,7.2,163.1
33.636308,-84.430976,-50.0,7.2,171.6
33.636234,-84.430969,-50.0,7.8,180.0
33.636154,-84.430997,-50.0,8.2,188.4
33.63612,-84.431011,-50.0,8.2,194.1
33.63604,-84.431076,-50.0,8.2,202.5
33.635983,-84.431137,-50.0,8.2,210.9
33.635935,-84.43119,-50.0,8.2,219.4
33.635889,-84.431262,-50.0,7.8,227.8
33.635857,-84.431347,-50.0,7.8,236.2
33.635845,-84.431431,-50.0,7.2,247.5
33.635831,-84.431505,-50.0,7.8,255.9
33.635834,-84.431627,-50.0,7.8,261.6
33.635819,-84.431791,-50.0,8.8,267.2
33.635819,-84.432163,-50.0,10.2,270.0
33.635831,-84.432693,-50.0,11.8,270.0
33.635822,-84.433211,-50.0,12.8,270.0
33.635819,-84.433708,-50.0,12.8,270.0
33.635819,-84.434237,-50.0,12.2,270.0
33.635819,-84.434752,-50.0,11.8,270.0
33.635822,-84.435285,-50.0,11.8,270.0
33.635822,-84.435803,-50.0,11.2,270.0
33.635822,-84.436336,-50.0,11.2,270.0
33.635819,-84.436855,-50.0,10.8,270.0
33.635819,-84.43737,-50.0,10.2,270.0
33.635822,-84.437863,-50.0,10.2,270.0
33.635822,-84.438396,-50.0,9.8,270.0
33.635819,-84.438915,-50.0,9.2,270.0
33.635822,-84.439363,-50.0,8.8,270.0
33.635822,-84.439853,-50.0,8.2,270.0
33.635822,-84.440315,-50.0,7.8,270.0
33.635822,-84.440722,-50.0,7.8,270.0
33.635819,-84.441118,-50.0,7.2,270.0
33.635822,-84.441478,-50.0,6.8,270.0
33.635822,-84.441843,-50.0,6.8,270.0
33.635822,-84.442179,-50.0,6.2,270.0
33.635822,-84.442473,-50.0,5.8,270.0
33.635819,-84.442792,-50.0,5.8,270.0
33.635822,-84.44309,-50.0,5.2,270.0
33.635822,-84.44358,-50.0,4.2,270.0
33.635822,-84.444029,-50.0,3.8,270.0
33.635822,-84.444281,-50.0,3.8,270.0
33.635819,-84.444337,-50.0,3.8,267.2
33.635799,-84.444407,-50.0,3.8,261.6
33.635788,-84.444463,-50.0,3.2,255.9
33.635765,-84.444491,-50.0,1.9,253.1
33.635754,-84.444519,-50.0,1.9,250.3
33.635738,-84.444551,-50.0,2.2,247.5
33.635714,-84.444594,-50.0,2.2,241.9
33.635674,-84.444645,-50.0,3.2,239.1
33.635651,-84.444688,-50.0,3.2,236.2
33.635605,-84.444744,-50.0,3.8,230.6
33.635571,-84.444772,-50.0,4.2,225.0
33.635516,-84.444809,-50.0,5.2,219.4
33.635458,-84.444838,-50.0,6.2,210.9
33.635377,-84.444866,-50.0,7.2,202.5
33.635307,-84.444895,-50.0,8.2,196.9
33.635193,-84.444912,-50.0,8.8,191.2
33.635044,-84.444926,-50.0,9.2,185.6
33.63493,-84.444926,-50.0,9.2,180.0
33.63485,-84.444912,-50.0,8.8,171.6
33.634792,-84.444856,-50.0,8.2,154.7
33.63476,-84.444795,-50.0,7.2,143.4
33.634735,-84.444744,-50.0,7.2,132.2
33.634725,-84.44468,-50.0,6.8,120.9
33.634724,-84.444631,-50.0,6.8,112.5
33.634724,-84.444575,-50.0,6.8,104.1
33.634725,-84.444509,-50.0,6.8,98.4
33.634724,-84.444393,-50.0,7.8,92.8
33.634725,-84.443994,-50.0,12.2,90.0
33.634725,-84.443779,-50.0,16.5,90.0
33.634725,-84.443507,-50.0,25.5,90.0
33.634725,-84.443221,-50.0,29.5,90.0
33.634724,-84.443076,-50.0,34.5,90.0
33.634725,-84.442706,-50.0,38.5,90.0
33.634725,-84.442563,-50.0,43.5,90.0
33.634725,-84.442163,-50.0,47.5,90.0
33.634725,-84.441447,-50.0,56.5,90.0
33.634724,-84.4411,-50.0,60.5,90.0
33.634725,-84.440432,-50.0,68.5,90.0
33.634725,-84.439988,-50.0,73.0,90.0
33.634725,-84.439402,-50.0,77.0,90.0
33.634724,-84.43897,-50.0,81.0,90.0
33.634725,-84.438457,-50.0,85.0,90.0
33.634737,-84.438286,725,85.0,123.0
33.634735,-84.438003,725,89.0,90.0
33.634735,-84.437387,725,93.0,90.0
33.634737,-84.436512,725,97.0,90.0
33.634735,-84.435257,725,101.0,90.0
33.634737,-84.434967,725,108.0,90.0
33.634737,-84.434052,725,112.0,90.0
33.634737,-84.433079,725,115.0,90.0
33.634737,-84.432449,725,119.0,90.0
33.634737,-84.431763,725,123.0,90.0
33.634735,-84.431053,725,129.0,90.4
33.634735,-84.429483,725,133.0,90.4
33.634735,-84.428642,725,136.0,90.0
33.634735,-84.427297,725,139.0,90.0
33.634737,-84.426155,725,146.0,90.0
33.634737,-84.425297,725,149.0,90.0
33.634735,-84.423878,700,156.0,90.0
33.634735,-84.422084,700,159.0,90.0
33.634737,-84.421234,700,165.0,90.0
33.634737,-84.419174,700,168.0,90.0
33.634737,-84.418545,700,171.0,90.0
33.634737,-84.417858,725,176.0,89.7
33.634735,-84.416143,725,179.0,89.7
33.634783,-84.414597,750,181.0,89.7
33.634783,-84.41391,775,182.0,89.4
33.634783,-84.41288,800,183.0,89.4
33.634781,-84.411771,850,183.0,89.1
33.63483,-84.409733,950,182.0,89.1
33.634872,-84.408856,975,181.0,88.7
33.634876,-84.407272,1050,181.0,88.7
33.634923,-84.404697,1150,183.0,89.1
33.634964,-84.401737,1250,184.0,89.1
33.635016,-84.398861,1350,185.0,88.8
33.635063,-84.39703,1425,186.1,88.5
33.635063,-84.395485,1500,186.0,88.8
33.635109,-84.393482,1600,186.0,89.1
33.635101,-84.391536,1675,185.0,89.4
33.635101,-84.389798,1775,185.0,89.4
33.635147,-84.388397,1825,185.0,89.7
33.635156,-84.385929,1925,186.0,89.7
33.635147,-84.383968,2000,186.0,90.0
33.635109,-84.38015,2100,190.0,90.6
33.635063,-84.375916,2200,194.0,91.2
33.634969,-84.372997,2275,198.1,91.7
33.63483,-84.369049,2375,201.2,92.3
33.634735,-84.365583,2425,206.1,91.9
33.634597,-84.362583,2500,210.2,92.4
33.63446,-84.358521,2600,214.2,92.4
33.634364,-84.356232,2675,215.2,92.4
33.634323,-84.354317,2750,216.1,92.1
33.634271,-84.352512,2825,217.1,91.8
33.634232,-84.350561,2925,216.1,91.6
33.634186,-84.348431,3025,216.1,91.3
33.634186,-84.346413,3125,216.1,91.3
33.634131,-84.344387,3225,216.0,91.1
33.634085,-84.342327,3325,215.0,91.1
33.634094,-84.340584,3425,214.0,91.1
33.634038,-84.338665,3525,214.0,91.1
33.634038,-84.336777,3625,213.0,91.1
33.634003,-84.334922,3725,213.0,91.1
33.633945,-84.333172,3825,212.0,91.1
33.633945,-84.331398,3925,212.0,91.1
33.633911,-84.329149,4025,211.0,91.1
33.633865,-84.326963,4125,212.0,91.1
33.633852,-84.324589,4225,213.0,91.1
33.63382,-84.32231,4300,215.0,91.1
33.633759,-84.320354,4350,216.0,91.1
33.633759,-84.31818,4375,219.0,91.1
33.633682,-84.315696,4425,222.0,91.0
33.633666,-84.312401,4475,225.0,91.0
33.633636,-84.309923,4525,229.0,91.0
33.633573,-84.306793,4575,233.0,91.0
33.633526,-84.303246,4675,237.1,91.2
33.633408,-84.298432,4750,242.1,91.4
33.633316,-84.293836,4825,247.1,91.4
33.633247,-84.290199,4850,251.1,91.4
33.633154,-84.286194,4900,256.1,91.6
33.633107,-84.283962,4950,259.1,91.8
33.633041,-84.282065,4975,261.1,91.8
33.633041,-84.281224,5000,262.1,91.8
33.632968,-84.279156,5050,263.1,91.7
33.63295,-84.277524,5075,264.1,91.7
33.632921,-84.275436,5150,265.1,91.5
33.632858,-84.272648,5250,266.1,91.3
33.632812,-84.269509,5350,267.0,91.1
33.632781,-84.266682,5450,268.0,91.1
33.632735,-84.26445,5525,268.0,90.9
33.632735,-84.261189,5675,268.0,90.6
33.632688,-84.258671,5775,268.0,90.4
33.632688,-84.256439,5875,267.0,90.4
33.632688,-84.254379,5950,267.0,90.0
33.632721,-84.252132,6050,267.0,90.0
33.632721,-84.24961,6150,267.0,89.8
33.632735,-84.246368,6250,268.0,89.8
33.632735,-84.243393,6350,269.0,89.8
33.632767,-84.240361,6450,270.0,89.6
33.632812,-84.236886,6550,271.0,89.6
33.632812,-84.233747,6650,271.0,89.4
33.632875,-84.230862,6750,272.0,89.4
33.632875,-84.227085,6850,273.0,89.4
33.632921,-84.224339,6950,274.0,89.4
33.632996,-84.217156,7150,276.0,89.2
33.633087,-84.210205,7350,278.0,89.4
33.633087,-84.203871,7550,280.0,89.8
33.633087,-84.196696,7750,281.0,90.0
33.633107,-84.189434,7950,283.0,90.0
33.633107,-84.18251,8150,285.0,90.0
33.633154,-84.176674,8350,286.0,89.8
33.633179,-84.170127,8550,286.0,89.6
33.6332,-84.164429,8750,286.0,89.8
33.633154,-84.158535,8950,286.0,90.2
33.633107,-84.152699,9150,286.0,90.4
33.633087,-84.146305,9350,287.0,90.4
33.633041,-84.138289,9550,290.0,90.2
33.633041,-84.129209,9750,293.0,89.8
33.633294,-84.120483,9925,296.3,87.3
33.634085,-84.113617,10050,300.4,82.7
33.635016,-84.108467,10150,304.0,78.6
33.636413,-84.102974,10225,308.7,74.2
33.638088,-84.097939,10300,315.1,68.4
33.640686,-84.091822,10400,319.8,63.8
33.643158,-84.087057,10450,325.0,59.5
33.646095,-84.08226,10525,331.0,53.5
33.649612,-84.077528,10600,336.1,49.3
33.654419,-84.071699,10700,341.5,45.4
33.657303,-84.068392,10775,345.1,43.8
33.660919,-84.0643,10900,346.6,43.4
33.665909,-84.058751,11100,348.1,42.9
33.671327,-84.052677,11300,348.8,43.0
33.676804,-84.046587,11500,350.9,43.2
33.683384,-84.03923,11700,354.5,42.8
33.690972,-84.030933,11900,358.2,42.3
33.698776,-84.022429,12175,361.0,42.3
33.710384,-84.009647,12575,363.7,42.8
33.720532,-83.998318,12925,365.8,42.9
33.728989,-83.988965,13275,365.8,42.9
33.737803,-83.979149,13675,365.1,42.8
33.747116,-83.968842,14025,365.1,42.8
33.758379,-83.956203,14425,367.1,43.3
33.767783,-83.94556,14825,366.4,43.5
33.77444,-83.938007,15075,366.4,43.7
33.780441,-83.931119,15275,367.8,43.7
33.792363,-83.917351,15600,372.7,43.8
33.800034,-83.908529,15725,377.7,43.9
33.805206,-83.902476,15825,379.8,44.0
33.807129,-83.900234,15875,381.2,44.3
33.820038,-83.884707,16275,384.7,45.4
33.833176,-83.86862,16675,386.8,45.5
33.844116,-83.855279,17075,386.8,45.5
33.855606,-83.841378,17475,387.5,45.2
33.866867,-83.827814,17875,386.8,45.1
33.87746,-83.815155,18175,389.6,44.9
33.892365,-83.797489,18525,393.9,44.5
33.906647,-83.780673,18925,397.4,44.4
33.921033,-83.763828,19300,399.5,44.3
33.935669,-83.746705,19700,401.7,44.2
33.947242,-83.732643,20000,403.1,46.0
33.954895,-83.72221,20225,404.1,49.2
33.963256,-83.709755,20500,405.3,51.9
33.975173,-83.690357,20875,406.2,53.6
33.986858,-83.671417,21275,406.8,53.5
33.998868,-83.651962,21650,407.4,53.4
34.006456,-83.639774,21875,408.2,53.5
34.019897,-83.617952,22225,411.2,53.6
34.033643,-83.595543,22575,414.0,53.5
34.047592,-83.572886,22925,415.4,53.5
34.061371,-83.550465,23275,417.6,53.6
34.074888,-83.528481,23625,420.4,53.5
34.088333,-83.506632,23975,422.6,53.6
34.102524,-83.483426,24325,424.0,53.5
34.117218,-83.459379,24675,426.4,53.8
34.132187,-83.434716,25000,428.6,53.8
34.147156,-83.410165,25325,431.4,53.8
34.16185,-83.386006,25650,433.6,53.8
34.176698,-83.361568,25975,435.6,53.7
34.191696,-83.337016,26300,437.8,53.7
34.206573,-83.312577,26625,439.2,53.7
34.222133,-83.28701,26950,441.4,53.8
34.237728,-83.261375,27275,442.2,53.8
34.253357,-83.235617,27600,443.6,53.8
34.269663,-83.20879,27925,445.8,53.8
34.286179,-83.181582,28225,448.0,53.9
34.303832,-83.152428,28525,450.8,53.8
34.322342,-83.121886,28825,453.0,53.9
34.340888,-83.091373,29100,455.8,53.8
34.358996,-83.061447,29375,459.4,53.8
34.37934,-83.027687,29625,462.5,54.0
34.400009,-82.993469,29900,466.1,54.0
34.42067,-82.959109,30150,469.7,54.0
34.440463,-82.926235,30425,473.3,54.0
34.461136,-82.89179,30675,476.9,54.0
34.482499,-82.856255,30925,480.2,53.9
34.504166,-82.820266,31175,483.3,54.0
34.526321,-82.783384,31425,486.1,54.0
34.547812,-82.747707,31675,488.3,54.0
34.569122,-82.712253,31950,490.5,54.0
34.590733,-82.676182,32200,492.1,54.2
34.60968,-82.644367,32475,492.9,54.2
34.628036,-82.613544,32775,491.5,54.3
34.645525,-82.584114,33100,490.1,54.3
34.663262,-82.554302,33400,489.3,54.2
34.681091,-82.524376,33700,487.9,54.3
34.700457,-82.491817,33975,486.5,54.3
34.703751,-82.486248,34000,487.3,54.3
34.707719,-82.479572,34000,487.3,54.3
34.733551,-82.436025,34000,487.9,54.3
34.759369,-82.392416,34000,488.9,54.5
34.785461,-82.347966,34000,488.9,54.5
34.811624,-82.303562,34000,488.1,54.4
34.83783,-82.258955,34000,488.6,54.8
34.863144,-82.215458,34000,488.6,54.8
34.889273,-82.170696,34000,488.4,54.6
34.915016,-82.126923,34000,488.1,54.4
34.941132,-82.082748,34000,489.3,54.2
34.967388,-82.038174,34000,489.5,54.4
34.993515,-81.993882,34000,489.5,54.4
35.019333,-81.949992,34000,489.5,54.4
35.027905,-81.935406,34025,489.5,54.4
35.032379,-81.927795,34075,489.5,54.4
35.040149,-81.914577,34175,488.9,54.5
35.058517,-81.884355,34500,486.4,53.1
35.077018,-81.854839,34800,484.2,52.5
35.089828,-81.834524,34975,483.4,52.4
35.094382,-81.827431,35000,484.1,52.3
35.103424,-81.813168,35025,484.1,52.3
35.130134,-81.771011,35000,484.8,52.4
35.157321,-81.727867,35000,485.8,52.6
35.183949,-81.685181,35000,485.4,52.9
35.21067,-81.642265,35000,484.8,53.0
35.237065,-81.599374,35000,485.0,53.1
35.263693,-81.55578,35000,484.6,53.4
35.289734,-81.51289,35000,484.8,53.6
35.31611,-81.469642,35000,484.6,53.4
35.342148,-81.426773,35000,484.0,53.5
35.368515,-81.383572,35000,483.6,53.2
35.395016,-81.340436,35000,483.6,53.2
35.421551,-81.297133,35000,483.6,53.2
35.44776,-81.254182,35000,483.8,53.3
35.474109,-81.210996,35000,483.2,53.4
35.500457,-81.167577,35000,482.4,53.3
35.526992,-81.12404,35000,482.4,53.3
35.553108,-81.080913,35000,481.0,53.4
35.579503,-81.037435,35000,480.4,53.5
35.605293,-80.994893,35000,479.6,53.4
35.631226,-80.952244,35000,478.8,53.3
35.65741,-80.909214,35000,478.0,53.2
35.682999,-80.867043,35000,477.6,53.5
35.708592,-80.824604,35000,477.0,53.6
35.734708,-80.781244,35000,477.0,53.6
35.76059,-80.738068,35000,477.0,53.6
35.786614,-80.694697,35000,477.0,53.6
35.812683,-80.651336,35000,476.4,53.7
35.838473,-80.608034,35000,476.6,53.9
35.863658,-80.565608,35000,476.1,54.0
35.889541,-80.52213,35000,475.8,53.8
35.915176,-80.479202,35000,474.8,53.6
35.941028,-80.435875,35000,475.2,53.9
35.966399,-80.393157,35000,473.6,53.8
35.992142,-80.349913,35000,472.8,53.7
36.017624,-80.307312,35000,470.6,53.6
36.043076,-80.264797,35000,470.6,53.6
36.068298,-80.222511,35000,469.4,53.8
36.093521,-80.179996,35000,468.6,53.8
36.118997,-80.137141,35000,467.8,53.7
36.144461,-80.094306,35000,467.2,53.8
36.169281,-80.052338,35000,467.4,54.0
36.194321,-80.00988,35000,466.9,54.1
36.21927,-79.96732,35000,466.9,54.1
36.244583,-79.924393,35000,467.4,54.0
36.269348,-79.882336,35000,467.4,54.0
36.294525,-79.839478,35000,467.7,54.1
36.319311,-79.797266,35000,468.3,54.0
36.344589,-79.75408,35000,469.1,54.1
36.369215,-79.711888,35000,469.1,54.1
36.394592,-79.668503,35000,469.9,54.2
36.41991,-79.624991,35000,470.7,54.2
36.444956,-79.582156,35000,471.9,54.0
36.470466,-79.53862,35000,471.9,54.0
36.495558,-79.495609,35000,472.7,54.1
36.520463,-79.452891,35000,473.5,54.2
36.546066,-79.408836,35000,473.5,54.2
36.571152,-79.365578,35000,473.7,54.4
36.596329,-79.321861,35000,473.1,54.5
36.621295,-79.278629,35000,472.3,54.4
36.646591,-79.234772,35000,471.7,54.5
36.671339,-79.191791,35000,472.3,54.4
36.696625,-79.147968,35000,471.5,54.3
36.721939,-79.104137,35000,471.5,54.3
36.746987,-79.060714,35000,471.7,54.5
36.771892,-79.01712,35000,471.2,54.6
36.796646,-78.973789,35000,472.0,54.7
36.82161,-78.930281,35000,471.7,54.5
36.846497,-78.886642,35000,472.0,54.7
36.871307,-78.842916,35000,472.2,54.8
36.896301,-78.798562,35000,472.5,55.0
36.920999,-78.754598,35000,472.5,55.0
36.946014,-78.710262,35000,472.2,54.8
36.970734,-78.666668,35000,472.8,54.7
36.995389,-78.62306,35000,472.5,55.0
37.020202,-78.578816,35000,472.7,55.2
37.044967,-78.534632,35000,471.6,54.9
37.070059,-78.490149,35000,470.8,54.9
37.09433,-78.446707,35000,470.7,55.3
37.118958,-78.402645,35000,469.7,55.1
37.143951,-78.357998,35000,468.8,55.0
37.168145,-78.314786,35000,468.3,55.1
37.192445,-78.27102,35000,466.3,55.2
37.201569,-78.253346,35000,467.5,57.7
37.209669,-78.236031,35000,468.5,60.3
37.230525,-78.188981,35000,466.9,60.9
37.251251,-78.142596,35000,466.5,60.7
37.271805,-78.09643,35000,465.5,61.0
37.292393,-78.049801,35000,464.2,61.0
37.312866,-78.003514,35000,463.3,61.0
37.333126,-77.95779,35000,462.8,61.0
37.353516,-77.911636,35000,461.5,61.1
37.372928,-77.867929,35000,460.4,60.3
37.379425,-77.85514,35000,457.4,56.9
37.385357,-77.844882,35000,455.8,53.8
37.392654,-77.833693,35000,453.4,50.7
37.400528,-77.822824,35000,450.8,47.2
37.408539,-77.813006,35000,448.3,44.3
37.417236,-77.803423,35000,445.9,40.9
37.42662,-77.794189,35000,444.2,37.6
37.436691,-77.785424,35000,441.8,34.3
37.460353,-77.766365,35000,440.5,32.9
37.49437,-77.738615,35000,440.7,33.2
37.528226,-77.710956,35000,441.6,33.1
37.562582,-77.683072,35000,442.2,32.7
37.596725,-77.655516,35000,443.5,32.8
37.623779,-77.633368,35000,444.9,33.7
37.638602,-77.62002,35000,448.3,35.9
37.671095,-77.590286,35000,448.0,36.1
37.704287,-77.559834,35000,448.0,36.1
37.737259,-77.529524,35000,447.8,36.3
37.769879,-77.499529,35000,447.5,36.0
37.80321,-77.469137,35000,447.7,35.8
37.836681,-77.438447,35000,447.5,36.0
37.869873,-77.40809,35000,447.5,36.0
37.902972,-77.377724,35000,449.4,36.1
37.93634,-77.346964,35000,452.2,36.2
37.969681,-77.316165,35000,453.6,36.2
38.003571,-77.284997,35000,453.3,35.9
38.036819,-77.25434,35000,454.4,36.1
38.070699,-77.22302,35000,453.0,36.1
38.103745,-77.192571,35000,453.0,36.1
38.136841,-77.161891,35000,451.6,36.1
38.170414,-77.13083,35000,451.4,36.3
38.203746,-77.100021,35000,450.2,36.1
38.237124,-77.069032,35000,449.2,36.3
38.270554,-77.037828,35000,448.4,36.4
38.303513,-77.006972,35000,447.0,36.4
38.336151,-76.976643,35000,445.6,36.3
38.36868,-76.946212,35000,444.8,36.4
38.401474,-76.915575,35000,443.6,36.2
38.434272,-76.885071,35000,443.6,36.2
38.467346,-76.854142,35000,443.4,36.4
38.499725,-76.82373,35000,444.0,36.5
38.532265,-76.793091,35000,444.0,36.5
38.565038,-76.76239,35000,444.8,36.4
38.597672,-76.73168,35000,445.4,36.5
38.630905,-76.700333,35000,444.8,36.4
38.663727,-76.669345,35000,446.0,36.6
38.696594,-76.638245,35000,447.0,36.4
38.729553,-76.6073,35000,447.0,36.4
38.762009,-76.576618,35000,447.4,36.6
38.79454,-76.545593,35000,448.0,36.7
38.82708,-76.514709,35000,447.4,36.6
38.860132,-76.483398,35000,446.2,36.4
38.892746,-76.452424,35000,446.0,36.6
38.925445,-76.421265,35000,444.6,36.6
38.957565,-76.390626,35000,444.4,36.8
38.966923,-76.381714,34975,442.2,36.8
38.973129,-76.375759,34925,442.2,36.8
38.97757,-76.37152,34875,441.6,36.7
38.983612,-76.365728,34775,440.2,36.7
38.990804,-76.358887,34625,440.2,36.7
39.006409,-76.343994,34225,438.8,36.7
39.020874,-76.330082,33825,439.2,37.0
39.035706,-76.315872,33425,440.6,37.0
39.049072,-76.302975,33025,442.0,37.0
39.062541,-76.289978,32625,445.0,36.9
39.075809,-76.277283,32225,447.2,36.8
39.089961,-76.263672,31825,450.2,36.7
39.103043,-76.251148,31450,453.0,36.7
39.115099,-76.239685,31050,456.8,36.5
39.127435,-76.227966,30650,460.4,36.5
39.139938,-76.21592,30275,463.6,36.8
39.152344,-76.203978,29875,465.0,36.9
39.164749,-76.192037,29475,465.8,36.8
39.173035,-76.184095,29250,465.8,36.8
39.188141,-76.169467,28850,464.2,36.9
39.204575,-76.153644,28450,462.8,36.9
39.218771,-76.139954,28050,460.8,36.8
39.234787,-76.124566,27650,459.4,36.8
39.250259,-76.109758,27250,457.4,36.6
39.255314,-76.104858,27175,457.2,36.8
39.259504,-76.100769,27125,456.2,37.1
39.266052,-76.093936,27050,455.4,38.6
39.270996,-76.088502,27000,454.8,40.3
39.28038,-76.077635,27000,454.4,42.5
39.310684,-76.04193,27000,452.4,42.2
39.341263,-76.006045,27000,450.9,42.4
39.372067,-75.96991,27000,450.2,42.5
39.402605,-75.933899,27000,449.5,42.4
39.432911,-75.898071,27000,448.7,42.5
39.462798,-75.862793,27000,448.7,42.5
39.493011,-75.827159,27000,449.4,42.6
39.523315,-75.791274,27000,449.4,42.6
39.553436,-75.755509,27000,448.0,42.6
39.564235,-75.742676,26975,445.9,42.6
39.568611,-75.737488,26925,444.4,42.6
39.571776,-75.733704,26900,443.7,42.7
39.574942,-75.729919,26850,443.0,42.6
39.577363,-75.727051,26775,443.0,42.6
39.580528,-75.723328,26700,442.3,42.7
39.583368,-75.71991,26625,440.9,42.7
39.595704,-75.705261,26225,441.6,42.6
39.608871,-75.689472,25825,440.9,42.7
39.62466,-75.670654,25425,438.1,42.7
39.639649,-75.652771,25025,435.2,42.7
39.65422,-75.635376,24625,433.1,42.8
39.669159,-75.617523,24225,430.3,42.7
39.683595,-75.600281,23825,428.8,42.7
39.69784,-75.583252,23425,426.7,42.8
39.71255,-75.565613,23025,425.3,42.8
39.727341,-75.547844,22625,423.1,42.9
39.74176,-75.530528,22225,420.3,42.9
39.755937,-75.513367,21825,418.2,43.0
39.770004,-75.496315,21425,416.0,43.0
39.784607,-75.478701,21025,413.9,42.9
39.798579,-75.461853,20625,411.1,42.9
39.812485,-75.445086,20225,409.7,42.9
39.826138,-75.428589,19825,407.5,43.0
39.840569,-75.411133,19425,404.7,43.0
39.854069,-75.394775,19025,402.6,43.1
39.867802,-75.378174,18625,400.5,43.0
39.881442,-75.361694,18225,399.1,43.0
39.895454,-75.344849,17825,396.2,43.0
39.908798,-75.328714,17425,393.4,42.9
39.921803,-75.312927,17025,391.9,43.1
39.934479,-75.297485,16625,389.8,43.2
39.947825,-75.281192,16225,388.4,43.2
39.960388,-75.26593,15825,386.3,43.1
39.973382,-75.250105,15425,384.1,43.2
39.986138,-75.234562,15025,382.1,43.1
39.999619,-75.21814,14625,378.5,43.2
40.013092,-75.201791,14225,375.0,43.0
40.02594,-75.186096,13825,372.8,43.2
40.039813,-75.169206,13425,369.3,43.0
40.052614,-75.153663,13025,365.8,43.1
40.066086,-75.137146,12625,363.6,43.2
40.078674,-75.121765,12225,361.5,43.1
40.085495,-75.113464,12025,360.1,43.1
40.091904,-75.10566,11825,358.7,43.1
40.098587,-75.097534,11625,357.3,43.1
40.105087,-75.0896,11425,355.9,43.1
40.111679,-75.081604,11225,355.2,43.0
40.118719,-75.073013,11025,353.7,43.2
40.124072,-75.066459,10825,352.3,43.4
40.129984,-75.059156,10625,350.9,43.4
40.137014,-75.050479,10425,348.0,43.6
40.14093,-75.045593,10325,346.6,43.6
40.143112,-75.042863,10300,344.4,43.7
40.146652,-75.038452,10250,341.6,43.7
40.154378,-75.028881,10225,331.7,43.7
40.161966,-75.019455,10175,322.6,43.5
40.171183,-75.008094,10100,312.7,43.4
40.180493,-74.996733,10025,302.8,43.1
40.183007,-74.993612,10000,298.6,43.1
40.186798,-74.989014,9975,294.3,43.1
40.193435,-74.98094,9975,289.4,43.2
40.204561,-74.96752,9900,290.1,42.8
40.213173,-74.957095,9800,291.5,42.8
40.216059,-74.953662,9750,290.9,42.6
40.223461,-74.944735,9550,290.1,42.8
40.230816,-74.935871,9350,289.4,42.9
40.238172,-74.926945,9175,288.0,42.9
40.245026,-74.918518,9000,287.2,43.3
40.252167,-74.909668,8800,287.2,43.6
40.258887,-74.900728,8600,287.9,46.3
40.265218,-74.891739,8400,288.0,47.4
40.271782,-74.882438,8225,286.0,47.5
40.278122,-74.873413,8050,285.2,47.4
40.285096,-74.863586,7875,284.4,47.0
40.289703,-74.857117,7800,282.3,47.2
40.293777,-74.851379,7775,278.8,47.3
40.299946,-74.842613,7775,273.9,47.5
40.303986,-74.836853,7775,268.9,47.4
40.307534,-74.831813,7775,264.0,47.3
40.310747,-74.827319,7775,259.7,47.0
40.314835,-74.821594,7775,254.8,47.2
40.317902,-74.817261,7775,250.5,47.3
40.322617,-74.81059,7775,245.5,47.2
40.326714,-74.804847,7775,241.3,47.2
40.330671,-74.799291,7750,237.0,46.9
40.33663,-74.790927,7675,232.0,46.8
40.343948,-74.780701,7525,228.5,47.0
40.351181,-74.77063,7400,225.7,47.0
40.357361,-74.761963,7250,224.3,47.3
40.363312,-74.75354,7100,222.9,47.0
40.366144,-74.749603,7000,222.9,47.0
40.369309,-74.745109,6900,223.6,47.2
40.372192,-74.741028,6800,224.3,47.3
40.375122,-74.736877,6700,225.8,47.3
40.378326,-74.732361,6600,227.2,47.3
40.381393,-74.727966,6500,228.6,47.3
40.384872,-74.722778,6400,229.0,49.1
40.386999,-74.718954,6350,228.4,52.8
40.388535,-74.715332,6275,229.0,58.4
40.389653,-74.71215,6250,229.9,64.8
40.390584,-74.70828,6200,229.9,71.5
40.391189,-74.704035,6125,229.9,75.9
40.391422,-74.701164,6100,230.0,82.5
40.391375,-74.697106,6050,230.1,88.8
40.391098,-74.692627,6000,230.5,93.7
40.390397,-74.686057,5900,230.0,97.5
40.389633,-74.679871,5800,229.8,99.0
40.388675,-74.6722,5700,229.0,99.3
40.387848,-74.665466,5600,229.0,99.3
40.387092,-74.659465,5500,229.0,99.3
40.386246,-74.652466,5400,228.9,99.1
40.385603,-74.646856,5300,228.7,98.8
40.384904,-74.640926,5200,229.7,98.8
40.38402,-74.633498,5125,231.5,98.4
40.383499,-74.629028,5025,231.7,98.7
40.382996,-74.624695,4925,233.8,98.9
40.382629,-74.62146,4875,234.8,98.8
40.382018,-74.616332,4825,237.7,98.7
40.381348,-74.610596,4800,238.7,98.7
40.37796,-74.582336,4800,234.6,98.6
40.374616,-74.554846,4800,232.0,99.2
40.371368,-74.527283,4825,231.7,98.7
40.369821,-74.515894,4775,234.2,100.8
40.368576,-74.509827,4725,235.1,105.0
40.366653,-74.502136,4650,235.0,108.4
40.364514,-74.493984,4550,233.7,109.0
40.361801,-74.483521,4450,233.4,108.8
40.359055,-74.472839,4350,232.7,108.3
40.35704,-74.464783,4250,234.0,108.4
40.354248,-74.453918,4150,229.6,108.3
40.351945,-74.444421,4100,225.5,107.6
40.349625,-74.434937,4000,222.0,108.1
40.347656,-74.427307,3900,221.1,109.0
40.345779,-74.420288,3825,218.8,108.9
40.344218,-74.414146,3775,215.4,108.7
40.342495,-74.407591,3775,211.2,108.8
40.341099,-74.402285,3775,206.8,108.6
40.338776,-74.392639,3775,201.8,107.0
40.338135,-74.388367,3800,199.8,101.2
40.337952,-74.385132,3800,198.3,96.7
40.337997,-74.38208,3800,197.0,90.0
40.338318,-74.379089,3800,195.4,83.2
40.338818,-74.376131,3800,194.9,78.5
40.339737,-74.372986,3800,195.1,71.5
40.340773,-74.370263,3775,194.9,66.7
40.341751,-74.368103,3775,195.0,59.5
40.343491,-74.365234,3800,194.5,54.8
40.34491,-74.363281,3800,193.3,48.1
40.346825,-74.361212,3800,192.4,43.3
40.348826,-74.359464,3800,192.1,38.7
40.350037,-74.35859,3800,190.4,31.7
40.352178,-74.357341,3800,189.3,24.7
40.354087,-74.35653,3800,188.2,19.9
40.356812,-74.355774,3800,188.9,14.4
40.360153,-74.35498,3800,188.1,10.4
40.367798,-74.353455,3800,188.1,8.6
40.384765,-74.349851,3800,187.6,9.5
40.395658,-74.347479,3800,192.5,9.3
40.40157,-74.345981,3800,194.4,12.2
40.405106,-74.344604,3825,194.0,16.5
40.409088,-74.342651,3825,194.5,19.8
40.420936,-74.336492,3800,195.0,21.0
40.423403,-74.335244,3800,194.8,21.7
40.430339,-74.331311,3800,194.7,23.9
40.437694,-74.326879,3775,192.0,24.3
40.448169,-74.32045,3800,188.7,25.8
40.46228,-74.31134,3775,185.6,26.6
40.474686,-74.303101,3800,186.9,26.7
40.475464,-74.302612,3775,187.8,26.6
40.480179,-74.299561,3675,190.1,25.9
40.484712,-74.296605,3575,192.3,26.6
40.488855,-74.294045,3475,192.8,25.5
40.492486,-74.291798,3375,193.3,25.1
40.497162,-74.288879,3275,193.2,25.8
40.500773,-74.286492,3200,193.2,26.4
40.503983,-74.284424,3100,193.7,26.0
40.507233,-74.282349,3000,195.0,26.2
40.510456,-74.280312,2900,194.6,25.9
40.512085,-74.279251,2875,194.6,25.9
40.514087,-74.278003,2825,193.2,25.8
40.516159,-74.276672,2825,191.5,25.4
40.525911,-74.270574,2775,187.8,25.9
40.535614,-74.264709,2775,192.4,24.6
40.539963,-74.261902,2750,194.1,26.3
40.543694,-74.259463,2675,196.3,26.3
40.548157,-74.256592,2575,195.4,26.4
40.551956,-74.25415,2475,195.0,26.2
40.556729,-74.251099,2375,193.7,26.0
40.560965,-74.248352,2275,192.8,26.2
40.565155,-74.245793,2175,190.1,25.2
40.569855,-74.242798,2075,188.3,26.2
40.575211,-74.23938,1975,188.7,25.8
40.580331,-74.236242,1875,187.5,24.9
40.585236,-74.233093,1775,186.5,26.4
40.590363,-74.229736,1675,186.9,26.0
40.595947,-74.226257,1575,186.5,25.7
40.600433,-74.223328,1475,186.0,26.1
40.605057,-74.220398,1375,183.8,26.1
40.609451,-74.217529,1275,180.2,26.7
40.613663,-74.214783,1175,175.8,26.0
40.617433,-74.212584,1125,171.4,24.5
40.621529,-74.21015,1050,166.9,24.4
40.625793,-74.207397,950,162.3,26.7
40.630737,-74.204224,850,160.6,25.5
40.63559,-74.201111,750,156.5,25.8
40.640259,-74.19812,650,156.1,26.2
40.644012,-74.195679,550,153.4,26.7
40.649135,-74.192359,450,151.6,26.2
40.654724,-74.188782,350,155.2,25.6
40.660217,-74.185364,275,159.7,25.6
40.664963,-74.182372,175,162.3,25.9
40.668915,-74.17981,75,161.5,26.1
40.673249,-74.177066,-25,158.8,25.8
40.678436,-74.173767,-125,157.0,26.1
40.682326,-74.171198,-200,157.4,26.4
40.686722,-74.168457,-250,148.5,25.5
40.687317,-74.168091,-250,140.9,25.7
40.687546,-74.167908,-250,135.5,25.8
40.688782,-74.167175,-250,124.8,26.1
40.68917,-74.166891,-250,119.0,25.9
40.689972,-74.166382,-225,106.9,26.1
40.690764,-74.165892,-50.0,91.0,25.3
40.694023,-74.163818,-50.0,42.5,25.3
40.694756,-74.163395,-50.0,25.5,14.1
40.69585,-74.164488,-50.0,6.2,295.3
40.69598,-74.164841,-50.0,3.8,295.3
40.696404,-74.165985,-50.0,10.0,295.3
40.696541,-74.166367,-50.0,10.0,295.3
40.696827,-74.167145,-50.0,11.2,292.5
40.696838,-74.167206,-50.0,10.8,289.7
40.696804,-74.167824,-50.0,10.8,289.7
40.69664,-74.168434,-50.0,10.0,289.7
40.696564,-74.168716,-50.0,10.0,289.7
40.696312,-74.169113,-50.0,5.2,205.3
40.695862,-74.169266,-50.0,10.0,205.3
40.695499,-74.169479,-50.0,10.0,205.3
40.694859,-74.169891,-50.0,15.5,205.3
40.694572,-74.170059,-50.0,15.5,205.3
40.693829,-74.170532,-50.0,15.5,205.3
40.69329,-74.170886,-50.0,16.5,208.1
40.692707,-74.171249,-50.0,16.5,205.3
40.692428,-74.171432,-50.0,16.5,205.3
40.691711,-74.17189,-50.0,17.5,205.3
40.691334,-74.172134,-50.0,18.5,205.3
40.690613,-74.172577,-50.0,17.5,205.3
40.690299,-74.17279,-50.0,17.5,205.3
40.689996,-74.172977,-50.0,17.5,205.3
40.689674,-74.173187,-50.0,17.5,205.3
40.689354,-74.173386,-50.0,17.5,205.3
40.688839,-74.173706,-50.0,16.5,205.3
40.688436,-74.173976,-50.0,16.5,205.3
40.687889,-74.174316,-50.0,15.5,205.3
40.687649,-74.174469,-50.0,15.5,205.3
40.687249,-74.174725,-50.0,15.5,205.3
40.686882,-74.174957,-50.0,15.5,205.3
40.68655,-74.175171,-50.0,14.2,205.3
40.686214,-74.17538,-50.0,10.2,208.1
40.686161,-74.175476,-50.0,8.2,216.6
40.686132,-74.175521,-50.0,7.8,227.8
40.686121,-74.175568,-50.0,7.2,233.4
40.686109,-74.175646,-50.0,7.2,244.7
40.686109,-74.175739,-50.0,7.2,255.9
40.686109,-74.175817,-50.0,7.2,264.4
40.686127,-74.175919,-50.0,7.8,275.6
40.68615,-74.17601,-50.0,7.8,284.1
40.686202,-74.176161,-50.0,7.8,289.7
40.686249,-74.176301,-50.0,7.8,295.3
40.686344,-74.176544,-50.0,8.8,295.3
40.686435,-74.176769,-50.0,9.8,292.5
40.686446,-74.176878,-50.0,9.8,286.9
40.686424,-74.177109,-50.0,9.8,261.6
40.686353,-74.177222,-50.0,9.8,241.9
40.686249,-74.177315,-50.0,10.2,225.0
40.686115,-74.177414,-50.0,10.2,210.9
40.686004,-74.177487,-50.0,10.8,205.3
40.685597,-74.177737,-50.0,11.2,205.3
40.685283,-74.177924,-50.0,11.2,208.1
40.685154,-74.178055,-50.0,11.8,216.6
40.68505,-74.178189,-50.0,11.8,227.8
40.684945,-74.178408,-50.0,12.2,236.2
40.684879,-74.178558,-50.0,12.2,239.1
40.684685,-74.179062,-50.0,9.8,241.9
40.684608,-74.179407,-50.0,9.8,261.6
40.684619,-74.179594,-50.0,10.2,275.6
40.684701,-74.179875,-50.0,10.2,289.7
40.684788,-74.180099,-50.0,10.8,295.3
40.684957,-74.180577,-50.0,10.8,295.3
40.685085,-74.181061,-50.0,11.2,286.9
40.685177,-74.181534,-50.0,11.8,284.1
40.685201,-74.181763,-50.0,11.8,278.4
40.685236,-74.182262,-50.0,12.2,275.6
40.68528,-74.182816,-50.0,12.2,275.6
40.685314,-74.183365,-50.0,11.8,275.6
40.685349,-74.183884,-50.0,11.2,275.6
40.685387,-74.184447,-50.0,9.2,275.6
40.685422,-74.184947,-50.0,8.8,275.6
40.68536,-74.185272,-50.0,8.2,250.3
40.685329,-74.185321,-50.0,7.2,244.7
40.68528,-74.185394,-50.0,6.8,236.2
40.685154,-74.185547,-50.0,6.8,225.0
40.684864,-74.18593,-50.0,4.8,225.0
40.684696,-74.186157,-50.0,1.4,225.0
40.684673,-74.186188,-50.0,0.5,225.0
40.684887,-74.185883,-50.0,3.2,225.0
40.684959,-74.185791,-50.0,3.2,222.2
40.684982,-74.18573,-50.0,3.2,219.4
40.685015,-74.185696,-50.0,3.2,216.6
40.685073,-74.185618,-50.0,3.2,202.5
40.685096,-74.185602,-50.0,3.2,194.1
40.685131,-74.185555,-50.0,3.2,182.8
40.685165,-74.185532,-50.0,2.8,168.8
40.685236,-74.185508,-50.0,2.8,146.2
40.685317,-74.185571,-50.0,3.2,135.0
40.685429,-74.18573,-50.0,3.8,140.6
40.685492,-74.185789,-50.0,3.8,143.4
40.685608,-74.18593,-50.0,2.8,160.3
40.68576,-74.186008,-50.0,2.8,168.8
40.685795,-74.18602,-50.0,2.8,174.4
40.685899,-74.186039,-50.0,2.8,177.2
40.685981,-74.186055,-50.0,2.2,174.4
40.686039,-74.186055,-50.0,0.0,174.4
40.685978,-74.18605,-50.0,0.0,174.4
40.685806,-74.186008,-50.0,5.8,171.6
40.685632,-74.185945,-50.0,8.2,163.1
40.685515,-74.185867,-50.0,9.2,154.7
40.685469,-74.18582,-50.0,9.8,149.1
40.685294,-74.185524,-50.0,9.8,120.9
40.685294,-74.185071,-50.0,9.2,84.4
40.685364,-74.184681,-50.0,10.8,78.8
40.685376,-74.184494,-50.0,11.2,84.4
40.685376,-74.184291,-50.0,11.8,90.0
40.685364,-74.184073,-50.0,11.8,92.8
40.685337,-74.183609,-50.0,11.8,95.6
40.685306,-74.18309,-50.0,14.2,95.6
40.685271,-74.182512,-50.0,15.5,95.6
40.685236,-74.181997,-50.0,15.5,95.6
40.685189,-74.181607,-50.0,15.5,98.4
40.685154,-74.181381,-50.0,14.8,104.1
40.685096,-74.181139,-50.0,14.8,106.9
40.684994,-74.18074,-50.0,14.2,109.7
40.684654,-74.179578,-50.0,12.2,101.2
40.684719,-74.179001,-50.0,12.2,73.1
40.684747,-74.178938,-50.0,12.2,70.3
40.684829,-74.17872,-50.0,12.8,61.9
40.684982,-74.178375,-50.0,13.8,56.2
40.685306,-74.177924,-50.0,11.8,36.6
40.685434,-74.177846,-50.0,10.2,28.1
40.685577,-74.177765,-50.0,9.2,25.3
40.685818,-74.177628,-50.0,8.8,22.5
40.685911,-74.177565,-50.0,8.8,25.3
40.685955,-74.177536,-50.0,8.8,25.3
40.686241,-74.177368,-50.0,8.2,25.3
40.686321,-74.177292,-50.0,8.2,30.9
40.686424,-74.177109,-50.0,8.8,53.4
40.686447,-74.177002,-50.0,9.2,70.3
40.686424,-74.176743,-50.0,10.2,98.4
40.686365,-74.176582,-50.0,11.2,109.7
40.686275,-74.176361,-50.0,12.2,118.1
40.686104,-74.175903,-50.0,12.8,115.3
40.685909,-74.175385,-50.0,12.8,115.3
40.685795,-74.175049,-50.0,12.8,112.5
40.685772,-74.174881,-50.0,12.2,104.1
40.685783,-74.174694,-50.0,12.2,87.2
40.685841,-74.1745,-50.0,12.2,64.7
40.685911,-74.174413,-50.0,11.8,53.4
40.686039,-74.174319,-50.0,11.8,36.6
40.686132,-74.174241,-50.0,12.2,30.9
40.686283,-74.174148,-50.0,12.8,25.3
40.686562,-74.173965,-50.0,14.8,25.3
40.686859,-74.173782,-50.0,16.5,25.3
40.687238,-74.173555,-50.0,18.5,25.3
40.687889,-74.173126,-50.0,20.5,25.3
40.688267,-74.172882,-50.0,20.5,25.3
40.688844,-74.172525,-50.0,19.5,25.3
40.689228,-74.172272,-50.0,19.5,25.3
40.689577,-74.172056,-50.0,18.5,25.3
40.689833,-74.1719,-50.0,18.5,25.3
40.690217,-74.171651,-50.0,19.5,25.3
40.690556,-74.171432,-50.0,20.5,25.3
40.69095,-74.171182,-50.0,20.5,25.3
40.692055,-74.170486,-50.0,19.5,25.3
40.692387,-74.170273,-50.0,20.5,25.3
40.692513,-74.170181,-50.0,20.5,25.3
40.692604,-74.170135,-50.0,20.5,25.3
40.693428,-74.169601,-50.0,22.5,25.3
40.693883,-74.16931,-50.0,22.5,25.3
40.694791,-74.168732,-50.0,22.5,25.3
40.695442,-74.16832,-50.0,20.5,25.3
40.695705,-74.168152,-50.0,20.5,25.3
40.696234,-74.167812,-50.0,20.5,25.3
40.696609,-74.167572,-50.0,19.5,25.3
40.697188,-74.167203,-50.0,16.5,25.3
40.697731,-74.16687,-50.0,11.8,25.3
40.698015,-74.166688,-50.0,7.8,25.3
40.69836,-74.166458,-50.0,3.2,25.3
40.698429,-74.166428,-50.0,4.2,25.3
40.698887,-74.166138,-50.0,10.0,25.3
40.699318,-74.165861,-50.0,11.2,25.3
40.699734,-74.165588,-50.0,11.2,25.3
40.700134,-74.165344,-50.0,11.2,25.3
40.700412,-74.165174,-50.0,10.8,25.3
40.700598,-74.165018,-50.0,8.2,36.6
40.700633,-74.164925,-50.0,7.2,47.8
40.700649,-74.164871,-50.0,6.2,56.2
40.700656,-74.164815,-50.0,5.8,64.7
40.700661,-74.164749,-50.0,5.8,73.1
40.700656,-74.164675,-50.0,5.8,78.8
40.700661,-74.164505,-50.0,6.2,90.0
40.700633,-74.164207,-50.0,7.2,92.8
40.700633,-74.164019,-50.0,7.8,95.6
40.700615,-74.163864,-50.0,7.8,95.6
40.700455,-74.163483,-50.0,4.8,146.2
40.700424,-74.163489,-50.0,4.2,160.3
40.7004,-74.163505,-50.0,4.2,168.8
40.700386,-74.163544,-50.0,4.2,182.8
40.700375,-74.163574,-50.0,3.8,194.1
40.700352,-74.163605,-50.0,2.8,202.5
40.70034,-74.163605,-50.0,0.0,205.3
40.700331,-74.163614,-50.0,0.0,205.3
40.700237,-74.163676,-50.0,6.2,205.3
40.700157,-74.163727,-50.0,10.2,205.3
40.700075,-74.16377,-50.0,14.2,205.3
40.69997,-74.163832,-50.0,18.5,205.3
40.699888,-74.163895,-50.0,23.5,205.3
40.699504,-74.164129,-50.0,33.5,205.3
40.699388,-74.164207,-50.0,38.5,205.3
40.697421,-74.165455,-50.0,73.0,205.3
40.691803,-74.169067,-150,124.3,205.7
40.68917,-74.170699,-150,144.0,205.5
40.685074,-74.173279,-150,162.3,205.9
40.684701,-74.173508,-150,169.1,206.0
40.680976,-74.17588,-125,183.8,205.4
40.680313,-74.176331,-100,183.8,205.4
40.67981,-74.176575,-75,186.1,205.5
40.679123,-74.177063,-50,187.0,205.3
40.677857,-74.177815,0,187.9,205.2
40.676193,-74.178833,100,187.9,205.2
40.674599,-74.179812,200,187.9,205.2
40.672806,-74.180908,300,187.5,204.9
40.671295,-74.181824,400,187.5,204.9
40.669478,-74.182871,500,188.9,204.4
40.667244,-74.184057,600,191.6,201.8
40.66459,-74.185181,700,195.2,196.7
40.662775,-74.185618,800,197.5,192.3
40.660583,-74.185974,900,198.8,187.8
40.658661,-74.186035,1000,199.5,184.0
40.656909,-74.186055,1075,200.0,181.1
40.65596,-74.186035,1100,201.0,180.0
40.655045,-74.185974,1125,202.0,179.1
40.65258,-74.18593,1175,203.0,178.9
40.650375,-74.185974,1200,207.0,180.3
40.647226,-74.186304,1225,210.6,184.4
40.644154,-74.187116,1300,214.9,189.4
40.641632,-74.187988,1325,218.1,194.6
40.640259,-74.18866,1375,219.0,196.4
40.638707,-74.189363,1425,220.5,200.2
40.637404,-74.190174,1475,220.4,201.6
40.636379,-74.190736,1525,221.4,202.9
40.634517,-74.191922,1625,221.1,204.6
40.632111,-74.193359,1725,221.1,204.6
40.630328,-74.194419,1825,221.1,204.6
40.629303,-74.195043,1850,221.1,204.6
40.627069,-74.196354,1950,222.4,204.7
40.623764,-74.198352,2050,222.9,204.4
40.6203,-74.200378,2150,226.9,204.2
40.617014,-74.202347,2225,229.2,204.2
40.614546,-74.203783,2250,231.4,204.2
40.612079,-74.205281,2300,235.4,204.6
40.60775,-74.207902,2325,240.3,204.9
40.602722,-74.211086,2325,244.7,205.4
40.599564,-74.213562,2350,248.2,210.0
40.596345,-74.216579,2325,250.2,214.6
40.593979,-74.219177,2350,252.4,219.1
40.593155,-74.220215,2350,252.5,220.5
40.592789,-74.220642,2350,253.5,222.1
40.591095,-74.222961,2400,253.2,223.7
40.589539,-74.225281,2475,253.0,228.7
40.587296,-74.22937,2575,250.6,234.1
40.585922,-74.232605,2675,249.7,238.1
40.584778,-74.235718,2775,246.9,244.1
40.583862,-74.239258,2875,246.1,248.5
40.58313,-74.242798,2975,245.1,252.7
40.582705,-74.246167,3075,243.8,258.6
40.582535,-74.25,3175,244.9,265.1
40.582535,-74.252991,3275,246.1,268.8
40.582798,-74.257778,3375,247.7,274.2
40.583403,-74.262085,3475,251.4,279.4
40.584366,-74.266846,3550,254.2,284.6
40.585373,-74.270203,3625,257.8,289.5
40.586522,-74.27382,3725,258.3,292.3
40.587616,-74.276978,3825,259.6,294.1
40.588943,-74.280518,3925,259.9,295.8
40.590042,-74.283325,4025,260.3,296.5
40.591131,-74.28618,4125,261.6,297.0
40.592434,-74.289426,4225,262.5,297.4
40.593551,-74.292297,4325,263.9,297.5
40.595041,-74.29598,4425,264.8,297.4
40.596634,-74.299988,4525,265.7,297.3
40.597881,-74.303284,4625,264.3,297.2
40.599091,-74.30628,4725,263.9,297.0
40.600348,-74.309588,4825,263.4,296.9
40.601651,-74.313022,4925,263.4,296.9
40.602815,-74.316018,5025,263.0,296.7
40.603912,-74.318848,5125,263.4,296.9
40.60524,-74.322266,5225,263.9,297.0
40.606293,-74.325012,5325,264.3,297.2
40.60747,-74.328003,5425,265.7,297.3
40.608448,-74.330437,5525,266.1,297.5
40.609406,-74.332886,5600,266.1,297.5
40.610413,-74.335327,5700,266.1,297.5
40.611557,-74.338196,5800,267.5,297.6
40.612824,-74.341424,5900,268.4,297.5
40.614221,-74.345044,6000,269.7,297.1
40.615384,-74.348103,6100,270.1,296.9
40.616502,-74.351099,6200,270.1,296.4
40.617554,-74.354065,6300,270.2,295.4
40.618643,-74.357217,6400,270.8,294.2
40.619621,-74.3604,6500,271.2,292.8
40.620505,-74.363521,6600,270.6,291.9
40.621343,-74.366767,6700,270.4,289.4
40.622223,-74.370605,6800,271.7,287.6
40.622955,-74.373779,6900,272.7,286.8
40.62381,-74.377566,7000,273.7,286.8
40.625656,-74.38562,7200,275.9,286.9
40.62767,-74.394348,7400,278.4,287.1
40.628998,-74.400024,7550,279.3,287.1
40.6306,-74.406982,7750,279.7,286.6
40.632004,-74.413209,7950,280.0,286.8
40.633633,-74.420201,8150,281.2,287.0
40.635448,-74.427754,8350,281.8,287.3
40.637192,-74.434937,8550,282.1,287.5
40.638748,-74.441284,8750,282.4,287.7
40.640243,-74.447479,8950,281.8,288.0
40.641733,-74.453472,9150,280.8,288.0
40.643455,-74.460276,9350,280.2,288.3
40.64502,-74.466431,9525,280.5,288.5
40.64653,-74.472412,9725,280.2,288.3
40.64839,-74.479876,9925,280.8,288.0
40.650159,-74.486993,10125,280.8,288.0
40.651043,-74.490613,10200,281.8,288.0
40.651932,-74.494202,10275,283.0,288.1
40.652719,-74.497355,10300,284.9,288.0
40.654129,-74.503052,10375,288.1,288.0
40.657049,-74.514895,10475,297.6,288.0
40.660633,-74.529315,10625,307.1,288.0
40.663834,-74.542419,10725,316.6,288.0
40.667725,-74.558167,10875,325.7,287.9
40.671294,-74.572823,11000,334.9,287.7
40.675369,-74.589661,11150,343.4,287.8
40.678975,-74.604471,11250,352.6,287.7
40.683426,-74.622742,11400,361.2,287.7
40.685911,-74.633123,11475,366.2,287.6
40.689514,-74.647827,11675,369.4,287.6
40.693173,-74.663148,11875,373.5,287.6
40.696609,-74.677368,12050,376.7,287.6
40.702158,-74.700352,12450,378.6,287.5
40.707138,-74.721252,12850,379.2,287.3
40.712725,-74.744734,13250,381.4,287.4
40.718491,-74.768982,13650,383.3,287.3
40.723106,-74.788555,14025,384.3,287.3
40.728836,-74.812744,14425,385.6,287.4
40.733953,-74.834186,14825,385.6,287.4
40.740051,-74.859619,15200,389.0,287.5
40.74559,-74.882935,15600,389.0,287.5
40.751541,-74.907593,15975,391.2,287.5
40.757508,-74.932438,16350,393.1,287.5
40.762722,-74.954286,16625,396.3,287.5
40.769073,-74.980896,16975,399.5,287.5
40.775162,-75.006287,17350,401.4,287.4
40.781436,-75.032751,17725,402.3,287.4
40.786929,-75.055847,18125,402.3,287.4
40.792748,-75.081003,18475,402.9,286.1
40.794983,-75.094238,18675,403.9,282.7
40.796473,-75.10616,18875,405.2,279.2
40.797501,-75.118958,19075,405.9,275.5
40.797962,-75.132627,19250,407.3,272.2
40.797823,-75.145548,19450,408.1,269.0
40.797226,-75.157043,19600,409.2,265.7
40.795867,-75.170704,19775,411.4,262.6
40.793839,-75.185303,19975,413.2,259.3
40.789536,-75.214337,20325,415.4,259.2
40.785278,-75.24408,20675,418.2,259.4
40.780884,-75.275208,21000,420.1,259.4
40.776627,-75.304871,21350,421.3,259.3
40.772095,-75.335693,21700,422.0,258.8
40.76889,-75.353516,21900,424.2,256.2
40.765045,-75.37146,22075,425.6,253.5
40.760559,-75.389221,22275,428.2,251.1
40.755274,-75.407285,22450,429.7,248.6
40.749985,-75.423523,22575,432.9,246.2
40.742798,-75.443053,22750,436.0,243.7
40.730759,-75.475342,23050,438.7,243.9
40.71766,-75.510594,23325,442.8,244.0
40.7043,-75.546631,23600,446.3,243.9
40.690985,-75.582379,23875,449.9,243.9
40.678207,-75.616638,24175,451.2,243.8
40.665568,-75.65017,24475,453.0,243.7
40.652905,-75.683753,24775,454.4,243.6
40.639126,-75.720208,25075,456.6,243.6
40.625381,-75.756592,25350,458.8,243.6
40.611099,-75.794373,25625,460.2,243.6
40.597549,-75.8302,25925,461.1,243.6
40.583359,-75.867554,26200,461.5,243.5
40.57077,-75.900696,26475,461.5,243.5
40.559475,-75.930384,26850,459.3,243.5
40.548116,-75.960159,27225,456.6,243.3
40.536106,-75.991495,27575,455.3,243.4
40.529022,-76.009949,27750,454.4,243.3
40.518137,-76.038312,27925,455.7,243.3
40.500183,-76.085266,28150,459.7,243.4
40.484299,-76.12677,28400,462.9,243.4
40.470291,-76.163391,28675,463.3,243.3
40.457805,-76.195866,29000,461.1,243.3
40.445795,-76.227264,29325,459.3,243.2
40.43262,-76.261472,29650,457.9,243.3
40.420166,-76.293762,29975,455.7,243.3
40.407296,-76.32714,30275,454.4,243.3
40.395172,-76.358765,30600,452.1,243.3
40.389038,-76.376282,30775,449.9,246.0
40.384644,-76.390869,30950,446.6,249.0
40.380615,-76.406616,31100,443.4,252.1
40.376724,-76.424561,31275,440.5,254.7
40.373657,-76.442139,31450,438.4,257.5
40.371171,-76.460287,31600,435.2,260.3
40.369356,-76.477952,31750,433.1,263.1
40.367354,-76.506479,31975,430.9,264.7
40.366656,-76.516092,32000,431.9,264.7
40.362991,-76.5672,32000,433.8,264.7
40.35944,-76.618652,32000,433.8,264.8
40.355763,-76.67065,32000,434.9,264.6
40.351899,-76.722211,32000,435.1,264.3
40.347942,-76.774146,32000,436.2,264.2
40.343903,-76.826111,32000,437.2,264.2
40.33992,-76.877686,32000,437.3,264.1
40.335885,-76.929016,32000,438.3,264.1
40.331772,-76.98175,32000,438.2,264.2
40.327831,-77.032637,32000,439.3,264.1
40.323807,-77.084412,32000,439.2,264.2
40.319824,-77.136169,32000,439.3,264.1
40.315681,-77.188755,32000,439.3,264.1
40.311538,-77.241315,32000,439.3,264.1
40.307395,-77.293875,32000,439.4,264.0
40.303252,-77.34581,32000,438.4,264.0
40.299015,-77.397995,32000,438.4,264.0
40.294779,-77.450679,32000,438.4,264.0
40.290589,-77.501741,32000,438.5,263.9
40.286307,-77.553302,32000,437.5,263.8
40.282104,-77.604553,32000,437.5,263.8
40.277788,-77.656299,32000,437.5,263.8
40.273505,-77.708234,32000,436.5,263.8
40.269268,-77.759607,32000,436.5,263.8
40.264984,-77.811096,32000,435.5,263.8
40.260703,-77.862542,32000,434.7,263.7
40.256332,-77.91394,32000,434.8,263.5
40.251801,-77.966003,32000,433.8,263.5
40.247296,-78.017724,32000,433.8,263.5
40.244476,-78.053345,32000,432.7,265.0
40.243927,-78.069519,32000,431.3,268.0
40.243881,-78.091125,32000,431.0,270.3
40.243898,-78.142069,32000,431.0,269.7
40.243711,-78.194067,32000,430.0,269.7
40.243561,-78.245239,32000,430.0,269.7
40.243332,-78.29718,32000,430.0,269.6
40.24306,-78.348312,32000,430.0,269.6
40.24278,-78.398625,32000,430.0,269.6
40.242462,-78.450317,32000,430.0,269.5
40.242129,-78.501434,32000,430.0,269.5
40.241776,-78.55304,32000,430.0,269.5
40.241455,-78.60437,32000,430.0,269.5
40.241104,-78.655992,32000,430.0,269.5
40.240732,-78.707303,32000,429.0,269.5
40.240311,-78.75885,32000,429.0,269.3
40.239807,-78.809021,32000,429.0,269.2
40.239289,-78.859988,32000,428.0,269.2
40.23873,-78.911174,32000,428.0,269.2
40.238218,-78.961799,32000,428.0,269.2
40.237753,-79.012486,32000,428.0,269.2
40.237152,-79.06311,32000,428.1,269.1
40.236603,-79.113708,32000,428.0,269.2
40.23603,-79.164047,32000,428.1,269.1
40.235367,-79.215454,32000,428.1,269.1
40.23468,-79.266357,32000,428.1,269.1
40.234039,-79.317505,32000,428.1,269.1
40.233398,-79.368652,32000,428.1,268.9
40.232725,-79.419604,32000,429.1,269.1
40.23198,-79.47129,32000,429.1,268.9
40.231142,-79.522539,32000,429.1,268.7
40.230286,-79.573059,32000,429.1,268.7
40.22937,-79.625183,32000,430.1,268.7
40.2285,-79.676086,32000,431.1,268.7
40.227604,-79.727346,32000,431.1,268.8
40.22672,-79.779469,32000,432.1,268.7
40.225835,-79.831092,32000,433.1,268.7
40.22493,-79.883362,32000,433.1,268.7
40.224014,-79.93512,32000,433.1,268.7
40.223042,-79.986649,32000,434.1,268.5
40.222018,-80.038272,32000,434.2,268.4
40.220993,-80.089966,32000,435.2,268.4
40.219923,-80.141643,32000,435.2,268.4
40.218806,-80.194203,32000,435.2,268.4
40.217689,-80.245951,32000,436.2,268.4
40.216553,-80.298523,32000,436.2,268.4
40.215454,-80.351074,32000,435.2,268.4
40.214337,-80.402568,32000,436.2,268.3
40.21308,-80.455128,32000,436.2,268.2
40.211823,-80.507438,32000,436.2,268.2
40.21051,-80.559692,32000,436.2,268.2
40.209216,-80.611995,32000,436.2,268.2
40.207901,-80.664062,32000,436.2,268.2
40.206665,-80.715576,32000,436.2,268.2
40.205292,-80.76825,32000,436.3,268.0
40.20401,-80.820374,32000,436.3,268.0
40.202591,-80.871948,32000,436.3,267.9
40.201209,-80.923732,32000,436.3,268.0
40.199799,-80.975586,32000,436.3,267.9
40.19838,-81.0271,32000,436.3,267.8
40.196823,-81.078064,32000,435.3,267.8
40.19525,-81.13035,32000,435.3,267.8
40.19371,-81.182861,32000,436.3,267.8
40.192131,-81.234596,32000,436.3,267.8
40.190642,-81.286406,32000,436.3,267.9
40.189087,-81.338135,32000,436.4,267.6
40.18743,-81.389965,32000,436.4,267.5
40.185754,-81.441213,32000,436.4,267.5
40.184097,-81.492249,32000,436.4,267.6
40.182449,-81.544273,32000,436.4,267.6
40.180819,-81.595834,32000,436.4,267.5
40.179004,-81.648143,32000,435.5,267.4
40.177281,-81.699517,32000,435.4,267.5
40.175537,-81.750916,32000,435.5,267.4
40.173743,-81.802202,32000,434.5,267.4
40.171921,-81.85376,32000,434.5,267.4
40.17009,-81.90448,32000,434.5,267.4
40.168213,-81.956177,32000,433.5,267.4
40.166336,-82.008118,32000,432.5,267.2
40.164413,-82.059692,32000,432.6,267.1
40.162478,-82.110069,32000,431.5,267.2
40.160569,-82.162004,32000,430.5,267.2
40.159424,-82.191162,32050,433.6,267.1
40.159079,-82.200831,32075,433.6,267.1
40.157683,-82.236786,32375,432.6,267.1
40.156193,-82.275238,32650,431.6,267.1
40.15475,-82.311755,32950,429.6,267.1
40.153244,-82.34967,33225,428.6,267.1
40.151724,-82.388035,33500,427.6,267.0
40.150002,-82.429858,33775,426.6,266.9
40.148233,-82.473803,34000,426.6,266.9
40.147842,-82.482544,34025,427.6,266.9
40.145737,-82.533813,34000,428.6,266.9
40.143539,-82.585388,34000,428.7,266.8
40.141296,-82.636902,34000,430.7,266.8
40.139155,-82.68735,34000,430.7,266.8
40.137014,-82.738162,34000,430.7,266.7
40.134826,-82.788911,34000,430.7,266.8
40.13269,-82.839722,34000,430.6,266.9
40.130447,-82.890808,34000,430.8,266.5
40.128169,-82.941347,34000,430.7,266.8
40.12587,-82.992981,34000,430.7,266.7
40.123535,-83.043518,34000,430.7,266.7
40.121292,-83.095337,34000,430.7,266.7
40.118912,-83.146851,34000,430.8,266.5
40.116437,-83.19784,34000,430.9,266.3
40.113924,-83.249089,34000,429.8,266.4
40.11145,-83.300232,34000,429.9,266.3
40.109036,-83.35065,34000,429.8,266.4
40.106506,-83.401978,34000,429.9,266.3
40.104008,-83.452273,34000,428.9,266.3
40.101494,-83.503272,34000,427.9,266.4
40.09898,-83.554396,34000,426.9,266.4
40.096513,-83.604646,34000,427.0,266.1
40.093918,-83.655151,34000,425.9,266.2
40.091309,-83.705566,34000,425.9,266.2
40.088608,-83.755676,34000,425.0,266.1
40.086044,-83.806274,34000,424.9,266.2
40.083432,-83.856021,34000,425.1,266.0
40.081616,-83.881676,34000,424.2,264.2
40.077896,-83.922974,34000,424.2,263.0
40.073144,-83.973,34000,426.2,263.0
40.068442,-84.023625,34000,427.9,263.3
40.063934,-84.074707,34000,429.8,263.5
40.059504,-84.126185,34000,430.7,263.6
40.055128,-84.177371,34000,430.6,263.7
40.050845,-84.227871,34000,430.7,263.6
40.046516,-84.277808,34000,430.7,263.6
40.04214,-84.328807,34000,430.7,263.6
40.03775,-84.379578,34000,430.8,263.5
40.03331,-84.430298,34000,430.8,263.5
40.028733,-84.481555,34000,430.9,263.3
40.024218,-84.532117,34000,430.9,263.3
40.019655,-84.582866,34000,431.9,263.4
40.015045,-84.634216,34000,432.0,263.2
40.010422,-84.684753,34000,432.0,263.2
40.00569,-84.736051,34000,432.1,263.1
40.001034,-84.786363,34000,432.0,263.2
39.996333,-84.8373,34000,433.1,263.1
39.991562,-84.888733,34000,433.1,263.1
39.986836,-84.939423,34000,433.1,263.1
39.982088,-84.990734,34000,434.1,263.1
39.977325,-85.041321,34000,435.2,263.0
39.972519,-85.092224,34000,435.2,263.0
39.96761,-85.143918,34000,435.4,262.9
39.962723,-85.195007,34000,435.4,262.9
39.957881,-85.245604,34000,435.4,262.9
39.952927,-85.296692,34000,435.4,262.9
39.947983,-85.347534,34000,434.6,262.6
39.942902,-85.399414,34000,435.5,262.7
39.937863,-85.451098,34000,436.5,262.8
39.932835,-85.502097,34000,436.5,262.8
39.927795,-85.553467,34000,438.5,262.8
39.922734,-85.604969,34000,439.7,262.5
39.917542,-85.656639,34000,440.8,262.4
39.912306,-85.708313,34000,440.8,262.4
39.90715,-85.759874,34000,441.7,262.6
39.901785,-85.812134,34000,442.0,262.3
39.896478,-85.864258,34000,441.7,262.6
39.891311,-85.915833,34000,441.7,262.6
39.886004,-85.968689,34000,441.7,262.6
39.88079,-86.020203,34000,441.8,262.5
39.875437,-86.071716,34000,441.0,262.3
39.870117,-86.122841,34000,440.0,262.3
39.86459,-86.174683,34000,438.1,262.1
39.859143,-86.225891,34000,436.1,262.1
39.85379,-86.277222,34000,436.0,262.2
39.848511,-86.328536,34000,435.9,262.4
39.843109,-86.379288,34000,435.2,262.1
39.837662,-86.43022,34000,435.2,262.1
39.832236,-86.480835,34000,434.0,262.2
39.826859,-86.531783,34000,433.0,262.2
39.821436,-86.582336,34000,432.2,262.0
39.81585,-86.633301,34000,431.3,261.9
39.810357,-86.683472,34000,431.2,262.0
39.804886,-86.734374,34000,430.2,262.0
39.799255,-86.784708,34000,430.5,261.7
39.793737,-86.834534,34000,430.3,261.9
39.788198,-86.884399,34000,430.5,261.7
39.782639,-86.934755,34000,430.3,261.9
39.777008,-86.985328,34000,430.5,261.7
39.771332,-87.035901,34000,430.5,261.7
39.765747,-87.085996,34000,431.5,261.7
39.75994,-87.13739,34000,433.6,261.6
39.754303,-87.187321,34000,434.6,261.7
39.748489,-87.23867,34000,434.7,261.5
39.742584,-87.28978,34000,435.7,261.5
39.736771,-87.340473,34000,436.7,261.6
39.730938,-87.391418,34000,436.7,261.6
39.72496,-87.442992,34000,437.9,261.5
39.719055,-87.493863,34000,438.0,261.3
39.713016,-87.544983,34000,439.0,261.4
39.70697,-87.596203,34000,439.0,261.4
39.701065,-87.646597,34000,439.0,261.4
39.694954,-87.698608,34000,439.0,261.4
39.688889,-87.75031,34000,439.0,261.4
39.682892,-87.801182,34000,439.0,261.4
39.676758,-87.853188,34000,439.0,261.4
39.670607,-87.904846,34000,439.3,261.1
39.66449,-87.955707,34000,439.3,261.1
39.658264,-88.007116,34000,439.5,261.0
39.651939,-88.058838,34000,439.3,261.1
39.645701,-88.110229,34000,439.3,261.1
39.639463,-88.161682,34000,439.5,261.0
39.633087,-88.212692,34000,440.6,260.9
39.626801,-88.263977,34000,441.4,261.0
39.620361,-88.316106,34000,441.6,260.9
39.613907,-88.368232,34000,441.4,261.0
39.607482,-88.419617,34000,441.7,260.8
39.601058,-88.470581,34000,442.7,260.8
39.594543,-88.522578,34000,443.7,260.8
39.587976,-88.574768,34000,444.9,260.7
39.58136,-88.627008,34000,445.9,260.7
39.574814,-88.678954,34000,446.8,260.7
39.568268,-88.730661,34000,447.8,260.8
39.561674,-88.782776,34000,449.0,260.6
39.554831,-88.835754,34000,450.1,260.5
39.548035,-88.888306,34000,451.3,260.4
39.541238,-88.94104,34000,450.9,260.7
39.534535,-88.993103,34000,450.1,260.5
39.527784,-89.046082,34000,449.0,260.6
39.521034,-89.097778,34000,447.3,260.4
39.514331,-89.148926,34000,445.2,260.4
39.507441,-89.201172,34000,442.4,260.2
39.500412,-89.253174,34000,442.4,260.2
39.493652,-89.30398,34000,443.4,260.3
39.486958,-89.354858,34000,443.4,260.3
39.480011,-89.407037,34000,443.4,260.3
39.473145,-89.458744,34000,443.4,260.3
39.466242,-89.510681,34000,443.4,260.3
39.459213,-89.562622,34000,441.6,260.1
39.452408,-89.612851,34000,440.8,259.9
39.445404,-89.664081,34000,440.8,259.9
39.438358,-89.71582,34000,440.8,259.9
39.431351,-89.76672,34000,439.6,260.0
39.424347,-89.81783,34000,439.0,259.8
39.417223,-89.869019,34000,436.8,259.9
39.410333,-89.919128,34000,434.7,259.9
39.403336,-89.969788,34000,432.7,259.9
39.396286,-90.020361,34000,430.9,259.7
39.389431,-90.069519,34000,428.8,259.8
39.382541,-90.118774,34000,428.0,259.6
39.375504,-90.168736,34000,428.6,259.9
39.368683,-90.217935,34000,428.8,259.8
39.361725,-90.267672,34000,428.0,259.6
39.354813,-90.316633,34000,427.8,259.8
39.347813,-90.366028,34000,428.2,259.5
39.340644,-90.415955,34000,428.0,259.6
39.33371,-90.46471,34000,429.1,259.5
39.326493,-90.514221,34000,429.5,259.3
39.319137,-90.564575,34000,430.3,259.4
39.311968,-90.614075,34000,431.3,259.5
39.304825,-90.663359,34000,431.7,259.2
39.297501,-90.713872,34000,432.1,259.6
39.290268,-90.764326,34000,430.1,259.5
39.288986,-90.773342,33975,429.1,259.5
39.287155,-90.785881,33900,428.2,259.5
39.281387,-90.825527,33625,425.2,259.4
39.275482,-90.86583,33375,425.4,259.3
39.269978,-90.903137,33100,425.4,259.3
39.264038,-90.943332,32850,424.6,259.1
39.258014,-90.98407,32575,424.6,259.1
39.252009,-91.024658,32325,427.6,259.2
39.246004,-91.065002,32075,428.7,259.1
39.24349,-91.081543,32000,428.7,259.1
39.242186,-91.090332,31975,429.7,259.1
39.234833,-91.139712,32000,428.5,259.2
39.227476,-91.189209,32000,427.6,259.2
39.219981,-91.239014,32000,426.8,259.1
39.212494,-91.288505,32000,425.0,258.9
39.205038,-91.33728,32000,424.0,258.9
39.197479,-91.386188,32000,423.0,258.8
39.190001,-91.434631,32000,422.0,258.8
39.182693,-91.483035,32000,420.7,259.0
39.175244,-91.532349,32000,420.7,259.0
39.167889,-91.5802,32000,420.1,258.7
39.160446,-91.628365,32000,419.1,258.7
39.153132,-91.676086,32000,419.9,258.9
39.145752,-91.724376,32000,420.9,258.9
39.138382,-91.772441,32000,420.9,258.9
39.131012,-91.820267,32000,421.3,258.6
39.123413,-91.869049,32000,421.3,258.6
39.115723,-91.917532,32000,420.5,258.5
39.108116,-91.965698,32000,420.5,258.5
39.100571,-92.013842,32000,420.3,258.6
39.092893,-92.062317,32000,420.5,258.5
39.085281,-92.110629,32000,422.2,258.7
39.077717,-92.158997,32000,425.6,258.5
39.06999,-92.207336,32000,427.0,258.2
39.061936,-92.256958,32000,426.8,258.4
39.054153,-92.305517,32000,427.0,258.2
39.046295,-92.353882,32000,427.0,258.2
39.038474,-92.402954,32000,426.8,258.4
39.03056,-92.451965,32000,425.6,258.5
39.022832,-92.500183,32000,426.0,258.2
39.014825,-92.5495,32000,424.8,258.3
39.006818,-92.598267,32000,424.0,258.2
38.998856,-92.647168,32000,423.8,258.3
38.991074,-92.695412,32000,423.8,258.3
38.983123,-92.744324,32000,424.0,258.2
38.975098,-92.792677,32000,423.5,257.9
38.967156,-92.840332,32000,423.5,257.9
38.959056,-92.888672,32000,423.5,257.9
38.950909,-92.937988,32000,423.2,258.0
38.942809,-92.986572,32000,423.5,257.9
38.934569,-93.035645,32000,424.4,257.9
38.92662,-93.083277,32000,424.2,258.0
38.918462,-93.132507,32000,425.4,257.9
38.910362,-93.180542,32000,426.6,257.8
38.902084,-93.229682,32000,426.6,257.8
38.89365,-93.279297,32000,426.8,257.7
38.885317,-93.328186,32000,427.0,257.6
38.876953,-93.376923,32000,427.8,257.7
38.868713,-93.425764,32000,429.7,257.8
38.860428,-93.474486,32000,430.9,257.7
38.851822,-93.524044,32000,431.4,257.4
38.843353,-93.573303,32000,433.1,257.6
38.83493,-93.622443,32000,434.1,257.6
38.82637,-93.67212,32000,434.3,257.5
38.817863,-93.721313,32000,434.1,257.6
38.809204,-93.770996,32000,434.5,257.4
38.800598,-93.819899,32000,434.7,257.2
38.791933,-93.869629,32000,435.3,257.5
38.783524,-93.918596,32000,435.3,257.5
38.774895,-93.968018,32000,435.5,257.4
38.766004,-94.017639,32000,435.0,257.1
38.757385,-94.066255,32000,434.5,257.4
38.74855,-94.116231,32000,431.6,257.3
38.739934,-94.164368,32000,427.9,257.0
38.731322,-94.212585,32000,427.7,257.2
38.722687,-94.261561,32000,427.5,257.3
38.714051,-94.309998,32000,426.7,257.1
38.705246,-94.358348,32000,426.9,257.0
38.696411,-94.407488,32000,426.7,257.1
38.687805,-94.455613,32000,426.9,257.0
38.679108,-94.504215,32000,426.9,257.0
38.670432,-94.552063,32000,426.7,257.1
38.661634,-94.60083,32000,426.0,257.0
38.652975,-94.648804,32000,426.0,257.0
38.64418,-94.697014,32000,426.0,257.0
38.635425,-94.745178,32000,425.4,256.7
38.626347,-94.793701,32000,425.2,256.8
38.617642,-94.841492,32000,425.2,256.8
38.608749,-94.889513,32000,424.5,256.6
38.599869,-94.937578,32000,424.5,256.6
38.590851,-94.985584,32000,424.7,256.5
38.581843,-95.034119,32000,425.2,256.8
38.572952,-95.081893,32000,425.7,256.5
38.563874,-95.13031,32000,426.9,256.5
38.55475,-95.178833,32000,427.6,256.6
38.545807,-95.226447,32000,428.8,256.5
38.536789,-95.274632,32000,429.8,256.5
38.527563,-95.323669,32000,431.0,256.5
38.518253,-95.372559,32000,432.2,256.4
38.508957,-95.421813,32000,432.9,256.5
38.499664,-95.471012,32000,434.2,256.4
38.490372,-95.519675,32000,434.2,256.4
38.481011,-95.568665,32000,435.4,256.3
38.471607,-95.617432,32000,435.4,256.3
38.462111,-95.667175,32000,434.4,256.3
38.452754,-95.715698,32000,433.4,256.2
38.443588,-95.763702,32000,432.4,256.2
38.434133,-95.812927,32000,433.4,256.2
38.424728,-95.861743,32000,433.4,256.2
38.415233,-95.910828,32000,433.7,256.1
38.405777,-95.959382,32000,434.6,256.2
38.39621,-96.00847,32000,434.9,256.0
38.386603,-96.057826,32000,434.6,256.2
38.377029,-96.106587,32000,434.1,255.9
38.367462,-96.15509,32000,433.9,256.0
38.357895,-96.203477,32000,432.9,256.0
38.348373,-96.251805,32000,432.2,255.8
38.338561,-96.300898,32000,430.3,255.7
38.328964,-96.349104,32000,429.3,255.7
38.319351,-96.397491,32000,429.0,255.8
38.309692,-96.446228,32000,428.1,255.8
38.299988,-96.494907,32000,426.9,255.9
38.290512,-96.542242,32000,426.1,255.7
38.280899,-96.590394,32000,425.2,255.7
38.271286,-96.637671,32000,423.5,255.5
38.261627,-96.685298,32000,423.2,255.6
38.251968,-96.732866,32000,422.3,255.6
38.242538,-96.779675,32000,422.0,255.7
38.233027,-96.826868,32000,421.3,255.6
38.223298,-96.874695,32000,421.5,255.4
38.213745,-96.921854,32000,421.0,255.7
38.204258,-96.969512,32000,422.0,255.7
38.194611,-97.017225,32000,422.5,255.5
38.184892,-97.064448,32000,422.8,255.3
38.174976,-97.111916,32000,424.2,255.1
38.165107,-97.159265,32000,424.7,255.4
38.155378,-97.206434,32000,423.7,255.4
38.145509,-97.254022,32000,424.0,255.2
38.135593,-97.301609,32000,424.0,255.2
38.1259,-97.348393,32000,423.0,255.2
38.115948,-97.39553,32000,423.5,254.9
38.106033,-97.442521,32000,423.3,255.1
38.09607,-97.489989,32000,424.2,255.1
38.086121,-97.537322,32000,424.2,255.1
38.076187,-97.585358,32000,423.7,255.4
38.066299,-97.632518,32000,423.0,255.2
38.056548,-97.678906,32000,422.3,255.0
38.046678,-97.725837,32000,421.1,255.1
38.036957,-97.772243,32000,420.1,255.1
38.026932,-97.819227,32000,419.9,254.7
38.016861,-97.866094,32000,419.4,254.9
38.006923,-97.912664,32000,418.7,254.8
37.996681,-97.959834,32000,417.7,254.7
37.986719,-98.005988,32000,417.7,254.7
37.976669,-98.052569,32000,419.9,254.7
37.966415,-98.100313,32000,422.6,254.9
37.956573,-98.146888,32000,423.3,255.1
37.946638,-98.193412,32000,422.8,254.8
37.93634,-98.24074,32000,422.1,254.6
37.925968,-98.28811,32000,422.4,254.5
37.915604,-98.335409,32000,422.4,254.5
37.905258,-98.38251,32000,422.1,254.6
37.895197,-98.42938,32000,422.1,254.6
37.88477,-98.47649,32000,423.6,254.4
37.874313,-98.523988,32000,424.6,254.4
37.863968,-98.570855,32000,425.6,254.5
37.853394,-98.619013,32000,426.5,254.5
37.842865,-98.666694,32000,426.8,254.4
37.832445,-98.713531,32000,427.7,254.4
37.821854,-98.761363,32000,427.7,254.4
37.81145,-98.808766,32000,428.7,254.4
37.800888,-98.856266,32000,429.0,254.3
37.790222,-98.903951,32000,429.0,254.3
37.779648,-98.951228,32000,430.2,254.2
37.768855,-98.999236,32000,430.5,254.1
37.757996,-99.047358,32000,431.5,254.1
37.747115,-99.095605,32000,432.4,254.2
37.736454,-99.142894,32000,433.6,254.1
37.725769,-99.190239,32000,433.6,254.1
37.714828,-99.238333,32000,433.6,254.1
37.703914,-99.286672,32000,434.6,254.1
37.697071,-99.316287,32000,434.9,252.6
37.692602,-99.33205,32000,436.2,250.0
37.683338,-99.361605,32000,436.4,248.5
37.668628,-99.408656,32000,436.8,248.4
37.653992,-99.455138,32000,435.5,248.4
37.639626,-99.500905,32000,436.4,248.5
37.625148,-99.547179,32000,435.1,248.6
37.610596,-99.593577,32000,435.5,248.4
37.595727,-99.640921,32000,435.5,248.4
37.581253,-99.68702,32000,434.5,248.4
37.566467,-99.733945,32000,433.6,248.4
37.551682,-99.780754,32000,432.7,248.3
37.537397,-99.825957,32000,431.4,248.4
37.522614,-99.872794,32000,431.4,248.4
37.508148,-99.918434,32000,431.2,248.1
37.493312,-99.964659,32000,431.2,248.1
37.478622,-100.010882,32000,430.4,248.3
37.464157,-100.056406,32000,429.9,248.1
37.449554,-100.102221,32000,429.5,248.3
37.435029,-100.147486,32000,429.3,248.0
37.420349,-100.192975,32000,429.7,247.9
37.405654,-100.238422,32000,429.0,248.1
37.391144,-100.283846,32000,429.0,248.1
37.376745,-100.328761,32000,427.7,248.2
37.362267,-100.373601,32000,428.4,247.9
37.347565,-100.418954,32000,428.4,247.9
37.332825,-100.464536,32000,429.3,248.0
37.318182,-100.509975,32000,429.3,248.0
37.303345,-100.555699,32000,430.6,247.9
37.28833,-100.601924,32000,430.6,247.9
37.27326,-100.648439,32000,431.6,247.9
37.258301,-100.694255,32000,431.9,247.8
37.243559,-100.739375,32000,432.3,247.7
37.228455,-100.785243,32000,433.3,247.0
37.222961,-100.799794,32000,435.2,244.0
37.217102,-100.813644,32000,437.4,240.9
37.20932,-100.829715,32000,438.7,238.2
37.188126,-100.871965,32000,440.3,237.9
37.167068,-100.91404,32000,440.6,238.1
37.146125,-100.956175,32000,440.1,238.2
37.125,-100.998775,32000,439.6,238.3
37.103903,-101.041618,32000,439.9,238.5
37.082721,-101.084907,32000,438.9,238.7
37.062241,-101.12693,32000,439.4,238.6
37.041367,-101.169765,32000,437.5,238.7
37.020434,-101.212921,32000,437.0,238.9
36.999998,-101.255195,32000,436.1,238.8
36.979248,-101.297919,32000,435.3,238.7
36.958603,-101.339994,32000,434.1,238.5
36.938095,-101.381602,32000,431.9,238.4
36.917404,-101.423444,32000,429.6,238.4
36.897034,-101.464467,32000,429.3,238.2
36.876495,-101.50585,32000,427.9,238.3
36.856245,-101.546691,32000,427.4,238.4
36.835648,-101.588287,32000,426.0,238.4
36.815139,-101.629554,32000,425.7,238.2
36.794312,-101.671429,32000,425.2,238.4
36.773849,-101.71257,32000,424.8,238.2
36.753387,-101.754169,32000,423.1,238.8
36.733658,-101.79491,32000,423.4,239.0
36.713795,-101.836191,32000,422.9,239.1
36.693924,-101.87748,32000,422.9,239.1
36.674179,-101.918588,32000,423.8,239.2
36.654236,-101.959591,32000,426.4,238.6
36.634048,-102.000618,32000,428.1,238.8
36.613815,-102.042332,32000,428.4,238.9
36.593262,-102.084446,32000,428.9,238.8
36.572974,-102.125926,32000,428.9,238.8
36.552864,-102.166949,32000,428.6,238.6
36.532471,-102.208328,32000,429.1,238.5
36.511963,-102.249985,32000,429.4,238.7
36.491741,-102.291188,32000,429.4,238.7
36.471397,-102.332446,32000,430.0,238.6
36.45108,-102.373753,32000,430.8,238.7
36.430481,-102.415581,32000,432.2,238.6
36.409973,-102.457008,32000,433.2,238.4
36.389465,-102.49855,32000,433.9,238.8
36.368866,-102.540665,32000,433.9,238.8
36.348038,-102.583179,32000,434.8,238.8
36.327301,-102.625809,32000,434.6,239.1
36.306975,-102.667879,32000,435.1,239.0
36.286331,-102.710381,32000,435.1,239.0
36.265594,-102.752838,32000,435.6,238.9
36.244812,-102.795525,32000,436.0,239.1
36.224158,-102.838109,32000,436.8,239.1
36.203582,-102.880476,32000,436.5,239.0
36.183239,-102.922376,32000,436.0,239.1
36.173277,-102.943765,32000,435.1,240.8
36.159164,-102.976341,32000,434.8,242.0
36.140579,-103.019772,32000,434.8,242.3
36.12204,-103.063316,32000,435.7,242.4
36.103867,-103.106575,32000,436.5,242.7
36.085602,-103.150234,32000,434.7,242.6
36.067154,-103.193722,32000,434.3,242.4
36.048563,-103.237298,32000,434.4,242.1
36.029755,-103.281384,32000,434.4,242.1
36.011078,-103.324642,32000,434.4,242.1
35.992447,-103.368359,32000,433.4,242.4
35.974033,-103.411443,32000,433.0,242.2
35.955872,-103.454018,32000,433.4,242.4
35.937653,-103.496876,32000,433.0,242.5
35.919571,-103.539448,32000,433.4,242.4
35.900986,-103.583164,32000,433.4,242.4
35.882812,-103.62608,32000,433.8,242.6
35.864319,-103.66991,32000,433.8,242.6
35.84642,-103.712425,32000,433.4,242.7
35.828018,-103.75597,32000,433.4,242.7
35.809704,-103.799529,32000,434.3,242.7
35.791443,-103.843174,32000,433.8,242.8
35.773346,-103.886427,32000,435.2,242.8
35.755096,-103.930149,32000,434.7,242.9
35.737198,-103.973179,32000,434.3,243.0
35.719253,-104.016685,32000,433.4,243.3
35.701263,-104.060383,32000,432.9,243.1
35.683228,-104.103413,32000,432.9,242.8
35.665421,-104.146442,32000,431.1,243.3
35.647423,-104.190421,32000,431.6,243.4
35.630035,-104.233017,32000,431.6,243.4
35.612411,-104.276676,32000,431.6,243.7
35.59465,-104.320507,32000,432.0,243.6
35.577118,-104.363937,32000,431.6,243.7
35.559625,-104.407401,32000,431.6,243.7
35.542191,-104.450626,32000,432.9,243.7
35.524521,-104.494629,32000,432.9,244.0
35.507126,-104.538231,32000,432.9,244.0
35.489822,-104.581661,32000,432.9,244.0
35.473892,-104.62183,32000,433.9,244.9
35.470664,-104.631802,32000,432.4,249.1
35.467964,-104.642263,32000,430.8,253.0
35.465636,-104.653541,32000,430.0,256.4
35.464053,-104.664761,32000,428.1,260.3
35.460526,-104.694214,32000,427.2,261.9
35.457413,-104.725399,32000,427.8,263.4
35.453201,-104.773064,32000,428.4,264.0
35.44911,-104.821083,32000,429.4,264.0
35.444967,-104.868125,32000,429.6,263.7
35.440613,-104.915771,32000,429.7,263.6
35.436169,-104.963379,32000,429.8,263.5
35.431595,-105.011387,32000,429.0,263.2
35.42688,-105.059395,32000,427.1,263.1
35.422348,-105.106373,32000,426.9,263.3
35.41777,-105.154152,32000,427.9,263.3
35.413265,-105.200987,32000,427.9,263.3
35.408656,-105.248147,32000,429.0,263.2
35.404048,-105.296066,32000,428.9,263.3
35.399368,-105.344582,32000,430.0,263.2
35.394784,-105.39167,32000,429.9,263.3
35.390121,-105.439224,32000,430.2,263.1
35.385473,-105.486106,32000,431.1,263.1
35.380783,-105.533695,32000,431.0,263.2
35.376116,-105.581301,32000,431.1,263.1
35.371353,-105.62891,32000,430.2,263.1
35.366573,-105.676205,32000,431.3,262.9
35.361832,-105.723381,32000,431.3,262.9
35.357025,-105.771332,32000,432.3,263.0
35.352188,-105.818793,32000,431.4,262.8
35.3473,-105.866245,32000,432.3,263.0
35.342377,-105.914555,32000,433.4,262.8
35.337387,-105.962563,32000,432.4,262.8
35.332497,-106.010411,32000,433.4,262.8
35.327702,-106.057512,32000,433.4,262.8
35.322721,-106.105665,32000,434.4,262.9
35.31774,-106.153292,32000,433.6,262.6
35.312759,-106.2006,32000,433.6,262.6
35.307638,-106.248955,32000,433.6,262.6
35.302424,-106.297575,32000,434.6,262.6
35.297379,-106.345711,32000,437.6,262.6
35.292343,-106.39349,32000,437.6,262.6
35.287216,-106.442013,32000,437.6,262.6
35.281988,-106.491238,32025,437.6,262.6
35.276733,-106.540146,32000,438.7,262.5
35.271469,-106.588268,32000,437.9,262.4
35.266205,-106.636219,32000,436.9,262.4
35.260946,-106.684317,32000,436.7,262.5
35.255768,-106.732063,32000,437.9,262.4
35.250458,-106.780758,32000,437.9,262.4
35.245165,-106.828951,32000,436.9,262.4
35.239792,-106.87706,32000,436.1,262.1
35.234436,-106.924839,32000,435.9,262.4
35.229104,-106.972825,32000,436.0,262.2
35.223816,-107.020905,32000,436.7,262.5
35.218583,-107.06892,32000,437.9,262.4
35.213137,-107.117329,32000,437.3,262.0
35.207644,-107.165737,32000,438.1,262.1
35.202151,-107.213745,32000,438.3,262.0
35.196625,-107.261764,32000,439.3,262.0
35.191071,-107.310619,32000,440.1,262.2
35.185547,-107.359688,32000,442.1,262.2
35.180008,-107.40851,32000,441.2,262.0
35.174405,-107.457047,32000,441.2,262.0
35.168701,-107.506097,32000,441.4,261.9
35.163025,-107.554807,32000,441.4,261.9
35.157321,-107.603531,32000,440.4,261.9
35.151627,-107.651946,32000,440.4,261.9
35.145962,-107.700291,32000,440.4,261.9
35.140228,-107.749142,32000,440.4,261.9
35.134464,-107.797966,32000,439.5,261.8
35.128647,-107.846786,32000,439.5,261.8
35.122833,-107.895383,32000,440.7,261.6
35.117053,-107.943821,32000,440.7,261.6
35.111187,-107.992458,32000,440.7,261.6
35.105301,-108.040784,32000,440.7,261.6
35.099625,-108.088148,32000,439.7,261.6
35.09373,-108.135853,32000,439.0,261.4
35.087772,-108.184776,32000,438.7,261.6
35.081906,-108.232727,32000,438.7,261.6
35.07604,-108.281651,32000,439.7,261.6
35.070099,-108.330352,32000,439.8,261.5
35.06424,-108.378165,32000,440.0,261.4
35.058258,-108.425903,32000,440.0,261.4
35.0522,-108.474688,32000,439.8,261.5
35.046204,-108.523229,32000,441.0,261.4
35.040161,-108.571827,32000,441.1,261.3
35.034097,-108.619881,32000,441.1,261.3
35.027939,-108.66891,32000,441.1,261.3
35.023727,-108.700524,32000,440.0,259.8
35.020981,-108.71577,32000,440.1,257.1
35.016966,-108.733749,32000,441.1,254.5
35.012636,-108.750286,32000,441.1,251.8
34.999878,-108.796767,32000,441.5,251.6
34.987358,-108.84304,32000,442.1,251.8
34.974789,-108.889503,32000,442.1,251.8
34.962158,-108.936002,32000,442.1,251.8
34.94957,-108.981965,32000,441.8,251.5
34.936849,-109.028664,32000,442.1,251.8
34.924141,-109.075356,32000,442.7,251.6
34.911199,-109.122505,32000,441.8,251.5
34.898529,-109.168957,32000,442.4,251.7
34.885757,-109.215648,32000,441.5,251.6
34.873123,-109.261836,32000,441.8,251.5
34.860168,-109.308416,32000,442.1,251.4
34.84726,-109.354995,32000,442.1,251.4
34.834579,-109.401127,32000,441.5,251.6
34.821772,-109.447975,32000,441.5,251.6
34.808831,-109.494953,32000,440.8,251.5
34.796036,-109.541202,32000,441.1,251.4
34.783218,-109.587166,32000,441.5,251.2
34.770285,-109.633369,32000,441.5,251.2
34.757401,-109.679541,32000,441.1,251.4
34.7444,-109.726232,32000,441.5,251.2
34.731537,-109.772252,32000,442.4,251.3
34.718307,-109.819224,32000,442.7,251.2
34.708878,-109.852015,32000,442.6,250.1
34.703157,-109.869003,32000,442.0,247.4
34.694595,-109.892036,32000,441.7,245.5
34.677879,-109.936924,32000,441.8,245.8
34.661167,-109.982071,32000,441.4,245.9
34.644882,-110.026114,32000,441.8,245.8
34.628161,-110.070992,32000,441.3,245.6
34.611635,-110.115108,32000,441.3,245.6
34.595202,-110.158997,32000,441.3,245.6
34.578644,-110.203297,32000,441.3,245.6
34.561752,-110.248307,32000,441.3,245.6
34.545364,-110.291916,32000,441.7,245.5
34.528865,-110.335808,32000,441.7,245.5
34.512177,-110.379975,32000,434.5,245.4
34.495789,-110.423248,32000,427.8,245.4
34.487713,-110.444527,31975,426.9,245.4
34.485443,-110.450601,31950,426.9,245.4
34.480917,-110.462551,31850,426.9,245.4
34.479148,-110.467072,31800,426.0,245.3
34.477705,-110.470963,31725,426.0,245.3
34.476355,-110.474396,31675,425.1,245.2
34.474594,-110.479188,31575,425.1,245.2
34.46872,-110.49448,31250,425.5,245.1
34.459689,-110.517941,30850,423.7,245.3
34.451216,-110.540257,30450,422.4,245.4
34.442651,-110.562973,30075,419.8,245.5
34.434082,-110.585744,29675,417.5,245.5
34.425147,-110.609436,29275,415.3,245.5
34.41655,-110.632212,28900,413.5,245.4
34.408295,-110.654011,28500,412.6,245.4
34.399567,-110.676942,28125,410.3,245.4
34.390885,-110.699787,27750,408.1,245.4
34.383297,-110.719814,27350,405.4,245.5
34.375802,-110.73967,26950,401.9,245.6
34.368256,-110.75962,26550,399.1,245.1
34.362762,-110.772624,26275,396.8,242.2
34.357134,-110.784302,26025,395.0,239.4
34.350906,-110.795886,25750,393.6,236.7
34.344984,-110.805874,25500,392.2,233.9
34.337906,-110.816682,25250,390.4,231.1
34.330646,-110.826588,25000,388.9,228.4
34.318634,-110.842073,24600,387.7,226.9
34.306439,-110.857887,24200,386.3,227.1
34.293869,-110.874248,23800,383.5,227.1
34.28037,-110.891762,23400,382.1,227.1
34.267056,-110.908813,23025,380.6,226.7
34.253369,-110.926208,22650,379.1,226.5
34.239217,-110.944233,22300,377.0,226.6
34.225342,-110.961858,21950,373.5,226.5
34.211151,-110.979963,21575,371.4,226.9
34.197739,-110.997339,21225,369.4,227.2
34.184097,-111.015052,20875,366.6,227.2
34.170593,-111.032484,20525,364.4,227.1
34.15696,-111.050034,20175,361.5,226.7
34.151792,-111.056614,20050,360.1,226.9
34.148068,-111.06142,20000,358.7,226.9
34.140666,-111.070976,19925,354.5,226.9
34.128656,-111.086426,19800,346.0,227.0
34.125956,-111.089916,19750,344.6,227.0
34.123442,-111.093121,19700,343.2,227.0
34.111059,-111.109142,19325,341.0,226.9
34.097397,-111.126709,18975,338.9,227.0
34.084534,-111.143301,18625,336.1,227.1
34.070931,-111.160755,18300,333.2,226.8
34.057571,-111.177885,17950,331.9,227.1
34.044629,-111.194572,17625,329.7,227.0
34.031501,-111.21151,17300,326.9,227.0
34.018341,-111.228389,16975,324.7,226.9
34.004745,-111.245821,16650,321.2,227.0
33.990967,-111.263534,16325,320.5,226.9
33.978246,-111.279831,16000,321.9,226.9
33.96549,-111.296139,15675,321.2,226.8
33.952875,-111.312218,15350,319.7,226.5
33.940247,-111.328218,15025,316.2,226.7
33.927736,-111.344204,14700,314.8,226.9
33.915298,-111.360056,14350,312.7,226.8
33.902924,-111.375847,14025,312.0,226.7
33.898083,-111.382027,13900,310.6,226.7
33.890259,-111.39195,13775,307.0,226.6
33.883255,-111.400246,13725,301.3,223.9
33.878484,-111.405258,13675,298.3,221.3
33.871874,-111.411667,13550,295.3,218.5
33.864565,-111.418076,13375,295.3,215.6
33.850832,-111.42992,13050,294.2,216.0
33.835656,-111.443138,12725,292.8,216.0
33.82062,-111.456127,12400,294.7,215.5
33.806328,-111.468372,12075,297.5,215.6
33.797791,-111.475637,11900,298.3,215.4
33.789734,-111.482588,11700,297.5,215.6
33.781656,-111.489429,11525,296.1,215.5
33.773649,-111.496296,11350,295.5,215.4
33.765409,-111.503334,11175,295.3,215.6
33.757736,-111.509941,10975,294.7,215.5
33.749302,-111.517124,10800,293.1,215.7
33.741074,-111.524291,10625,292.3,215.8
33.732925,-111.531297,10450,292.3,215.8
33.724676,-111.53841,10250,292.3,215.8
33.719648,-111.542759,10150,292.3,215.8
33.708662,-111.5522,10025,287.3,215.8
33.701111,-111.558763,9950,282.8,215.9
33.693113,-111.56559,9875,278.6,215.8
33.684952,-111.572608,9775,273.9,215.5
33.674399,-111.581497,9650,269.7,215.3
33.66737,-111.587505,9575,265.9,215.7
33.660852,-111.593113,9525,261.4,215.8
33.653544,-111.599293,9450,256.9,215.2
33.646774,-111.605063,9400,252.3,215.6
33.64144,-111.609707,9325,248.7,215.7
33.636645,-111.613827,9250,246.2,216.1
33.629791,-111.619748,9075,243.7,215.6
33.622467,-111.625802,8900,243.0,214.6
33.61565,-111.631393,8725,243.2,214.3
33.608826,-111.637069,8550,243.3,215.1
33.60201,-111.642895,8375,240.9,215.5
33.594406,-111.649288,8225,237.5,215.2
33.586648,-111.655827,8050,234.7,215.1
33.579898,-111.661434,7875,232.2,214.6
33.57636,-111.664352,7800,231.6,214.4
33.5684,-111.670876,7650,232.2,214.6
33.567169,-111.671877,7625,232.2,214.6
33.560719,-111.677284,7425,233.6,214.7
33.553207,-111.68348,7250,234.7,215.1
33.545729,-111.689758,7100,233.6,214.7
33.542005,-111.692848,7000,233.3,215.1
33.537323,-111.696899,6900,231.5,215.7
33.533067,-111.700576,6800,229.8,216.0
33.528877,-111.70422,6700,229.2,215.8
33.525432,-111.707079,6600,226.9,214.9
33.522629,-111.709369,6550,226.4,214.7
33.518051,-111.713159,6450,228.6,214.7
33.512258,-111.718065,6350,228.9,215.2
33.507928,-111.721764,6250,230.6,215.8
33.503494,-111.725574,6150,231.5,215.7
33.499409,-111.728995,6050,233.1,215.4
33.495255,-111.73255,5950,234.5,215.4
33.49117,-111.736058,5850,236.7,215.4
33.48793,-111.738757,5750,237.3,215.6
33.484177,-111.741998,5650,237.3,215.6
33.480416,-111.745138,5550,236.1,215.2
33.475994,-111.748894,5450,233.9,215.2
33.472176,-111.752481,5375,233.7,218.1
33.46943,-111.755508,5325,232.1,222.9
33.467148,-111.758588,5250,231.4,227.3
33.464951,-111.762103,5175,230.6,232.9
33.462912,-111.765878,5100,229.1,236.9
33.460693,-111.770728,5025,228.3,241.2
33.457885,-111.776752,4925,226.5,240.9
33.455464,-111.781797,4825,223.5,240.2
33.45309,-111.786673,4725,220.9,239.8
33.450716,-111.79155,4625,218.7,239.8
33.448471,-111.796216,4525,215.1,239.9
33.445908,-111.80127,4425,213.0,239.2
33.443207,-111.807202,4325,210.3,241.6
33.441917,-111.810832,4275,210.2,247.3
33.440893,-111.815204,4225,210.0,252.3
33.440381,-111.818511,4200,210.6,257.9
33.44014,-111.821429,4150,210.6,262.9
33.440055,-111.825518,4075,210.2,267.3
33.440186,-111.830878,3975,211.1,271.4
33.440335,-111.836616,3875,211.2,272.2
33.440521,-111.842334,3775,211.1,271.9
33.440598,-111.848676,3675,210.0,270.8
33.440707,-111.856067,3575,206.0,270.8
33.440826,-111.8612,3475,203.1,271.4
33.440893,-111.865932,3375,202.0,270.9
33.440872,-111.872241,3275,200.0,270.0
33.440872,-111.87735,3175,200.0,269.7
33.440872,-111.879327,3150,200.0,270.3
33.440893,-111.885999,3050,197.0,269.4
33.4408,-111.892221,2950,194.1,268.5
33.440735,-111.897839,2850,191.0,269.1
33.440643,-111.902673,2775,189.0,269.1
33.440614,-111.907355,2700,184.0,269.1
33.440643,-111.911572,2625,179.0,270.6
33.440707,-111.916828,2525,175.0,270.6
33.440735,-111.922229,2425,172.0,270.7
33.440707,-111.925796,2375,168.0,269.7
33.440735,-111.929041,2325,163.0,270.0
33.440707,-111.93426,2225,159.0,269.6
33.44066,-111.941883,2150,159.0,270.0
33.440707,-111.945359,2100,159.0,270.7
33.440735,-111.950189,2000,159.0,270.4
33.440781,-111.95722,1900,159.0,270.4
33.440781,-111.964252,1800,158.0,270.0
33.440781,-111.966614,1775,158.0,270.0
33.4408,-111.971367,1675,157.0,270.4
33.440826,-111.9776,1575,156.0,270.0
33.440826,-111.985181,1475,156.0,270.0
33.440872,-111.991058,1375,157.0,270.0
33.440872,-111.995508,1325,157.0,270.0
33.440893,-112.001692,1275,154.0,270.4
33.440872,-112.002594,1275,145.0,270.4
33.440872,-112.008472,1275,126.0,270.5
33.440882,-112.01066,-50.0,87.0,270.0
33.440872,-112.011397,-50.0,79.0,270.0
33.440872,-112.013113,-50.0,60.5,270.0
33.440882,-112.013981,-50.0,53.5,270.0
33.440872,-112.015366,-50.0,37.5,270.0
33.440872,-112.015805,-50.0,30.5,270.0
33.440823,-112.016377,-50.0,21.5,255.9
33.440719,-112.016602,-50.0,19.5,244.7
33.440392,-112.017014,-50.0,17.5,219.4
33.440241,-112.017106,-50.0,14.2,205.3
33.439911,-112.017027,-50.0,10.8,154.7
33.439799,-112.016307,-50.0,11.2,92.8
33.439788,-112.015831,-50.0,13.8,90.0
33.439785,-112.015421,-50.0,15.5,90.0
33.439785,-112.014226,-50.0,20.5,90.0
33.439788,-112.013168,-50.0,22.5,90.0
33.439788,-112.01251,-50.0,22.5,90.0
33.439785,-112.011369,-50.0,22.5,90.0
33.439788,-112.010898,-50.0,22.5,90.0
33.439785,-112.010367,-50.0,22.5,90.0
33.439785,-112.009625,-50.0,22.5,90.0
33.439785,-112.009172,-50.0,21.5,90.0
33.439788,-112.00818,-50.0,18.5,90.0
33.439776,-112.007941,-50.0,15.5,92.8
33.439396,-112.007387,-50.0,13.2,154.7
33.439236,-112.007373,-50.0,13.8,168.8
33.439098,-112.007373,-50.0,13.8,180.0
33.438694,-112.007381,-50.0,12.8,180.0
33.438641,-112.007373,-50.0,12.8,180.0
33.43808,-112.008005,-50.0,5.8,264.4
33.438053,-112.00832,-50.0,1.9,264.4
33.438053,-112.008324,-50.0,1.9,264.4
