lat,lon,alt,gs,track,vs
41.565674,-81.485533,700,63.9,230.1,64
41.565445,-81.485908,700,65.3,230.0,128
41.565353,-81.486095,700,71.1,230.7,448
41.563886,-81.488598,700,73.6,233.3,448
41.563614,-81.489154,800,73.0,233.9,448
41.562303,-81.491536,900,72.7,235.6,896
41.55986,-81.496083,1000,71.0,234.7,768
41.558121,-81.499329,1100,69.4,233.8,576
41.556764,-81.50182,1100,66.4,233.0,448
41.556244,-81.502637,1200,65.8,226.9,320
41.555649,-81.503261,1200,64.5,220.6,320
41.555088,-81.503736,1200,64.2,217.4,320
41.554809,-81.503864,1200,63.1,207.4,448
41.554504,-81.50401,1200,63.0,200.4,448
41.554047,-81.504198,1200,63.6,192.7,448
41.553738,-81.504247,1300,62.7,188.3,448
41.55304,-81.50426,1300,62.0,181.9,896
41.552353,-81.504198,1300,61.2,175.3,896
41.551941,-81.504073,1300,60.2,168.5,768
41.551804,-81.504073,1400,60.2,164.6,768
41.551163,-81.503698,1400,59.2,158.2,768
41.550665,-81.503353,1400,58.2,151.2,768
41.550014,-81.502778,1400,57.4,144.9,704
41.549515,-81.5022,1500,58.1,139.2,704
41.549194,-81.501701,1500,59.7,129.6,448
41.548803,-81.500989,1500,61.6,122.4,448
41.548571,-81.500287,1500,64.0,115.0,448
41.548279,-81.499266,1500,67.4,108.2,512
41.548096,-81.498267,1500,70.8,103.1,512
41.548012,-81.497604,1600,71.9,98.8,512
41.547919,-81.496263,1600,73.1,92.3,704
41.547965,-81.494794,1600,74.1,87.7,704
41.548058,-81.493835,1600,75.7,82.4,448
41.548279,-81.492649,1600,77.6,75.1,448
41.548462,-81.491838,1700,79.4,70.9,448
41.548896,-81.490514,1700,82.3,65.6,192
41.549548,-81.488853,1700,84.6,61.0,64
41.551071,-81.485408,1700,86.6,58.7,384
41.552628,-81.481975,1800,86.5,60.2,192
41.554017,-81.478633,1900,86.8,62.5,640
41.555972,-81.47346,1900,85.4,62.8,320
41.558075,-81.468117,2000,89.9,64.3,128
41.558167,-81.46793,2000,89.5,64.9,128
41.558347,-81.467392,2000,88.6,66.0,640
41.558905,-81.465348,2000,87.0,70.5,640
41.559174,-81.464497,2000,88.3,70.1,640
41.559219,-81.464247,2000,88.3,70.1,0
41.559883,-81.461579,2100,87.3,72.0,0
41.559998,-81.461251,2100,86.0,72.4,640
41.560488,-81.458769,2100,83.7,75.5,640
41.561093,-81.455511,2200,84.4,76.3,320
41.562117,-81.450082,2300,82.5,76.0,640
41.562164,-81.44989,2200,82.5,76.0,640
41.562286,-81.449141,2300,83.2,76.8,576
41.563467,-81.44165,2300,87.9,78.2,256
41.563797,-81.43959,2400,87.9,78.2,320
41.564392,-81.435408,2400,87.3,80.1,64
41.564804,-81.431663,2400,85.2,80.5,320
41.564941,-81.430664,2500,85.2,80.5,768
41.56572,-81.425108,2600,84.3,79.8,640
41.56636,-81.420739,2600,85.9,77.9,576
41.566959,-81.417314,2700,86.4,76.6,704
41.567688,-81.413872,2700,82.3,73.8,832
41.567734,-81.41356,2800,82.6,73.1,832
41.568728,-81.409713,2800,81.6,70.7,640
41.569153,-81.408067,2900,81.6,70.7,512
41.569748,-81.405633,2900,82.3,73.8,320
41.570683,-81.400899,2900,84.6,75.6,384
41.570892,-81.399827,3000,84.6,75.6,384
41.571625,-81.395645,3100,81.8,78.0,576
41.571671,-81.395395,3000,81.6,78.7,576
41.571707,-81.395086,3100,81.6,78.7,576
41.571991,-81.392462,3100,81.7,82.3,512
41.572452,-81.387868,3100,82.5,83.7,384
41.572545,-81.386336,3200,81.4,84.4,384
41.572952,-81.379915,3300,81.3,85.1,384
41.572964,-81.379629,3200,81.3,85.1,384
41.57301,-81.379373,3300,82.3,85.1,384
41.573364,-81.372362,3300,83.2,86.6,256
41.573569,-81.365065,3300,82.1,87.9,64
41.573662,-81.360339,3300,85.0,90.0,-64
41.573593,-81.356382,3300,86.1,92.0,-128
41.573429,-81.35344,3400,86.4,95.3,64
41.573135,-81.350389,3300,86.8,97.9,64
41.572632,-81.346706,3300,87.5,100.5,-128
41.571899,-81.3414,3300,87.1,99.2,-128
41.571614,-81.338238,3300,86.5,96.0,128
41.571442,-81.334721,3300,86.1,93.3,64
41.571304,-81.32954,3300,86.0,91.3,128
41.571148,-81.319012,3300,85.1,92.0,-64
41.571055,-81.31205,3300,88.0,90.7,-192
41.571075,-81.308816,3300,89.1,88.1,-64
41.571259,-81.305695,3300,88.3,85.4,64
41.571474,-81.300936,3300,87.1,87.4,128
41.571716,-81.295457,3300,89.3,85.5,-128
41.571945,-81.292773,3300,90.9,81.8,-64
41.572405,-81.289503,3300,91.8,78.7,-64
41.573364,-81.283223,3300,91.2,77.3,64
41.574035,-81.279602,3300,93.4,74.5,-192
41.575012,-81.274684,3300,90.7,76.0,64
41.575757,-81.270021,3300,87.9,78.2,128
41.576735,-81.263442,3300,88.5,79.6,0
41.577393,-81.258004,3200,87.1,80.8,-64
41.577433,-81.257757,3300,87.1,80.8,-64
41.577479,-81.257502,3200,87.1,80.8,-64
41.578033,-81.252573,3200,87.8,82.2,0
41.578364,-81.249134,3300,85.6,83.3,64
41.5784,-81.248641,3200,84.6,83.2,64
41.5784,-81.248391,3300,84.6,83.2,64
41.5784,-81.248204,3200,84.6,83.2,64
41.578445,-81.247954,3300,84.6,83.2,64
41.578457,-81.247729,3200,84.7,82.5,64
41.578491,-81.247392,3300,84.7,82.5,64
41.579361,-81.237529,3300,81.7,82.3,-128
41.580414,-81.227604,3300,84.7,82.5,0
41.581343,-81.217517,3300,87.7,82.8,-64
41.582228,-81.208702,3300,84.5,83.9,64
41.582507,-81.204039,3300,86.2,86.0,-192
41.582794,-81.200138,3300,86.6,83.4,-128
41.58316,-81.196518,3200,86.8,82.1,-128
41.583299,-81.194969,3300,84.6,83.2,-128
41.583531,-81.19267,3200,85.5,84.0,128
41.58371,-81.188778,3200,84.2,86.6,-64
41.584122,-81.181037,3200,85.1,87.3,64
41.584183,-81.176573,3200,83.0,89.3,64
41.584122,-81.169864,3200,84.0,90.7,-64
41.584043,-81.166226,3200,84.2,93.4,-64
41.583618,-81.159377,3200,82.3,94.9,-64
41.583206,-81.153759,3200,79.5,96.5,64
41.58288,-81.149491,3200,83.7,97.6,-128
41.581902,-81.139335,3200,81.6,97.0,128
41.58165,-81.136031,3200,81.3,94.9,0
41.581558,-81.133222,3200,82.1,92.1,-64
41.58153,-81.12969,3200,83.0,89.3,-64
41.581623,-81.122664,3200,84.0,88.6,-64
41.581787,-81.119801,3200,85.3,85.3,-64
41.582153,-81.113059,3200,82.4,84.4,128
41.582926,-81.103629,3300,82.4,84.4,64
41.582926,-81.103374,3200,82.4,84.4,64
41.583112,-81.101394,3300,82.5,83.7,128
41.583664,-81.095643,3200,83.6,83.1,-192
41.583939,-81.091711,3200,84.3,85.2,-192
41.584167,-81.086218,3200,82.2,86.5,-64
41.584276,-81.083573,3200,84.0,89.3,-64
41.58423,-81.077313,3200,81.0,88.6,320
41.584305,-81.075606,3200,80.4,84.3,192
41.584488,-81.074108,3300,79.6,82.8,128
41.585114,-81.067604,3300,82.5,83.7,0
41.585541,-81.061124,3300,84.4,84.6,0
41.585673,-81.05847,3300,84.1,87.3,320
41.585724,-81.053883,3300,83.0,89.3,-192
41.585766,-81.046781,3300,84.1,87.9,-64
41.585953,-81.043146,3300,84.3,85.2,64
41.586185,-81.03835,3300,82.1,87.2,64
41.586557,-81.031004,3300,83.2,85.9,64
41.586777,-81.02829,3300,83.6,83.1,0
41.587234,-81.023858,3300,86.1,80.7,-128
41.588058,-81.017865,3300,88.5,79.6,-64
41.588699,-81.01395,3300,89.3,77.1,0
41.590622,-81.003321,3300,86.9,78.0,-64
41.591445,-80.997918,3300,87.5,79.5,-64
41.591911,-80.993894,3300,85.8,82.0,64
41.592516,-80.987378,3300,84.6,83.2,0
41.592865,-80.982659,3300,85.3,85.3,-64
41.593028,-80.978883,3300,85.1,87.3,0
41.593074,-80.975881,3300,83.0,90.0,0
41.592981,-80.967705,3300,82.0,89.3,0
41.593185,-80.960437,3300,84.1,87.9,128
41.593369,-80.956317,3300,83.2,85.9,64
41.593726,-80.95129,3300,83.4,84.5,-128
41.594238,-80.944136,3300,84.2,85.9,0
41.594424,-80.939601,3200,82.2,86.5,0
41.594421,-80.939276,3300,82.2,85.8,0
41.59475,-80.934108,3200,83.3,85.2,-64
41.59475,-80.933852,3300,83.3,85.2,-64
41.595016,-80.930037,3200,83.4,84.5,-64
41.595775,-80.919608,3200,84.5,83.9,-64
41.596252,-80.914931,3200,86.8,82.1,64
41.597122,-80.905942,3200,84.6,83.2,0
41.597534,-80.900574,3200,84.4,84.6,192
41.597626,-80.89945,3300,83.3,85.2,192
41.597946,-80.892833,3300,82.2,86.5,-128
41.597962,-80.892653,3300,754.4,7.5,-17728
41.597992,-80.892022,3300,754.4,7.5,-17728
41.598009,-80.891759,3300,82.2,86.5,-192
41.598102,-80.888885,3200,84.2,86.6,-128
41.598288,-80.884222,3300,83.1,87.2,256
41.598335,-80.880517,3300,82.0,90.0,192
41.598288,-80.871575,3300,83.0,90.7,-64
41.598221,-80.866429,3300,86.1,92.7,-192
41.5979,-80.858439,3300,84.0,91.4,128
41.597869,-80.854904,3300,84.0,89.3,64
41.598009,-80.85171,3300,84.2,86.6,64
41.598312,-80.846079,3300,85.3,85.3,-64
41.598847,-80.837722,3300,87.2,86.1,-192
41.598907,-80.835842,3200,87.1,86.7,-64
41.599136,-80.82885,3200,84.1,87.9,0
41.599219,-80.824053,3200,82.0,90.0,-320
41.599266,-80.81511,3200,81.0,89.3,128
41.599365,-80.810873,3200,80.1,87.1,-128
41.599499,-80.806423,3200,78.0,89.3,192
41.599499,-80.801314,3300,74.0,90.8,320
41.599411,-80.796953,3300,74.1,92.3,-384
41.599228,-80.793894,3200,77.2,94.5,-64
41.599182,-80.793207,3300,77.4,95.9,0
41.598987,-80.791221,3200,76.8,98.2,-128
41.598614,-80.787964,3300,78.9,98.8,64
41.597534,-80.778975,3300,77.1,99.7,64
41.597311,-80.776786,3300,78.5,96.6,128
41.597214,-80.775105,3300,79.2,94.3,128
41.597168,-80.77317,3300,79.1,92.2,128
41.597168,-80.77136,3300,79.0,88.6,320
41.597305,-80.768114,3300,80.2,85.7,-192
41.597717,-80.762558,3300,84.5,83.9,-192
41.598221,-80.75513,3300,87.7,82.8,-256
41.598894,-80.749384,3300,89.1,81.0,-320
41.599228,-80.746328,3200,90.8,82.4,-192
41.599594,-80.74252,3300,88.7,82.9,320
41.600197,-80.737184,3300,84.0,81.1,-256
41.600281,-80.736653,3200,84.0,81.1,-384
41.601594,-80.726006,3200,88.1,80.9,-192
41.602664,-80.717,3200,89.0,81.6,-256
41.603027,-80.712995,3200,85.5,84.0,-64
41.603269,-80.709974,3100,86.5,84.0,-64
41.603269,-80.709782,3200,86.5,84.0,128
41.603668,-80.705941,3200,84.0,81.1,256
41.604309,-80.700261,3200,82.7,82.4,0
41.605042,-80.692083,3200,82.9,81.7,192
41.605453,-80.689024,3300,82.6,78.8,128
41.606016,-80.685765,3300,82.5,76.0,128
41.607193,-80.679536,3300,83.2,76.8,-256
41.607785,-80.675929,3300,86.5,79.3,0
41.608576,-80.669861,3300,85.2,80.5,320
41.60907,-80.665304,3300,83.7,82.4,-128
41.609554,-80.659194,3300,86.5,84.0,64
41.60974,-80.655681,3300,85.1,86.6,256
41.609833,-80.653637,3400,82.1,87.9,256
41.609985,-80.646078,3400,81.0,88.6,-64
41.609973,-80.64182,3400,83.0,90.7,0
41.609848,-80.637152,3400,82.1,92.8,320
41.609647,-80.634091,3400,78.4,95.9,128
41.608932,-80.625042,3400,79.5,96.5,64
41.60853,-80.620869,3400,77.9,98.9,256
41.608337,-80.619424,3500,77.1,99.7,256
41.607133,-80.610266,3500,81.2,99.9,-448
41.607056,-80.609686,3400,82.2,99.8,-512
41.606668,-80.606051,3400,86.7,97.3,-256
41.606461,-80.603131,3400,87.3,94.6,0
41.606369,-80.600135,3400,87.0,91.3,0
41.606388,-80.597939,3400,87.1,88.0,-128
41.606528,-80.595831,3400,88.4,84.8,-128
41.606827,-80.592644,3400,88.8,82.2,-256
41.607506,-80.588358,3400,90.2,77.2,0
41.607788,-80.586777,3400,90.7,76.0,-64
41.608566,-80.583031,3400,90.5,74.0,-64
41.610857,-80.573858,3300,91.1,72.8,-128
41.611496,-80.571296,3300,95.5,70.4,-320
41.613235,-80.564866,3300,94.6,72.1,-64
41.613837,-80.562042,3200,94.1,75.2,-256
41.614489,-80.558209,3200,94.2,77.7,-128
41.614792,-80.556127,3200,93.4,80.1,-192
41.615187,-80.552588,3200,90.7,83.0,64
41.615845,-80.544954,3200,92.4,84.4,-320
41.616302,-80.537401,3200,88.3,85.4,0
41.616852,-80.530035,3200,89.5,84.2,-128
41.616956,-80.529146,3100,89.6,83.6,64
41.617002,-80.528635,3200,89.6,83.6,64
41.617035,-80.528349,3100,89.5,84.2,64
41.617049,-80.527805,3200,88.4,84.8,0
41.617095,-80.527486,3100,88.4,84.8,0
41.617081,-80.527226,3200,88.4,84.8,0
41.617142,-80.526464,3100,88.3,85.4,-64
41.617218,-80.524167,3200,87.1,87.4,64
41.617264,-80.523168,3100,87.1,88.0,0
41.617264,-80.522919,3200,87.1,88.0,-64
41.61731,-80.52167,3100,87.1,88.0,-64
41.617401,-80.518112,3200,87.1,87.4,64
41.617447,-80.516676,3100,86.1,87.3,64
41.617447,-80.515803,3200,86.1,86.7,128
41.617654,-80.511134,3100,86.1,86.7,0
41.617701,-80.510815,3200,86.1,86.7,0
41.61798,-80.502894,3200,85.1,87.3,0
41.61812,-80.496379,3200,83.0,88.6,128
41.618166,-80.491525,3200,83.0,90.0,0
41.618073,-80.487628,3200,81.1,92.1,256
41.617933,-80.484626,3200,81.2,94.2,320
41.617701,-80.481305,3200,78.4,95.9,128
41.617218,-80.476601,3200,80.8,97.8,64
41.61649,-80.470318,3200,81.1,99.2,64
41.615606,-80.463292,3200,82.4,100.5,0
41.614563,-80.456564,3200,85.7,101.4,-64
41.613922,-80.452943,3200,82.5,104.0,128
41.613373,-80.449822,3200,80.6,101.4,0
41.613052,-80.447263,3200,81.9,98.4,0
41.612533,-80.441895,3200,82.6,96.9,-64
41.612021,-80.435379,3200,82.4,95.6,0
41.611771,-80.431782,3200,80.5,96.4,64
41.611276,-80.427395,3200,79.9,98.6,-64
41.610626,-80.422544,3200,81.4,100.6,0
41.609756,-80.416426,3200,80.8,102.1,0
41.608716,-80.409958,3200,79.6,101.6,-64
41.608204,-80.405678,3100,79.2,100.2,-192
41.607552,-80.400696,3100,83.0,99.0,-192
41.607273,-80.397821,3100,85.6,96.7,-384
41.607147,-80.39539,3100,86.1,92.7,-192
41.607101,-80.392144,3100,86.0,90.7,64
41.607193,-80.389834,3100,87.1,87.4,-192
41.60733,-80.386963,3100,87.3,85.4,-128
41.607559,-80.384591,3000,88.7,82.9,-320
41.607925,-80.381282,3000,89.3,80.3,-64
41.609116,-80.37323,3100,89.3,80.3,-64
41.611725,-80.356438,3100,88.5,79.6,0
41.61264,-80.347512,3100,88.6,78.9,0
41.61264,-80.346014,3100,84.1,92.1,0
41.612503,-80.34333,3100,84.2,94.1,64
41.612068,-80.338802,3100,83.5,96.2,64
41.611323,-80.332287,3100,80.1,99.3,64
41.610947,-80.328848,3100,80.1,99.3,64
41.610997,-80.324366,3100,83.2,94.1,128
41.611862,-80.31936,3100,83.2,94.1,128
41.612301,-80.317596,3100,90.1,70.6,-128
41.613092,-80.314977,3100,91.4,66.8,-192
41.613876,-80.312743,3100,90.3,63.7,-128
41.615204,-80.309122,3100,88.6,66.0,-192
41.616583,-80.303735,3000,88.2,66.6,-256
41.616909,-80.301691,3000,85.7,78.6,-448
41.616943,-80.301382,2900,85.5,79.2,-640
41.617538,-80.296825,2900,89.0,81.6,-704
41.617608,-80.29607,2800,89.8,82.3,-832
41.61763,-80.295764,2800,89.8,82.3,-832
41.618088,-80.279534,2500,89.5,84.2,-704
41.618073,-80.278249,2500,89.5,84.2,-704
41.618042,-80.277162,2500,82.1,92.8,-384
41.617996,-80.276038,2400,82.1,92.8,-448
41.61784,-80.27397,2400,82.5,96.3,-896
41.617676,-80.272418,2300,83.7,97.6,-704
41.617218,-80.268922,2300,84.3,100.2,-512
41.616898,-80.266301,2200,84.9,98.1,-512
41.61676,-80.265302,2200,84.2,99.6,-448
41.61393,-80.265283,2400,76.0,270.8,576
41.61407,-80.269946,2500,76.0,271.5,576
41.614197,-80.274041,2500,77.1,273.0,384
41.614334,-80.276475,2600,78.2,274.4,576
41.614609,-80.281781,2700,79.3,275.1,448
41.615112,-80.288336,2700,80.5,276.4,576
41.61528,-80.29013,2800,79.6,277.2,448
41.616071,-80.297603,2900,79.6,277.2,384
41.616257,-80.300925,2900,84.3,274.8,512
41.616394,-80.304128,3000,85.1,272.7,320
41.616669,-80.309372,3100,83.2,273.5,768
41.616909,-80.314019,3200,82.3,274.9,896
41.617189,-80.319193,3200,87.2,274.0,-64
41.617401,-80.322793,3200,91.2,273.8,0
41.617654,-80.326538,3300,89.5,275.8,448
41.61795,-80.330658,3300,92.4,275.6,-128
41.618818,-80.341293,3300,96.5,276.0,0
41.619004,-80.345828,3300,97.2,273.5,64
41.619232,-80.350883,3300,96.1,273.0,-256
41.619749,-80.358603,3300,96.4,275.4,-128
41.620468,-80.369672,3200,96.3,274.8,-128
41.620494,-80.3724,3200,97.0,271.2,-384
41.620834,-80.381345,3200,96.3,274.8,-384
41.621006,-80.383705,3200,96.3,274.8,-384
41.621332,-80.392903,3100,96.0,270.0,-256
41.621017,-80.399635,3200,88.1,266.8,192
41.620727,-80.405486,3200,85.2,266.0,-64
41.620422,-80.408748,3200,85.8,262.0,-64
41.619749,-80.413471,3200,86.3,260.0,64
41.618864,-80.420177,3200,87.3,260.1,192
41.618306,-80.423627,3200,86.1,257.2,-128
41.617142,-80.429695,3200,86.4,256.6,-64
41.615936,-80.435278,3200,85.9,255.1,0
41.615047,-80.439723,3200,87.8,255.5,-128
41.613418,-80.448346,3200,87.8,255.5,64
41.612549,-80.452943,3200,85.9,255.1,0
41.612114,-80.455755,3200,86.1,257.2,0
41.611404,-80.460621,3200,84.5,259.1,0
41.610764,-80.4654,3200,85.0,261.2,0
41.610299,-80.469807,3200,85.7,262.6,0
41.609601,-80.47677,3200,87.6,263.4,64
41.609414,-80.479772,3200,87.3,265.4,256
41.609344,-80.482469,3300,87.1,267.4,128
41.609321,-80.48271,3200,88.1,268.0,64
41.609344,-80.483281,3300,88.0,268.7,128
41.609299,-80.48353,3200,88.0,268.7,64
41.609299,-80.489148,3200,92.0,270.6,-64
41.609414,-80.493377,3200,92.1,273.1,-128
41.609787,-80.499573,3200,93.3,274.9,0
41.610113,-80.504044,3200,91.7,276.9,0
41.610809,-80.510684,3200,92.9,278.0,0
41.611267,-80.514492,3200,91.6,280.7,192
41.611928,-80.519757,3200,91.1,278.8,0
41.612394,-80.524164,3200,91.7,276.9,-64
41.612595,-80.527351,3200,91.3,274.4,0
41.612766,-80.531574,3200,92.1,271.9,0
41.612869,-80.537775,3200,90.0,270.6,-64
41.612859,-80.546712,3200,88.0,270.0,128
41.612732,-80.549635,3200,88.1,266.8,-320
41.61232,-80.559373,3100,90.1,266.8,-128
41.612114,-80.563127,3100,91.4,265.0,-320
41.611742,-80.567599,3100,90.7,263.0,128
41.611542,-80.569174,3200,88.3,260.2,256
41.61113,-80.571795,3200,85.1,257.1,128
41.610672,-80.574167,3200,84.9,255.0,0
41.609756,-80.578225,3200,81.6,252.9,128
41.608566,-80.583094,3200,82.5,250.9,-128
41.607193,-80.588525,3200,83.5,251.1,0
41.606482,-80.591615,3100,84.5,253.5,0
41.605865,-80.594767,3100,87.6,253.4,-128
41.604899,-80.599536,3100,88.8,255.6,192
41.604858,-80.599823,3200,88.5,256.3,256
41.604713,-80.600621,3100,88.5,256.3,256
41.604675,-80.600884,3200,88.5,256.3,256
41.603851,-80.605254,3200,84.6,255.6,-64
41.602944,-80.610714,3100,88.1,257.5,-192
41.602525,-80.61346,3200,87.9,258.2,128
41.602066,-80.616989,3200,83.0,261.0,128
41.601608,-80.621359,3200,84.6,263.2,-64
41.601105,-80.627414,3200,86.4,264.7,384
41.600988,-80.630451,3300,85.1,266.6,128
41.600895,-80.631728,3200,85.1,267.3,-192
41.600601,-80.638775,3300,87.1,266.7,448
41.600569,-80.639521,3200,86.1,267.3,192
41.600569,-80.639776,3300,86.1,267.3,192
41.600464,-80.643643,3200,87.0,268.7,-64
41.60043,-80.646866,3300,88.0,268.7,64
41.600235,-80.655941,3300,92.1,267.5,-64
41.599825,-80.665006,3300,90.1,266.8,0
41.599503,-80.670423,3300,89.3,265.5,-128
41.598894,-80.680975,3300,91.2,266.2,0
41.598661,-80.687235,3300,91.1,267.5,0
41.598381,-80.696624,3300,93.2,266.3,-128
41.598009,-80.702756,3300,93.4,264.5,128
41.597168,-80.713432,3300,91.4,264.4,192
41.596481,-80.72242,3300,95.3,265.2,128
41.596298,-80.726852,3300,92.1,267.5,-64
41.596069,-80.735467,3300,96.0,268.8,-128
41.596024,-80.740523,3200,94.0,268.8,-192
41.596007,-80.74223,3300,95.0,269.4,-64
41.596007,-80.742549,3200,95.0,269.4,-192
41.596024,-80.749699,3200,96.0,270.6,-384
41.596147,-80.753664,3200,96.1,273.0,192
41.596333,-80.757368,3200,95.4,275.4,-384
41.59671,-80.761122,3200,97.7,277.0,-128
41.596939,-80.765242,3200,97.7,277.0,-128
41.597031,-80.767614,3200,96.1,272.4,-256
41.597076,-80.770673,3100,96.0,270.0,0
41.597076,-80.770923,3200,96.0,270.0,128
41.596985,-80.775479,3200,92.1,267.5,-64
41.596664,-80.780848,3200,90.3,265.5,192
41.5961,-80.78988,3200,88.3,265.5,128
41.59584,-80.792833,3200,86.8,262.1,128
41.595262,-80.797353,3200,85.3,259.9,64
41.594742,-80.800885,3200,85.1,257.1,0
41.592865,-80.810873,3200,85.4,256.5,-128
41.591818,-80.817218,3200,81.8,258.0,384
41.591352,-80.820092,3300,80.6,258.5,576
41.590514,-80.825586,3400,79.8,257.7,448
41.590164,-80.82754,3400,78.9,254.6,448
41.589816,-80.828843,3400,76.3,248.5,640
41.589478,-80.829787,3400,73.8,241.7,832
41.589024,-80.830696,3500,70.5,235.4,768
41.588512,-80.831462,3500,68.0,228.6,704
41.587721,-80.832484,3500,67.2,223.2,448
41.586324,-80.834273,3600,69.3,223.8,320
41.585067,-80.835997,3600,70.8,227.3,448
41.583435,-80.838464,3700,72.3,229.5,384
41.581467,-80.841647,3700,74.0,231.6,384
41.579807,-80.84462,3700,78.0,233.9,0
41.578583,-80.847015,3800,76.6,236.7,192
41.577667,-80.849013,3800,76.7,239.4,192
41.577072,-80.850449,3800,76.5,244.4,192
41.576569,-80.852134,3800,78.6,248.3,192
41.576111,-80.853944,3800,80.7,252.7,192
41.575699,-80.855942,3800,82.2,256.6,192
41.575385,-80.858353,3800,83.2,260.3,192
41.575198,-80.860525,3800,85.4,264.6,192
41.575059,-80.863463,3800,88.1,268.0,-64
41.575104,-80.867365,3800,90.0,270.6,-64
41.575198,-80.873236,3800,91.1,272.5,-128
41.575431,-80.87924,3800,94.3,274.3,-192
41.575745,-80.882846,3800,94.6,276.7,0
41.576874,-80.894059,3800,94.6,276.7,-128
41.577107,-80.89738,3700,94.3,274.9,-64
41.577484,-80.904007,3800,92.3,274.4,-64
41.577484,-80.904257,3700,92.3,274.4,-64
41.577666,-80.907344,3800,91.3,274.4,64
41.577945,-80.912901,3700,90.2,273.8,-64
41.577942,-80.913183,3800,90.2,273.8,-64
41.578079,-80.915181,3700,90.3,274.5,-128
41.57869,-80.925612,3700,90.2,273.8,64
41.578857,-80.930849,3700,90.1,271.9,-128
41.578876,-80.936663,3800,90.0,270.6,128
41.578903,-80.93809,3700,90.0,270.6,128
41.578903,-80.938339,3800,89.0,270.6,128
41.579041,-80.946704,3800,89.1,271.9,64
41.579269,-80.954756,3800,91.1,271.9,-64
41.579269,-80.958751,3800,90.0,269.4,-64
41.579202,-80.962851,3800,90.1,268.1,0
41.578969,-80.968152,3800,87.2,266.0,128
41.578491,-80.975855,3800,86.4,264.7,64
41.577805,-80.986293,3800,87.3,265.4,0
41.577154,-80.995554,3800,89.5,264.2,-128
41.576843,-81.000325,3700,90.5,264.3,-64
41.576781,-81.000856,3800,90.5,264.3,-64
41.576688,-81.002261,3700,90.4,264.9,0
41.576595,-81.003922,3800,89.3,265.5,0
41.576129,-81.011395,3700,90.3,265.5,-64
41.576083,-81.011651,3800,90.3,265.5,-64
41.575882,-81.015805,3700,90.1,266.8,-64
41.575882,-81.016242,3800,90.1,266.8,-64
41.575836,-81.01774,3700,90.1,266.8,-64
41.575562,-81.023358,3800,89.2,266.1,0
41.575524,-81.023595,3700,89.2,266.1,0
41.57547,-81.024669,3800,89.3,265.5,0
41.575241,-81.02804,3700,88.5,264.2,0
41.574547,-81.036242,3700,89.7,263.0,0
41.573848,-81.044226,3700,90.5,264.3,-128
41.57329,-81.052594,3700,91.3,265.6,-256
41.573135,-81.057129,3700,90.1,268.1,-256
41.57301,-81.065752,3700,89.0,269.4,-256
41.572952,-81.069613,3700,88.1,267.4,-128
41.572545,-81.079804,3700,88.1,267.4,-64
41.572266,-81.085406,3700,89.3,265.5,-64
41.571625,-81.09633,3700,89.4,264.9,0
41.57135,-81.101823,3700,88.1,266.8,64
41.570847,-81.11231,3700,88.1,267.4,0
41.570435,-81.123234,3700,89.1,266.8,64
41.57031,-81.126815,3800,88.1,268.0,64
41.570297,-81.130787,3800,88.0,270.6,-64
41.57031,-81.132436,3700,89.1,272.6,-64
41.570526,-81.135781,3700,90.5,275.7,-128
41.571335,-81.145467,3700,92.7,276.8,64
41.572449,-81.156131,3700,94.9,277.9,-64
41.57309,-81.162747,3700,91.6,276.3,-64
41.573456,-81.166368,3700,93.2,279.3,-64
41.574326,-81.174108,3700,89.9,278.3,64
41.575385,-81.185069,3700,90.9,278.2,-64
41.576477,-81.195582,3600,92.8,277.4,-448
41.577479,-81.20538,3500,93.9,278.0,-384
41.578537,-81.215557,3400,95.0,278.5,-384
41.579132,-81.220238,3400,95.5,280.2,-448
41.580048,-81.225981,3300,95.1,282.1,-320
41.581284,-81.23341,3200,96.3,282.6,-320
41.581343,-81.233741,3300,96.3,282.6,-320
41.58165,-81.235782,3200,96.1,282.0,-320
41.582367,-81.239617,3200,91.9,284.5,-384
41.582833,-81.2423,3200,90.8,281.4,-512
41.582932,-81.243023,3100,91.6,280.7,-576
41.583671,-81.247921,3100,96.5,280.1,-448
41.584259,-81.252136,3000,97.3,279.5,-320
41.585114,-81.259226,3000,95.0,278.5,-320
41.585175,-81.259814,2900,94.9,277.9,-320
41.585207,-81.26012,3000,94.9,277.9,-320
41.58522,-81.260501,2900,93.9,278.0,-128
41.58558,-81.264017,3000,90.8,277.6,64
41.58558,-81.264272,2900,90.8,277.6,64
41.585673,-81.265039,3000,89.7,277.0,64
41.585678,-81.265245,2900,88.7,277.1,0
41.586731,-81.276044,2900,89.7,277.0,-64
41.587069,-81.279666,2800,90.5,275.7,-512
41.587488,-81.284137,2800,89.8,277.7,-192
41.587921,-81.287717,2800,91.4,280.1,-64
41.588287,-81.289902,2700,90.8,281.4,-256
41.589661,-81.29914,2600,92.0,281.9,-384
41.589723,-81.299658,2700,92.2,282.5,-256
41.589769,-81.299914,2600,92.2,282.5,-256
41.591354,-81.308628,2600,88.3,283.1,-320
41.592004,-81.312178,2500,88.5,283.7,-384
41.592773,-81.316556,2500,91.8,281.3,-256
41.594006,-81.324442,2500,94.7,281.0,-192
41.595016,-81.331413,2400,94.2,282.3,-192
41.595076,-81.331723,2500,94.2,282.3,-256
41.595169,-81.332234,2400,93.0,281.8,-256
41.595914,-81.337472,2400,94.4,279.8,-384
41.596519,-81.342582,2400,94.9,277.9,64
41.596893,-81.347455,2300,94.8,277.3,-192
41.597683,-81.35542,2200,95.6,276.6,-448
41.598242,-81.361041,2200,93.1,278.6,-320
41.599033,-81.368451,2200,95.8,277.2,256
41.599545,-81.372986,2100,97.2,278.9,-320
41.599918,-81.376627,2100,98.6,276.4,-320
41.600197,-81.381417,2100,96.3,274.2,-384
41.600281,-81.382849,2000,95.3,274.2,-448
41.600418,-81.387468,2000,94.1,271.8,-320
41.600476,-81.390679,1900,93.0,270.6,-192
41.600523,-81.391829,2000,93.0,270.6,-192
41.60051,-81.392149,1900,93.0,270.6,-128
41.600523,-81.393234,2000,93.0,270.0,64
41.600476,-81.39911,2000,91.0,271.3,128
41.600693,-81.404821,1900,92.1,273.1,-320
41.600693,-81.405071,2000,92.1,273.1,-320
41.600802,-81.408308,1900,93.1,271.9,-256
41.600849,-81.415207,1900,91.0,270.6,-192
41.600784,-81.418554,1900,90.1,267.5,-320
41.600616,-81.421402,1800,90.6,263.7,-320
41.600383,-81.423574,1800,89.4,259.7,-192
41.600052,-81.425233,1800,88.6,253.6,-384
41.599457,-81.427668,1800,88.9,250.9,-512
41.5988,-81.430153,1700,91.1,250.8,-384
41.597946,-81.433473,1700,92.5,248.4,-448
41.59745,-81.434816,1700,93.5,242.6,-64
41.596344,-81.437281,1700,93.3,239.0,-512
41.595216,-81.43967,1700,88.5,235.6,320
41.594285,-81.441395,1700,85.8,233.5,320
41.593819,-81.442161,1700,81.1,231.0,256
41.592981,-81.443503,1700,76.2,231.9,128
41.59219,-81.444908,1700,71.4,233.0,128
41.591492,-81.446122,1700,66.4,233.0,320
41.5907,-81.447463,1700,63.1,229.5,-320
41.589661,-81.448954,1700,63.0,226.9,-192
41.588792,-81.45021,1600,63.8,228.8,-640
41.587581,-81.45219,1600,62.6,231.5,-448
41.58665,-81.453659,1500,61.1,230.3,-640
41.585812,-81.454936,1500,62.2,226.3,-1024
41.585393,-81.455447,1400,63.7,226.3,-960
41.583664,-81.45813,1300,65.9,228.1,-512
41.58139,-81.461324,1200,65.9,228.1,-448
41.578766,-81.465308,1100,64.5,229.4,-384
41.576781,-81.468477,1000,62.4,228.9,-832
41.575292,-81.470777,900,66.0,229.3,-576
41.572174,-81.475421,800,68.0,228.6,-384
41.571075,-81.477231,800,68.1,229.8,-512
41.565628,-81.485783,800,58.9,229.8,320
41.563889,-81.488717,900,61.2,231.6,576
41.562676,-81.490833,900,62.8,232.8,576
41.562024,-81.492175,900,65.2,237.5,192
41.560593,-81.495084,1000,66.9,235.4,320
41.560022,-81.496199,900,71.0,234.7,320
41.559952,-81.496395,1000,72.7,235.6,320
41.559836,-81.496582,900,72.7,235.6,320
41.559557,-81.497093,1000,73.5,236.1,320
41.558253,-81.499648,1100,69.1,235.6,704
41.558075,-81.500015,1000,69.1,235.6,704
41.557983,-81.500203,1100,68.5,236.3,704
41.556564,-81.503261,1200,67.7,238.9,576
41.555557,-81.505571,1300,66.7,240.4,896
41.554809,-81.507185,1300,68.5,236.3,896
41.554715,-81.507377,1300,69.1,235.6,896
41.554642,-81.507568,1300,68.6,233.3,64
41.554092,-81.508317,1300,70.1,227.9,64
41.553877,-81.50859,1300,69.5,220.3,64
41.552582,-81.509628,1300,69.8,205.5,448
41.552155,-81.509868,1300,69.0,199.5,448
41.551503,-81.509996,1300,67.1,190.3,448
41.550945,-81.510059,1400,66.0,180.0,512
41.550433,-81.509932,1400,65.4,173.9,512
41.549789,-81.509753,1400,63.1,165.3,512
41.549083,-81.509421,1400,63.7,157.9,832
41.548508,-81.509066,1400,63.5,151.8,832
41.548245,-81.508782,1500,64.1,149.0,832
41.547779,-81.508335,1500,64.0,141.3,640
41.546988,-81.507377,1500,64.4,136.9,640
41.546448,-81.50657,1500,65.9,131.9,512
41.545917,-81.50578,1600,66.8,128.9,512
41.545486,-81.504822,1600,68.5,123.7,704
41.544662,-81.503074,1700,64.1,121.0,960
41.543264,-81.500095,1800,62.4,121.9,704
41.542705,-81.498818,1800,61.3,118.2,448
41.542239,-81.497412,1800,62.2,113.7,704
41.541687,-81.495771,1900,62.7,114.5,448
41.541229,-81.494272,1900,64.3,111.0,384
41.540983,-81.493324,1900,65.5,105.9,384
41.540817,-81.492088,1900,67.1,100.3,384
41.54075,-81.491025,1900,69.1,93.3,448
41.540796,-81.490003,1900,70.1,87.6,448
41.540843,-81.4893,2000,69.5,83.4,576
41.541046,-81.488093,2000,69.9,76.8,576
41.541321,-81.486158,2000,70.2,79.3,384
41.541448,-81.485276,2100,69.9,80.9,384
41.541733,-81.482849,2100,72.6,82.9,512
41.54187,-81.48029,2200,76.2,85.5,640
41.542145,-81.47617,2200,76.3,84.7,640
41.542379,-81.473587,2200,79.8,82.1,192
41.542705,-81.470969,2300,83.6,83.1,256
41.543217,-81.464198,2300,83.4,84.5,64
41.543564,-81.457443,2300,82.2,85.8,-128
41.543683,-81.454106,2300,83.1,87.9,-256
41.543683,-81.451295,2300,83.0,90.7,-192
41.543564,-81.447643,2300,83.1,92.8,-128
41.543496,-81.445994,2200,84.3,94.8,-128
41.543472,-81.445645,2300,84.3,94.8,-192
41.543472,-81.445396,2200,84.3,94.8,-192
41.543198,-81.442275,2200,83.7,97.6,-192
41.542519,-81.436349,2200,81.1,99.2,-64
41.542099,-81.433535,2200,76.7,102.0,-64
41.54155,-81.430165,2200,77.1,99.7,64
41.541275,-81.426919,2200,74.5,96.9,-128
41.540909,-81.422362,2100,74.4,96.2,-128
41.540843,-81.42153,2200,73.2,94.7,0
41.540451,-81.413748,2200,70.2,94.1,64
41.540405,-81.412499,2100,71.2,94.0,64
41.540005,-81.406264,2100,70.1,93.3,256
41.539902,-81.404072,2200,70.4,95.7,256
41.539493,-81.398727,2200,66.5,96.9,192
41.538934,-81.39317,2200,67.4,96.0,64
41.538748,-81.390423,2200,68.1,93.4,-128
41.538608,-81.386208,2100,71.1,92.4,-256
41.538608,-81.385697,2200,71.1,93.2,-256
41.538528,-81.383286,2200,73.1,93.1,-64
41.538236,-81.375924,2200,72.1,92.4,-128
41.538189,-81.373561,2200,74.0,89.2,-384
41.538236,-81.369984,2200,70.0,90.8,-64
41.538162,-81.366619,2100,69.1,92.5,-256
41.538071,-81.362998,2100,68.2,94.2,-256
41.537957,-81.361552,2100,67.7,98.5,-128
41.537491,-81.358167,2100,69.2,100.8,64
41.536886,-81.354207,2100,67.9,99.3,256
41.536331,-81.34939,2100,67.6,97.7,-128
41.536188,-81.347883,2200,66.5,96.9,-128
41.536102,-81.345957,2200,67.1,93.4,128
41.535873,-81.338591,2200,66.1,93.5,256
41.535722,-81.336769,2300,66.4,96.1,448
41.535553,-81.333785,2300,62.1,93.7,64
41.53535,-81.330893,2300,64.4,96.2,-192
41.535187,-81.328354,2200,67.2,94.3,0
41.535095,-81.32517,2200,71.0,91.6,64
41.53507,-81.323867,2300,72.0,91.6,64
41.535024,-81.318501,2300,71.0,90.0,128
41.535049,-81.312561,2300,72.0,89.2,-192
41.535141,-81.309627,2300,70.0,90.0,64
41.535095,-81.307755,2300,68.2,94.2,320
41.534884,-81.305471,2400,69.3,95.0,256
41.534637,-81.301575,2400,71.1,93.2,128
41.534326,-81.292952,2400,73.1,93.1,-128
41.53418,-81.289402,2300,73.1,92.3,-320
41.534186,-81.289119,2400,74.1,92.3,-320
41.534139,-81.288608,2300,74.1,93.1,-320
41.533813,-81.281038,2300,73.1,92.3,128
41.533674,-81.276919,2300,73.2,93.9,0
41.533447,-81.274359,2300,70.5,96.5,-64
41.533208,-81.272001,2300,67.9,99.3,-64
41.532944,-81.270364,2300,66.7,103.0,64
41.532277,-81.266316,2300,67.3,101.1,-192
41.531113,-81.258628,2400,72.2,100.4,128
41.52995,-81.249837,2300,74.2,100.1,-64
41.529877,-81.24939,2400,74.3,100.9,-192
41.529857,-81.249134,2300,74.3,100.9,-192
41.529602,-81.247579,2400,74.5,101.6,0
41.529531,-81.247154,2300,74.5,101.6,64
41.52951,-81.246893,2400,74.5,101.6,64
41.529438,-81.246451,2300,73.5,101.8,64
41.529419,-81.246206,2400,73.4,101.0,64
41.529373,-81.245956,2300,73.4,101.0,64
41.528641,-81.240713,2300,73.0,99.5,-192
41.528,-81.235719,2300,73.4,101.0,-64
41.527296,-81.230866,2400,73.4,101.0,-64
41.52725,-81.230675,2300,73.5,101.8,-64
41.52725,-81.230483,2400,72.6,101.9,256
41.527017,-81.229078,2300,72.6,101.9,256
41.526924,-81.228375,2400,72.6,101.9,256
41.52681,-81.227729,2300,72.6,101.9,-64
41.526672,-81.226855,2400,72.6,101.9,-64
41.526598,-81.226651,2300,72.6,101.9,-64
41.526412,-81.225437,2400,71.6,102.1,0
41.526365,-81.225245,2300,71.6,102.1,0
41.525574,-81.219926,2300,71.2,100.5,-64
41.52455,-81.212918,2300,74.0,99.3,0
41.52427,-81.209596,2300,74.5,96.9,-64
41.52356,-81.200575,2400,75.5,96.8,-64
41.523525,-81.200271,2300,75.4,96.1,-64
41.5232,-81.195927,2300,74.2,94.6,-256
41.52306,-81.193564,2300,73.2,94.7,-256
41.523013,-81.193372,2300,73.2,94.7,256
41.522736,-81.188341,2300,75.1,93.1,128
41.522461,-81.183409,2300,71.3,94.8,0
41.522186,-81.179914,2300,69.5,96.6,0
41.521756,-81.174338,2300,70.6,97.3,-64
41.521384,-81.171144,2300,69.7,98.2,192
41.521198,-81.168589,2400,72.3,95.6,256
41.520905,-81.165931,2400,71.9,98.8,512
41.520453,-81.162585,2500,72.4,101.2,64
41.520447,-81.162373,2400,72.4,101.2,64
41.519103,-81.153323,2400,76.3,100.6,0
41.518524,-81.149389,2400,76.9,102.8,-320
41.518312,-81.148277,2400,75.9,102.9,192
41.51766,-81.144317,2400,76.3,100.6,64
41.516876,-81.138715,2400,75.7,102.2,-64
41.516373,-81.136093,2400,73.5,105.0,-192
41.516031,-81.13448,2300,74.0,106.5,-256
41.515425,-81.132181,2300,73.4,109.9,-192
41.514913,-81.130584,2300,73.4,114.1,-192
41.514029,-81.128221,2300,73.4,117.6,-256
41.513098,-81.125985,2300,71.7,120.1,-256
41.512573,-81.124795,2200,71.9,121.9,-256
41.512482,-81.124607,2300,71.9,121.9,-256
41.512167,-81.124005,2200,71.6,123.0,-256
41.51207,-81.123734,2300,71.6,123.0,-256
41.508682,-81.116617,2300,73.5,123.9,256
41.507767,-81.114994,2300,71.2,128.2,-128
41.505295,-81.110937,2300,70.3,129.8,-128
41.503876,-81.10869,2200,70.1,132.1,-64
41.503741,-81.108547,2300,70.1,132.1,0
41.502763,-81.107206,2300,70.0,135.6,256
41.50145,-81.105569,2200,69.4,138.5,-256
41.497696,-81.101324,2200,68.1,139.8,-256
41.494492,-81.097828,2100,68.1,139.8,-384
41.490101,-81.092898,2100,69.7,140.8,-128
41.488541,-81.091336,2100,70.0,143.1,192
41.48661,-81.089513,2100,68.2,145.1,-128
41.484512,-81.087591,2000,70.5,145.4,-384
41.479906,-81.083253,2000,71.3,145.9,256
41.479111,-81.082535,2100,70.7,146.5,128
41.478928,-81.082423,2000,70.7,146.5,192
41.478561,-81.082098,2100,70.2,147.2,192
41.476181,-81.080225,2100,70.8,149.4,192
41.472931,-81.077791,2100,69.8,150.9,384
41.471008,-81.076417,2200,71.6,151.6,128
41.469246,-81.075078,2200,76.3,148.4,-64
41.467896,-81.073928,2100,77.9,146.5,-320
41.466339,-81.07261,2100,75.3,149.7,-64
41.464218,-81.071181,2100,71.1,152.4,128
41.462356,-81.069968,2100,70.7,154.9,-128
41.459061,-81.067803,2100,74.3,156.2,-128
41.457779,-81.067179,2100,74.3,160.4,-384
41.456085,-81.066492,2100,72.8,164.1,-64
41.454163,-81.065752,2100,72.8,167.3,-256
41.451882,-81.065177,2100,69.1,170.0,64
41.451553,-81.065119,2100,68.7,171.6,704
41.447937,-81.064432,2100,65.9,170.4,704
41.445511,-81.063871,2100,68.7,171.6,704
41.44434,-81.063772,2100,68.1,176.6,704
41.441345,-81.063558,2000,68.1,176.6,704
41.438599,-81.063434,2000,73.0,178.4,-448
41.437078,-81.063452,1900,74.0,181.6,-320
41.435532,-81.063621,1900,70.4,185.7,-192
41.433105,-81.064058,1900,69.6,187.4,-192
41.43098,-81.064347,1900,67.3,185.1,-64
41.430002,-81.064411,1900,67.0,179.1,-64
41.429443,-81.064347,1900,65.6,172.1,64
41.428848,-81.064183,1900,64.5,167.5,64
41.428436,-81.063933,1900,64.1,157.0,-64
41.427979,-81.063621,1900,64.9,151.5,-256
41.427475,-81.063184,1900,64.8,141.9,-128
41.427063,-81.062622,1900,65.2,131.3,-64
41.426743,-81.062047,1900,65.2,125.6,0
41.426604,-81.0616,1900,65.8,118.1,128
41.426464,-81.060961,1900,66.1,107.6,384
41.426331,-81.060125,1900,66.1,100.5,384
41.426331,-81.059501,1900,67.0,90.0,384
41.426743,-81.057503,1900,69.3,63.4,64
41.427162,-81.056682,1900,70.7,56.5,64
41.427721,-81.055724,1900,72.9,47.8,448
41.428528,-81.054757,1900,75.4,38.5,448
41.428792,-81.054574,2000,76.0,35.4,448
41.429583,-81.053999,2000,75.7,33.7,384
41.430038,-81.053696,2000,76.7,22.2,384
41.430588,-81.053508,2000,78.9,12.4,384
41.431166,-81.053424,2000,78.3,5.1,512
41.431732,-81.053384,2100,79.0,359.3,512
41.432648,-81.053571,2100,79.8,352.1,512
41.433334,-81.053883,2100,81.3,343.6,512
41.434424,-81.05451,2100,83.4,337.4,512
41.43576,-81.055381,2100,84.5,332.5,512
41.43631,-81.055756,2100,85.4,332.8,512
41.436493,-81.05588,2100,85.4,332.8,0
41.43956,-81.058128,2100,87.7,334.3,64
41.441035,-81.058917,2100,88.0,338.7,128
41.443909,-81.060437,2100,87.0,340.5,0
41.44487,-81.060812,2100,86.6,346.0,320
41.446063,-81.061089,2100,86.0,351.3,320
41.447159,-81.061186,2100,84.1,358.0,512
41.448212,-81.061124,2100,82.2,3.5,512
41.448763,-81.060961,2200,79.6,7.2,512
41.4496,-81.06077,2200,77.6,14.9,640
41.450625,-81.060259,2200,76.0,20.8,256
41.45244,-81.059237,2200,76.6,23.9,256
41.454535,-81.058023,2300,78.9,22.3,320
41.455902,-81.057316,2300,79.1,18.4,320
41.457138,-81.056879,2300,77.6,14.9,768
41.458557,-81.056442,2300,78.3,10.3,768
41.459144,-81.056362,2400,77.1,9.7,512
41.461166,-81.056005,2400,74.5,6.9,512
41.463684,-81.055693,2500,77.3,5.2,320
41.466934,-81.055319,2500,82.2,4.2,0
41.469177,-81.055194,2500,87.0,1.3,0
41.472977,-81.055256,2500,91.0,359.4,128
41.477692,-81.055319,2600,95.0,359.4,128
41.481995,-81.055381,2600,97.1,357.6,128
41.484558,-81.055631,2600,102.2,356.6,128
41.487634,-81.055851,2700,100.2,356.0,832
41.491104,-81.056317,2700,101.6,353.8,64
41.493896,-81.056754,2800,103.9,352.3,256
41.496246,-81.057384,2800,103.0,348.8,64
41.50146,-81.058854,2800,102.4,347.6,640
41.503784,-81.059563,2900,101.1,345.7,192
41.506943,-81.060749,2900,98.1,343.4,896
41.509746,-81.061919,3000,94.9,341.6,448
41.514496,-81.064245,3000,96.8,340.1,192
41.518265,-81.066199,3100,96.2,339.3,256
41.518451,-81.066263,3000,96.6,338.8,256
41.519714,-81.066929,3100,96.6,338.8,320
41.52475,-81.069489,3100,95.9,339.9,448
41.526644,-81.070351,3200,94.9,341.6,384
41.530106,-81.071985,3300,90.8,339.4,640
41.53331,-81.073421,3300,89.5,341.8,512
41.534866,-81.074045,3300,93.3,342.5,512
41.536095,-81.074567,3300,96.5,342.5,-192
41.540817,-81.07648,3300,98.8,344.1,-320
41.541029,-81.076547,3300,98.5,344.7,320
41.545219,-81.077952,3300,95.6,346.7,64
41.549688,-81.079293,3300,94.9,348.5,-64
41.557983,-81.081286,3300,95.7,349.2,-192
41.560907,-81.081848,3300,94.9,352.1,-192
41.566214,-81.082934,3300,97.3,350.5,-256
41.566452,-81.083034,3200,97.3,350.5,-256
41.566635,-81.083034,3300,97.3,350.5,-256
41.567564,-81.083253,3200,97.0,351.7,-256
41.569748,-81.083596,3300,96.6,353.5,-256
41.578317,-81.085042,3300,96.6,353.5,0
41.579132,-81.085219,3300,96.8,346.2,0
41.58004,-81.085681,3300,96.8,336.9,0
41.580872,-81.08628,3300,95.5,329.1,0
41.581467,-81.086904,3300,94.8,322.3,0
41.582016,-81.087716,3300,92.9,311.1,0
41.582153,-81.087903,3200,92.6,308.0,0
41.582245,-81.088153,3300,92.6,308.0,0
41.582461,-81.088619,3300,91.4,300.2,0
41.58274,-81.089641,3300,90.3,296.3,0
41.58288,-81.09028,3300,88.1,285.1,0
41.583252,-81.092323,3300,86.7,286.8,0
41.583531,-81.093282,3300,85.9,296.3,128
41.584043,-81.094367,3300,86.5,303.7,128
41.584555,-81.095198,3300,87.2,310.8,128
41.585021,-81.095773,3300,87.0,317.3,128
41.585673,-81.096411,3300,87.4,324.3,128
41.586418,-81.096986,3300,88.1,332.3,128
41.586976,-81.097306,3300,88.4,338.1,128
41.587784,-81.097516,3300,87.1,347.4,128
41.588608,-81.097641,3300,87.3,355.4,128
41.589583,-81.097689,3300,87.0,1.3,128
41.591034,-81.097641,3300,90.0,358.7,128
41.592361,-81.097766,3300,92.3,355.6,-192
41.597125,-81.098455,3300,95.4,354.6,-64
41.605225,-81.099389,3300,93.3,355.1,-64
41.61026,-81.100013,3300,88.6,353.5,128
41.615295,-81.100762,3300,88.4,354.8,128
41.621063,-81.101386,3300,91.2,356.2,64
41.625475,-81.101649,3300,91.1,358.1,-128
41.631294,-81.101968,3300,92.1,357.5,0
41.634506,-81.102224,3300,90.4,354.9,128
41.637672,-81.102607,3200,86.1,356.7,-320
41.639068,-81.102671,3300,83.0,359.3,256
41.640511,-81.102735,3300,78.1,357.8,256
41.641489,-81.102735,3300,75.1,357.7,192
41.643082,-81.102822,3300,70.1,356.7,1088
41.643351,-81.102863,3300,63.2,355.5,1600
41.643677,-81.102927,3400,63.2,355.5,1600
41.644318,-81.103009,3400,49.4,353.0,1024
41.644841,-81.103118,3400,52.3,353.4,-1088
41.64505,-81.103134,3400,58.6,352.1,-1664
41.645874,-81.103321,3300,76.0,350.9,-1088
41.646889,-81.103501,3300,84.9,351.9,-704
41.648192,-81.103757,3300,92.9,352.0,-384
41.649961,-81.10414,3300,98.3,350.6,192
41.65567,-81.105444,3400,98.2,351.2,320
41.662033,-81.10663,3400,95.9,352.2,0
41.664206,-81.107206,3400,97.9,348.8,-64
41.668076,-81.108128,3400,98.5,350.1,64
41.67247,-81.109189,3400,101.2,348.0,128
41.674942,-81.109938,3400,97.1,348.1,576
41.675751,-81.110208,3400,92.7,346.3,704
41.676086,-81.110313,3500,87.6,346.1,768
41.676822,-81.110528,3500,84.4,346.3,640
41.677613,-81.110783,3500,77.4,345.8,576
41.678265,-81.111039,3500,74.2,346.0,384
41.679382,-81.111374,3500,69.4,345.0,640
41.679977,-81.111624,3600,65.8,343.2,960
41.680779,-81.111933,3600,56.6,342.5,960
41.681488,-81.11231,3600,59.1,336.0,-960
41.681756,-81.112508,3600,60.4,335.6,-1088
41.6819,-81.11256,3600,66.2,335.0,-1088
41.682222,-81.112827,3500,71.2,336.0,-1024
41.682495,-81.112934,3500,74.7,335.5,-768
41.683182,-81.113371,3500,78.8,336.0,-576
41.683572,-81.113594,3500,82.9,336.5,-448
41.684555,-81.11412,3500,87.8,337.2,-320
41.68515,-81.114433,3500,93.2,337.3,-256
41.686981,-81.115494,3500,97.7,337.1,-128
41.688538,-81.116368,3500,101.8,337.5,-64
41.690552,-81.117554,3500,106.1,336.1,-128
41.69426,-81.119676,3500,108.5,337.2,64
41.696188,-81.121386,3500,110.0,333.0,-128
41.696548,-81.121861,3500,108.9,316.5,-192
41.697784,-81.123921,3500,106.8,303.5,0
41.698792,-81.126543,3500,106.1,293.9,-64
41.699615,-81.131973,3500,106.0,291.0,-64
41.69957,-81.133846,3500,102.5,264.4,-256
41.699214,-81.137099,3500,102.1,261.5,-64
41.698655,-81.140612,3500,101.2,258.0,320
41.698151,-81.143397,3500,99.5,254.9,128
41.697351,-81.146936,3500,98.7,252.3,-64
41.696365,-81.1507,3500,96.2,249.3,64
41.695541,-81.153384,3500,92.3,247.1,192
41.695312,-81.154133,3500,90.1,247.1,192
41.694884,-81.155367,3500,86.0,246.7,128
41.694558,-81.156517,3500,81.2,247.5,64
41.693939,-81.158503,3500,76.7,247.8,-384
41.693253,-81.160563,3400,74.5,247.9,-448
41.692324,-81.163351,3400,72.5,245.6,256
41.692138,-81.16399,3400,68.0,245.7,320
41.691788,-81.165057,3400,63.2,246.7,448
41.69101,-81.167242,3400,61.3,243.9,-384
41.690695,-81.168142,3400,63.5,243.8,-320
41.689345,-81.171847,3400,68.5,244.9,64
41.687164,-81.178353,3400,65.8,245.8,0
41.686458,-81.180661,3400,67.4,249.1,-64
41.6859,-81.182641,3400,68.4,249.4,128
41.685379,-81.185095,3400,68.3,259.0,192
41.685333,-81.187404,3500,68.9,260.8,192
41.685481,-81.188645,3500,69.7,278.2,256
41.68562,-81.189348,3500,70.8,289.0,256
41.68602,-81.190401,3500,70.7,295.1,320
41.687027,-81.192211,3500,72.3,310.5,-64
41.687439,-81.192773,3500,74.3,317.7,0
41.688171,-81.193397,3500,76.0,324.6,64
41.688766,-81.193834,3500,76.9,332.1,0
41.689996,-81.194458,3500,77.1,337.1,128
41.690369,-81.194583,3500,77.7,348.1,-128
41.691055,-81.194645,3500,78.1,357.8,0
41.692795,-81.194271,3500,75.2,13.9,384
41.693581,-81.193947,3500,72.8,20.9,256
41.694232,-81.1935,3500,72.5,26.2,0
41.694946,-81.192897,3500,72.6,29.7,0
41.695303,-81.192542,3500,71.8,38.8,0
41.695769,-81.191903,3500,70.7,46.2,0
41.696182,-81.19115,3500,70.2,54.3,320
41.696594,-81.190276,3500,69.4,61.6,64
41.696915,-81.18909,3500,69.4,75.0,-256
41.69696,-81.188403,3500,68.7,81.6,-128
41.69696,-81.187779,3500,67.1,92.6,-64
41.696823,-81.18678,3500,66.0,104.0,192
41.69656,-81.185963,3500,64.6,111.8,128
41.696327,-81.185452,3500,63.5,118.2,64
41.695496,-81.184408,3500,63.3,129.2,0
41.695257,-81.184174,3500,62.1,146.8,64
41.694838,-81.183919,3500,61.3,151.8,64
41.694419,-81.183791,3500,61.0,161.9,64
41.693802,-81.183659,3500,60.8,170.5,128
41.69339,-81.183659,3600,60.0,178.1,192
41.693069,-81.183663,3500,60.0,178.1,192
41.692231,-81.183983,3500,60.0,190.6,64
41.692062,-81.184096,3600,60.9,203.2,128
41.691346,-81.184685,3600,62.0,217.8,256
41.690964,-81.18522,3600,62.0,217.8,256
41.690462,-81.186154,3600,63.8,234.6,64
41.690231,-81.186655,3600,63.8,234.6,64
41.690094,-81.187092,3600,65.8,245.8,64
41.689717,-81.188454,3600,66.5,248.8,64
41.689499,-81.189527,3500,65.3,254.9,-512
41.689158,-81.191392,3500,67.5,258.0,-576
41.688832,-81.194011,3400,66.9,260.5,-704
41.6884,-81.197454,3300,69.1,260.0,-768
41.688088,-81.199504,3300,67.7,257.2,-768
41.687943,-81.200326,3200,67.9,256.4,-768
41.687389,-81.2034,3100,66.9,256.2,-768
41.686935,-81.205632,3100,70.2,252.6,-1024
41.686707,-81.206568,3000,70.2,250.0,-1024
41.68634,-81.207692,3000,71.6,245.2,-512
41.685946,-81.208702,3000,69.1,238.6,-512
41.685699,-81.209127,3000,67.2,233.5,0
41.685196,-81.209876,3000,63.7,226.3,0
41.684784,-81.210376,3000,62.5,219.8,0
41.684038,-81.211065,3000,62.7,213.9,0
41.683777,-81.21125,2900,62.1,213.2,0
41.682641,-81.212151,2900,63.6,210.2,0
41.68185,-81.212662,2800,65.3,205.4,0
41.680313,-81.213556,2800,65.9,202.3,0
41.678358,-81.214514,2700,66.1,200.4,0
41.676865,-81.215307,2700,65.9,202.3,0
41.67572,-81.215931,2600,66.7,203.9,-896
41.673098,-81.217453,2500,67.5,205.4,-960
41.671783,-81.218054,2500,59.2,195.7,-192
41.670724,-81.218475,2500,59.1,198.7,-384
41.669815,-81.218928,2500,61.1,201.1,-960
41.667372,-81.220135,2300,65.6,201.5,-896
41.666336,-81.220613,2400,69.0,196.9,0
41.666061,-81.220738,2400,62.6,199.6,320
41.664505,-81.221612,2300,58.6,205.2,-832
41.662949,-81.222548,2200,59.6,202.7,-1024
41.662251,-81.222882,2200,59.8,197.5,-896
41.661599,-81.223074,2200,58.5,192.9,-896
41.661163,-81.223172,2100,59.0,190.7,-1088
41.65983,-81.223329,2100,56.0,180.0,-512
41.659086,-81.223201,2000,53.3,173.5,-576
41.65862,-81.223074,2000,51.7,165.4,-640
41.658142,-81.22286,2000,51.9,160.9,-576
41.657503,-81.222435,1900,51.9,154.9,-896
41.656991,-81.222052,1900,53.8,144.8,-832
41.656357,-81.221237,1900,53.1,132.7,-576
41.656082,-81.220738,1900,52.6,128.8,-512
41.65578,-81.220008,1800,52.3,116.1,-960
41.655624,-81.219427,1800,54.7,108.1,-1024
41.655408,-81.217964,1700,56.5,103.3,-960
41.655361,-81.216942,1700,58.3,95.9,-576
41.655175,-81.214387,1600,56.1,94.1,-832
41.655082,-81.211896,1500,56.1,93.1,-896
41.655075,-81.211749,1500,56.1,93.1,-896
41.655762,-81.206381,1300,56.1,93.1,-832
41.656036,-81.205819,1300,68.0,57.0,-704
41.656723,-81.204758,1300,68.4,52.1,-640
41.657318,-81.203759,1200,68.0,48.6,-768
41.658142,-81.202635,1200,65.8,44.4,-384
41.658737,-81.202074,1200,65.9,41.9,-512
41.659424,-81.201387,1200,65.5,34.4,-768
41.65979,-81.201137,1100,65.5,31.3,-768
41.66066,-81.200513,1100,66.2,27.0,-960
41.661621,-81.200014,1000,69.5,22.9,-896
41.662674,-81.199514,1000,72.1,19.4,-448
41.663635,-81.199015,1000,74.7,20.4,0
41.663773,-81.198952,1000,74.1,21.4,512
41.664642,-81.198515,1100,73.5,22.4,128
41.665695,-81.197891,1000,77.6,21.9,-192
41.667068,-81.197142,1100,80.6,23.4,256
41.669128,-81.195831,1100,79.2,26.2,576
41.670273,-81.19502,1100,77.0,29.6,1024
41.670731,-81.194708,1200,74.3,29.0,1216
41.671005,-81.19452,1200,74.3,29.0,768
41.673477,-81.192648,1300,73.1,30.4,576
41.675629,-81.191025,1300,74.7,27.9,320
41.678284,-81.189215,1400,76.5,27.2,512
41.681122,-81.187342,1400,75.2,25.2,320
41.683228,-81.186093,1400,77.1,22.9,128
41.684875,-81.18522,1400,78.4,19.4,320
41.685837,-81.184845,1500,80.0,18.2,320
41.688812,-81.183472,1500,79.1,18.4,768
41.689499,-81.183222,1600,78.7,17.7,896
41.690186,-81.18291,1600,77.8,18.0,576
41.690506,-81.182785,1600,78.5,17.0,128
41.691605,-81.182473,1600,80.6,11.4,128
41.692383,-81.182473,1600,81.1,2.8,448
41.692932,-81.182535,1600,80.2,356.4,576
41.693665,-81.182723,1600,80.8,347.9,384
41.694534,-81.18316,1600,81.9,340.0,64
41.69545,-81.183784,1600,83.2,332.8,192
41.696228,-81.18447,1600,83.8,326.7,0
41.697189,-81.185469,1600,86.1,321.1,128
41.698105,-81.186593,1600,86.3,315.9,192
41.698242,-81.18678,1700,87.0,315.5,192
41.699158,-81.188153,1700,87.2,310.8,128
41.700027,-81.189776,1700,86.6,306.1,320
41.700806,-81.191399,1700,85.8,301.6,320
41.701172,-81.192211,1700,85.1,299.6,640
41.701767,-81.193896,1800,82.3,294.4,640
41.702239,-81.19548,1800,82.6,291.3,448
41.703827,-81.203072,1900,86.6,284.0,576
41.704422,-81.209564,2000,83.2,283.2,640
41.70433,-81.210875,2000,83.2,283.2,576
41.680847,-81.280226,2200,81.0,242.8,0
41.680435,-81.2811,2200,76.0,237.4,64
41.679657,-81.282598,2200,74.9,235.9,0
41.67009,-81.302137,2200,87.1,238.1,256
41.666428,-81.311188,2300,87.8,239.9,384
41.665789,-81.312753,2300,87.3,240.5,448
41.664276,-81.316556,2300,85.0,241.9,128
41.6586,-81.332349,2300,83.7,245.3,-64
41.656944,-81.336897,2300,86.8,244.0,64
41.654846,-81.342149,2300,87.3,240.5,-256
41.65187,-81.349033,2300,89.6,240.6,-320
41.649589,-81.354015,2300,89.7,239.1,-64
41.648332,-81.356315,2300,91.3,235.3,192
41.644226,-81.364059,2200,88.8,234.2,-256
41.640139,-81.371772,2200,88.0,233.8,-256
41.638184,-81.374983,2200,87.5,231.0,-64
41.635809,-81.378862,2200,91.4,229.0,-256
41.633947,-81.381609,2100,94.2,228.0,-256
41.629944,-81.38753,2100,90.7,228.6,0
41.625275,-81.394709,2200,92.8,228.1,256
41.622449,-81.399174,2200,94.4,229.7,128
41.620075,-81.402879,2200,93.4,227.6,-512
41.619749,-81.40339,2100,93.4,227.6,-512
41.617142,-81.407095,2100,92.8,228.1,64
41.615204,-81.41019,2100,91.7,230.8,128
41.613185,-81.413226,2200,89.9,228.1,320
41.611633,-81.41562,2200,85.1,229.8,-384
41.611463,-81.415845,2100,84.4,229.3,-384
41.607193,-81.422487,2000,82.9,228.4,-512
41.604899,-81.425874,1900,83.5,227.9,-704
41.601314,-81.431047,1800,84.3,228.4,-576
41.601221,-81.431239,1900,84.3,228.4,-512
41.601081,-81.431367,1800,84.3,228.4,-512
41.598953,-81.434659,1700,85.0,228.8,-704
41.59638,-81.438648,1600,81.6,229.5,-704
41.593447,-81.443119,1600,77.9,228.1,-384
41.593231,-81.443461,1500,76.6,229.2,-704
41.591771,-81.445547,1500,75.7,226.6,64
41.589661,-81.448454,1400,71.5,226.7,-640
41.588974,-81.44964,1400,70.4,231.3,-576
41.587692,-81.451825,1300,69.2,232.6,-640
41.58609,-81.454509,1300,69.7,230.8,-384
41.584808,-81.456444,1300,68.7,227.9,-384
41.584579,-81.456757,1200,67.9,226.2,-192
41.58316,-81.458817,1200,68.8,229.1,-256
41.581716,-81.461196,1200,71.2,231.8,-448
41.580459,-81.463112,1100,70.9,229.6,-512
41.579865,-81.463873,1100,71.4,224.4,-256
41.57869,-81.465539,1100,72.3,228.4,-128
41.577667,-81.467119,1100,68.3,230.9,64
41.577026,-81.468055,1100,64.4,228.1,0
41.575653,-81.470053,1000,63.7,227.5,-320
41.574593,-81.471671,1000,64.0,231.3,-704
41.573502,-81.473423,900,65.2,228.7,-448
41.571304,-81.476857,900,61.6,228.3,-512
