lat,lon,alt,gs,track,vs
47.289688,-122.575768,1100,69.5,319.7,512
47.290146,-122.576454,1100,72.2,312.8,512
47.290696,-122.577562,1100,74.6,305.2,320
47.291115,-122.578688,1100,76.9,297.9,320
47.291441,-122.579815,1100,77.3,291.2,320
47.291627,-122.580801,1200,77.2,286.6,320
47.29216,-122.583801,1200,76.2,283.7,320
47.292372,-122.585379,1300,76.0,279.1,320
47.292512,-122.587703,1300,76.2,274.5,320
47.292605,-122.590449,1400,76.1,272.3,320
47.292651,-122.592492,1400,81.1,272.1,320
47.292847,-122.597534,1500,77.1,273.0,1344
47.292884,-122.599253,1500,73.0,270.0,1344
47.292892,-122.600075,1600,70.0,268.4,1216
47.292755,-122.602341,1600,69.3,265.0,640
47.292709,-122.603302,1700,70.4,264.3,384
47.292372,-122.608901,1700,75.2,265.4,384
47.292279,-122.610591,1800,74.2,265.4,512
47.291885,-122.616074,1900,71.5,263.6,576
47.291394,-122.622422,2000,74.3,264.6,704
47.291068,-122.627845,2100,75.2,265.4,704
47.290929,-122.631366,2200,74.1,267.7,832
47.290743,-122.636226,2300,77.1,267.8,640
47.290604,-122.640656,2400,80.1,267.1,832
47.290558,-122.644432,2400,82.0,269.3,192
47.290558,-122.646423,2400,86.0,268.7,-320
47.290512,-122.647659,2400,90.0,270.0,-192
47.290512,-122.64917,2400,94.0,270.0,64
47.290558,-122.65892,2400,97.0,268.8,64
47.290466,-122.661804,2500,93.0,268.8,320
47.290463,-122.662213,2400,93.0,268.8,256
47.290466,-122.66256,2500,93.0,269.4,320
47.290277,-122.674889,2500,92.0,269.4,320
47.290329,-122.681099,2500,87.0,271.3,192
47.290375,-122.683228,2600,87.1,272.0,0
47.290417,-122.684256,2500,88.1,272.0,-64
47.290417,-122.685242,2600,88.0,271.3,-64
47.290417,-122.687425,2500,89.0,270.0,-64
47.290421,-122.696686,2600,90.0,270.0,256
47.29037,-122.705313,2500,91.0,269.4,-256
47.290324,-122.709679,2500,95.0,269.4,-448
47.290192,-122.722641,2500,95.0,268.8,-128
47.290091,-122.727145,2400,97.0,268.2,-256
47.289905,-122.739892,2400,95.0,268.8,-64
47.289765,-122.752427,2400,94.0,268.8,0
47.289642,-122.760475,2400,94.1,267.6,64
47.289393,-122.76616,2500,92.2,266.3,448
47.288834,-122.77609,2500,92.3,265.0,192
47.288601,-122.781654,2600,91.3,265.6,512
47.288132,-122.789864,2700,87.4,264.8,320
47.287949,-122.794121,2700,88.1,267.4,256
47.287811,-122.799271,2700,84.1,268.0,512
47.28781,-122.799612,2800,83.1,267.9,576
47.287628,-122.804695,2800,81.2,265.8,384
47.287437,-122.808274,2900,82.3,265.1,320
47.28717,-122.81163,2900,83.9,261.8,256
47.286896,-122.813416,2900,86.6,256.0,128
47.286506,-122.815317,2900,88.9,250.9,0
47.286041,-122.816937,2900,90.5,246.6,-192
47.285385,-122.818565,2900,93.7,239.9,-192
47.284836,-122.819595,2900,96.4,233.0,-64
47.283992,-122.821162,2900,97.7,228.3,0
47.277987,-122.83067,2900,93.6,229.3,64
47.27243,-122.840195,2900,93.6,229.3,-64
47.269043,-122.846169,2900,93.1,230.7,-128
47.265106,-122.85331,2900,93.0,229.8,0
47.263321,-122.856331,2900,93.4,226.7,256
47.262485,-122.857502,2900,92.8,221.9,0
47.261787,-122.858206,2900,93.0,216.2,64
47.260949,-122.858981,2900,93.2,209.6,192
47.260111,-122.859614,2900,93.1,204.1,128
47.259201,-122.85997,2900,93.6,198.1,0
47.258377,-122.860245,2900,93.2,192.4,64
47.257462,-122.860382,2900,93.7,186.8,0
47.256527,-122.860319,2900,94.1,177.6,0
47.255549,-122.860178,2900,94.9,172.1,-192
47.254478,-122.859755,2900,96.0,165.5,-128
47.253387,-122.859215,2900,95.9,159.9,128
47.252383,-122.858488,2900,95.3,153.2,128
47.251266,-122.857502,2900,95.4,147.0,0
47.250549,-122.856674,2900,95.9,140.5,-128
47.249823,-122.8556,2900,95.5,132.9,0
47.249268,-122.854546,2900,93.8,125.9,128
47.248799,-122.853347,2900,92.6,117.7,128
47.248489,-122.852211,2900,91.4,109.8,128
47.24824,-122.850741,2900,90.5,103.4,-64
47.248101,-122.849544,2900,90.8,97.6,-384
47.248054,-122.847924,2900,92.0,90.6,-320
47.248169,-122.846443,2900,91.8,82.5,-128
47.248333,-122.845529,2900,90.5,76.6,64
47.248613,-122.844332,2900,89.3,68.3,384
47.249078,-122.843135,2900,85.6,59.8,448
47.24968,-122.84198,2900,84.8,52.2,128
47.250549,-122.840607,2900,84.2,46.4,-64
47.251499,-122.839262,2900,86.4,42.2,-192
47.252989,-122.837431,2900,87.6,38.0,-64
47.254898,-122.835457,2900,86.8,35.2,-64
47.257462,-122.832985,2900,85.4,32.6,64
47.259785,-122.830881,2900,85.6,30.2,-64
47.262131,-122.829071,2900,87.7,27.1,-64
47.264465,-122.827217,2900,87.8,30.1,128
47.271194,-122.821312,2900,85.6,30.2,0
47.275287,-122.817923,2900,86.6,31.3,64
47.276688,-122.816574,2900,86.0,35.5,256
47.277969,-122.814995,3000,85.1,40.2,256
47.278107,-122.814789,2900,85.7,41.7,192
47.278499,-122.814261,3000,84.9,43.1,192
47.284179,-122.806303,3000,85.6,42.6,128
47.286972,-122.8025,3000,81.4,42.5,64
47.287811,-122.801399,3000,77.2,42.4,0
47.289067,-122.799753,3000,72.9,42.2,-128
47.290146,-122.798309,3000,67.9,42.6,0
47.291473,-122.796455,3000,63.0,43.1,64
47.292389,-122.795219,2900,58.7,42.9,-64
47.292512,-122.795105,3000,58.7,42.9,-64
47.292558,-122.794964,2900,58.7,42.9,-64
47.294128,-122.792953,2900,53.9,40.5,-256
47.296981,-122.78933,2900,56.0,41.4,-128
47.299072,-122.786499,2900,55.9,42.8,64
47.300858,-122.784027,2900,53.2,41.2,64
47.302706,-122.781795,2900,53.3,39.7,0
47.304289,-122.779893,2900,52.8,37.3,64
47.306756,-122.777147,2900,54.2,37.5,-64
47.308944,-122.774682,2900,53.0,35.8,256
47.309601,-122.774071,2900,49.7,30.2,192
47.310287,-122.77359,2900,49.2,24.0,0
47.31062,-122.773414,2900,48.8,15.5,0
47.311111,-122.773315,2900,49.5,8.1,0
47.311615,-122.773315,2900,49.0,1.2,0
47.312073,-122.773384,2900,49.5,351.9,128
47.312622,-122.77359,2900,48.8,344.5,64
47.313181,-122.773907,2900,49.8,337.6,-64
47.313812,-122.774414,2900,50.1,331.4,64
47.31427,-122.774826,2900,49.7,325.7,64
47.314682,-122.775375,2900,50.3,317.4,0
47.314996,-122.775949,2900,51.2,308.7,-64
47.315276,-122.776583,2900,52.8,299.5,-128
47.315462,-122.777287,2900,54.8,291.4,-64
47.315643,-122.778191,2900,56.3,286.5,-64
47.315735,-122.778946,2900,57.7,279.0,64
47.315781,-122.779907,2900,59.1,272.9,0
47.315781,-122.780731,2900,59.0,268.1,64
47.315735,-122.781555,2900,59.5,262.3,192
47.315598,-122.78231,2900,59.7,256.4,192
47.315414,-122.782928,3000,59.6,247.3,128
47.315369,-122.783134,2900,59.5,245.2,128
47.315186,-122.783684,3000,60.0,240.0,128
47.314819,-122.784302,3000,60.0,233.1,128
47.314345,-122.785105,3000,60.8,226.3,0
47.313786,-122.785738,3000,61.1,219.7,64
47.313134,-122.786443,3000,61.3,213.7,0
47.312482,-122.787006,3000,61.7,207.0,0
47.311784,-122.787358,3000,61.7,199.9,0
47.311132,-122.78764,3000,62.4,192.0,-64
47.30983,-122.787872,3000,61.7,188.4,0
47.308731,-122.788147,2900,63.4,186.3,-192
47.307548,-122.788203,2900,65.0,181.8,-128
47.305639,-122.788274,3000,65.0,181.8,128
47.304801,-122.788344,2900,65.2,184.4,64
47.303421,-122.78849,3000,65.2,184.4,128
47.297836,-122.788971,3000,63.1,183.6,128
47.29577,-122.789048,3000,63.0,180.9,64
47.292837,-122.789048,3000,64.0,179.1,-192
47.291068,-122.789048,3000,64.0,181.8,-64
47.289139,-122.789177,3000,62.2,184.6,-192
47.287903,-122.789383,2900,63.1,183.6,-256
47.285751,-122.789452,2900,65.0,180.9,0
47.282084,-122.789612,2900,64.0,180.0,-192
47.280075,-122.78952,2900,66.1,177.4,64
47.277661,-122.78933,2900,67.0,179.1,64
47.276917,-122.789401,2900,66.3,185.2,128
47.276311,-122.789541,2900,66.1,190.5,128
47.275589,-122.789864,2900,65.1,197.9,128
47.275008,-122.790246,2900,64.0,205.0,64
47.27449,-122.790619,3000,63.5,208.2,64
47.274356,-122.790739,2900,63.5,208.2,64
47.273987,-122.791031,3000,63.3,211.4,64
47.273844,-122.791161,2900,62.7,213.9,192
47.273751,-122.791302,3000,62.4,215.2,192
47.273006,-122.792218,3000,61.1,219.7,128
47.272293,-122.793159,3000,59.4,223.6,64
47.271698,-122.794121,3000,59.6,229.1,0
47.271191,-122.795105,3000,59.6,235.2,-64
47.270828,-122.796043,3000,58.7,240.4,-128
47.270325,-122.797554,3000,57.7,244.3,-64
47.27005,-122.798653,3000,57.9,248.8,-192
47.269821,-122.799683,2900,58.0,255.0,-192
47.269654,-122.800809,2900,57.9,260.0,-64
47.269592,-122.801949,2900,56.1,265.9,-192
47.269608,-122.803274,2900,55.0,271.0,0
47.269701,-122.805457,2900,54.2,274.2,-192
47.269794,-122.807641,2900,53.3,276.5,-128
47.269958,-122.808609,2900,53.4,283.0,-64
47.270096,-122.809296,2900,52.2,290.2,0
47.270325,-122.809845,2900,50.5,297.1,0
47.270645,-122.810669,2900,49.9,302.7,-64
47.271011,-122.811424,2900,49.2,307.6,-64
47.27147,-122.812218,2900,50.2,314.2,-64
47.271927,-122.812798,2900,50.5,320.6,-128
47.272339,-122.81321,2900,51.9,326.0,-64
47.272842,-122.813553,2900,52.3,333.9,0
47.273425,-122.813909,2900,51.9,340.9,64
47.273891,-122.814049,2900,52.2,347.8,64
47.274445,-122.814171,2900,52.2,354.5,128
47.274994,-122.814171,2900,52.0,2.2,64
47.275706,-122.814049,2900,52.6,8.8,0
47.280487,-122.812866,2900,53.6,8.6,192
47.282089,-122.812454,3000,50.5,8.0,704
47.283188,-122.81218,3000,48.1,12.0,320
47.283875,-122.811905,3000,49.0,16.6,64
47.284458,-122.811514,3000,50.7,22.0,128
47.284877,-122.811232,3000,52.0,30.0,128
47.285436,-122.810599,3000,53.0,35.8,256
47.286072,-122.809845,3000,53.2,41.2,256
47.286163,-122.809776,3100,53.2,41.2,256
47.287079,-122.808472,3100,55.2,45.0,192
47.289825,-122.804352,3100,56.6,45.0,64
47.292755,-122.799889,3100,55.9,44.3,128
47.293629,-122.798697,3100,55.3,40.6,0
47.29422,-122.798035,3100,55.0,36.9,-128
47.294699,-122.79764,3100,54.2,29.9,64
47.295258,-122.797218,3100,53.9,21.8,0
47.295817,-122.797006,3100,52.6,14.3,-64
47.296282,-122.796936,3100,52.5,7.7,0
47.296738,-122.796936,3100,51.0,357.8,128
47.297195,-122.797073,3100,51.0,348.7,-64
47.297679,-122.797288,3100,52.2,339.8,-128
47.298098,-122.79764,3100,52.4,331.5,-64
47.298523,-122.798035,3100,52.0,322.0,-64
47.298889,-122.798556,3100,53.0,315.8,-128
47.29921,-122.799133,3100,52.8,307.3,-128
47.299576,-122.799957,3100,53.3,300.4,-128
47.299942,-122.800987,3100,52.8,294.6,-64
47.300239,-122.802147,3100,53.1,289.8,-192
47.3004,-122.803047,3100,53.6,284.0,-192
47.300491,-122.804008,3100,55.3,276.2,-192
47.300537,-122.805038,3000,56.0,271.0,-256
47.300537,-122.805176,3100,56.0,270.0,-256
47.300491,-122.805794,3000,56.0,268.0,-256
47.300379,-122.809683,3000,57.1,267.0,-256
47.300239,-122.812782,2900,56.1,266.9,-384
47.3001,-122.817148,2900,59.2,265.2,0
47.300034,-122.819801,2900,58.0,268.0,0
47.29996,-122.823627,2900,57.0,269.0,0
47.29996,-122.828627,2900,58.0,270.0,0
47.300006,-122.831374,2900,60.1,272.9,0
47.300079,-122.833809,3000,65.1,272.6,192
47.300079,-122.834015,2900,66.1,272.6,128
47.300125,-122.834908,3000,67.1,272.6,128
47.300171,-122.836624,3000,71.1,273.2,-128
47.300286,-122.839402,3000,75.2,273.8,320
47.3004,-122.841774,3000,79.3,275.1,-320
47.300491,-122.843147,3000,84.3,274.8,-448
47.300629,-122.84507,3000,88.4,275.2,-384
47.300995,-122.85022,3000,92.8,277.4,128
47.302185,-122.862373,3000,87.8,277.9,256
47.302689,-122.868004,3000,87.1,279.2,-192
47.303467,-122.874733,3000,84.9,278.1,0
47.30397,-122.880157,3000,84.6,276.8,192
47.304062,-122.881599,3000,84.0,270.0,128
47.303963,-122.882996,3000,85.5,264.0,-128
47.303777,-122.884475,3000,86.1,257.2,-128
47.303498,-122.885601,3000,88.6,249.5,-128
47.303125,-122.886728,3000,89.1,241.1,64
47.302567,-122.887855,3000,89.9,235.4,192
47.302008,-122.888841,3000,88.4,226.4,320
47.30117,-122.889897,3000,88.6,220.9,128
47.300612,-122.89039,3000,89.7,210.9,128
47.299494,-122.891165,3000,90.9,204.0,0
47.29747,-122.892586,3000,92.1,207.1,-256
47.296051,-122.893753,3000,93.8,211.5,-320
47.294815,-122.894989,3000,94.4,216.4,-192
47.294606,-122.895179,2900,93.6,216.8,-192
47.29303,-122.897118,2900,95.0,220.7,-256
47.291301,-122.899475,2900,96.2,224.2,-384
47.290463,-122.900884,2900,96.5,230.0,192
47.289765,-122.902292,2900,94.1,235.0,64
47.289253,-122.90363,2900,91.7,242.0,128
47.288741,-122.90525,2900,91.4,246.8,128
47.288452,-122.906593,2900,89.6,253.8,0
47.288269,-122.907898,2900,89.4,259.7,-128
47.288177,-122.909409,2900,90.2,266.2,-256
47.288229,-122.910743,2900,90.1,271.9,-384
47.288368,-122.912011,2900,91.2,279.5,-320
47.288635,-122.913597,2900,89.8,286.8,64
47.28902,-122.914969,2900,88.2,293.4,192
47.289532,-122.916448,2900,86.5,299.8,192
47.290184,-122.917786,2900,84.4,306.3,192
47.291115,-122.919335,2900,82.9,311.6,64
47.291953,-122.920603,2900,82.8,316.5,-192
47.292892,-122.921631,2900,82.8,322.9,0
47.293675,-122.922434,2900,82.2,328.4,-128
47.295072,-122.92349,2900,84.1,333.1,-384
47.296794,-122.924687,2900,85.5,335.8,-128
47.297958,-122.925321,2900,85.4,341.6,-64
47.299255,-122.925751,2900,86.1,347.2,-128
47.300332,-122.925955,2800,86.6,353.4,-256
47.301124,-122.926025,2900,86.0,0.7,128
47.302094,-122.925888,2900,84.7,7.5,320
47.303312,-122.925532,2900,83.2,13.2,128
47.304474,-122.924927,2900,82.5,19.1,0
47.305406,-122.924335,2900,83.2,25.6,64
47.306259,-122.923553,2900,84.1,32.4,-64
47.307175,-122.922523,2900,85.4,38.3,64
47.308246,-122.921096,2900,86.3,43.1,64
47.309692,-122.919022,2900,86.3,45.9,0
47.310667,-122.917293,2900,86.7,50.6,128
47.312808,-122.913349,2900,85.6,52.6,64
47.315834,-122.907433,2900,87.5,51.0,64
47.317612,-122.904053,2900,88.0,53.8,-192
47.320024,-122.899053,2900,86.3,55.4,256
47.322677,-122.893348,2900,83.8,54.2,64
47.324478,-122.889839,2900,84.0,51.8,64
47.328506,-122.882355,3000,84.0,51.8,320
47.332221,-122.87546,3000,87.8,52.9,-128
47.333617,-122.872643,2900,87.2,53.4,-64
47.333771,-122.872398,3000,87.2,53.4,0
47.333862,-122.872192,2900,87.2,53.4,-64
47.334036,-122.871868,3000,87.8,52.9,64
47.334129,-122.871657,2900,87.0,52.5,64
47.334274,-122.871437,3000,87.0,52.5,128
47.335991,-122.867925,3000,83.2,54.8,256
47.337387,-122.865051,2900,78.2,54.9,-320
47.338971,-122.861657,2900,73.5,56.1,-128
47.33963,-122.860245,2900,68.5,56.3,192
47.340088,-122.859262,2900,64.1,55.8,192
47.340637,-122.858047,2900,59.6,55.2,64
47.341717,-122.855741,2900,54.6,55.4,-192
47.342648,-122.853769,2800,53.3,55.7,-576
47.343207,-122.852642,2800,55.6,52.3,-640
47.343887,-122.851593,2800,58.1,47.8,-576
47.344437,-122.850632,2700,58.1,47.8,-384
47.345306,-122.849327,2700,53.7,45.0,-448
47.345628,-122.848839,2700,49.5,45.0,-64
47.345907,-122.848417,2700,44.6,45.9,-128
47.346451,-122.84761,2600,44.6,44.1,-832
47.346909,-122.847061,2600,48.9,40.9,-256
47.347641,-122.8461,2700,52.4,41.9,128
47.348236,-122.845345,2600,57.4,41.5,-192
47.349014,-122.844383,2600,62.4,41.1,0
47.34993,-122.843216,2700,65.3,40.0,256
47.351669,-122.84095,2700,67.9,42.6,384
47.352768,-122.839371,2700,67.9,46.2,640
47.353309,-122.838416,2800,66.5,47.4,640
47.354324,-122.836693,2800,70.3,50.2,-320
47.355377,-122.834908,2800,75.3,50.4,64
47.356934,-122.832092,2800,79.7,51.1,192
47.358895,-122.828346,2800,84.6,51.2,-128
47.36055,-122.8255,2900,87.3,50.1,128
47.362014,-122.822712,2900,87.2,53.4,320
47.365133,-122.816514,2800,87.0,52.5,-704
47.367274,-122.81257,2900,88.1,50.5,0
47.367462,-122.812317,2800,88.1,50.5,-128
47.367783,-122.811699,2900,87.5,51.0,-64
47.368205,-122.810951,2800,86.8,51.5,-64
47.36895,-122.809542,2900,84.8,52.2,384
47.370114,-122.807289,2800,83.2,51.3,-64
47.372116,-122.803626,2800,85.8,53.5,64
47.373184,-122.801262,2900,82.9,56.3,256
47.374537,-122.798204,2800,82.1,55.9,-256
47.377609,-122.791865,2800,86.0,54.5,128
47.379006,-122.789048,2900,84.4,53.7,192
47.38179,-122.783409,2900,86.6,53.9,-64
47.382202,-122.782379,2900,88.2,60.8,448
47.382683,-122.78095,2900,89.2,66.9,448
47.383026,-122.779358,2900,87.0,72.6,448
47.383288,-122.777921,2900,87.7,78.8,64
47.383392,-122.776337,2900,88.6,83.5,64
47.383392,-122.775169,3000,89.0,89.4,64
47.383381,-122.774259,2900,89.2,93.9,64
47.383242,-122.772991,3000,90.6,100.8,0
47.382889,-122.771255,2900,91.8,106.5,128
47.382823,-122.770949,3000,91.4,107.8,256
47.382171,-122.768625,3000,91.0,112.6,448
47.381519,-122.766653,3000,90.4,117.7,256
47.380737,-122.764801,3000,89.6,123.2,128
47.37975,-122.762709,3000,92.8,127.1,0
47.378906,-122.761299,3000,94.2,132.0,-128
47.377853,-122.759857,3000,95.6,138.0,0
47.376585,-122.758343,3000,94.2,142.8,192
47.375473,-122.757248,3000,93.3,149.0,-192
47.373779,-122.756012,3000,93.9,153.4,0
47.371765,-122.754639,3000,94.5,157.0,-128
47.3703,-122.753815,3000,95.8,161.8,-576
47.369202,-122.753403,3000,97.0,165.7,-640
47.368578,-122.753272,2900,99.1,171.3,-768
47.367135,-122.753132,2900,101.1,177.2,-768
47.365952,-122.753197,2900,102.2,183.9,-384
47.363411,-122.753625,2900,99.9,187.5,-128
47.361511,-122.754089,2900,98.8,191.1,-64
47.359772,-122.754776,2900,97.8,196.0,-256
47.359177,-122.755051,2800,97.4,197.3,-256
47.355776,-122.756723,2800,95.5,199.6,-64
47.352517,-122.758554,2800,93.8,201.9,-64
47.348607,-122.760949,2800,94.9,203.6,-128
47.344986,-122.763428,2800,97.1,205.0,0
47.342422,-122.765282,2800,96.2,207.9,-64
47.338272,-122.768766,2700,96.7,209.7,-64
47.338074,-122.768921,2800,97.2,210.3,-64
47.33655,-122.770245,2700,96.6,211.9,0
47.336334,-122.770432,2800,97.1,212.4,64
47.330109,-122.776474,2800,92.4,213.5,192
47.328003,-122.778671,2800,92.2,216.6,192
47.324066,-122.782997,2900,92.8,217.1,128
47.317383,-122.790619,2900,92.6,218.0,64
47.310853,-122.798063,2900,91.2,217.9,0
47.308777,-122.800507,2900,95.9,219.5,-128
47.304941,-122.805387,2900,95.7,221.2,-128
47.302094,-122.80909,2800,97.1,221.2,-128
47.301869,-122.809331,2900,97.1,221.2,0
47.298752,-122.813622,2900,93.4,223.3,64
47.295631,-122.817923,2900,88.4,223.6,64
47.294048,-122.820176,2800,83.5,224.0,-128
47.292698,-122.822289,2900,78.5,226.6,192
47.292093,-122.823205,2800,75.0,226.1,0
47.290789,-122.825177,2800,70.0,226.7,64
47.28916,-122.827782,2800,65.1,227.5,-128
47.288229,-122.829332,2800,60.3,229.7,-128
47.286392,-122.832642,2700,61.1,230.3,-768
47.285019,-122.834976,2600,65.3,230.0,-832
47.284365,-122.836163,2600,61.9,230.9,-320
47.284132,-122.836585,2600,57.5,229.9,0
47.283853,-122.837078,2600,53.9,229.5,64
47.283108,-122.838487,2600,52.8,232.7,-704
47.282829,-122.83898,2600,57.0,232.1,-384
47.282177,-122.840248,2600,61.6,234.2,-128
47.281723,-122.841225,2600,66.3,236.1,-64
47.280548,-122.84405,2600,69.1,238.6,512
47.279756,-122.846022,2600,72.5,242.0,192
47.279058,-122.848135,2700,74.3,244.5,448
47.278061,-122.851524,2700,77.5,246.4,256
47.277283,-122.854271,2700,80.1,249.5,384
47.2771,-122.855095,2800,80.7,250.4,448
47.275818,-122.860657,2800,79.1,251.6,256
47.27552,-122.862009,2900,80.7,252.7,320
47.274857,-122.865532,2900,83.7,255.5,128
47.274263,-122.868911,2900,87.8,255.5,64
47.272913,-122.876728,2900,91.5,254.1,64
47.272064,-122.881119,3000,90.0,255.2,64
47.271982,-122.881446,2900,89.7,255.8,64
47.271703,-122.883559,3000,88.3,260.2,128
47.271606,-122.885101,3000,87.4,264.8,128
47.271606,-122.886543,3000,87.1,272.0,0
47.271744,-122.887711,3000,86.3,280.0,-64
47.271973,-122.889084,3000,85.7,287.0,-64
47.272075,-122.889404,2900,85.8,291.2,0
47.272122,-122.889686,3000,85.8,291.2,0
47.272202,-122.889839,2900,86.0,293.3,0
47.272568,-122.890732,2900,85.8,301.6,0
47.272659,-122.890938,3000,85.1,303.5,0
47.272773,-122.891235,2900,85.4,305.0,0
47.273285,-122.89208,2900,85.6,312.6,-64
47.273891,-122.892855,2900,85.4,321.6,0
47.274353,-122.893341,3000,84.9,325.6,64
47.274542,-122.893489,2900,84.6,327.1,64
47.275223,-122.893959,2900,83.8,336.8,-64
47.275955,-122.894234,2900,84.2,344.1,0
47.276777,-122.894404,2900,84.6,353.2,-64
47.277429,-122.894404,2900,85.1,2.0,-128
47.278173,-122.894264,2900,85.0,8.8,-128
47.278748,-122.893959,2900,86.7,18.9,-192
47.279523,-122.893489,2900,87.3,23.6,-192
47.280304,-122.892723,2900,88.5,32.1,-256
47.281432,-122.891587,2900,90.0,36.9,-128
47.282135,-122.890594,2900,90.5,44.1,64
47.282913,-122.88929,2900,90.1,50.0,-64
47.284515,-122.886269,2900,90.0,53.1,128
47.285614,-122.884071,2900,85.2,54.1,128
47.286227,-122.882784,2900,81.0,54.5,128
47.286804,-122.881599,2900,76.8,55.1,128
47.287766,-122.879539,2900,71.9,55.2,0
47.288461,-122.878066,2900,68.2,55.2,-128
47.290556,-122.873699,2800,64.1,55.8,-128
47.292572,-122.869308,2800,60.2,54.5,-128
47.293675,-122.866939,2800,56.3,56.6,-192
47.294952,-122.86409,2900,57.7,56.3,768
47.296096,-122.861586,3000,53.8,54.8,512
47.296555,-122.860657,2900,57.8,52.7,-256
47.296841,-122.860178,2900,61.2,51.6,-448
47.297012,-122.859833,2900,65.4,51.2,-448
47.297333,-122.859215,2900,69.2,52.6,-448
47.298065,-122.857841,2900,73.6,53.3,-256
47.299168,-122.855459,3000,76.3,55.7,768
47.300491,-122.852623,3100,72.7,55.7,640
47.301403,-122.8506,3100,77.4,57.1,-64
47.302597,-122.847885,3100,82.1,55.9,256
47.304848,-122.843065,3100,86.5,56.3,64
47.307587,-122.837036,3200,87.4,56.7,64
47.308712,-122.834543,3100,85.7,55.9,64
47.309131,-122.833557,3200,85.7,55.9,64
47.309784,-122.832092,3100,86.0,56.9,64
47.309921,-122.831818,3200,86.0,56.9,64
47.313553,-122.823698,3200,82.1,55.9,128
47.3172,-122.815819,3200,84.9,55.6,128
47.319031,-122.812042,3200,85.0,53.1,0
47.319901,-122.810463,3200,84.3,48.4,128
47.320489,-122.809683,3200,82.9,41.6,64
47.321228,-122.808884,3200,81.8,35.0,64
47.321933,-122.808345,3200,81.0,27.2,192
47.322491,-122.808063,3200,79.7,19.8,192
47.323013,-122.807854,3200,79.2,10.2,128
47.323608,-122.807854,3200,79.1,2.2,64
47.324158,-122.807922,3200,78.6,352.7,64
47.324819,-122.808134,3200,78.6,345.3,-64
47.325191,-122.808415,3200,79.5,338.6,-64
47.325623,-122.808746,3200,81.1,329.6,-64
47.326126,-122.809364,3200,81.6,319.5,-128
47.326495,-122.809965,3200,83.6,311.1,-128
47.326914,-122.810951,3200,84.4,301.4,-64
47.327133,-122.811699,3200,85.6,292.7,64
47.327271,-122.812592,3200,86.1,282.8,128
47.327333,-122.813486,3200,87.2,274.0,192
47.327271,-122.81472,3200,87.3,265.4,64
47.327133,-122.815887,3200,89.3,257.0,-64
47.326681,-122.817923,3200,90.4,252.0,-64
47.325796,-122.821374,3200,91.2,248.8,64
47.323376,-122.829965,3200,88.8,247.5,64
47.321503,-122.836281,3200,87.7,245.8,128
47.319901,-122.841431,3200,83.3,245.9,192
47.319605,-122.842431,3200,78.8,246.0,192
47.319168,-122.843834,3200,74.3,246.2,64
47.318767,-122.845177,3200,70.8,246.7,0
47.318255,-122.847008,3200,66.3,246.9,-320
47.317062,-122.851318,3200,63.3,248.7,-192
47.31616,-122.854755,3200,61.7,250.1,-192
47.31616,-122.854896,3100,61.4,251.0,-128
47.316113,-122.855107,3200,61.4,251.0,-64
47.315834,-122.856304,3100,59.1,251.3,-320
47.314957,-122.860382,3200,63.9,252.7,576
47.314531,-122.862502,3200,58.9,255.3,896
47.314407,-122.863197,3300,57.0,254.7,960
47.313766,-122.866699,3300,61.1,254.8,-256
47.313583,-122.867523,3300,66.0,256.0,-256
47.313309,-122.869377,3300,70.6,257.7,320
47.312994,-122.871516,3400,71.2,259.5,768
47.312622,-122.874404,3400,69.9,256.8,704
47.312393,-122.875557,3500,70.3,255.2,640
47.31197,-122.877995,3500,74.5,255.2,-192
47.311707,-122.879333,3500,78.6,255.3,-320
47.311458,-122.880883,3500,81.7,255.1,-64
47.311039,-122.883207,3500,86.6,256.0,-64
47.310388,-122.887573,3500,89.8,258.4,-64
47.309596,-122.893419,3500,90.3,260.4,192
47.308898,-122.899968,3500,90.9,261.8,-128
47.308456,-122.905083,3500,91.6,263.7,128
47.308228,-122.909958,3600,88.3,265.5,192
47.308107,-122.912011,3500,88.3,265.5,-192
47.307967,-122.915391,3500,92.1,268.1,-384
47.308013,-122.917152,3500,93.2,273.7,-320
47.308136,-122.918816,3500,93.2,279.3,-128
47.308456,-122.920738,3500,93.1,284.9,-192
47.308805,-122.922293,3500,93.0,288.8,-320
47.309224,-122.923701,3500,92.6,294.9,-320
47.309784,-122.925064,3500,93.0,301.8,-64
47.310388,-122.926237,3500,93.4,307.6,-64
47.311179,-122.927504,3500,93.3,315.0,-128
47.311877,-122.928349,3500,91.8,321.6,64
47.312762,-122.929124,3500,91.9,329.2,-64
47.313721,-122.929802,3500,91.3,335.4,64
47.314636,-122.930351,3500,90.8,341.4,256
47.315741,-122.930744,3500,89.3,347.0,320
47.316925,-122.930969,3500,86.8,352.1,384
47.318301,-122.931166,3500,85.2,356.0,192
47.319901,-122.931175,3500,85.0,0.7,0
47.321457,-122.931038,3500,85.3,4.7,-64
47.322957,-122.930744,3500,85.0,8.8,-192
47.325889,-122.929899,3500,86.7,11.3,192
47.328415,-122.929047,3500,85.6,14.2,-192
47.331336,-122.927927,3500,85.4,16.3,256
47.333038,-122.927124,3500,85.1,19.9,192
47.334457,-122.926231,3500,85.5,24.2,-64
47.33776,-122.923842,3500,88.1,26.3,-128
47.340546,-122.9217,3500,89.1,28.9,192
47.343292,-122.919571,3500,87.2,26.6,-64
47.344883,-122.91849,3500,87.5,22.2,-64
47.346419,-122.917715,3500,88.2,17.8,128
47.352036,-122.915314,3500,89.8,16.8,64
47.353409,-122.914696,3600,88.3,15.8,256
47.357638,-122.912997,3600,83.9,15.2,128
47.35964,-122.912222,3600,79.8,15.3,-256
47.361557,-122.9114,3500,77.5,17.3,-64
47.362106,-122.911194,3600,76.5,17.5,0
47.362293,-122.911095,3500,76.2,16.8,0
47.364807,-122.909958,3500,72.1,16.9,-64
47.366547,-122.909271,3500,67.2,14.7,-64
47.368607,-122.908585,3500,62.4,12.0,192
47.370346,-122.908035,3500,57.7,14.0,128
47.373825,-122.906731,3600,58.9,14.7,576
47.375336,-122.906113,3600,54.8,14.8,896
47.375885,-122.905907,3700,50.5,13.8,960
47.376709,-122.905701,3700,47.5,8.5,384
47.377283,-122.905602,3700,52.3,6.6,-384
47.377533,-122.905563,3700,56.3,6.1,-640
47.377795,-122.905532,3700,57.3,6.0,-704
47.378128,-122.905495,3700,63.5,7.2,-704
47.378586,-122.905357,3700,67.9,9.3,-256
47.38028,-122.904877,3700,70.6,12.3,512
47.381927,-122.90419,3700,68.7,16.1,512
47.382385,-122.903984,3800,67.7,16.3,640
47.384731,-122.903067,3800,66.9,13.8,128
47.385498,-122.902748,3800,70.8,13.1,-320
47.385988,-122.902574,3800,74.0,13.3,-384
47.387106,-122.902151,3800,78.3,14.0,-64
47.389433,-122.901377,3900,82.2,13.4,192
47.391668,-122.900531,3900,84.2,15.9,256
47.395615,-122.898697,3900,84.8,17.1,-64
47.401382,-122.895882,3900,85.4,18.4,-64
47.408066,-122.892448,4000,84.4,18.6,0
47.408203,-122.89238,3900,84.4,18.6,-64
47.411453,-122.890663,3900,84.5,20.8,128
47.414944,-122.8887,4000,83.2,20.4,128
47.417365,-122.887221,4000,83.8,23.2,-128
47.419785,-122.885601,4000,85.4,20.6,128
47.420577,-122.88532,4000,85.4,13.6,128
47.42157,-122.885101,4000,84.6,6.8,128
47.422394,-122.885101,4000,85.0,0.0,128
47.422989,-122.885239,4000,85.8,352.0,-128
47.424042,-122.885651,4000,86.8,345.3,-192
47.425278,-122.8862,4000,86.7,339.1,-128
47.426147,-122.886887,4000,85.9,332.2,256
47.427001,-122.887714,4000,84.6,324.6,512
47.427606,-122.888418,4000,82.9,318.4,384
47.428253,-122.889496,4000,82.9,311.6,-64
47.428956,-122.890883,4000,83.8,305.8,-256
47.429329,-122.891869,4000,84.6,299.0,-192
47.429701,-122.893207,4000,86.7,290.9,-384
47.429947,-122.89444,4000,87.8,284.5,-512
47.430073,-122.895602,3900,90.8,277.6,-384
47.43012,-122.897081,3900,92.0,271.2,-256
47.430038,-122.898766,3900,91.6,263.7,192
47.42981,-122.900551,4000,89.1,257.7,384
47.429489,-122.902061,4000,86.7,251.1,320
47.429049,-122.903348,4000,86.8,244.0,192
47.428584,-122.904546,4000,86.5,236.3,0
47.427521,-122.906525,4000,89.0,231.8,-192
47.425919,-122.909271,4000,87.2,229.2,128
47.424728,-122.911194,4000,83.4,225.0,0
47.423835,-122.912292,4000,83.9,219.2,-128
47.42323,-122.912997,3900,85.0,216.9,-320
47.422066,-122.914124,3900,86.6,211.3,-128
47.420975,-122.91497,3900,87.2,206.6,64
47.420018,-122.915532,3900,86.4,200.3,0
47.419227,-122.915814,3900,86.6,194.0,-320
47.418457,-122.915932,3900,87.6,186.6,-384
47.417597,-122.915955,3900,89.1,178.1,-512
47.416573,-122.915743,3900,90.3,170.4,-512
47.415527,-122.915314,3900,91.8,163.5,-256
47.414795,-122.914833,3900,91.0,157.4,-192
47.413971,-122.914215,3900,90.6,149.5,64
47.413128,-122.913349,3900,88.6,143.3,256
47.41229,-122.912152,3900,87.7,136.9,64
47.410858,-122.910027,3900,88.4,133.6,-256
47.40959,-122.907997,3800,89.9,131.9,-64
47.407654,-122.904739,3800,89.5,129.6,-256
47.405959,-122.901447,3800,90.6,127.4,-192
47.403492,-122.896447,3800,89.6,125.5,-192
47.400925,-122.890869,3800,90.1,123.7,0
47.399094,-122.886749,3700,90.4,122.8,-256
47.397034,-122.882011,3700,91.1,121.1,0
47.394516,-122.875694,3700,89.9,122.3,-256
47.391357,-122.868484,3700,88.8,123.5,0
47.38678,-122.858628,3700,88.8,123.5,-64
47.385337,-122.855319,3600,90.4,122.8,-320
47.381426,-122.846375,3600,94.3,122.0,-192
47.37886,-122.840126,3600,94.7,121.2,-256
47.377562,-122.836797,3500,95.9,120.0,-576
47.375427,-122.831337,3500,100.8,120.4,-576
47.375281,-122.831022,3400,101.4,120.9,-512
47.372255,-122.823768,3400,100.7,122.4,-256
47.370999,-122.820951,3300,99.6,123.5,-320
47.366483,-122.811162,3300,98.5,124.7,-320
47.365505,-122.80912,3200,97.7,125.0,-320
47.363571,-122.805313,3200,95.6,127.3,-128
47.359826,-122.798063,3100,94.2,127.2,-320
47.358673,-122.795631,3100,93.7,123.7,-256
47.356934,-122.791512,3100,93.8,121.5,-384
47.355423,-122.787941,3000,96.6,121.9,-384
47.352356,-122.780731,3000,94.6,123.3,-128
47.3508,-122.777298,2900,94.0,122.8,-448
47.34735,-122.76947,2900,94.3,122.0,-256
47.345907,-122.765879,2800,93.7,120.1,-256
47.343155,-122.759033,2800,95.2,121.7,-320
47.341671,-122.755315,2800,94.9,119.0,0
47.341065,-122.753554,2800,93.6,113.3,-128
47.339855,-122.748765,2700,95.3,110.9,-448
47.337248,-122.738906,2600,96.6,111.2,-576
47.33534,-122.731441,2500,96.8,109.9,-448
47.333908,-122.7258,2400,97.5,111.0,-576
47.330795,-122.713921,2400,96.6,111.2,-320
47.3298,-122.710172,2300,97.5,111.0,-320
47.327658,-122.701721,2200,96.6,111.2,-640
47.325806,-122.695038,2100,96.0,112.0,-704
47.324203,-122.689201,2000,96.9,111.8,-576
47.323469,-122.686509,2000,96.2,115.2,-384
47.322876,-122.685081,2000,96.0,121.4,-320
47.322235,-122.683777,2000,95.6,127.3,-512
47.321365,-122.682198,1900,96.5,130.0,-640
47.319809,-122.679726,1900,98.3,133.8,-704
47.318022,-122.677072,1800,97.6,135.0,-320
47.314624,-122.672213,1700,97.6,135.8,-832
47.31076,-122.66679,1600,98.4,137.1,-384
47.307734,-122.662635,1500,99.8,137.0,-704
47.305593,-122.659607,1500,100.4,134.2,-256
47.303451,-122.656156,1500,99.2,131.7,-512
47.302414,-122.654388,1400,98.2,128.4,-256
47.298752,-122.647247,1300,96.4,127.0,-448
47.295227,-122.640381,1200,96.2,127.8,-448
47.29509,-122.640106,1300,96.2,127.8,-448
47.294979,-122.639888,1200,96.2,127.8,-448
47.292744,-122.635733,1300,94.0,128.1,320
47.290463,-122.631648,1300,91.6,130.1,-512
47.290054,-122.630974,1200,93.0,130.2,-512
47.287298,-122.626014,1200,93.2,128.5,-192
47.28447,-122.620468,1200,91.4,127.0,64
47.280487,-122.612366,1200,91.6,126.1,128
47.278152,-122.607697,1200,87.8,127.1,-64
47.277335,-122.606295,1200,89.1,133.2,-320
47.276358,-122.605027,1200,91.4,139.0,-256
47.27552,-122.604112,1200,93.7,146.3,-192
47.274536,-122.603371,1100,94.4,152.9,-192
47.273849,-122.603027,1100,96.1,161.2,-128
47.273053,-122.602703,1100,96.5,166.8,64
47.271935,-122.602492,1200,94.5,173.9,512
47.27037,-122.602409,1200,92.1,178.1,128
47.26891,-122.602492,1200,92.1,183.1,-64
47.267441,-122.602753,1200,93.9,188.0,-256
47.265651,-122.603196,1100,95.7,190.8,-384
47.263696,-122.603901,1100,97.0,194.3,-256
47.260529,-122.605225,1100,94.0,196.7,-256
47.257225,-122.606718,1100,89.8,196.8,0
47.252151,-122.608971,1100,86.1,195.5,-192
47.251406,-122.609323,1000,85.9,194.9,-256
47.247495,-122.610732,1000,84.2,193.1,-384
47.245866,-122.611225,1000,81.9,188.4,-64
47.244919,-122.611267,1000,81.0,180.7,-64
47.243958,-122.611225,900,80.4,174.3,-64
47.242933,-122.610873,900,79.8,167.7,-64
47.242235,-122.610591,900,79.1,161.6,-64
47.241583,-122.610098,900,76.9,153.8,-64
47.240978,-122.609605,900,72.7,148.5,-64
47.240433,-122.609001,900,69.8,142.0,-64
47.239975,-122.608315,900,67.9,135.0,-64
47.239609,-122.607628,900,67.2,126.5,-64
47.239288,-122.606873,900,66.7,119.6,-64
47.23893,-122.605591,900,66.3,113.1,-64
47.238697,-122.604534,900,65.5,108.7,-192
47.238651,-122.60383,900,64.0,99.9,-192
47.238556,-122.602615,900,62.1,93.7,-192
47.238556,-122.601723,800,61.0,91.9,-192
47.238557,-122.599675,800,62.0,88.2,-320
47.238697,-122.595309,800,63.1,86.4,-384
47.238744,-122.594041,700,62.2,85.4,-384
47.23907,-122.58883,700,60.3,84.3,-384
47.239197,-122.587852,700,58.1,79.1,-384
47.239302,-122.587139,700,55.7,72.2,-384
47.239489,-122.586576,700,54.6,63.9,-384
47.239721,-122.586083,700,54.1,56.3,-384
47.239975,-122.585724,700,53.8,48.0,-384
47.240158,-122.585449,700,53.8,42.0,-384
47.24057,-122.585106,700,53.3,30.4,-384
47.241165,-122.584763,700,53.7,24.2,-192
47.241577,-122.584557,700,51.7,14.6,-256
47.241714,-122.584488,600,51.7,14.6,-320
47.242654,-122.584252,600,51.0,11.3,-448
47.244553,-122.583664,500,51.2,12.4,-512
47.24689,-122.582843,500,55.1,11.5,-256
47.248147,-122.582562,500,54.1,11.7,-256
47.248856,-122.582222,400,52.5,17.7,-320
47.250196,-122.581576,400,51.9,15.6,-192
47.250824,-122.581398,400,51.8,10.0,-192
47.25174,-122.581192,400,51.4,6.7,-256
47.254486,-122.58078,400,50.5,8.0,-256
47.255035,-122.580574,300,50.0,11.5,-320
47.255968,-122.580308,300,49.7,9.3,-256
47.256775,-122.580231,300,49.1,3.5,-384
47.257458,-122.580097,300,50.4,6.8,-320
47.259933,-122.579613,200,51.2,5.6,-192
47.260483,-122.579475,300,50.5,8.0,-192
47.260623,-122.579463,200,50.4,6.8,-384
47.264053,-122.578857,200,45.4,7.6,-64
47.271377,-122.577491,300,57.3,186.0,128
47.269794,-122.577773,300,61.4,186.6,448
47.267746,-122.578055,400,64.3,185.4,576
47.264859,-122.578477,500,65.3,185.3,384
47.261601,-122.57897,500,68.5,186.7,320
47.261307,-122.579063,600,68.6,187.5,320
47.259338,-122.579544,600,66.9,189.5,320
47.258668,-122.579674,700,67.1,190.3,320
47.255921,-122.580519,800,66.3,191.3,320
47.252337,-122.581576,800,71.0,189.7,192
47.252197,-122.581646,900,72.2,190.4,192
47.248101,-122.582703,1000,73.5,191.8,704
47.244736,-122.583801,1000,77.1,193.5,256
47.243911,-122.584182,1100,78.7,197.7,256
47.243042,-122.584694,1100,79.9,202.1,192
47.242142,-122.585308,1100,80.5,208.2,448
47.241583,-122.585872,1100,80.2,215.9,448
47.240839,-122.586787,1100,80.0,222.5,576
47.240112,-122.58799,1100,78.6,228.6,704
47.239721,-122.588689,1200,77.8,232.8,768
47.239116,-122.590097,1200,75.5,238.0,704
47.238693,-122.591354,1200,75.2,244.8,640
47.238371,-122.592703,1200,74.6,252.1,576
47.238278,-122.592914,1300,74.0,253.5,576
47.238092,-122.594252,1300,75.3,259.3,448
47.238045,-122.59552,1300,76.2,266.2,256
47.238052,-122.597122,1300,79.1,272.2,192
47.238185,-122.598689,1300,80.6,277.1,320
47.238371,-122.600027,1300,80.8,282.1,512
47.238419,-122.600349,1400,80.3,283.7,448
47.238464,-122.600624,1300,80.3,283.7,448
47.238511,-122.600872,1400,81.0,285.8,320
47.239023,-122.602985,1400,82.6,291.3,320
47.24042,-122.607915,1500,82.1,292.2,576
47.242561,-122.61538,1500,85.1,293.5,448
47.24263,-122.615662,1600,85.1,293.5,448
47.244186,-122.620605,1600,81.0,295.6,896
47.244423,-122.621366,1700,79.6,295.3,960
47.245651,-122.625275,1800,76.6,293.9,448
47.247635,-122.631578,1900,78.8,294.0,448
47.24881,-122.635849,1900,80.8,291.8,512
47.249358,-122.637986,2000,80.1,290.5,640
47.250196,-122.641296,2100,75.3,289.4,832
47.250641,-122.643539,2100,72.5,285.2,704
47.251033,-122.646156,2100,74.5,281.6,384
47.251099,-122.646492,2200,75.5,281.5,448
47.251499,-122.648973,2200,76.4,284.4,512
47.252151,-122.65226,2300,74.3,287.2,704
47.253268,-122.657494,2400,74.3,287.2,576
47.254166,-122.662148,2400,71.6,285.4,384
47.254199,-122.662424,2500,72.5,285.2,384
47.254246,-122.662706,2400,72.5,285.2,320
47.254303,-122.662903,2500,72.5,285.2,320
47.255223,-122.668199,2500,76.7,285.1,192
47.255596,-122.6701,2500,81.0,285.8,-256
47.256088,-122.672791,2500,85.9,284.9,-320
47.257225,-122.679185,2500,90.0,284.8,-256
47.258743,-122.687965,2500,90.5,283.4,-64
47.259842,-122.694695,2400,89.3,283.0,-320
47.259925,-122.695524,2500,89.3,283.0,256
47.261215,-122.703827,2500,84.9,282.2,64
47.262726,-122.714539,2500,80.6,281.5,0
47.263416,-122.719609,2500,81.3,283.5,128
47.264813,-122.728131,2500,80.1,283.0,192
47.265418,-122.732497,2500,81.4,280.6,0
47.265791,-122.736159,2500,81.7,277.7,128
47.266342,-122.741318,2500,81.1,279.2,128
47.266708,-122.744339,2600,81.2,279.9,192
47.266754,-122.744614,2500,81.2,279.9,192
47.266768,-122.744892,2600,81.2,279.9,128
47.267001,-122.746864,2500,82.2,279.8,-128
47.267212,-122.748528,2600,83.2,279.7,64
47.26767,-122.752991,2500,83.9,278.2,-128
47.267807,-122.754364,2600,84.7,277.5,-64
47.268173,-122.758484,2500,85.7,277.4,-64
47.268444,-122.761301,2600,85.2,279.5,192
47.268491,-122.761653,2500,84.5,280.9,256
47.268537,-122.761864,2600,84.0,282.4,384
47.269468,-122.767991,2600,83.5,281.0,64
47.269887,-122.771583,2600,83.9,278.2,256
47.269958,-122.773041,2600,82.1,272.8,320
47.269934,-122.7744,2600,80.2,265.7,384
47.269821,-122.775444,2600,79.2,259.8,320
47.269561,-122.776724,2600,78.2,253.6,128
47.269282,-122.77771,2600,78.6,248.3,-128
47.268814,-122.778946,2600,81.0,241.2,-384
47.268211,-122.780316,2600,83.2,234.8,-256
47.267532,-122.781487,2600,83.6,228.9,0
47.266891,-122.782448,2600,83.5,223.1,128
47.266205,-122.783203,2600,84.2,217.3,64
47.265564,-122.783821,2600,83.9,210.9,0
47.264673,-122.784471,2600,84.6,204.4,-64
47.263687,-122.78492,2600,84.8,199.3,-64
47.262451,-122.7854,2600,85.4,193.6,-64
47.257737,-122.787147,2600,88.1,195.1,0
47.255456,-122.788062,2600,83.7,194.5,128
47.253128,-122.788978,2600,80.7,197.3,128
47.252289,-122.78952,2600,78.8,204.0,192
47.251694,-122.790001,2600,77.4,212.9,192
47.25094,-122.790879,2600,76.6,220.8,192
47.250428,-122.791654,2600,75.7,227.7,128
47.250056,-122.792499,2600,76.0,234.6,-192
47.24968,-122.793434,2600,76.5,241.1,-320
47.249404,-122.79433,2600,77.6,248.1,-384
47.249218,-122.795598,2600,78.3,256.0,-320
47.249125,-122.796654,2600,78.4,264.1,-192
47.24913,-122.798103,2600,79.0,270.7,-256
47.249222,-122.799408,2600,79.9,278.6,-256
47.249451,-122.800809,2600,80.5,284.4,-320
47.249496,-122.801056,2500,81.9,287.8,-384
47.24959,-122.801373,2600,81.9,287.8,-384
47.24968,-122.801674,2500,81.9,290.0,-320
47.250289,-122.803838,2500,82.3,294.4,-128
47.251732,-122.808556,2500,82.5,292.8,0
47.25257,-122.811866,2500,81.0,290.2,64
47.253594,-122.816092,2500,77.8,288.0,-64
47.25513,-122.822923,2500,82.2,288.4,-256
47.257141,-122.831543,2500,86.0,289.7,64
47.259201,-122.840263,2500,88.5,288.4,-64
47.260716,-122.846656,2500,85.1,289.9,128
47.261856,-122.851112,2600,86.7,290.9,64
47.262066,-122.851868,2500,86.7,290.9,0
47.262772,-122.854614,2600,86.2,291.8,256
47.265518,-122.864914,2600,81.3,290.9,128
47.266983,-122.870132,2600,80.2,292.7,0
47.267978,-122.873347,2500,77.0,294.6,-256
47.268723,-122.875883,2500,72.1,293.7,-256
47.270096,-122.880569,2500,67.6,293.5,-256
47.270416,-122.881599,2400,66.3,293.1,-320
47.272018,-122.887093,2400,61.9,292.8,-128
47.272866,-122.890249,2400,57.0,291.6,-256
47.273163,-122.891281,2300,56.3,289.7,-256
47.273666,-122.893616,2300,55.4,286.8,64
47.273987,-122.895538,2300,51.4,283.5,256
47.274123,-122.896236,2400,48.5,284.3,128
47.274216,-122.89701,2300,48.3,283.2,-448
47.274822,-122.90025,2300,51.7,284.6,-320
47.274915,-122.900954,2200,50.3,287.4,-192
47.275287,-122.902292,2200,48.5,291.8,-256
47.275909,-122.904465,2200,48.3,294.4,-256
47.27673,-122.907011,2100,47.4,294.9,-320
47.278127,-122.911588,2100,49.7,295.0,-192
47.278592,-122.913349,2100,50.7,292.0,-128
47.278732,-122.913842,2000,50.9,289.5,-192
47.279297,-122.916344,2000,54.4,287.1,-64
47.279477,-122.917293,2000,58.5,286.9,-192
47.27971,-122.91849,2000,63.3,285.6,64
47.279938,-122.919777,2000,66.5,282.1,-128
47.280258,-122.922043,2000,71.4,281.3,0
47.280454,-122.923701,2100,74.5,281.6,0
47.280579,-122.924515,2000,75.5,281.5,64
47.280853,-122.926231,2100,77.9,282.6,448
47.281403,-122.929665,2100,82.7,284.7,-128
47.282364,-122.934608,2100,87.4,286.0,0
47.283899,-122.942364,2100,90.1,287.4,-64
47.28479,-122.946213,2100,86.4,290.3,192
47.285436,-122.948843,2100,81.9,290.0,256
47.285855,-122.950252,2100,81.9,295.3,256
47.286367,-122.95159,2100,82.7,302.1,576
47.286713,-122.952255,2200,82.8,307.1,640
47.287354,-122.953217,2200,83.5,314.0,576
47.288089,-122.954195,2200,83.6,318.9,448
47.288741,-122.954829,2200,85.1,326.5,384
47.289718,-122.955674,2200,85.4,332.8,320
47.290743,-122.956238,2200,87.1,338.4,320
47.291931,-122.956787,2200,88.1,344.9,448
47.292186,-122.956872,2300,88.3,346.9,512
47.293349,-122.957083,2300,88.8,352.2,512
47.294357,-122.957199,2300,89.1,358.1,448
47.295685,-122.95713,2300,90.3,4.4,448
47.296692,-122.956856,2300,90.4,10.2,512
47.297333,-122.95665,2400,90.7,14.0,576
47.298377,-122.956097,2400,90.8,20.6,448
47.299494,-122.955322,2400,91.7,28.0,320
47.300612,-122.954266,2400,92.9,34.0,256
47.301543,-122.953139,2400,95.0,40.7,64
47.30246,-122.951706,2400,96.9,47.1,64
47.304337,-122.948616,2500,99.2,48.3,448
47.307315,-122.943632,2600,95.0,49.3,768
47.311935,-122.935913,2700,98.6,49.5,256
47.317612,-122.925751,2700,98.7,50.3,320
47.318814,-122.923561,2800,99.4,49.9,256
47.322026,-122.917715,2800,103.2,51.7,128
47.324679,-122.912574,2800,105.2,53.9,256
47.32608,-122.909752,2900,104.9,55.1,320
47.32782,-122.905975,2900,100.7,55.5,640
47.329986,-122.901377,3000,101.5,55.8,192
47.333477,-122.893489,3100,100.4,56.8,576
47.334778,-122.890663,3000,102.3,56.2,-128
47.336829,-122.886306,3000,107.1,55.3,-384
47.339813,-122.879814,3000,104.8,57.1,128
47.343579,-122.870882,3000,101.6,57.9,128
47.346326,-122.864051,3000,100.0,59.3,192
47.346497,-122.863678,3100,99.5,59.8,192
47.348374,-122.858699,3100,96.6,58.1,256
47.349119,-122.85722,3100,95.6,52.7,128
47.35005,-122.855671,3100,94.8,46.7,256
47.350891,-122.854614,3100,94.3,41.1,-128
47.351761,-122.853653,3100,95.1,33.9,-256
47.352539,-122.853035,3100,95.3,26.8,-256
47.353546,-122.852486,3100,96.1,18.8,-128
47.354462,-122.852211,3100,94.7,10.9,-64
47.35559,-122.852009,3100,94.3,4.9,0
47.356754,-122.852079,3100,93.1,358.1,-64
47.357545,-122.85229,3100,92.2,350.6,-256
47.357731,-122.852361,3000,91.8,348.7,-256
47.358755,-122.852783,3000,91.4,342.2,-384
47.359686,-122.853417,3000,91.7,334.8,-320
47.360596,-122.854202,3000,90.4,327.2,-64
47.361409,-122.855178,3000,88.0,319.6,192
47.361923,-122.856056,3000,84.9,313.1,320
47.362433,-122.857009,3100,82.1,304.1,320
47.362885,-122.858185,3100,79.7,298.5,128
47.363205,-122.859421,3100,78.6,291.7,-128
47.363434,-122.860657,3100,78.6,284.7,-256
47.363504,-122.860953,3000,78.9,282.5,-256
47.363571,-122.862373,3000,79.3,275.1,-256
47.363571,-122.863678,3000,79.1,267.1,-64
47.363457,-122.864826,3000,79.1,260.5,0
47.363271,-122.865812,3000,78.6,255.3,64
47.363022,-122.866768,3000,77.9,245.7,-64
47.362518,-122.868004,3000,78.6,238.5,-128
47.361967,-122.869051,3000,79.8,232.1,-64
47.361409,-122.869967,3000,80.0,227.5,-64
47.360687,-122.870956,3000,80.8,221.0,0
47.359589,-122.872124,3000,81.0,215.5,0
47.358523,-122.873136,3000,81.1,210.4,-64
47.355835,-122.875282,3000,80.5,208.2,0
47.34938,-122.880295,3000,75.6,207.6,0
47.348419,-122.880981,3000,71.1,207.6,0
47.347412,-122.881805,3000,66.2,206.9,64
47.34614,-122.882714,3000,61.3,206.1,-192
47.345348,-122.883207,3000,56.4,205.2,192
47.344299,-122.883934,2900,53.3,203.2,-320
47.343155,-122.884552,2900,50.9,199.5,-192
47.342416,-122.884897,2900,48.1,196.9,192
47.341919,-122.885101,2900,43.2,193.4,0
47.34074,-122.88546,2900,45.7,190.1,-384
47.339905,-122.885651,2900,49.8,190.4,-256
47.337845,-122.886269,2900,54.1,191.7,0
47.336655,-122.886612,2900,58.3,191.9,0
47.335386,-122.88701,2900,63.2,190.9,-192
47.332965,-122.887714,2900,67.5,192.0,64
47.330978,-122.888397,2900,72.0,193.6,64
47.329514,-122.889015,2900,75.6,197.7,64
47.328636,-122.889475,2900,76.2,203.2,0
47.327682,-122.890251,2900,77.4,208.6,64
47.326492,-122.89135,2900,80.2,213.3,64
47.324158,-122.893684,3000,80.7,213.9,384
47.323003,-122.894686,3000,81.0,208.8,384
47.321503,-122.895813,3000,80.5,205.0,384
47.319946,-122.896706,3000,81.3,200.9,64
47.316422,-122.898697,3000,85.8,201.2,0
47.312063,-122.901236,3000,82.5,202.8,128
47.310015,-122.902574,3000,82.9,199.8,128
47.309363,-122.902856,3000,82.2,193.4,192
47.308823,-122.902885,3000,83.2,184.1,256
47.308273,-122.902885,3000,84.2,176.6,256
47.307501,-122.902715,3000,85.1,167.1,192
47.307269,-122.902644,3100,85.4,163.7,128
47.306671,-122.90213,3100,87.7,152.9,128
47.306198,-122.901658,3100,87.9,146.1,128
47.305546,-122.900813,3100,90.5,135.9,128
47.305069,-122.899864,3100,91.4,127.0,128
47.304749,-122.89904,3100,92.7,119.1,64
47.304474,-122.897873,3100,93.6,110.0,0
47.304291,-122.896637,3100,94.7,100.9,-128
47.304199,-122.895538,3100,96.2,93.6,-128
47.304291,-122.894165,3100,98.3,85.3,-192
47.304475,-122.892926,3000,99.5,74.8,-192
47.30452,-122.892586,3100,99.3,73.0,-128
47.304615,-122.892221,3000,99.3,71.2,-128
47.305034,-122.890954,3000,99.8,61.9,-64
47.305639,-122.889827,3000,100.6,52.7,-128
47.306305,-122.888878,3000,100.5,43.4,-192
47.3069,-122.88826,3000,99.8,37.7,-192
47.307501,-122.887785,3000,100.2,28.6,-320
47.308339,-122.887292,3000,100.3,20.4,-384
47.309692,-122.886749,3000,101.9,13.6,-448
47.311935,-122.885925,3000,102.5,17.0,-128
47.317184,-122.883489,3000,99.7,15.7,64
47.323515,-122.881094,3000,95.1,14.6,256
47.3271,-122.879686,3000,90.7,14.0,128
47.329008,-122.879052,3000,86.6,14.0,128
47.330219,-122.878559,3000,82.2,13.4,64
47.33194,-122.87796,3000,78.1,13.3,0
47.333633,-122.877411,3000,74.0,13.3,128
47.334548,-122.877009,3000,69.9,13.2,0
47.335922,-122.876518,3000,65.3,15.1,64
47.337295,-122.875883,3000,61.4,19.0,-256
47.339447,-122.874664,2900,61.1,21.1,-384
47.341065,-122.87377,2900,64.5,23.8,-128
47.344091,-122.871587,2900,66.2,25.0,-192
47.345441,-122.870601,2900,68.0,28.1,64
47.347824,-122.86869,2900,66.6,25.8,64
47.349792,-122.867455,2900,66.3,23.1,64
47.351819,-122.866023,2900,66.6,25.8,128
47.35289,-122.865248,3000,68.0,26.2,128
47.355011,-122.863678,3000,68.5,28.8,128
47.359035,-122.86046,3000,68.9,27.7,64
47.361595,-122.858628,3000,65.7,26.2,64
47.3638,-122.857086,3000,68.0,24.3,0
47.367462,-122.854683,3000,68.9,25.8,64
47.371697,-122.851586,3100,68.5,25.1,64
47.372907,-122.850882,3100,72.6,22.7,-192
47.373466,-122.8506,3000,75.0,21.1,-512
47.374024,-122.850248,3000,79.7,19.8,-384
47.374649,-122.849945,3000,83.5,18.9,-448
47.375514,-122.849544,3000,87.6,18.6,-320
47.376631,-122.84898,3000,92.0,19.0,-320
47.377899,-122.848297,3000,96.8,19.9,-256
47.379639,-122.847336,3000,100.7,21.0,-128
47.382404,-122.845741,3000,105.5,21.7,-192
47.389755,-122.841431,3000,101.0,21.5,0
47.392868,-122.839783,3000,99.6,19.3,-128
47.395477,-122.838409,2900,99.6,19.3,0
47.39653,-122.837929,3000,97.3,14.9,256
47.397583,-122.837654,3000,93.9,8.0,320
47.398325,-122.837642,3000,91.0,0.6,256
47.399094,-122.837791,3000,88.1,350.9,192
47.399689,-122.838066,3000,85.4,341.6,128
47.40033,-122.838547,3000,82.3,332.5,-64
47.400792,-122.83898,3000,81.0,324.5,-128
47.401164,-122.839614,3000,79.9,315.5,-192
47.40152,-122.840263,3000,78.6,306.7,-192
47.401886,-122.841225,3000,77.4,296.9,-128
47.402049,-122.841938,3000,76.6,289.9,-64
47.402142,-122.842642,3000,75.7,282.2,0
47.402189,-122.843487,3000,74.2,274.6,64
47.402142,-122.844262,3000,73.1,266.9,192
47.402023,-122.845001,3000,72.4,258.9,256
47.401886,-122.845757,3000,71.5,252.1,192
47.401611,-122.846581,3000,70.3,245.6,192
47.401245,-122.847404,3000,70.2,237.2,0
47.400652,-122.848558,3000,71.1,230.7,64
47.400047,-122.849403,3000,71.4,224.4,192
47.399582,-122.849966,3000,71.0,215.3,192
47.398976,-122.85053,3000,71.2,209.4,192
47.398371,-122.850882,3000,72.8,200.9,128
47.39758,-122.851234,3000,74.0,193.3,-128
47.396183,-122.851516,3000,75.8,188.3,-64
47.393856,-122.852149,3000,73.4,191.0,256
47.387432,-122.854051,3000,70.2,190.7,-256
47.385895,-122.854544,3000,65.3,191.5,192
47.385057,-122.854755,3000,61.2,191.3,64
47.384171,-122.855026,3000,57.3,192.1,192
47.382311,-122.85553,3000,54.7,189.5,-384
47.381332,-122.855713,2900,50.4,186.8,64
47.379227,-122.856125,2900,48.2,184.8,-64
47.377029,-122.8564,2900,50.4,186.8,-64
47.375198,-122.856812,2900,49.7,189.3,0
47.373825,-122.857086,2900,50.4,186.8,128
47.371307,-122.857498,3000,52.5,187.7,448
47.36911,-122.85791,3000,50.3,185.7,64
47.367828,-122.858047,3000,55.2,185.2,-64
47.365924,-122.858417,3000,52.5,187.7,448
47.364487,-122.858665,3000,48.2,184.8,-128
47.360138,-122.859146,3000,51.2,185.6,-192
47.357803,-122.859558,3000,53.5,187.5,192
47.355729,-122.860037,3000,57.9,189.9,256
47.354919,-122.860245,3100,56.9,190.1,384
47.35405,-122.860451,3100,61.0,190.4,-128
47.352797,-122.860812,3100,65.3,191.5,-64
47.352191,-122.861023,3000,69.6,192.4,-320
47.352036,-122.861069,3100,70.6,192.3,-320
47.351212,-122.861343,3000,74.0,193.3,-320
47.349305,-122.862079,3000,78.9,195.4,128
47.34787,-122.862717,3100,80.4,196.6,128
47.344299,-122.864296,3100,84.8,197.1,0
47.341736,-122.865463,3100,88.1,195.1,-64
47.336472,-122.867455,3000,87.1,195.3,-192
47.329056,-122.870544,3000,84.2,195.9,0
47.323515,-122.872784,3000,83.7,194.5,-192
47.318436,-122.874664,3000,83.2,193.2,64
47.314298,-122.875883,3000,80.6,191.4,0
47.307175,-122.878066,3000,80.8,192.1,-64
47.303265,-122.879263,3000,77.3,190.4,256
47.297562,-122.880638,3000,78.1,189.6,0
47.290604,-122.882217,3000,77.1,189.7,128
47.287262,-122.883179,3000,77.5,191.2,-64
47.281723,-122.884758,3000,76.3,190.6,256
47.280533,-122.885101,3100,75.1,190.0,256
47.27774,-122.885651,3100,76.7,187.5,-64
47.273379,-122.886517,3100,79.8,187.9,0
47.272659,-122.886475,3100,79.0,179.3,384
47.272064,-122.886406,3100,77.8,171.9,448
47.271561,-122.8862,3100,78.3,166.0,384
47.270911,-122.885813,3100,78.4,156.7,128
47.27026,-122.885249,3100,80.3,149.3,0
47.269684,-122.884552,3100,82.3,139.9,-128
47.269142,-122.88377,3100,85.0,132.1,-192
47.268677,-122.882784,3100,86.8,125.2,-192
47.268173,-122.881393,3100,88.2,119.2,-192
47.267853,-122.880295,3100,90.8,110.6,-64
47.26756,-122.878488,3100,91.7,103.9,64
47.267487,-122.877136,3100,92.4,95.6,0
47.267466,-122.875883,3100,95.0,90.0,-384
47.26756,-122.874333,3100,96.6,83.5,-448
47.267761,-122.872948,3000,98.1,78.2,-320
47.268036,-122.871574,3000,99.0,71.8,-192
47.268304,-122.87053,3100,99.5,67.6,-128
47.268491,-122.869967,3000,99.8,65.8,-128
47.269003,-122.868558,3000,98.6,59.5,-64
47.269608,-122.867361,3000,98.0,53.7,0
47.27012,-122.866516,3000,96.9,46.2,-128
47.271149,-122.865189,3000,97.1,41.2,-192
47.272888,-122.863197,3000,97.0,37.5,0
47.274765,-122.861206,3000,96.5,34.0,-64
47.281153,-122.855107,3000,99.0,33.0,-64
47.283737,-122.852829,3000,98.6,30.5,-128
47.28646,-122.8506,3000,96.2,27.9,256
47.288787,-122.84898,3000,92.6,24.9,192
47.291245,-122.847473,3000,92.9,22.1,-64
47.294094,-122.845882,3000,93.3,19.4,192
47.301962,-122.841726,3000,88.9,19.0,192
47.303192,-122.841087,3000,84.8,19.3,0
47.304708,-122.840318,3000,80.3,18.9,128
47.306058,-122.839684,3000,75.6,17.7,64
47.308273,-122.838684,3000,71.5,20.5,-256
47.310104,-122.837585,3000,67.4,20.9,64
47.311249,-122.837036,3000,63.0,20.5,-64
47.312759,-122.836143,2900,64.8,19.8,-832
47.313739,-122.83567,2900,69.6,18.4,-768
47.314996,-122.835036,2800,71.8,18.7,-512
47.315964,-122.834564,2800,69.6,18.4,-192
47.316284,-122.834427,2800,64.8,19.8,64
47.316833,-122.834084,2800,60.2,21.5,128
47.318115,-122.833346,2800,64.3,21.0,-384
47.318893,-122.832916,2800,68.7,21.3,-256
47.319698,-122.832501,2800,72.5,20.2,-192
47.320679,-122.831955,2800,76.8,18.2,0
47.32277,-122.831022,2800,81.6,17.1,128
47.324387,-122.830238,2900,83.2,18.2,448
47.327225,-122.828796,3000,78.8,20.0,960
47.329651,-122.827354,3000,78.0,22.6,0
47.330429,-122.826874,3000,82.5,22.8,-320
47.331345,-122.826324,3000,86.5,22.4,-256
47.33264,-122.825529,3000,91.4,23.2,-64
47.335648,-122.823578,3100,96.3,23.9,320
47.340134,-122.820557,3100,101.1,24.5,-192
47.342422,-122.819115,3100,105.3,22.9,-256
47.34668,-122.816437,3100,103.4,24.6,128
47.348328,-122.815247,3100,99.3,26.3,192
47.3535,-122.811356,3000,97.9,26.0,-256
47.356614,-122.80926,3000,98.5,24.0,128
47.357266,-122.808838,3100,98.1,23.4,192
47.358948,-122.807854,3100,95.1,22.2,704
47.36639,-122.803415,3100,95.5,22.8,-128
47.368607,-122.80188,3100,96.6,25.8,-256
47.371628,-122.799683,3100,95.3,28.2,-192
47.372543,-122.79879,3100,96.0,35.7,-128
47.373184,-122.797897,3100,95.7,41.2,-128
47.373838,-122.796866,3100,95.9,50.5,-64
47.374466,-122.795494,3100,95.4,57.0,-192
47.374816,-122.794401,3000,95.3,63.2,-256
47.375142,-122.793133,3000,95.5,70.4,-320
47.375374,-122.791865,3000,95.1,77.9,-384
47.375421,-122.790668,3000,94.7,79.1,-384
47.375421,-122.789612,3000,95.0,91.2,-448
47.37529,-122.788353,3000,94.8,97.3,-448
47.375049,-122.787006,3000,94.4,105.4,-256
47.374723,-122.785668,3000,94.3,111.1,-128
47.374304,-122.784471,3000,93.1,118.2,-64
47.373779,-122.78334,3000,91.8,125.2,0
47.37323,-122.782448,3000,89.1,134.1,0
47.372635,-122.781693,3000,87.5,141.0,0
47.371948,-122.781006,3000,85.2,148.9,64
47.371124,-122.780457,3000,83.3,155.9,128
47.370346,-122.780113,3000,80.5,165.6,192
47.369602,-122.779964,3000,78.3,174.9,128
47.368904,-122.779964,3000,77.0,181.5,128
47.368057,-122.780182,3000,75.0,189.2,0
47.36705,-122.780525,3000,75.7,195.3,-192
47.365814,-122.781143,3000,75.3,199.4,0
47.363663,-122.782448,3000,73.5,202.4,256
47.361269,-122.784048,3000,71.6,204.8,192
47.357033,-122.786936,3100,70.3,204.4,256
47.356888,-122.787048,3000,70.3,204.4,192
47.35675,-122.787186,3100,69.9,203.6,256
47.355698,-122.787735,3100,69.9,199.2,320
47.353134,-122.788902,3100,74.3,197.2,-192
47.350479,-122.790207,3100,75.3,199.4,256
47.348421,-122.791372,3100,75.4,201.8,-64
47.346372,-122.79264,3100,77.0,204.6,-192
47.343253,-122.794894,3100,78.3,206.6,0
47.340088,-122.797147,3100,80.5,205.0,-128
47.33876,-122.798035,3100,81.3,200.9,-192
47.337295,-122.798697,3000,83.5,196.7,-384
47.331253,-122.801468,3000,81.9,197.8,-192
47.329834,-122.802155,3000,77.8,198.0,-64
47.328589,-122.802711,3000,73.1,199.2,-256
47.327179,-122.803528,3000,69.1,202.1,-256
47.326767,-122.803802,2900,68.5,203.2,-128
47.32547,-122.804612,2900,63.6,204.1,128
47.324112,-122.805588,2900,58.6,205.2,0
47.321746,-122.807289,2900,53.7,206.6,-256
47.319791,-122.808767,2900,49.2,206.6,64
47.318674,-122.809542,2800,45.2,207.7,-704
47.317474,-122.810532,2800,49.7,210.2,-640
47.316532,-122.811373,2700,53.3,210.4,-576
47.315881,-122.812007,2700,50.8,212.1,-128
47.315689,-122.81218,2700,48.0,211.4,-64
47.315414,-122.812386,2700,43.1,210.7,128
47.313904,-122.81369,2700,47.5,210.3,-128
47.312901,-122.814472,2700,51.9,207.6,64
47.31221,-122.814995,2700,56.4,205.2,-128
47.311039,-122.81581,2700,61.3,206.1,192
47.30941,-122.817007,2700,65.8,208.1,384
47.308411,-122.817879,2800,65.4,209.3,448
47.306431,-122.819543,2800,69.1,211.4,448
47.305023,-122.8209,2900,65.5,214.4,768
47.303451,-122.822641,2900,63.6,216.7,512
47.301315,-122.825089,3000,68.4,217.9,192
47.299681,-122.826937,3000,72.4,215.4,192
47.298843,-122.827698,3000,73.9,210.0,256
47.297632,-122.828557,3000,75.2,205.2,320
47.29541,-122.829964,3000,78.9,202.3,-256
47.293945,-122.830788,3000,83.6,201.0,-320
47.292046,-122.831867,3000,87.7,200.7,-320
47.28902,-122.833628,3000,85.6,202.7,128
47.286646,-122.835177,3000,81.7,201.5,256
47.285948,-122.835529,3000,80.1,195.9,320
47.285063,-122.83574,3000,79.8,187.9,256
47.284241,-122.835732,3000,79.0,179.3,128
47.283434,-122.835599,3000,79.9,171.4,0
47.282829,-122.835318,3000,81.0,164.2,-64
47.28213,-122.834895,3000,82.9,156.5,-192
47.281479,-122.834261,3000,84.1,147.6,-256
47.280873,-122.833557,3000,85.6,142.6,-192
47.280408,-122.832853,3000,87.7,133.1,-64
47.279942,-122.831867,3000,88.8,123.5,64
47.279477,-122.830529,3000,89.4,116.6,128
47.27916,-122.829346,3000,89.5,110.3,64
47.278931,-122.827904,3000,90.0,102.2,0
47.278793,-122.826668,3000,90.7,97.0,-64
47.278732,-122.825036,3000,92.0,90.6,-128
47.278872,-122.823205,3000,93.5,83.9,-128
47.279151,-122.820951,3000,94.7,79.1,-256
47.27971,-122.816092,3000,96.0,81.6,-128
47.280304,-122.810875,3000,95.5,79.8,-64
47.281036,-122.806,3000,95.3,77.3,128
47.282227,-122.798309,3000,92.7,76.3,-64
47.283294,-122.792499,3000,94.4,74.6,-128
47.284332,-122.786568,3000,95.6,76.7,64
47.28479,-122.783409,3000,94.5,79.6,64
47.284973,-122.781075,3000,94.3,85.1,64
47.28497,-122.77933,3000,94.0,91.2,-64
47.284836,-122.777435,3000,94.6,96.7,-128
47.284598,-122.775597,3000,94.2,102.3,0
47.284272,-122.774189,3000,94.0,106.7,0
47.283853,-122.77271,3000,93.1,114.1,64
47.283201,-122.770949,3000,92.8,120.4,64
47.28241,-122.769329,3000,92.2,126.6,-128
47.281618,-122.767991,3000,92.0,132.4,-64
47.28092,-122.767005,3000,90.8,139.5,-64
47.280167,-122.766174,2900,90.2,144.0,-128
47.279984,-122.766037,3000,90.7,145.8,-64
47.279756,-122.765808,2900,90.7,145.8,-64
47.278779,-122.765033,2900,89.5,152.0,-192
47.277603,-122.764252,2900,89.3,158.3,-192
47.276367,-122.763702,2900,88.9,163.0,0
47.275054,-122.763273,2900,86.7,168.7,64
47.273987,-122.763016,2900,86.5,174.0,0
47.273026,-122.763016,2900,85.0,180.0,-64
47.272029,-122.763132,2900,85.4,185.4,-128
47.271097,-122.763484,2900,85.4,193.6,-128
47.270096,-122.763977,2900,84.2,200.2,128
47.269422,-122.7644,2900,82.8,205.0,320
47.268584,-122.765104,2900,79.9,211.7,448
47.268173,-122.765488,3000,79.6,212.7,448
47.267349,-122.766449,3000,76.8,218.7,192
47.266582,-122.767428,3000,77.1,225.5,-64
47.265793,-122.768852,3000,78.2,231.2,-192
47.265289,-122.769951,3000,78.5,235.9,-192
47.264832,-122.771187,3000,79.2,242.1,-192
47.26474,-122.771393,2900,79.2,243.8,-192
47.264254,-122.773132,2900,80.1,249.5,-128
47.264022,-122.77433,2900,81.0,257.2,-128
47.263928,-122.775738,2900,81.4,264.4,-64
47.263882,-122.777217,2900,81.0,271.4,64
47.264022,-122.778344,3000,81.1,279.2,128
47.264254,-122.779611,3000,81.3,286.4,128
47.26442,-122.780388,2900,82.6,291.3,64
47.264786,-122.781418,2900,82.9,299.7,-64
47.265335,-122.782516,2900,84.4,306.3,-128
47.265884,-122.783414,2900,84.9,314.0,-192
47.266582,-122.784189,2900,87.0,322.5,-256
47.267234,-122.784823,2900,89.2,329.7,-320
47.268025,-122.785316,2900,90.0,335.7,-320
47.269089,-122.785744,2900,92.1,342.9,-320
47.270142,-122.786018,2900,95.2,350.9,-320
47.271097,-122.786091,2900,97.0,358.8,-320
47.271982,-122.78595,2900,97.4,5.3,-64
47.272934,-122.785675,2900,97.7,13.6,64
47.273751,-122.785245,2900,97.4,19.2,-192
47.274496,-122.784682,2900,98.0,27.4,-256
47.274729,-122.784471,2800,97.8,30.8,-256
47.275635,-122.783478,2800,97.5,38.8,-128
47.276218,-122.782569,2800,97.6,45.8,-192
47.276825,-122.781487,2800,97.7,55.0,-256
47.277237,-122.780251,2800,97.0,63.7,-320
47.277466,-122.779221,2800,98.1,69.7,-448
47.277649,-122.777985,2800,98.3,77.7,-576
47.277708,-122.777006,2800,99.1,87.1,-640
47.277649,-122.775238,2800,100.2,94.0,-640
47.277429,-122.773414,2700,101.1,98.5,-640
47.276962,-122.769882,2700,100.0,101.5,-64
47.276265,-122.765597,2700,97.0,104.3,-448
47.276001,-122.764114,2600,96.6,105.6,-512
47.273849,-122.753677,2500,92.7,106.3,-256
47.27243,-122.746742,2500,94.6,107.9,-320
47.271881,-122.74427,2400,96.1,108.8,-256
47.271103,-122.7407,2400,99.3,107.0,-768
47.270599,-122.738022,2300,102.9,105.8,-640
47.269638,-122.732529,2300,103.8,103.4,-576
47.269235,-122.730103,2200,103.8,103.4,-384
47.268211,-122.723623,2100,102.6,102.9,-640
47.267466,-122.719398,2100,98.2,104.7,-256
47.266525,-122.714264,2000,96.6,105.6,-576
47.265884,-122.710806,2000,96.3,102.6,-448
47.265656,-122.708084,2000,97.0,98.3,-384
47.265511,-122.706369,1900,96.6,96.5,-512
47.26472,-122.697425,1800,97.6,96.5,-512
47.263962,-122.688927,1700,97.7,97.1,-576
47.263556,-122.683622,1700,99.4,95.2,-640
47.263504,-122.682198,1600,99.3,94.6,-448
47.263,-122.673889,1500,98.4,95.2,-512
47.262589,-122.666473,1400,98.5,95.8,-512
47.261973,-122.658903,1300,98.6,96.4,-640
47.261627,-122.653427,1300,98.3,94.1,-192
47.261444,-122.647797,1300,97.0,91.8,64
47.261275,-122.640592,1300,97.2,93.5,-192
47.260856,-122.632423,1300,98.3,94.7,-64
47.260254,-122.621155,1300,95.2,93.6,64
47.260208,-122.618271,1300,96.0,90.0,64
47.260297,-122.615802,1300,96.3,85.8,-64
47.260484,-122.614042,1300,95.4,80.3,64
47.260809,-122.612281,1300,95.9,73.6,0
47.261215,-122.610649,1300,96.0,68.0,-128
47.26174,-122.609112,1300,97.6,60.5,-320
47.262346,-122.607774,1300,98.2,54.5,-256
47.263229,-122.606186,1300,98.6,49.5,-64
47.264236,-122.604675,1300,98.3,44.6,64
47.265232,-122.603408,1300,96.0,38.7,192
47.266159,-122.602478,1300,94.3,32.0,128
47.26712,-122.601791,1300,93.9,25.2,128
47.268304,-122.601154,1300,93.6,18.0,192
47.271332,-122.600006,1300,94.4,15.4,128
47.275054,-122.598619,1300,91.4,13.3,128
47.279803,-122.597069,1300,88.8,11.7,-128
47.281944,-122.596436,1300,84.2,13.1,-128
47.284103,-122.595749,1300,81.2,9.9,-320
47.285761,-122.595379,1200,78.9,8.8,-384
47.29037,-122.594252,1200,76.7,7.5,-128
47.291394,-122.594112,1100,78.2,4.4,-128
47.294128,-122.593895,1100,81.4,5.6,-128
47.295364,-122.593552,1100,81.6,11.3,-128
47.298706,-122.592453,1100,83.0,12.5,-192
47.301403,-122.591576,1100,81.2,9.9,-64
47.304016,-122.591011,1100,79.6,7.2,-64
47.304941,-122.590872,1000,79.3,5.1,-64
47.306992,-122.59053,1000,81.6,7.0,-64
47.30864,-122.590118,1000,80.6,11.4,-64
47.310654,-122.589638,1000,79.9,8.6,-64
47.312389,-122.589393,1000,81.2,4.2,-64
47.314438,-122.589041,1000,82.7,7.6,-64
47.315415,-122.58883,1100,83.0,9.0,-64
47.316742,-122.58847,1100,82.2,13.4,192
47.317612,-122.58799,1100,81.7,21.5,448
47.31839,-122.587372,1100,81.0,27.2,192
47.318893,-122.586891,1100,79.6,32.7,-192
47.319489,-122.586205,1100,79.7,38.9,-448
47.319884,-122.58559,1000,79.2,44.0,-576
47.320496,-122.584557,1000,80.4,51.6,-384
47.320908,-122.583548,1000,79.9,58.3,-384
47.321228,-122.582703,1000,79.6,63.1,-384
47.321457,-122.581673,1000,79.1,71.6,-384
47.321594,-122.580574,1000,77.9,81.1,-384
47.32164,-122.579544,1000,77.0,88.5,-384
47.321548,-122.578514,1000,77.4,95.9,-384
47.321327,-122.576787,1000,76.5,101.3,-384
47.321095,-122.575378,900,76.5,107.5,-384
47.320633,-122.573708,900,76.2,113.2,-384
47.320267,-122.572815,900,76.1,118.2,-384
47.319992,-122.572128,900,74.2,127.3,-384
47.319558,-122.571435,900,72.8,135.6,-384
47.319046,-122.570871,900,71.6,144.1,-384
47.318665,-122.57048,900,71.2,150.6,-384
47.318161,-122.570206,900,69.9,160.8,-384
47.317464,-122.569956,900,69.4,168.4,-192
47.316513,-122.569794,900,69.3,175.0,-384
47.315094,-122.569794,800,69.0,179.2,-384
47.313739,-122.569815,800,71.2,184.0,-192
47.31197,-122.570167,800,69.6,187.4,-192
47.30941,-122.57066,800,67.9,189.3,0
47.306168,-122.571442,800,63.6,188.1,64
47.30397,-122.571785,800,62.3,185.5,0
47.301315,-122.572197,800,60.5,187.6,128
47.299942,-122.572472,900,61.8,189.3,0
47.298889,-122.572702,800,63.5,187.2,-256
47.293396,-122.573639,800,65.4,186.1,-192
47.289413,-122.574326,700,62.3,185.5,-448
47.286274,-122.574815,700,62.4,186.4,-512
47.284365,-122.575167,600,62.5,187.4,-320
47.282549,-122.575449,500,60.2,184.8,-832
47.281082,-122.575699,500,58.4,186.9,-512
47.280212,-122.575905,400,57.6,188.0,-512
47.277149,-122.576505,300,57.4,187.0,-512
47.27417,-122.576998,200,55.3,186.2,-512
47.272751,-122.577278,200,48.3,185.9,-512
47.272476,-122.577347,200,41.3,186.9,-512
47.272261,-122.57735,200,37.2,186.2,0
47.272075,-122.577421,200,35.2,186.5,0
47.269282,-122.577914,300,24.2,187.1,0
47.271103,-122.577621,300,56.3,186.1,384
47.268816,-122.577843,300,60.2,184.8,512
47.267606,-122.577984,400,61.2,184.7,384
47.264161,-122.578407,400,66.1,183.5,448
47.263504,-122.578445,500,67.1,183.4,448
47.261948,-122.578651,500,69.5,186.6,320
47.259832,-122.579041,600,70.6,187.3,640
47.257507,-122.579544,600,70.9,188.9,448
47.256434,-122.579815,700,71.6,192.1,512
47.253937,-122.580711,800,69.9,193.2,704
47.251831,-122.581535,800,68.4,195.3,576
47.250708,-122.582069,900,68.3,197.9,576
47.248489,-122.583183,900,69.3,200.3,384
47.247253,-122.583939,900,73.5,202.4,128
47.245913,-122.584815,1000,76.5,207.2,256
47.244873,-122.585724,1000,76.9,212.2,576
47.244051,-122.586717,1000,76.2,218.1,768
47.243678,-122.58728,1000,73.6,227.2,896
47.243271,-122.588058,1100,72.2,233.4,768
47.242905,-122.58902,1100,71.6,241.6,896
47.24263,-122.589912,1100,70.2,250.0,704
47.242468,-122.590872,1100,70.4,258.5,704
47.242447,-122.591217,1200,70.4,258.5,704
47.242421,-122.592069,1200,70.0,268.4,576
47.242514,-122.593266,1200,70.6,277.3,640
47.242608,-122.594041,1200,70.6,282.3,640
47.242905,-122.595337,1200,70.8,289.0,640
47.243088,-122.596024,1300,71.5,290.5,640
47.243725,-122.598126,1300,72.1,293.7,576
47.244736,-122.601311,1400,74.7,296.2,512
47.246292,-122.60598,1400,77.9,294.3,192
47.24675,-122.607559,1500,79.2,294.6,576
47.248008,-122.611647,1600,76.5,295.6,640
47.249451,-122.616142,1700,76.6,293.9,576
47.251127,-122.621718,1700,76.5,295.6,384
47.25119,-122.62191,1800,76.5,295.6,448
47.252802,-122.626507,1800,77.8,297.5,448
47.253799,-122.629532,1900,77.4,295.2,384
47.254852,-122.632828,1900,80.1,297.5,384
47.256042,-122.635849,2000,80.1,299.1,512
47.25705,-122.638733,2000,80.1,295.9,384
47.258148,-122.642097,2100,80.1,295.9,512
47.2603,-122.648483,2100,83.2,297.2,512
47.261322,-122.651226,2200,83.4,300.3,512
47.262346,-122.653621,2200,82.4,303.1,512
47.263975,-122.657072,2300,81.3,304.5,448
47.266068,-122.661736,2300,81.0,302.9,448
47.266442,-122.662635,2400,81.3,301.9,512
47.268258,-122.667072,2400,85.6,300.2,-192
47.269043,-122.669014,2400,90.1,300.0,-128
47.270818,-122.673551,2500,89.2,300.3,448
47.274496,-122.682706,2500,94.2,300.6,0
47.277149,-122.689115,2500,97.9,302.1,0
47.27861,-122.69236,2500,96.8,305.3,-192
47.280167,-122.695312,2400,96.8,308.3,-128
47.282913,-122.700256,2400,94.4,310.3,-256
47.286209,-122.705887,2400,92.8,311.9,128
47.290091,-122.712144,2400,89.3,311.4,128
47.290929,-122.713693,2400,87.0,307.5,320
47.291061,-122.713989,2500,86.0,305.5,384
47.292023,-122.716118,2500,84.4,301.4,0
47.293536,-122.720173,2500,84.6,299.0,0
47.296981,-122.729046,2500,86.4,298.4,-192
47.298203,-122.73246,2400,89.4,296.6,-448
47.29985,-122.737335,2400,93.9,296.6,-704
47.300171,-122.738159,2300,95.3,295.5,-704
47.301498,-122.742691,2300,94.5,293.0,-320
47.303055,-122.74791,2300,90.4,294.9,-128
47.303358,-122.748976,2200,89.5,295.1,-128
47.303467,-122.749283,2300,89.0,296.0,-128
47.303833,-122.750313,2200,88.1,296.3,-256
47.305779,-122.75616,2200,91.7,298.0,-256
47.307358,-122.760201,2100,94.0,299.3,-384
47.310853,-122.769259,2100,90.1,300.0,-384
47.311179,-122.770034,2000,91.1,301.1,-384
47.312762,-122.774048,2100,87.0,300.4,384
47.314728,-122.778946,2200,82.2,301.6,704
47.316579,-122.783414,2200,80.6,299.7,320
47.317291,-122.785332,2300,80.5,298.2,512
47.319077,-122.790138,2300,79.8,300.1,640
47.319168,-122.790344,2400,79.4,301.1,640
47.320722,-122.79433,2400,79.3,299.5,320
47.322072,-122.797922,2500,80.5,298.2,256
47.323143,-122.80095,2500,85.0,296.6,-64
47.325796,-122.808486,2500,89.0,297.4,320
47.327408,-122.812935,2600,91.8,299.4,320
47.330841,-122.821587,2600,91.4,300.2,-64
47.332077,-122.824402,2600,90.4,302.8,-64
47.334362,-122.829402,2500,89.3,304.0,-256
47.336929,-122.834908,2500,93.5,304.5,-448
47.338806,-122.83889,2500,94.4,306.4,-192
47.342043,-122.845389,2400,94.6,305.5,-192
47.344976,-122.851586,2400,95.1,303.9,-64
47.347366,-122.856674,2400,93.2,305.4,-128
47.3508,-122.863472,2400,93.0,306.2,448
47.352052,-122.865741,2400,91.6,310.1,320
47.353402,-122.868206,2400,91.2,307.9,128
47.354054,-122.869685,2400,90.2,301.4,192
47.354519,-122.871023,2400,88.6,294.0,-64
47.354782,-122.872192,2400,88.2,287.8,-320
47.354985,-122.873699,2400,87.5,280.5,-256
47.355057,-122.875076,2400,86.1,272.7,64
47.355031,-122.876094,2400,84.2,265.9,64
47.354919,-122.877068,2400,83.2,260.3,-64
47.354691,-122.87796,2400,82.2,251.6,-128
47.35437,-122.878922,2400,81.8,243.1,-192
47.353914,-122.879897,2400,81.4,233.0,-256
47.353409,-122.880707,2400,81.3,224.5,-128
47.352797,-122.881376,2400,80.8,216.4,0
47.352173,-122.881943,2400,79.7,208.5,128
47.351307,-122.882432,2400,79.5,201.4,192
47.349609,-122.883247,2400,76.5,197.5,128
47.346838,-122.884475,2400,77.2,196.6,384
47.344299,-122.885376,2400,74.2,194.0,128
47.342422,-122.886063,2500,74.0,193.3,192
47.339948,-122.88701,2500,73.8,195.7,0
47.337112,-122.88826,2500,76.2,196.8,-64
47.336426,-122.888603,2500,76.3,201.5,-64
47.335785,-122.889084,2500,76.9,207.9,-128
47.33519,-122.889702,2500,78.2,215.1,-256
47.334686,-122.890388,2500,79.2,224.0,-192
47.334183,-122.891281,2400,80.4,231.6,-256
47.334091,-122.891418,2500,81.0,234.5,-192
47.33399,-122.891728,2400,81.5,236.5,-256
47.333633,-122.892792,2400,83.2,244.4,-128
47.333405,-122.89389,2400,84.5,253.5,-64
47.333291,-122.894968,2400,85.7,262.6,192
47.333267,-122.895264,2500,85.4,264.6,256
47.333267,-122.895538,2400,85.2,266.0,256
47.333267,-122.895813,2500,85.0,268.6,320
47.333338,-122.89701,2500,85.7,277.4,320
47.333496,-122.898079,2500,85.9,284.9,256
47.333817,-122.899246,2500,86.9,293.0,128
47.334366,-122.90062,2500,87.3,299.5,64
47.338394,-122.910782,2500,85.5,298.7,128
47.342148,-122.920876,2500,82.8,298.1,256
47.343486,-122.924758,2600,81.8,296.9,192
47.344464,-122.927927,2500,81.0,294.0,64
47.345169,-122.930283,2500,76.2,293.2,192
47.345441,-122.931237,2500,73.0,293.4,192
47.345814,-122.932434,2500,68.0,294.3,0
47.346326,-122.934054,2500,63.1,295.4,-64
47.346745,-122.935392,2500,58.6,295.2,64
47.347183,-122.936737,2500,54.1,295.1,-64
47.347504,-122.937698,2500,49.7,295.0,-64
47.347909,-122.939195,2500,46.6,292.7,-192
47.348465,-122.941338,2500,51.3,290.6,0
47.349119,-122.944266,2500,52.8,288.8,-64
47.349838,-122.94738,2500,56.7,290.7,-192
47.351493,-122.953491,2500,54.8,291.4,0
47.351912,-122.9549,2500,54.6,296.1,0
47.352768,-122.95713,2500,53.2,298.0,192
47.353821,-122.960083,2600,54.6,296.1,128
47.354187,-122.961388,2600,58.9,290.9,-320
47.35424,-122.96152,2500,58.9,290.9,-320
47.354416,-122.96228,2500,63.0,290.5,-256
47.354645,-122.963173,2500,67.7,289.0,-256
47.355057,-122.964752,2500,71.9,291.2,-192
47.355683,-122.967154,2500,76.7,292.2,-384
47.35611,-122.968597,2500,81.2,292.5,-64
47.356705,-122.970863,2500,85.8,291.2,0
47.357266,-122.972999,2500,89.9,290.9,64
47.358988,-122.979337,2500,91.9,292.4,-64
47.360338,-122.983915,2500,90.4,294.9,-320
47.360962,-122.985764,2400,88.1,294.8,-128
47.362015,-122.989197,2400,86.0,293.3,128
47.362107,-122.989478,2500,86.2,291.8,192
47.362381,-122.990913,2500,82.5,284.0,256
47.362518,-122.991943,2500,79.8,277.9,256
47.362526,-122.992788,2500,78.0,271.5,192
47.362433,-122.993774,2500,74.5,263.1,192
47.362289,-122.994621,2500,72.5,254.8,320
47.362154,-122.995042,2500,71.6,245.2,384
47.361781,-122.995887,2500,71.3,238.8,192
47.361502,-122.996451,2500,71.7,230.1,0
47.361145,-122.996887,2500,71.6,221.0,0
47.360711,-122.997366,2500,72.1,213.7,-128
47.360245,-122.997648,2500,72.5,204.4,-128
47.359772,-122.997849,2500,74.2,194.0,-128
47.359177,-122.997917,2500,76.3,185.3,-64
47.358662,-122.997859,2500,77.2,176.3,-128
47.357964,-122.997577,2500,79.3,166.1,-128
47.357405,-122.997296,2500,82.8,155.0,-320
47.356707,-122.996662,2500,86.0,144.5,-320
47.356102,-122.995887,2500,88.5,137.3,-256
47.355683,-122.995112,2500,90.1,130.1,64
47.355171,-122.994056,2500,91.3,122.5,128
47.354798,-122.993,2500,92.1,117.1,192
47.354519,-122.991732,2500,94.2,109.2,192
47.354324,-122.99057,2500,94.9,101.6,384
47.35424,-122.989126,2500,95.1,92.4,576
47.354286,-122.987647,2500,95.3,85.2,512
47.354473,-122.98638,2500,96.3,77.4,448
47.354752,-122.985112,2500,98.7,70.5,0
47.355286,-122.983429,2500,99.7,63.2,-192
47.35643,-122.980614,2500,101.4,59.1,64
47.356847,-122.979549,2600,100.5,58.8,192
47.359451,-122.973541,2600,99.9,57.3,192
47.361237,-122.969696,2600,99.6,54.4,0
47.36355,-122.965182,2600,97.0,52.5,-128
47.364621,-122.963139,2600,101.2,52.2,-192
47.365831,-122.960675,2600,102.9,55.7,64
47.367462,-122.956787,2600,104.6,58.3,-256
47.36792,-122.955826,2500,106.0,58.1,-256
47.368252,-122.95497,2600,107.4,57.9,64
47.368973,-122.953423,2500,106.8,56.5,-128
47.36911,-122.953079,2600,107.3,56.0,-64
47.370533,-122.950111,2600,106.2,52.3,384
47.371697,-122.948209,2600,104.8,48.1,256
47.37291,-122.94635,2600,102.6,43.0,-256
47.374008,-122.945045,2600,102.6,37.9,-512
47.374211,-122.944899,2500,103.0,36.3,-512
47.375153,-122.944016,2500,104.3,29.3,-448
47.375977,-122.943466,2500,104.3,24.4,-128
47.376938,-122.942986,2500,103.4,18.6,128
47.37822,-122.942505,2600,103.0,11.2,0
47.378403,-122.942505,2500,102.8,10.6,-64
47.380402,-122.942012,2600,101.8,10.8,640
47.382916,-122.941237,2600,97.1,11.9,832
47.384126,-122.940885,2700,94.9,11.6,768
47.388382,-122.939552,2700,94.4,12.9,192
47.390305,-122.938934,2800,94.8,14.0,704
47.393204,-122.937857,2900,91.0,14.6,384
47.393463,-122.937767,2800,90.7,14.0,384
47.396602,-122.93673,2800,94.9,11.6,192
47.396851,-122.936737,2900,95.9,11.4,256
47.397034,-122.9366,2800,95.9,11.4,256
47.397171,-122.9366,2900,95.9,11.4,256
47.402161,-122.935089,3000,92.8,11.2,640
47.407654,-122.933441,3000,97.7,10.6,64
47.411034,-122.932575,3000,101.8,10.8,128
47.412942,-122.932012,3000,105.9,10.9,-320
47.415921,-122.931096,3000,109.7,12.6,0
47.42486,-122.928138,3000,106.3,11.9,-128
47.431503,-122.926163,3000,103.6,12.8,64
47.433197,-122.925476,3000,103.7,17.4,320
47.435165,-122.924515,3100,100.2,14.4,640
47.436218,-122.924309,3100,95.9,7.8,576
47.436951,-122.92424,3100,93.1,1.9,512
47.437637,-122.924377,3100,90.6,353.7,256
47.438416,-122.924583,3100,89.0,345.0,-128
47.439331,-122.925133,3100,88.4,338.1,-576
47.440063,-122.925751,3100,90.2,328.6,-896
47.44075,-122.926506,3000,90.3,320.8,-832
47.441254,-122.92733,3000,91.3,312.8,-384
47.441666,-122.928223,3000,89.9,302.3,-64
47.442032,-122.929253,3000,88.6,295.4,192
47.442307,-122.930351,3000,84.1,288.0,512
47.442307,-122.930557,3100,83.5,286.7,576
47.44249,-122.931725,3100,79.2,280.2,640
47.442535,-122.932549,3100,77.2,273.7,448
47.44249,-122.933578,3100,74.2,265.4,320
47.442307,-122.934608,3100,73.4,259.0,128
47.442177,-122.935181,3100,72.5,249.8,-256
47.441944,-122.935885,3100,73.8,241.7,-448
47.441525,-122.93673,3100,74.6,234.8,-768
47.441345,-122.937012,3000,75.9,229.8,-768
47.440873,-122.937646,3000,77.9,221.9,-960
47.440247,-122.938248,3000,81.8,212.5,-704
47.439151,-122.939124,3000,84.1,206.9,-192
47.438127,-122.939688,3000,83.6,201.0,128
47.436584,-122.940445,3000,82.6,196.9,128
47.431961,-122.942368,3000,83.0,195.4,-128
47.425511,-122.94497,3000,81.3,196.4,0
47.422578,-122.946308,3000,76.8,198.2,0
47.417737,-122.948632,3000,72.4,197.7,64
47.416718,-122.949165,3000,68.0,197.1,64
47.415968,-122.949477,3000,63.9,197.3,-64
47.414385,-122.950181,2900,59.2,195.7,-384
47.412094,-122.951088,2900,59.7,193.6,-256
47.410475,-122.95159,2800,59.4,192.6,-512
47.40802,-122.952393,2800,57.1,191.1,-256
47.406611,-122.952717,2800,53.5,187.5,0
47.405401,-122.952857,2800,49.3,185.8,-64
47.404423,-122.952998,2800,45.0,182.5,128
47.403585,-122.952998,2800,40.0,178.6,0
47.402481,-122.952942,2700,43.0,178.7,-256
47.40014,-122.952787,2700,47.0,177.6,-192
47.397903,-122.952736,2700,48.0,178.8,-192
47.396576,-122.952805,2700,50.0,181.1,256
47.394562,-122.952873,2800,52.0,178.9,384
47.393157,-122.952717,2800,50.1,176.6,768
47.392456,-122.952667,2800,49.7,170.7,256
47.390808,-122.952118,2800,53.9,169.3,64
47.390085,-122.952012,2800,55.1,175.8,0
47.389114,-122.951981,2800,58.0,181.0,-64
47.387787,-122.952118,2800,59.2,184.8,128
47.38664,-122.952294,2900,57.1,184.0,512
47.385269,-122.952324,2900,55.0,181.0,384
47.381836,-122.952324,3000,50.0,181.1,512
47.381744,-122.952324,2900,50.0,181.1,512
47.381612,-122.952364,3000,50.0,181.1,512
47.379844,-122.952364,3000,48.0,178.8,-64
47.378403,-122.952324,3000,47.0,181.2,256
47.377533,-122.952393,3000,46.2,185.0,128
47.376445,-122.952646,3000,45.5,188.8,0
47.375153,-122.953011,3000,50.0,191.5,-128
47.373326,-122.953632,3000,54.3,192.8,64
47.371743,-122.954125,3000,55.9,190.3,0
47.370393,-122.954407,3000,52.5,187.7,192
47.369509,-122.954477,3000,50.1,183.4,448
47.368103,-122.954659,3000,47.3,186.1,-256
47.366623,-122.9549,3000,47.1,183.6,128
47.36586,-122.954865,3000,46.0,178.8,0
47.365036,-122.954865,3000,47.0,182.4,-320
47.363317,-122.95497,3000,48.0,180.0,64
47.362014,-122.955041,3000,50.1,183.4,0
47.360943,-122.955111,3000,50.0,180.0,64
47.360012,-122.95497,3000,51.2,175.5,-128
47.359035,-122.95497,3000,51.0,180.0,0
47.358336,-122.955041,3000,49.3,185.8,128
47.357266,-122.955181,3000,48.0,182.4,128
47.35556,-122.955276,3000,48.2,184.8,256
47.354324,-122.955414,3000,48.0,182.4,256
47.3535,-122.955414,3000,46.0,178.8,192
47.352722,-122.955345,3000,47.3,173.9,0
47.352219,-122.955208,3000,49.2,167.1,0
47.351807,-122.954933,3000,52.9,157.8,-128
47.35144,-122.954659,3000,55.6,149.7,-256
47.351121,-122.954336,3000,59.2,142.6,-256
47.350841,-122.953843,3000,61.5,135.7,-256
47.350525,-122.953285,3000,66.0,125.1,-256
47.350236,-122.952435,3000,68.5,118.8,-128
47.349957,-122.95159,3000,71.5,110.5,-64
47.349724,-122.950393,3000,72.0,103.7,0
47.349518,-122.948753,3000,72.8,98.7,0
47.349445,-122.947083,3000,73.1,93.1,192
47.349472,-122.945526,3000,74.1,87.7,192
47.349585,-122.944054,3000,73.8,81.4,64
47.349771,-122.942716,3000,73.5,75.0,192
47.350204,-122.941132,3000,73.7,69.3,320
47.350479,-122.940239,3100,72.9,63.1,320
47.350845,-122.939346,3100,71.9,55.2,0
47.3514,-122.93842,3000,72.9,47.8,-128
47.351898,-122.937836,3100,72.5,39.4,-128
47.352036,-122.93763,3000,73.4,37.8,-128
47.352145,-122.937505,3100,73.4,37.8,-128
47.35231,-122.937355,3000,72.7,34.3,-192
47.352951,-122.936874,3000,72.9,26.9,-64
47.353912,-122.936256,3100,72.1,23.7,192
47.35405,-122.936188,3000,71.2,24.0,256
47.354193,-122.936026,3100,71.2,24.0,256
47.35817,-122.933441,3100,74.8,22.8,-128
47.358856,-122.933029,3000,74.1,21.4,-192
47.360596,-122.932137,3000,72.7,18.4,128
47.361237,-122.931793,3100,71.2,17.2,320
47.364109,-122.930462,3000,67.4,18.2,-192
47.36625,-122.929547,3000,66.5,15.7,-128
47.367691,-122.929047,3000,64.5,12.5,-64
47.368927,-122.928772,3000,65.6,7.9,-448
47.370117,-122.928429,3000,66.7,13.0,-320
47.371994,-122.927673,2900,68.4,15.3,-192
47.37355,-122.926918,2900,67.7,19.0,-64
47.378906,-122.92424,2900,66.7,19.2,0
47.383575,-122.921768,2900,68.0,19.8,0
47.384964,-122.920884,2900,71.2,24.0,64
47.3865,-122.919828,3000,71.6,26.6,192
47.39069,-122.916659,3000,72.0,25.5,192
47.393157,-122.915039,3000,70.8,23.3,0
47.394507,-122.914335,3000,70.8,19.0,256
47.39859,-122.912292,3000,69.6,18.4,-64
47.400787,-122.911331,3000,69.6,15.8,128
47.402794,-122.910532,3100,67.7,16.3,256
47.403864,-122.909968,3100,66.1,20.4,-128
47.403992,-122.909889,3000,66.5,21.2,-256
47.406239,-122.908701,3000,70.9,21.5,-64
47.407077,-122.908067,3000,72.0,27.3,192
47.407745,-122.907486,3100,72.1,33.7,384
47.40852,-122.906588,3100,71.7,39.9,256
47.409164,-122.905632,3100,69.3,46.2,192
47.409943,-122.904327,3100,69.7,50.8,192
47.410661,-122.902785,3100,69.6,54.9,128
47.410987,-122.90194,3100,70.2,62.0,256
47.411313,-122.900813,3100,69.9,66.4,320
47.411546,-122.899757,3100,70.5,71.8,256
47.411819,-122.898285,3100,70.8,76.9,192
47.411911,-122.897324,3200,70.0,80.1,192
47.412003,-122.896568,3100,68.6,82.5,64
47.412011,-122.896376,3200,69.3,85.0,128
47.412058,-122.894827,3100,69.0,90.0,-320
47.411965,-122.89363,3100,69.5,96.6,-448
47.411636,-122.890457,3100,71.7,98.0,-192
47.411359,-122.888489,3100,70.6,102.3,-64
47.410987,-122.886658,3100,69.9,106.6,-192
47.410446,-122.884209,3000,69.0,109.5,-384
47.41008,-122.882835,3000,68.0,114.3,-256
47.409714,-122.881805,3000,67.7,121.1,-192
47.409073,-122.880501,3000,65.8,126.3,64
47.408432,-122.879333,3000,62.4,131.1,-64
47.407728,-122.878348,3000,59.4,136.4,-64
47.407309,-122.877855,3000,58.9,139.8,-64
47.406751,-122.877291,3000,55.8,147.4,-256
47.406099,-122.876798,3000,55.5,154.4,-384
47.405411,-122.87645,3000,55.4,159.9,-320
47.404702,-122.876164,3000,54.8,165.2,-192
47.403771,-122.875812,3000,53.0,169.1,64
47.40312,-122.875671,3000,50.2,175.4,64
47.402514,-122.875671,3000,48.0,180.0,192
47.402069,-122.875763,3000,46.4,187.4,64
47.401351,-122.875953,3000,46.1,192.5,64
47.399489,-122.876587,3000,47.5,194.6,256
47.397995,-122.877205,3000,44.0,197.2,-64
47.397068,-122.877573,3000,44.2,193.1,-384
47.395904,-122.877995,2900,45.6,195.3,-448
47.394791,-122.87851,2900,49.7,198.8,-256
47.393509,-122.879196,2900,52.6,201.2,192
47.392273,-122.879826,2900,51.6,198.1,320
47.391769,-122.88002,3000,51.0,191.3,256
47.390762,-122.880226,2900,51.5,187.8,0
47.390121,-122.880295,2900,52.0,182.2,-192
47.388565,-122.880363,2900,50.2,184.6,-256
47.388062,-122.880501,2900,50.0,191.5,-320
47.385569,-122.881376,2800,49.2,192.9,-512
47.384499,-122.881658,2800,48.7,189.5,-512
47.383335,-122.881869,2700,50.3,185.7,-512
47.38092,-122.882286,2700,50.4,186.8,-384
47.380096,-122.882492,2700,52.2,192.2,-256
47.379937,-122.882503,2600,51.2,192.4,-448
47.379844,-122.882573,2700,51.2,192.4,-448
47.37975,-122.882643,2600,51.4,193.5,-512
47.37868,-122.882925,2600,53.8,189.6,-576
47.377213,-122.883316,2500,51.0,191.3,-448
47.376251,-122.883591,2500,46.5,188.6,-192
47.373505,-122.884071,2400,48.5,188.3,-448
47.372131,-122.884346,2400,44.4,187.8,256
47.369509,-122.884827,2400,46.5,188.6,-192
47.368103,-122.88517,2400,47.3,186.1,-128
47.366995,-122.88532,2400,47.7,189.7,64
47.365494,-122.885788,2400,47.4,187.3,-320
47.364807,-122.885857,2400,49.0,182.3,-64
47.363159,-122.885994,2400,49.2,184.7,256
47.362015,-122.886131,2500,49.2,184.7,448
47.361374,-122.886269,2500,47.9,190.8,512
47.360897,-122.886517,2500,47.4,198.4,384
47.360138,-122.886955,2500,48.9,202.9,320
47.357895,-122.888397,2500,48.5,201.8,-128
47.355171,-122.890038,2500,44.4,202.5,-64
47.354416,-122.890594,2500,46.1,207.1,64
47.353681,-122.891235,2500,45.8,211.6,0
47.35275,-122.89201,2400,48.8,208.1,-256
47.352631,-122.892105,2500,49.2,206.6,-192
47.352517,-122.892221,2400,49.2,206.6,-192
47.351679,-122.892785,2500,48.8,205.5,128
47.349838,-122.894096,2500,47.4,204.9,128
47.349119,-122.894475,2500,50.0,199.9,-64
47.347321,-122.895332,2500,51.6,198.1,0
47.345535,-122.896088,2500,54.1,196.1,256
47.344464,-122.896517,2500,58.9,194.7,-384
47.343979,-122.896774,2500,63.3,195.6,-320
47.343067,-122.897151,2500,67.7,196.3,-128
47.34181,-122.897644,2500,72.4,197.7,-448
47.341644,-122.897736,2400,73.7,198.2,-384
47.341438,-122.897855,2500,74.0,198.9,-320
47.341298,-122.897926,2400,75.3,199.4,-256
47.341112,-122.898067,2500,75.3,199.4,-256
47.340408,-122.898422,2400,76.9,200.6,-192
47.338552,-122.899546,2500,80.6,203.4,256
47.335479,-122.901588,2500,81.9,205.3,128
47.333267,-122.903297,2500,80.5,208.2,64
47.331665,-122.904602,2500,81.3,211.9,0
47.329147,-122.907005,2500,80.7,213.9,-128
47.327798,-122.90849,2500,79.8,217.9,128
47.326681,-122.909898,2500,78.0,220.8,128
47.32575,-122.911166,2500,76.4,226.1,128
47.322922,-122.915588,2500,75.7,224.5,128
47.321839,-122.917293,2500,72.2,227.2,704
47.320955,-122.918631,2500,69.3,223.8,64
47.320443,-122.919194,2500,68.6,216.7,192
47.320024,-122.919546,2600,68.5,208.8,320
47.319855,-122.919708,2500,68.0,206.2,384
47.319698,-122.919758,2600,68.5,203.2,256
47.319214,-122.919983,2600,68.7,192.6,192
47.318573,-122.920052,2600,70.2,184.1,192
47.317932,-122.919983,2600,73.2,176.1,-256
47.317245,-122.919777,2600,75.5,168.5,-320
47.316626,-122.919476,2600,79.1,161.6,-320
47.316422,-122.919365,2500,79.1,159.3,-320
47.315648,-122.918772,2500,82.3,152.5,-384
47.314857,-122.917997,2500,86.8,144.9,-384
47.314041,-122.916962,2500,89.4,139.5,-320
47.313309,-122.915863,2500,91.3,132.8,-64
47.312714,-122.914764,2500,91.6,126.1,64
47.312157,-122.913349,2500,91.4,120.2,0
47.311551,-122.911588,2500,93.1,114.1,-320
47.3109,-122.909123,2500,95.9,110.1,-576
47.310516,-122.907211,2500,97.5,105.5,-320
47.310333,-122.906113,2400,98.5,102.9,-384
47.309969,-122.902433,2400,103.4,99.5,0
47.309418,-122.89753,2500,106.1,98.1,128
47.309177,-122.89539,2400,104.6,99.9,-128
47.308339,-122.889756,2400,107.3,101.8,-448
47.307315,-122.883418,2400,103.1,104.0,-128
47.30671,-122.879897,2300,103.1,104.0,-448
47.30571,-122.874596,2300,105.4,106.5,-320
47.304662,-122.869897,2300,102.8,109.3,0
47.303312,-122.864615,2300,100.7,111.0,0
47.302334,-122.861164,2200,99.4,113.7,-192
47.299438,-122.852074,2200,95.8,114.7,-128
47.298248,-122.848572,2200,93.9,117.9,-320
47.297772,-122.847149,2100,93.9,117.9,-448
47.294586,-122.838821,2000,98.0,117.3,-384
47.294495,-122.838615,2100,98.0,117.3,-384
47.294141,-122.837501,2000,98.0,117.3,-384
47.292343,-122.832779,2000,96.7,119.7,-384
47.290603,-122.828557,2000,97.9,122.1,-128
47.287949,-122.8225,1900,93.2,123.2,-192
47.284551,-122.815106,1900,93.5,124.5,128
47.282776,-122.811218,1900,90.4,122.8,128
47.281906,-122.809021,1900,91.7,118.0,128
47.281265,-122.806961,1900,93.2,112.7,64
47.28078,-122.804894,1900,95.2,107.1,-64
47.280268,-122.802077,1900,97.5,103.0,-192
47.27957,-122.797077,1900,99.6,100.4,64
47.27836,-122.786302,1900,100.3,99.2,-256
47.277054,-122.775101,1900,95.5,100.2,256
47.27673,-122.772146,2000,96.2,99.0,192
47.276688,-122.771805,1900,96.2,99.0,192
47.276637,-122.771442,2000,96.3,99.6,192
47.275892,-122.766019,2000,97.1,101.9,128
47.274822,-122.758695,2000,97.5,103.0,256
47.274078,-122.754295,2100,95.6,103.3,320
47.273621,-122.75148,2000,94.6,103.4,-128
47.272842,-122.746399,2100,96.9,101.3,128
47.271606,-122.736649,2100,95.5,100.2,-64
47.270966,-122.731499,2000,94.9,101.6,-64
47.270958,-122.731229,2100,94.9,101.6,-64
47.270416,-122.728134,2100,94.4,105.4,64
47.269089,-122.720718,2100,92.7,103.7,0
47.268448,-122.71701,2000,95.6,103.3,-192
47.266861,-122.706862,1900,96.0,104.5,-512
47.26593,-122.701228,1900,98.3,102.3,-512
47.265651,-122.699186,1800,97.7,100.6,-512
47.264813,-122.691791,1700,97.5,100.0,-448
47.264008,-122.685356,1700,93.9,101.7,-512
47.263603,-122.682636,1600,95.3,102.7,-640
47.262543,-122.67643,1600,91.8,101.3,-192
47.261902,-122.670799,1500,91.4,100.1,-320
47.261673,-122.668121,1500,91.4,95.7,-320
47.261601,-122.665382,1500,93.0,91.2,-640
47.261601,-122.663832,1400,94.0,89.4,-576
47.26174,-122.660804,1400,94.3,85.1,-512
47.262159,-122.654677,1300,96.3,85.8,-512
47.262206,-122.651649,1300,96.0,90.0,-576
47.262113,-122.647564,1200,96.1,92.4,-512
47.261856,-122.642303,1200,95.3,94.2,-384
47.261261,-122.631592,1200,91.4,95.0,0
47.260849,-122.625,1200,90.2,93.8,192
47.260803,-122.623146,1200,90.0,88.7,-64
47.260903,-122.621859,1200,89.8,82.3,-64
47.261089,-122.620662,1200,91.0,75.3,-192
47.261461,-122.619253,1200,92.7,69.8,-256
47.262066,-122.617211,1200,94.4,64.2,-64
47.262951,-122.614957,1200,95.5,59.1,-64
47.263779,-122.613052,1100,96.8,54.7,-256
47.265092,-122.610591,1100,98.9,51.2,-256
47.266303,-122.608619,1100,98.3,46.2,64
47.267807,-122.606529,1100,97.0,42.1,128
47.269455,-122.604607,1100,96.2,37.8,256
47.270818,-122.603196,1100,95.4,33.0,-64
47.272354,-122.601858,1100,96.3,29.2,-128
47.273804,-122.60083,1100,97.1,25.0,-64
47.276032,-122.599464,1200,96.9,21.8,128
47.279068,-122.597809,1200,95.2,19.0,192
47.280441,-122.597191,1100,93.6,18.0,0
47.280641,-122.597069,1200,93.6,18.0,0
47.281013,-122.596929,1100,92.3,17.6,-64
47.284644,-122.595238,1100,87.6,16.6,64
47.286301,-122.594444,1100,83.2,20.4,-192
47.288177,-122.593552,1100,80.4,16.6,-384
47.289963,-122.592728,1000,81.9,17.8,-704
47.292114,-122.591629,1000,84.2,20.2,-320
47.293396,-122.590731,1000,82.8,25.0,-256
47.293991,-122.590118,1000,81.8,35.0,-192
47.29454,-122.589363,1000,81.3,44.5,-384
47.29509,-122.58847,900,82.3,49.9,-448
47.295502,-122.587578,900,82.2,58.4,-256
47.29591,-122.586294,900,80.5,65.0,-256
47.296189,-122.585027,900,80.1,74.1,-576
47.296282,-122.584252,900,80.1,80.7,-576
47.29628,-122.583252,900,79.0,90.7,-256
47.296189,-122.582139,900,76.1,99.8,-256
47.295956,-122.58066,800,75.0,103.1,-320
47.295593,-122.578857,800,72.1,106.9,0
47.295319,-122.577621,800,69.5,112.9,-128
47.294998,-122.576797,800,68.1,119.9,-128
47.294606,-122.576012,800,67.6,128.4,-64
47.29422,-122.575493,800,66.6,138.6,-320
47.293722,-122.574956,800,65.8,143.6,-576
47.293213,-122.574532,800,67.1,153.4,-768
47.292605,-122.574252,700,68.0,162.9,-896
47.292114,-122.574188,700,68.9,170.8,-832
47.291336,-122.574051,700,69.0,178.3,-768
47.289998,-122.574181,700,70.1,182.4,-320
47.289858,-122.574181,600,69.1,183.3,-192
47.288361,-122.574394,600,65.5,187.0,-256
47.284691,-122.575026,500,62.3,185.5,-384
47.282181,-122.575493,400,58.4,186.9,-576
47.27916,-122.576042,400,59.5,187.7,-320
47.27742,-122.576385,300,59.4,186.8,-512
47.273666,-122.577072,200,58.4,186.9,-320
47.271927,-122.577415,300,54.5,187.4,0
47.271835,-122.577484,300,54.5,187.4,0
47.271835,-122.577484,300,54.5,187.0,0
