lat,lon,alt,gs,track
48.35225,11.777362,-50.0,2.8,258.8
48.352249,11.777432,-50.0,3.2,253.1
48.35225,11.77747,-50.0,3.2,247.5
48.352249,11.777467,-50.0,3.2,247.5
48.352262,11.777524,-50.0,3.2,241.9
48.352261,11.777555,-50.0,2.8,239.1
48.352261,11.77759,-50.0,2.2,227.8
48.352273,11.777669,-50.0,1.6,205.3
48.352318,11.777731,-50.0,1.4,194.1
48.352329,11.777731,-50.0,1.4,188.4
48.352343,11.777759,-50.0,1.4,180.0
48.352366,11.777759,-50.0,1.4,177.2
48.35239,11.777759,-50.0,0.6,174.4
48.352386,11.777766,-50.0,0.0,174.4
48.35239,11.777759,-50.0,0.0,174.4
48.352386,11.777766,-50.0,0.0,174.4
48.352378,11.777777,-50.0,0.0,174.4
48.352331,11.777777,-50.0,0.0,174.4
48.352215,11.777795,-50.0,4.2,171.6
48.351929,11.777854,-50.0,6.8,171.6
48.351551,11.777925,-50.0,9.2,171.6
48.351121,11.777994,-50.0,11.8,171.6
48.350679,11.778067,-50.0,13.2,171.6
48.350452,11.778101,-50.0,14.2,171.6
48.350155,11.778171,-50.0,14.8,171.6
48.349666,11.778283,-50.0,14.8,168.8
48.349434,11.778347,-50.0,14.2,168.8
48.349038,11.778464,-50.0,13.2,165.9
48.348621,11.778611,-50.0,12.2,165.9
48.348289,11.778735,-50.0,11.8,165.9
48.348025,11.778825,-50.0,11.8,171.6
48.347717,11.778858,-50.0,11.8,174.4
48.347315,11.778934,-50.0,12.8,174.4
48.347042,11.778981,-50.0,11.8,171.6
48.346908,11.77906,-50.0,10.8,154.7
48.346848,11.77914,-50.0,10.8,146.2
48.346757,11.779295,-50.0,10.8,129.4
48.346722,11.779422,-50.0,10.8,118.1
48.34671,11.779545,-50.0,10.8,106.9
48.346699,11.779668,-50.0,10.8,98.4
48.346699,11.779809,-50.0,11.2,90.0
48.346722,11.780072,-50.0,11.8,84.4
48.346767,11.780601,-50.0,13.8,81.6
48.346813,11.781235,-50.0,16.5,81.6
48.346859,11.781869,-50.0,17.5,81.6
48.346905,11.78245,-50.0,19.5,81.6
48.346951,11.783048,-50.0,19.5,81.6
48.347008,11.783717,-50.0,19.5,84.4
48.347141,11.785457,-50.0,19.5,84.4
48.347176,11.785963,-50.0,19.5,84.4
48.347237,11.786728,-50.0,19.5,81.6
48.347257,11.786993,-50.0,19.5,81.6
48.347432,11.789252,-50.0,19.5,84.4
48.347467,11.78974,-50.0,19.5,84.4
48.347513,11.790408,-50.0,19.5,84.4
48.34756,11.790968,-50.0,19.5,84.4
48.347637,11.791887,-50.0,19.5,84.4
48.347694,11.792696,-50.0,19.5,84.4
48.347746,11.793335,-50.0,19.5,84.4
48.347793,11.794004,-50.0,19.5,84.4
48.347843,11.794633,-50.0,18.5,84.4
48.347889,11.795267,-50.0,18.5,84.4
48.347944,11.795937,-50.0,17.5,84.4
48.347967,11.796299,-50.0,17.5,84.4
48.348014,11.796913,-50.0,18.5,84.4
48.34806,11.797564,-50.0,18.5,84.4
48.348107,11.798124,-50.0,18.5,81.6
48.348141,11.798559,-50.0,18.5,81.6
48.3482,11.79928,-50.0,19.5,81.6
48.348305,11.800599,-50.0,19.5,84.4
48.348335,11.800989,-50.0,19.5,84.4
48.348392,11.801764,-50.0,19.5,84.4
48.348433,11.802316,-50.0,15.5,84.4
48.348444,11.802623,-50.0,11.8,87.2
48.348404,11.802979,-50.0,11.8,104.1
48.348358,11.803137,-50.0,11.2,112.5
48.348281,11.803328,-50.0,11.2,118.1
48.348223,11.803472,-50.0,11.2,126.6
48.347683,11.803947,-50.0,11.8,165.9
48.347191,11.804017,-50.0,14.2,174.4
48.346256,11.804177,-50.0,16.5,174.4
48.345886,11.804246,-50.0,16.5,177.2
48.345104,11.804286,-50.0,12.8,180.0
48.344906,11.804267,-50.0,11.2,182.8
48.344825,11.804267,-50.0,9.2,188.4
48.344778,11.804177,-50.0,5.8,208.1
48.344753,11.804105,-50.0,5.2,227.8
48.344753,11.80407,-50.0,5.2,236.2
48.344742,11.803982,-50.0,4.8,253.1
48.344743,11.803834,-50.0,0.0,264.4
48.344743,11.803834,-50.0,0.0,264.4
48.344685,11.803067,-50.0,22.5,264.4
48.344639,11.802461,-50.0,31.5,264.4
48.344193,11.796429,1650,31.5,264.0
48.344033,11.794618,1625,94.6,263.3
48.34394,11.793534,1625,98.6,263.6
48.343781,11.79157,1625,109.7,263.7
48.343369,11.785724,1625,133.8,263.6
48.343231,11.784175,1625,136.8,263.7
48.343102,11.782765,1625,139.8,263.8
48.343002,11.781288,1625,146.0,263.3
48.342728,11.777978,1625,152.1,263.2
48.342497,11.775103,1675,152.1,263.2
48.342451,11.77438,1700,166.2,263.1
48.342316,11.772625,1750,165.2,263.0
48.342087,11.77016,1850,164.2,263.0
48.341892,11.767369,1950,162.2,262.9
48.341706,11.765129,2050,163.2,263.0
48.341427,11.762021,2150,163.4,262.6
48.341147,11.759057,2250,165.3,262.7
48.340961,11.756672,2325,166.3,262.8
48.340714,11.754244,2425,166.5,262.4
48.34053,11.752061,2525,165.5,262.4
48.340347,11.749667,2625,165.5,262.4
48.340123,11.747348,2725,164.5,262.3
48.33989,11.74523,2825,164.6,262.0
48.339471,11.742144,2925,164.9,259.2
48.339052,11.739904,3000,167.4,255.5
48.338075,11.73629,3100,172.2,249.2
48.337143,11.73361,3150,176.8,245.6
48.336259,11.731375,3200,181.6,241.7
48.335095,11.728845,3250,185.9,238.2
48.333699,11.726171,3325,190.8,233.3
48.332382,11.724032,3400,195.3,230.2
48.330963,11.721919,3475,198.8,226.8
48.329636,11.720159,3525,202.3,223.8
48.328171,11.718398,3575,207.0,221.1
48.325745,11.715863,3650,211.8,216.2
48.324388,11.714606,3700,215.8,212.5
48.322449,11.713116,3800,219.3,208.9
48.321037,11.712221,3850,221.8,207.4
48.320059,11.71157,3850,223.2,205.8
48.318558,11.710722,3900,225.6,204.1
48.317033,11.710052,3925,229.8,200.6
48.315811,11.709524,3950,236.0,196.8
48.314193,11.709041,3975,238.7,194.6
48.312927,11.70875,4025,241.4,192.2
48.311783,11.708538,4050,243.6,189.9
48.31073,11.708468,4100,245.1,187.5
48.310237,11.708462,4100,246.1,185.4
48.309128,11.708468,4150,247.5,183.5
48.30749,11.70839,4250,247.2,182.3
48.305907,11.70839,4350,247.1,181.4
48.303486,11.708318,4450,246.0,180.9
48.301849,11.708327,4550,246.0,180.7
48.300613,11.708327,4600,247.0,180.2
48.297684,11.708609,4700,250.2,177.9
48.2952,11.708968,4800,252.0,175.0
48.291641,11.709947,4900,256.5,170.6
48.288986,11.710933,5000,259.1,167.5
48.28656,11.71213,5075,260.2,163.9
48.28418,11.713539,5175,261.9,160.6
48.281234,11.715546,5275,263.4,156.7
48.278137,11.718046,5375,266.1,154.4
48.274933,11.721004,5475,269.1,149.1
48.271365,11.724725,5575,273.5,145.7
48.2677,11.728539,5650,277.1,145.0
48.264359,11.73192,5725,282.1,145.7
48.262711,11.73361,5800,283.7,145.9
48.261063,11.7353,5850,286.5,145.8
48.2601,11.736217,5900,287.1,145.6
48.257904,11.738539,6000,286.3,145.5
48.256189,11.740265,6100,286.3,145.5
48.253967,11.742554,6200,286.3,145.5
48.252372,11.744168,6300,286.3,145.5
48.250259,11.746357,6400,287.1,145.6
48.248089,11.748577,6500,287.6,145.5
48.245956,11.750793,6600,287.6,145.5
48.244125,11.752765,6700,288.2,145.3
48.241758,11.755227,6800,289.6,145.3
48.238907,11.758118,6900,291.0,145.2
48.236637,11.760503,7000,293.2,145.3
48.23172,11.765512,7200,294.9,145.5
48.226442,11.770911,7400,298.2,145.9
48.221786,11.775583,7600,299.0,146.0
48.217667,11.779738,7800,298.4,146.2
48.213501,11.783921,8000,299.5,145.9
48.208985,11.788475,8200,299.5,145.9
48.206406,11.791077,8325,300.4,146.0
48.202515,11.795124,8525,297.9,145.7
48.199396,11.798521,8700,298.0,145.0
48.196649,11.801629,8825,297.8,143.1
48.193856,11.805026,8925,298.8,141.2
48.189651,11.810584,9075,301.2,138.9
48.185616,11.81594,9275,301.9,138.8
48.180682,11.822446,9475,303.2,138.5
48.175421,11.829457,9675,304.6,138.5
48.170952,11.835311,9875,305.9,138.2
48.166437,11.841455,10075,307.3,137.9
48.162277,11.847065,10275,307.3,137.9
48.157928,11.852943,10475,308.0,138.0
48.154147,11.85791,10675,307.4,138.4
48.150467,11.862762,10875,306.8,138.6
48.146118,11.86853,11075,307.5,138.7
48.141632,11.874435,11275,308.8,138.4
48.136505,11.881302,11475,310.9,138.3
48.132128,11.887066,11675,310.9,138.3
48.127379,11.893404,11875,311.7,138.4
48.117045,11.907067,12275,316.7,138.5
48.106477,11.9208,12675,319.7,138.9
48.096497,11.933487,13075,320.7,139.8
48.092232,11.938829,13250,320.9,140.1
48.080383,11.953812,13650,325.6,139.6
48.070999,11.965759,14050,324.9,139.5
48.061935,11.977364,14450,323.3,139.3
48.05278,11.989243,14850,323.2,139.0
48.042934,12.002071,15250,323.9,138.9
48.0336,12.014168,15650,323.9,138.9
48.024033,12.026665,16050,323.9,138.9
48.012634,12.041634,16450,326.0,138.7
48.001735,12.055805,16850,328.1,138.8
47.989792,12.071434,17250,330.3,138.9
47.976791,12.088326,17625,334.5,138.9
47.964111,12.104805,18000,338.1,139.0
47.96049,12.109469,18100,338.9,139.1
47.958069,12.112633,18150,340.3,139.1
47.956146,12.115105,18175,341.7,139.0
47.953553,12.118483,18225,343.1,139.0
47.945407,12.129118,18275,352.2,138.8
47.932434,12.145935,18400,362.2,138.9
47.928497,12.151085,18450,365.8,139.0
47.926087,12.154118,18475,367.8,138.9
47.923155,12.157992,18550,368.5,138.7
47.911191,12.17433,18850,372.2,137.0
47.896201,12.195881,19200,376.9,135.8
47.881531,12.21714,19550,381.9,135.9
47.867664,12.237009,19925,384.8,136.3
47.854431,12.25573,20325,386.2,136.5
47.839966,12.276165,20725,387.6,136.5
47.825775,12.296104,21125,389.8,136.6
47.81129,12.316449,21500,391.9,136.6
47.795695,12.338421,21850,396.1,136.4
47.780136,12.360374,22200,398.9,136.4
47.764086,12.383,22550,402.5,136.5
47.751749,12.400325,22800,405.3,136.5
47.741554,12.414692,23050,406.0,136.6
47.723911,12.439552,23375,410.2,136.4
47.707571,12.46244,23725,412.4,136.5
47.691743,12.484694,24100,414.5,136.6
47.675629,12.507317,24450,416.6,136.5
47.659203,12.5304,24800,418.0,136.4
47.642395,12.55394,25150,420.2,136.5
47.626244,12.57667,25500,421.6,136.4
47.609665,12.599945,25875,421.6,136.5
47.593231,12.622948,26250,421.6,136.5
47.57666,12.646156,26600,423.0,136.5
47.559675,12.669772,26950,423.0,136.7
47.541845,12.694561,27300,424.5,136.7
47.523651,12.719971,27650,425.1,136.6
47.504333,12.746956,27975,426.6,136.6
47.48465,12.774422,28275,428.7,136.7
47.462997,12.804428,28575,432.9,136.7
47.442535,12.832855,28875,435.8,136.7
47.422211,12.860939,29175,437.9,136.8
47.41122,12.876188,29375,438.6,136.9
47.390737,12.904428,29675,441.5,136.8
47.370712,12.932076,29975,442.9,136.8
47.360012,12.946824,30100,443.6,136.9
47.348877,12.962151,30275,445.0,136.9
47.345022,12.967459,30325,445.0,136.9
47.339676,12.974854,30350,447.1,136.8
47.309689,13.016123,30425,456.3,136.9
47.294861,13.036514,30475,460.6,137.0
47.290743,13.04218,30500,462.0,137.0
47.270782,13.069473,30750,462.8,137.1
47.239288,13.112389,30875,470.6,137.1
47.207228,13.155917,31000,475.5,137.2
47.175293,13.199299,31000,476.2,137.1
47.143661,13.242439,31000,476.2,137.0
47.111526,13.286453,31000,476.2,137.0
47.080187,13.329374,31000,469.8,136.9
47.048538,13.372696,31000,470.5,136.8
47.017776,13.414856,31000,471.2,136.9
46.998767,13.440787,31025,469.8,137.1
46.995462,13.445364,31050,469.8,137.1
46.990201,13.452477,31100,469.8,137.1
46.985687,13.458595,31200,468.4,137.1
46.980927,13.46505,31300,467.0,137.1
46.975211,13.4729,31450,464.9,137.0
46.962204,13.490662,31850,459.9,136.9
46.960547,13.492831,31900,459.9,136.9
46.958176,13.496155,31950,459.2,136.9
46.957289,13.497268,31975,459.2,136.9
46.9552,13.500137,32000,459.2,136.9
46.954356,13.501282,32025,459.9,136.9
46.952728,13.503502,32025,459.9,136.9
46.94838,13.509407,32050,459.9,136.9
46.939552,13.521423,32075,462.0,137.0
46.913716,13.556566,32350,464.9,137.2
46.885459,13.594384,32575,467.8,137.5
46.85925,13.629433,32825,469.9,137.4
46.840815,13.654083,33000,472.1,137.5
46.834442,13.662571,33025,473.5,137.5
46.802316,13.705238,33000,474.3,137.7
46.770172,13.747849,33000,474.2,137.6
46.737991,13.790655,33000,474.2,137.6
46.706223,13.83306,33000,474.2,137.4
46.674391,13.875664,33000,474.2,137.4
46.64227,13.918442,33000,474.2,137.6
46.610458,13.960876,33000,473.4,137.3
46.578447,14.003586,33025,474.9,137.5
46.570533,14.01416,33075,475.6,137.6
46.548467,14.043343,33325,475.6,137.6
46.526634,14.07225,33625,473.6,137.6
46.505592,14.099922,33950,472.2,137.8
46.484178,14.128006,34275,470.1,137.8
46.463425,14.155281,34600,467.2,137.6
46.441956,14.183618,34900,465.1,137.7
46.422272,14.209476,35150,464.4,137.8
46.395676,14.244176,35400,465.2,137.9
46.3671,14.281609,35625,465.2,137.9
46.339691,14.317329,35875,465.9,138.0
46.31337,14.351695,36125,465.2,137.9
46.287821,14.385017,36375,464.5,138.0
46.262217,14.418251,36625,463.1,138.0
46.237638,14.450249,36900,460.9,137.9
46.230606,14.459348,36975,460.2,138.0
46.224836,14.466866,37000,460.2,138.0
46.193298,14.507714,37000,460.2,138.0
46.161851,14.548508,37000,459.5,137.9
46.130997,14.588571,37000,459.6,138.1
46.09989,14.628708,37000,460.3,138.2
46.068839,14.668671,37000,461.0,138.1
46.037975,14.708496,37000,461.0,138.1
46.006925,14.748459,37000,460.3,138.2
45.975549,14.788834,37000,461.0,138.1
45.944498,14.828934,37000,462.4,138.1
45.913262,14.868759,37000,461.9,138.5
45.881746,14.908653,37000,462.6,138.4
45.850416,14.948547,37000,463.9,138.2
45.819397,14.988299,37000,463.9,138.2
45.787524,15.029022,37000,464.0,138.4
45.770207,15.051476,37000,465.5,136.9
45.759127,15.067474,37000,467.4,134.4
45.733109,15.106871,37000,468.3,133.3
45.704149,15.150764,37000,466.9,133.3
45.674973,15.194963,37000,466.9,133.3
45.645584,15.239243,37000,466.9,133.4
45.616516,15.282987,37000,466.1,133.5
45.587303,15.326752,37000,464.0,133.4
45.558884,15.369672,37000,459.8,133.2
45.530044,15.413282,37000,458.4,133.2
45.501526,15.45626,37000,457.7,133.5
45.472598,15.499431,37000,456.9,133.6
45.443939,15.542385,37000,456.2,133.5
45.415013,15.585513,37000,457.6,133.7
45.386444,15.62779,37000,459.7,133.8
45.357056,15.671147,37000,462.5,133.9
45.32785,15.714111,37000,462.5,133.9
45.298726,15.75694,37000,462.5,133.9
45.26944,15.800367,37000,462.6,133.6
45.240722,15.843022,37000,463.3,133.7
45.211349,15.886165,37000,464.6,134.0
45.181503,15.929849,37000,464.6,134.0
45.151853,15.973317,37000,465.4,134.0
45.122406,16.016235,37000,466.0,134.2
45.092606,16.059788,37000,466.8,134.0
45.063171,16.102949,37000,466.8,133.8
45.033518,16.146553,37000,466.1,133.9
45.00444,16.189139,37000,466.8,134.0
44.97464,16.232561,37000,466.0,134.0
44.945999,16.274235,37000,466.0,134.0
44.916532,16.31731,37000,463.2,134.0
44.887064,16.360049,37000,461.1,134.1
44.857457,16.402588,37000,459.6,134.5
44.828018,16.444637,37000,461.1,134.5
44.798801,16.486392,37000,461.8,134.6
44.769287,16.528734,37000,463.2,134.4
44.739866,16.570866,37000,463.2,134.4
44.710144,16.613682,36975,464.6,134.2
44.680652,16.656278,36975,459.7,134.3
44.65165,16.698147,37000,451.9,133.8
44.623392,16.738743,37050,448.3,134.5
44.595228,16.778803,37000,451.1,134.6
44.567157,16.818461,37000,451.8,134.7
44.538254,16.85924,37000,452.6,134.8
44.509526,16.899786,37000,456.1,134.7
44.480384,16.940918,37025,458.2,134.6
44.451736,16.981332,37000,461.7,134.7
44.422426,17.02278,37025,466.0,134.6
44.392319,17.065364,37000,469.5,134.6
44.36293,17.106759,37000,470.2,134.7
44.332901,17.148939,37000,466.0,134.7
44.304245,17.189418,37025,463.2,134.6
44.274811,17.230748,37000,461.0,134.8
44.245062,17.272317,37000,463.2,134.9
44.215502,17.313716,37000,462.5,134.8
44.185848,17.355129,36975,461.0,134.8
44.156567,17.396066,37000,456.8,134.8
44.127565,17.436741,37000,452.6,134.6
44.098846,17.476821,37000,450.4,134.9
44.070259,17.516392,37000,451.8,135.3
44.040931,17.556545,37000,453.3,135.3
44.011184,17.597286,37000,452.6,135.4
43.981979,17.637464,37000,454.0,135.2
43.952728,17.677832,37000,458.2,135.2
43.922642,17.719182,37000,459.6,135.2
43.893267,17.759726,36975,456.1,134.9
43.864731,17.799421,37000,453.3,134.9
43.835449,17.839639,37025,455.4,135.4
43.805842,17.879857,37025,461.1,135.5
43.775345,17.92132,37050,463.2,135.4
43.745371,17.96232,37000,459.6,135.4
43.715531,18.003126,37000,457.5,135.3
43.685486,18.04415,37000,459.6,135.2
43.656363,18.083627,37025,463.2,135.6
43.626523,18.123649,36950,456.9,136.2
43.624056,18.126787,36975,456.2,136.3
43.594774,18.165894,36975,452.6,135.5
43.564911,18.206709,36975,451.1,135.2
43.536301,18.246119,37000,447.6,134.9
43.50769,18.28521,37000,444.1,135.4
43.478714,18.324301,37000,444.8,135.6
43.449875,18.363009,37000,446.2,135.6
43.419891,18.403058,37000,449.8,135.9
43.390503,18.442212,37025,454.0,135.9
43.361023,18.481495,37000,453.3,135.8
43.331661,18.520726,37000,454.7,135.8
43.301728,18.560747,37000,455.4,135.7
43.272121,18.600115,37000,456.1,135.8
43.242599,18.639583,37000,456.8,135.7
43.212208,18.679962,37025,457.5,135.8
43.182404,18.719553,37000,457.5,135.8
43.152878,18.758772,37000,456.1,135.8
43.123306,18.797927,37000,453.3,136.0
43.094284,18.836251,37000,452.6,135.9
43.064941,18.875023,37000,445.5,135.9
43.036835,18.91207,36975,437.0,135.9
43.008179,18.949883,37000,429.3,135.9
42.980209,18.986674,37000,430.0,135.9
42.9524,19.02322,37000,429.3,136.0
42.923904,19.060768,37000,430.7,136.0
42.895699,19.097639,37000,430.0,136.1
42.867645,19.134223,37000,430.7,136.2
42.83979,19.170423,37000,430.7,136.2
42.811523,19.207231,37000,431.4,136.3
42.783229,19.244087,37025,432.1,136.2
42.754832,19.281006,37000,435.0,136.2
42.7267,19.317585,37000,436.4,136.2
42.697852,19.355036,37000,435.0,136.2
42.668757,19.392785,37000,435.7,136.3
42.654838,19.411437,37000,437.7,134.4
42.64576,19.425169,37000,440.0,131.4
42.635798,19.441585,37000,441.5,129.0
42.610611,19.483441,37000,440.7,129.1
42.584839,19.526076,37000,439.2,129.3
42.559592,19.567736,37000,438.4,129.4
42.534668,19.608785,37000,439.2,129.3
42.509036,19.651283,37000,439.8,129.4
42.48349,19.693118,37000,439.7,129.6
42.458062,19.734767,37000,439.7,129.6
42.432083,19.777201,37000,439.7,129.6
42.406668,19.818761,37000,439.7,129.6
42.38125,19.860471,37000,439.7,129.6
42.355973,19.90167,37000,439.7,129.6
42.330185,19.943619,37000,441.1,129.6
42.304067,19.986047,37000,441.7,129.7
42.278503,20.027452,37000,442.4,129.8
42.252411,20.069837,37000,442.4,129.8
42.226697,20.111368,37000,442.4,129.8
42.201326,20.152439,37000,443.1,129.7
42.175186,20.194744,37000,443.8,129.8
42.149368,20.236442,37000,443.0,129.9
42.12363,20.277951,37000,443.0,129.9
42.097189,20.320364,37025,443.8,129.8
42.071445,20.361882,37000,444.4,129.9
42.045364,20.403671,37000,444.4,129.9
42.019638,20.444808,37000,444.3,130.1
41.993424,20.486755,37000,445.1,130.0
41.966812,20.528953,37000,444.9,130.2
41.940913,20.570175,37000,445.7,130.1
41.914425,20.612332,37000,445.7,130.1
41.888351,20.653797,37000,445.7,130.1
41.861914,20.695879,37000,445.1,130.0
41.835663,20.737631,37000,444.3,130.1
41.80957,20.779079,37000,444.9,130.2
41.78338,20.820561,37000,444.9,130.2
41.757404,20.861504,37000,446.2,130.4
41.731155,20.9028,37000,447.0,130.3
41.704834,20.944249,37000,446.2,130.4
41.678787,20.985135,37000,446.2,130.4
41.652289,21.026682,37000,446.2,130.4
41.626282,21.06747,37000,446.2,130.4
41.599915,21.108794,37000,447.6,130.4
41.573616,21.149895,37000,449.7,130.5
41.547174,21.191158,37000,453.3,130.4
41.519989,21.233514,37000,454.7,130.4
41.493872,21.274194,37000,454.7,130.4
41.467244,21.315648,37000,455.3,130.6
41.440383,21.357358,37000,455.3,130.6
41.412964,21.399744,37000,453.2,130.6
41.386276,21.441162,37000,452.4,130.7
41.359314,21.482849,37000,452.4,130.7
41.332626,21.524048,37000,451.7,130.8
41.30603,21.565186,37000,450.3,130.6
41.279405,21.6063,37000,449.6,130.7
41.252792,21.647217,37000,448.1,130.8
41.226522,21.687636,37000,447.4,130.7
41.1996,21.729065,37000,447.4,130.7
41.172913,21.769775,37000,446.6,131.0
41.146545,21.809937,37000,445.9,130.9
41.120104,21.850309,37000,444.5,130.9
41.093079,21.891479,37000,444.5,130.9
41.075879,21.918349,37000,446.2,129.4
41.065796,21.935852,37000,448.4,127.0
41.042038,21.977722,37000,448.6,126.8
41.01741,22.021179,37000,449.2,126.9
40.99292,22.064087,37000,449.2,126.9
40.967606,22.108521,37000,452.0,127.0
40.942932,22.151733,37000,453.4,127.0
40.917369,22.196315,37000,455.4,127.2
40.893255,22.238326,37000,455.4,127.2
40.868683,22.281128,37000,455.4,127.2
40.843689,22.324768,37000,455.6,127.0
40.818924,22.367981,37000,456.8,127.2
40.793214,22.412609,37000,456.8,127.2
40.768914,22.454744,37000,458.8,127.3
40.743805,22.498169,37000,459.6,127.2
40.718811,22.541321,37000,460.2,127.3
40.693034,22.585831,37000,462.4,127.3
40.66743,22.630151,37000,463.2,127.2
40.641907,22.674255,37000,464.6,127.2
40.615814,22.719238,37000,466.6,127.3
40.590088,22.763367,37000,467.8,127.5
40.563721,22.808411,37000,468.6,127.5
40.537363,22.853435,37000,469.8,127.7
40.51134,22.897693,37000,470.6,127.6
40.484711,22.942993,37000,470.6,127.6
40.460999,22.982971,37000,468.4,128.4
40.450822,22.998505,37000,465.9,130.7
40.439557,23.01436,37000,463.4,133.2
40.410368,23.054934,37000,461.9,133.3
40.381739,23.094697,37000,460.5,133.3
40.352325,23.135254,37000,457.7,133.5
40.323921,23.174348,37000,456.2,133.5
40.295288,23.213989,37000,457.0,133.4
40.266632,23.25354,37000,458.4,133.4
40.237846,23.293263,37000,459.8,133.4
40.209356,23.332589,37000,459.8,133.4
40.180527,23.372131,37000,460.4,133.7
40.151491,23.411803,37000,461.2,133.6
40.121979,23.452209,37000,462.6,133.6
40.092929,23.491828,37000,463.3,133.7
40.06374,23.531591,37000,464.7,133.7
40.034133,23.571791,37000,464.7,133.9
40.004945,23.611429,37000,465.4,133.8
39.975617,23.651192,37000,466.1,133.9
39.946661,23.690456,37000,466.8,133.8
39.916946,23.730648,37000,467.5,133.9
39.887375,23.770473,37000,468.2,134.0
39.857793,23.810425,37000,467.5,133.9
39.827907,23.850708,37000,465.4,134.0
39.798486,23.890259,37000,464.7,133.9
39.769158,23.929688,37000,463.2,134.0
39.740112,23.968585,37000,461.8,134.0
39.710781,24.007874,37000,462.5,133.9
39.681793,24.046863,37000,462.5,133.9
39.652725,24.085912,37000,463.2,133.9
39.623729,24.124878,37000,462.5,133.9
39.593903,24.164727,37000,462.5,134.1
39.564148,24.204374,37000,462.5,134.1
39.534581,24.243713,37000,462.5,134.1
39.505207,24.282715,37000,462.5,134.1
39.4758,24.32182,37000,461.8,134.2
39.446686,24.360332,37000,461.8,134.2
39.417456,24.399231,37000,462.5,134.1
39.388128,24.438171,37000,462.5,134.1
39.359079,24.476624,37000,461.8,134.2
39.329453,24.515633,37000,461.1,134.3
39.299725,24.555176,37000,461.1,133.9
39.270859,24.593791,37000,460.4,133.9
39.241425,24.633258,37000,459.7,133.8
39.21244,24.671997,37000,459.7,133.9
39.18306,24.711178,37000,459.0,134.0
39.153737,24.749939,37000,457.5,134.2
39.124689,24.788269,37000,457.5,134.2
39.095627,24.826713,37000,456.8,134.1
39.066147,24.865345,37000,454.7,134.6
39.037124,24.902954,37000,454.0,134.6
39.007965,24.940637,37000,452.6,134.8
38.97912,24.977844,37000,452.6,134.8
38.950058,25.015391,37000,451.8,134.7
38.921348,25.052551,37000,451.1,134.6
38.891974,25.090454,37000,451.1,134.8
38.863174,25.127524,37000,452.6,134.8
38.83411,25.164856,37000,454.0,134.8
38.804626,25.202935,37000,454.7,134.7
38.775174,25.240845,37000,456.1,134.9
38.745847,25.278442,37000,456.1,134.9
38.716461,25.316142,37000,456.1,134.9
38.686661,25.354236,37000,456.1,134.9
38.657444,25.391663,37000,456.1,134.9
38.628021,25.429289,37000,455.4,135.0
38.598881,25.466309,37000,455.4,135.2
38.576908,25.493774,37000,453.3,136.2
38.566527,25.505371,37000,452.3,139.1
38.555008,25.51712,37000,450.7,141.8
38.54246,25.528748,37000,449.9,144.2
38.529877,25.539392,37000,447.9,146.8
38.514633,25.551154,37000,448.5,149.1
38.479202,25.578262,37000,449.5,148.9
38.444281,25.605164,37000,449.2,148.8
38.409302,25.632039,37000,450.0,148.8
38.374237,25.658978,37000,450.0,148.8
38.339306,25.685796,37000,449.5,148.9
38.304578,25.712426,37000,450.0,148.8
38.286469,25.726995,37000,452.4,146.9
38.270595,25.741206,37000,451.4,144.8
38.236425,25.771836,37000,452.6,144.6
38.202759,25.802151,37000,452.6,144.6
38.170414,25.831186,37000,452.0,144.7
38.136617,25.861458,37000,452.0,144.7
38.1031,25.891312,37000,451.4,144.8
38.069183,25.921482,37000,451.6,145.0
38.035858,25.950993,37000,450.8,144.9
38.002128,25.980875,37000,450.3,145.0
37.968567,26.010482,37000,450.3,145.0
37.935186,26.040046,37000,450.8,144.9
37.901688,26.069797,37000,450.0,144.9
37.868179,26.0996,37000,450.0,144.9
37.834305,26.129637,37000,450.0,144.9
37.808762,26.152253,36975,448.9,145.1
37.796786,26.162746,36875,447.5,145.1
37.791712,26.167224,36825,446.1,145.1
37.788174,26.170389,36775,445.3,145.1
37.783539,26.174459,36675,445.3,145.1
37.77681,26.18042,36550,444.4,145.0
37.760708,26.194571,36150,444.4,145.0
37.745636,26.207827,35750,444.1,145.3
37.733139,26.218755,35425,444.1,145.3
37.720859,26.22944,35025,446.3,145.3
37.706056,26.242397,34625,447.7,145.3
37.689856,26.256488,34250,447.1,145.4
37.671158,26.27281,33875,444.9,145.4
37.652573,26.288998,33475,443.3,145.2
37.634674,26.304776,33100,440.8,145.0
37.615605,26.32163,32725,438.6,144.9
37.597356,26.337632,32350,436.7,145.1
37.578549,26.354111,31975,433.9,145.1
37.559695,26.370591,31600,431.7,145.1
37.541121,26.386832,31225,428.3,145.3
37.523012,26.402714,30850,425.8,145.0
37.504531,26.418955,30475,423.6,145.0
37.486143,26.435136,30100,420.8,145.1
37.46836,26.450719,29725,418.1,145.1
37.450298,26.466482,29350,415.8,145.1
37.431976,26.482544,29000,413.1,145.2
37.414581,26.497679,28625,411.7,145.2
37.396576,26.513353,28250,409.7,145.3
37.378006,26.52947,27875,407.5,145.3
37.359661,26.545357,27500,405.5,145.4
37.341843,26.560734,27150,404.1,145.5
37.323898,26.57622,26775,401.9,145.4
37.306503,26.591238,26425,399.7,145.4
37.288284,26.607017,26050,398.1,145.2
37.271255,26.621801,25700,396.7,145.3
37.253357,26.637346,25325,394.5,145.2
37.236145,26.652248,24975,392.5,145.4
37.218793,26.667222,24625,391.1,145.4
37.20163,26.681993,24250,388.3,145.5
37.184857,26.696419,23900,386.1,145.4
37.16748,26.711445,23550,384.5,145.3
37.150501,26.726214,23200,382.8,145.1
37.13351,26.740902,22850,381.1,145.5
37.11703,26.755053,22500,378.9,145.4
37.099777,26.769883,22150,377.3,145.3
37.082861,26.784549,21800,375.3,145.4
37.066544,26.798576,21450,373.1,145.4
37.048785,26.813925,21075,370.9,145.3
37.031113,26.829139,20725,368.9,145.5
37.014755,26.843182,20375,366.7,145.4
36.997577,26.85793,20025,365.3,145.5
36.980988,26.872091,19675,363.9,145.5
36.964325,26.88635,19325,362.5,145.6
36.947342,26.900843,18975,361.1,145.6
36.930216,26.915489,18625,360.3,145.5
36.912945,26.930237,18275,358.9,145.6
36.895861,26.944865,17925,357.3,145.4
36.878729,26.959554,17575,355.9,145.4
36.861649,26.974241,17225,354.5,145.5
36.844979,26.988499,16900,353.1,145.5
36.828034,27.002992,16550,351.7,145.5
36.811111,27.017441,16225,349.5,145.5
36.794284,27.03186,15875,348.1,145.5
36.778015,27.045708,15550,346.7,145.6
36.760986,27.060184,15200,344.8,145.8
36.744553,27.074146,14875,342.5,145.7
36.728394,27.087879,14550,340.9,145.5
36.712352,27.101518,14225,338.9,145.7
36.69603,27.115459,13875,337.4,144.9
36.690536,27.120838,13750,338.3,141.8
36.686005,27.125931,13650,338.4,137.6
36.681813,27.131439,13550,337.4,133.4
36.677353,27.13829,13425,337.4,129.6
36.673737,27.144756,13325,336.1,125.7
36.671013,27.150314,13250,335.0,121.7
36.667801,27.158145,13125,334.6,117.8
36.665055,27.165858,13025,332.7,113.6
36.66282,27.172345,12925,331.6,113.1
36.659003,27.182104,12750,330.9,116.2
36.655838,27.189217,12625,331.7,119.0
36.64563,27.211075,12325,328.5,120.2
36.635866,27.23201,12025,326.2,120.2
36.630249,27.244034,11850,324.4,120.0
36.624802,27.255764,11675,323.0,119.9
36.619812,27.266579,11475,323.0,119.9
36.614548,27.277966,11275,322.5,119.7
36.608726,27.290623,11075,322.5,119.7
36.603012,27.302856,10875,320.8,119.9
36.597839,27.314014,10700,321.3,120.1
36.592484,27.325459,10525,319.5,120.3
36.586986,27.337082,10350,318.7,120.3
36.580673,27.350464,10200,315.1,120.3
36.572983,27.366657,10075,308.4,120.4
36.565659,27.382278,9925,303.4,120.3
36.559474,27.39552,9750,301.0,119.9
36.553436,27.4086,9575,299.2,119.7
36.548172,27.420044,9400,298.3,119.7
36.542358,27.432575,9225,296.6,119.9
36.537231,27.443619,9050,295.2,119.9
36.532288,27.454483,8850,295.6,119.6
36.526701,27.466638,8675,293.7,119.4
36.521022,27.479086,8500,292.0,119.6
36.515063,27.492117,8325,289.7,119.6
36.50972,27.5037,8175,287.5,119.6
36.504089,27.516174,8025,284.8,119.4
36.498444,27.5287,7875,281.6,119.1
36.493652,27.539349,7700,280.2,119.0
36.488983,27.549877,7525,279.7,118.9
36.484292,27.560314,7350,279.3,119.1
36.479691,27.570477,7150,279.8,119.3
36.476715,27.577057,7025,280.7,119.2
36.474655,27.581577,6925,281.2,119.4
36.472321,27.586784,6825,281.2,119.4
36.469396,27.593157,6725,281.2,119.4
36.466049,27.600517,6625,279.0,119.4
36.462936,27.607327,6525,278.1,119.5
36.459045,27.615681,6425,276.4,119.7
36.454651,27.625237,6325,273.2,119.8
36.453335,27.627986,6275,272.4,119.9
36.450577,27.63382,6175,271.2,120.3
36.448354,27.638446,6075,269.9,120.8
36.44545,27.644577,5975,268.1,120.5
36.442256,27.651361,5875,264.0,120.3
36.438629,27.659054,5775,260.4,120.2
36.435699,27.665348,5675,257.6,120.1
36.432666,27.671756,5575,255.4,120.1
36.429081,27.679411,5475,252.3,120.2
36.426407,27.685032,5375,250.1,120.3
36.423169,27.691917,5275,246.5,120.2
36.420143,27.698345,5175,244.2,120.2
36.417024,27.704948,5075,242.0,120.3
36.413589,27.712212,4975,238.4,120.2
36.409241,27.721481,4875,235.7,120.1
36.404297,27.732124,4800,232.4,119.7
36.400497,27.740479,4700,228.0,119.7
36.397247,27.747631,4600,227.9,119.2
36.394913,27.752895,4500,227.4,118.9
36.39267,27.757931,4400,227.8,118.6
36.390747,27.76228,4325,229.1,118.7
36.387091,27.770457,4225,227.4,118.9
36.383926,27.7775,4125,224.8,119.3
36.380585,27.784824,4025,221.7,119.5
36.377701,27.791348,3925,219.3,118.9
36.374941,27.797514,3825,218.0,118.8
36.372474,27.803066,3725,216.2,119.1
36.369736,27.808971,3675,212.7,119.6
36.367905,27.813034,3650,209.6,119.7
36.366003,27.817149,3625,204.7,119.6
36.361771,27.825909,3575,201.2,120.1
36.361496,27.826481,3575,194.8,121.6
36.359486,27.830356,3525,192.8,122.3
36.358246,27.832661,3500,191.4,123.3
36.35495,27.83884,3400,189.2,123.3
36.35106,27.846777,3275,187.3,120.1
36.349011,27.851978,3200,187.3,120.1
36.347076,27.857838,3150,184.0,114.1
36.348546,27.886456,2625,182.5,67.8
36.350098,27.890625,2550,183.1,65.8
36.352317,27.897326,2425,181.2,68.0
36.352782,27.898728,2400,181.2,68.0
36.36795,27.957401,1750,167.9,71.2
36.36969,27.963409,1675,164.8,70.1
36.370751,27.966867,1600,157.9,69.6
36.371109,27.968102,1600,157.9,69.6
36.37825,27.990532,1200,145.8,67.8
36.379969,27.996203,1075,144.3,69.3
36.382187,28.003864,975,145.2,69.4
36.384717,28.014026,800,145.2,70.0
36.386393,28.020396,700,145.2,70.0
36.387634,28.024979,625,143.9,70.9
36.390427,28.03442,500,143.9,70.9
36.391891,28.03957,425,140.1,70.4
36.393631,28.045807,325,142.0,70.7
36.395564,28.05242,225,142.1,69.4
36.397286,28.058264,125,141.7,69.8
36.399102,28.064692,25,141.4,70.2
36.400871,28.07077,-75,140.1,70.4
36.401709,28.07375,-125,140.1,70.4
36.4025,28.076321,-150,136.7,69.4
36.402878,28.077679,-125,128.8,70.0
36.402969,28.077965,-125,125.6,70.0
36.403338,28.079185,-125,121.5,69.8
36.403427,28.07951,-125,118.3,69.7
36.40361,28.080082,-125,115.2,69.7
36.403757,28.080704,-125,112.9,69.8
36.403943,28.081347,-125,107.6,69.9
36.404297,28.082485,-125,104.4,69.8
36.404526,28.083286,-50.0,99.0,70.3
36.404617,28.083587,-50.0,95.0,70.3
36.404967,28.08478,-50.0,87.0,70.3
36.405144,28.085375,-50.0,83.0,70.3
36.40527,28.085832,-50.0,81.0,70.3
36.405384,28.086219,-50.0,79.0,70.3
36.405487,28.086576,-50.0,77.0,70.3
36.405659,28.087163,-50.0,73.0,70.3
36.405773,28.087535,-50.0,71.0,70.3
36.405922,28.088082,-50.0,66.5,70.3
36.406025,28.088436,-50.0,64.5,70.3
36.406143,28.088812,-50.0,62.5,70.3
36.406277,28.089266,-50.0,59.5,70.3
36.406399,28.089703,-50.0,55.5,70.3
36.406517,28.09011,-50.0,52.5,70.3
36.406586,28.090353,-50.0,49.5,70.3
36.406654,28.090568,-50.0,42.5,70.3
36.406771,28.09096,-50.0,35.5,70.3
36.406841,28.091208,-50.0,31.5,70.3
36.406906,28.091412,-50.0,23.5,70.3
36.406998,28.091698,-50.0,15.5,67.5
36.407021,28.091769,-50.0,11.8,67.5
36.407032,28.091855,-50.0,8.2,75.9
36.407021,28.091898,-50.0,7.2,87.2
36.406992,28.091953,-50.0,6.8,104.1
36.406952,28.091984,-50.0,6.2,123.8
36.406918,28.091998,-50.0,6.2,137.8
36.406888,28.091997,-50.0,6.2,151.9
36.406849,28.091984,-50.0,6.2,168.8
36.406806,28.091939,-50.0,6.8,185.6
36.406769,28.091898,-50.0,6.8,202.5
36.406725,28.091851,-50.0,7.2,213.8
36.406654,28.091769,-50.0,7.8,222.2
36.406483,28.091583,-50.0,8.2,219.4
36.406368,28.091483,-50.0,7.8,216.6
36.406166,28.091325,-50.0,7.2,213.8
36.406071,28.091269,-50.0,7.8,210.9
36.405852,28.091121,-50.0,7.8,208.1
36.405647,28.090997,-50.0,8.2,205.3
36.405247,28.09077,-50.0,10.2,205.3
36.404932,28.090565,-50.0,10.8,208.1
36.404766,28.090467,-50.0,9.8,205.3
36.404688,28.090434,-50.0,9.2,196.9
36.404618,28.090434,-50.0,9.2,191.2
36.404537,28.090439,-50.0,8.8,182.8
36.404478,28.090449,-50.0,8.8,174.4
36.404434,28.090467,-50.0,8.2,168.8
36.4044,28.090496,-50.0,8.2,163.1
36.404354,28.090525,-50.0,8.2,151.9
36.404274,28.090653,-50.0,8.2,129.4
36.404257,28.090726,-50.0,8.2,118.1
36.404246,28.090799,-50.0,8.2,109.7
36.40424,28.090868,-50.0,8.2,98.4
36.404246,28.090916,-50.0,8.2,92.8
36.404292,28.091077,-50.0,8.8,75.9
36.404331,28.091211,-50.0,9.2,70.3
36.404469,28.091698,-50.0,9.8,70.3
36.404629,28.092213,-50.0,10.2,70.3
36.404732,28.092599,-50.0,10.8,73.1
36.404846,28.092971,-50.0,11.2,70.3
36.404972,28.0934,-50.0,8.2,70.3
36.404984,28.0935,-50.0,6.8,75.9
36.404991,28.093546,-50.0,6.8,84.4
36.404967,28.09359,-50.0,6.2,95.6
36.404926,28.093657,-50.0,6.2,118.1
36.404858,28.093686,-50.0,5.8,140.6
36.404816,28.093692,-50.0,5.8,151.9
36.404743,28.093715,-50.0,5.2,157.5
36.404618,28.09378,-50.0,4.2,160.3
36.404385,28.093882,-50.0,1.6,160.3
36.404304,28.093911,-50.0,0.0,160.3
36.404315,28.093911,-100,0.0,47.0
36.404304,28.093911,-50.0,0.0,160.3
36.404308,28.093915,-50.0,0.0,160.3
36.404339,28.093896,-50.0,0.0,160.3
36.404388,28.093886,-50.0,1.9,157.5
36.40442,28.093882,-50.0,2.2,154.7
36.404444,28.093867,-50.0,2.2,149.1
36.404478,28.093853,-50.0,2.2,146.2
36.404502,28.093838,-50.0,2.2,143.4
36.404525,28.093823,-50.0,2.2,137.8
36.40456,28.093801,-50.0,2.2,135.0
36.404606,28.093743,-50.0,2.2,132.2
36.404663,28.093643,-50.0,2.2,132.2
36.404688,28.093604,-50.0,2.8,137.8
36.404709,28.093572,-50.0,2.2,143.4
36.404734,28.093546,-50.0,2.2,149.1
36.404755,28.093514,-50.0,2.2,154.7
36.404778,28.093486,-50.0,2.2,160.3
36.404793,28.093473,-50.0,2.2,165.9
36.404816,28.093458,-50.0,2.2,171.6
36.404839,28.093444,-50.0,2.2,177.2
36.404851,28.093429,-50.0,2.2,182.8
36.404886,28.093429,-50.0,2.2,191.2
36.404915,28.093414,-50.0,2.2,196.9
36.404949,28.093429,-50.0,2.2,202.5
36.404991,28.093429,-50.0,2.2,208.1
36.405014,28.093444,-50.0,2.2,210.9
36.405037,28.093458,-50.0,2.2,216.6
36.405084,28.093487,-50.0,2.2,219.4
36.405177,28.093575,-50.0,0.6,219.4
36.405178,28.093586,-50.0,0.0,219.4
36.405188,28.09359,-50.0,0.0,219.4
36.405178,28.093572,-50.0,0.0,219.4
36.405144,28.093529,-50.0,1.9,222.2
36.405095,28.093473,-50.0,3.2,225.0
36.405052,28.093414,-50.0,4.2,230.6
36.404995,28.093314,-50.0,5.2,233.4
36.404961,28.093243,-50.0,6.2,236.2
36.404926,28.093143,-50.0,6.8,241.9
36.404846,28.092942,-50.0,8.2,244.7
36.404789,28.092756,-50.0,9.8,247.5
36.404675,28.092356,-50.0,11.8,250.3
36.404537,28.091924,-50.0,13.2,250.3
36.404397,28.091413,-50.0,13.8,250.3
36.404246,28.090901,-50.0,13.2,250.3
36.404114,28.090467,-50.0,12.8,250.3
36.404068,28.090253,-50.0,12.2,253.1
36.404034,28.090053,-50.0,12.2,258.8
36.40399,28.089718,-50.0,11.8,264.4
36.403978,28.089411,-50.0,11.8,267.2
36.403988,28.089137,-50.0,12.2,272.8
36.404013,28.088739,-50.0,13.2,275.6
36.404011,28.087907,-50.0,14.2,261.6
36.403965,28.087606,-50.0,13.8,258.8
36.403919,28.087392,-50.0,13.8,253.1
36.403803,28.086972,-50.0,13.2,250.3
36.40369,28.086605,-50.0,13.2,250.3
36.403547,28.086139,-50.0,13.2,250.3
36.403404,28.085675,-50.0,13.2,250.3
36.403256,28.085175,-50.0,13.8,250.3
36.403118,28.084702,-50.0,14.2,250.3
36.402965,28.08421,-50.0,15.5,250.3
36.402826,28.083743,-50.0,15.5,250.3
36.402756,28.083465,-50.0,15.5,250.3
36.402603,28.082957,-50.0,16.5,250.3
36.402465,28.082486,-50.0,16.5,250.3
36.40236,28.082121,-50.0,17.5,250.3
36.402203,28.081613,-50.0,17.5,250.3
36.402077,28.081183,-50.0,17.5,250.3
36.401965,28.080821,-50.0,18.5,250.3
36.401883,28.080529,-50.0,18.5,250.3
36.401778,28.080193,-50.0,18.5,250.3
36.40165,28.079725,-50.0,18.5,250.3
36.401482,28.079152,-50.0,19.5,250.3
36.40139,28.078823,-50.0,19.5,250.3
36.401045,28.077651,-50.0,19.5,250.3
36.400929,28.077256,-50.0,20.5,250.3
36.400766,28.076686,-50.0,20.5,250.3
36.400545,28.075927,-50.0,21.5,250.3
36.400382,28.075401,-50.0,21.5,250.3
36.400269,28.074989,-50.0,21.5,250.3
36.400028,28.074188,-50.0,22.5,250.3
36.399811,28.07343,-50.0,22.5,250.3
36.399685,28.07303,-50.0,22.5,250.3
36.399544,28.072508,-50.0,23.5,250.3
36.399387,28.071985,-50.0,23.5,250.3
36.399239,28.07147,-50.0,23.5,250.3
36.399147,28.071156,-50.0,22.5,250.3
36.39895,28.070521,-50.0,14.8,250.3
36.398892,28.070317,-50.0,11.8,250.3
36.398846,28.069951,-50.0,9.8,272.8
36.398987,28.069668,-50.0,10.8,312.2
36.39917,28.069568,-50.0,11.8,337.5
36.399614,28.069367,-50.0,13.8,340.3
36.39996,28.069181,-50.0,11.2,337.5
36.400211,28.069053,-50.0,7.8,337.5
36.400257,28.069038,-50.0,6.8,345.9
36.400337,28.069067,-50.0,5.8,8.4
36.40037,28.069119,-50.0,5.2,28.1
36.400394,28.069253,-50.0,4.8,64.7
36.400393,28.069279,-50.0,4.2,67.5
36.400428,28.069367,-50.0,3.8,67.5
36.400463,28.069482,-50.0,10.2,67.5
36.400533,28.069703,-50.0,18.5,67.5
36.400603,28.069951,-50.0,27.5,67.5
36.400731,28.070361,-50.0,36.5,70.3
36.400829,28.070698,-50.0,40.5,70.3
36.40108,28.071529,-50.0,52.5,70.3
36.401196,28.071971,-50.0,56.5,70.3
36.401313,28.072362,-50.0,64.5,70.3
36.401608,28.073359,-50.0,73.0,70.3
36.401743,28.073808,-50.0,77.0,70.3
36.401895,28.074305,-50.0,81.0,70.3
36.402191,28.07539,-100,83.0,344.0
36.402374,28.075905,-100,91.4,70.2
36.402686,28.077022,-100,99.0,69.9
36.402924,28.07785,-100,102.2,70.0
36.403061,28.078251,-100,105.3,70.0
36.403198,28.078834,-100,108.5,70.1
36.40361,28.080139,-100,115.8,70.3
36.403885,28.081055,-100,118.9,70.3
36.404068,28.081741,-100,125.3,70.4
36.404388,28.082771,-100,128.4,70.4
36.404572,28.083515,-100,131.0,69.9
36.404828,28.084386,-100,134.1,69.9
36.405167,28.085403,-100,140.5,70.0
36.405479,28.086548,-100,143.6,70.1
36.405852,28.087775,-100,145.5,70.3
36.406317,28.08947,-100,148.7,70.3
36.406448,28.089924,-100,154.0,70.3
36.406815,28.09124,-100,157.2,70.3
36.407135,28.092213,-100,159.4,70.2
36.407388,28.093151,-75,163.9,70.0
36.407667,28.094145,-50,163.9,70.0
36.408086,28.095547,-25,166.1,69.9
36.412974,28.112962,600,176.5,71.2
36.413589,28.115215,675,177.4,71.3
36.4151,28.119793,850,179.8,67.4
36.416336,28.122654,950,181.1,62.7
36.417297,28.124428,1050,183.0,59.1
36.41856,28.126519,1125,185.3,55.1
36.420319,28.128719,1175,189.8,48.4
36.421726,28.130259,1225,193.1,44.0
36.422471,28.130961,1225,194.7,41.9
36.424576,28.13261,1275,199.5,35.2
36.426544,28.133984,1325,203.8,29.7
36.429407,28.135811,1425,207.1,26.7
36.432154,28.137389,1525,210.2,25.4
36.435196,28.138733,1625,212.1,21.0
36.437554,28.139434,1725,214.2,13.8
36.439957,28.139763,1825,215.5,8.8
36.442023,28.139843,1925,215.1,2.1
36.444211,28.139785,2025,216.0,0.3
36.446503,28.139477,2100,219.1,354.2
36.449387,28.138733,2200,221.8,348.0
36.452497,28.137447,2300,225.2,341.9
36.455383,28.135811,2375,228.3,335.7
36.458267,28.133698,2450,231.7,329.7
36.460968,28.131237,2525,236.0,323.6
36.46312,28.128662,2600,239.8,316.9
36.465042,28.125744,2650,242.8,312.5
36.466742,28.122838,2725,247.3,305.6
36.468063,28.119621,2775,249.0,301.2
36.469208,28.116474,2825,251.5,294.4
36.470187,28.112377,2900,254.0,287.6
36.470718,28.108692,2975,255.9,281.3
36.471025,28.104371,3050,258.0,277.1
36.471025,28.100631,3100,260.0,271.1
36.470746,28.096015,3200,261.7,265.8
36.470233,28.09169,3275,264.3,262.4
36.469803,28.088722,3350,265.3,260.9
36.469302,28.085554,3450,265.4,259.6
36.46879,28.082749,3550,264.6,258.2
36.468201,28.079681,3650,263.9,256.9
36.467697,28.077507,3725,263.4,255.5
36.467239,28.075504,3800,262.9,255.0
36.466742,28.073399,3900,262.5,254.5
36.466183,28.070945,4000,261.7,253.6
36.465408,28.067894,4100,261.3,253.1
36.464813,28.065605,4200,260.9,252.6
36.464081,28.062744,4300,261.5,252.2
36.463297,28.059842,4400,261.8,252.0
36.462226,28.055985,4500,262.8,251.4
36.461389,28.052946,4600,264.4,251.0
36.460318,28.049206,4700,265.7,250.9
36.459274,28.045406,4800,266.9,250.8
36.458456,28.042544,4900,267.3,250.6
36.457397,28.038883,5000,268.5,250.4
36.456594,28.036174,5100,268.5,250.4
36.455616,28.032668,5200,269.1,250.7
36.454871,28.029922,5300,268.8,250.9
36.454102,28.027039,5400,269.4,251.2
36.453242,28.023902,5500,268.8,251.6
36.452451,28.020981,5600,269.4,251.8
36.451892,28.01876,5675,269.1,252.0
36.45138,28.016539,5775,268.9,252.9
36.450588,28.013091,5875,269.1,254.3
36.450027,28.010044,5975,269.9,256.1
36.449657,28.007657,6050,269.8,257.1
36.449332,28.005202,6150,269.9,259.1
36.448975,28.002205,6250,270.4,260.9
36.448654,27.999115,6350,270.3,262.6
36.448425,27.995567,6450,270.5,264.1
36.448288,27.992306,6550,270.7,265.8
36.448214,27.989073,6650,272.1,268.1
36.448214,27.985626,6750,272.1,268.7
36.448334,27.981777,6850,274.1,271.7
36.448494,27.977912,6950,274.4,273.1
36.448959,27.972126,7100,275.1,275.2
36.449471,27.96599,7300,274.6,276.3
36.449936,27.960777,7500,274.4,275.9
36.450449,27.954303,7700,273.3,275.7
36.450897,27.94796,7900,273.2,275.5
36.451401,27.941093,8100,274.1,275.0
36.451892,27.933791,8300,274.9,274.6
36.452357,27.925727,8500,275.8,274.4
36.45273,27.919591,8700,275.7,274.2
36.453049,27.913399,8900,274.7,274.0
36.453428,27.907027,9100,273.6,273.8
36.453781,27.899895,9300,273.6,273.8
36.454147,27.893028,9500,273.6,273.8
36.454545,27.885872,9700,273.6,273.8
36.455017,27.877464,9900,275.7,274.0
36.455521,27.868767,10100,276.7,274.1
36.455988,27.859926,10300,279.6,273.9
36.456528,27.850456,10500,281.6,273.9
36.456985,27.842216,10700,282.7,274.1
36.457352,27.835121,10900,282.7,274.1
36.457809,27.827339,11100,283.8,274.2
36.45827,27.819779,11300,284.7,274.0
36.458679,27.812691,11500,283.7,274.0
36.459107,27.805461,11700,283.8,274.2
36.459549,27.798729,11900,283.9,274.5
36.46051,27.783222,12250,286.8,274.4
36.460831,27.778244,12350,288.8,274.4
36.461014,27.774925,12400,289.8,274.4
36.461295,27.770457,12425,293.9,274.5
36.462158,27.75713,12525,303.0,274.5
36.463111,27.742758,12675,312.0,274.6
36.463989,27.728977,12800,321.1,274.6
36.464767,27.71719,12900,328.1,274.7
36.465066,27.712721,12975,331.1,274.7
36.465485,27.706059,13075,332.1,274.7
36.46609,27.696709,13275,334.0,274.5
36.467148,27.680397,13650,335.0,274.5
36.468232,27.662172,14050,337.9,274.2
36.469256,27.643939,14450,339.8,274.0
36.470327,27.625823,14850,340.8,274.0
36.471451,27.60664,15250,344.9,274.2
36.472515,27.588423,15650,345.9,274.1
36.473602,27.569847,16050,348.0,274.3
36.474655,27.552738,16450,348.0,274.5
36.475913,27.53244,16850,350.0,274.4
36.477036,27.514458,17250,352.0,274.4
36.47824,27.495156,17625,354.0,274.4
36.479507,27.474747,18025,356.0,274.4
36.480754,27.454191,18425,358.0,274.3
36.482011,27.433621,18825,361.0,274.3
36.483361,27.411707,19225,363.0,274.3
36.484665,27.389617,19625,365.0,274.2
36.485962,27.367687,20025,367.0,274.2
36.487381,27.343826,20425,371.0,274.2
36.488668,27.320894,20800,374.0,274.1
36.490065,27.297285,21175,377.0,274.1
36.491741,27.272391,21550,379.7,275.4
36.49292,27.26366,21675,381.2,279.5
36.494751,27.25399,21825,381.8,283.0
36.49728,27.243347,22000,384.1,286.6
36.499934,27.234172,22125,385.3,290.0
36.503844,27.222894,22300,387.9,293.4
36.50798,27.21262,22475,388.6,296.8
36.512512,27.202892,22625,390.5,300.6
36.523163,27.181987,23000,394.5,302.2
36.534348,27.159519,23375,395.5,301.6
36.544857,27.138276,23750,396.4,301.5
36.55513,27.117405,24125,397.2,301.4
36.565805,27.095675,24525,398.1,301.3
36.576508,27.073917,24900,398.6,301.5
36.587494,27.051601,25275,399.4,301.4
36.599044,27.028179,25650,400.8,301.4
36.610565,27.004852,26000,402.2,301.5
36.622559,26.980534,26325,404.4,301.5
36.634563,26.956183,26675,406.6,301.4
36.647324,26.930294,27000,408.9,301.4
36.659729,26.905174,27325,410.2,301.4
36.672134,26.87994,27650,413.0,301.5
36.685364,26.853161,27975,415.2,301.5
36.698619,26.826276,28300,417.4,301.5
36.712165,26.798752,28600,419.7,301.5
36.725666,26.771286,28900,421.9,301.4
36.739655,26.742725,29225,423.6,301.3
36.753479,26.714516,29525,425.5,301.5
36.760712,26.700726,29650,426.3,304.1
36.767283,26.690057,29775,427.8,307.6
36.775085,26.678638,29900,430.3,311.0
36.784601,26.665922,30050,431.5,313.5
36.794769,26.653633,30175,434.3,316.3
36.804474,26.642876,30325,435.9,319.0
36.815605,26.631619,30475,438.5,321.7
36.828406,26.619873,30625,440.5,324.1
36.839722,26.610374,30750,443.0,326.9
36.866346,26.589064,31050,446.8,327.1
36.890135,26.569837,31350,447.4,327.0
36.915366,26.549417,31650,448.8,326.9
36.940384,26.529177,31925,449.6,327.0
36.965596,26.508696,32225,451.0,326.9
36.991974,26.487336,32500,452.4,326.9
37.017734,26.466482,32800,453.2,327.0
37.041057,26.447555,33125,451.8,327.0
37.064892,26.428269,33425,451.8,327.0
37.090759,26.407334,33700,452.7,327.1
37.120102,26.383609,34025,453.2,327.0
37.1485,26.36056,34275,454.1,327.0
37.178712,26.33602,34550,455.4,327.0
37.20726,26.312782,34825,456.0,326.9
37.23639,26.289089,35075,457.4,326.9
37.265625,26.26533,35350,458.2,326.9
37.294418,26.241838,35600,458.2,326.9
37.323676,26.218036,35875,458.2,326.9
37.337176,26.20699,36000,458.2,326.9
37.34481,26.20078,36025,458.2,326.9
37.37883,26.17294,36000,458.2,326.9
37.413574,26.144656,36000,456.0,326.9
37.448181,26.116314,36000,455.2,326.8
37.482605,26.087991,36000,455.2,326.8
37.517715,26.059044,36000,454.9,326.7
37.552154,26.030731,36000,455.4,327.0
37.587845,26.001892,36000,456.0,327.4
37.62236,25.973842,36000,455.4,327.0
37.656921,25.945383,36000,455.4,326.5
37.691071,25.916748,36000,454.9,326.2
37.725311,25.887821,36000,454.6,326.0
37.759777,25.858652,36000,454.0,326.1
37.794179,25.829693,36000,454.3,326.3
37.828537,25.800807,36000,454.3,326.3
37.863647,25.771238,36000,453.7,326.4
37.897991,25.74246,36000,453.7,326.4
37.931927,25.713979,36000,453.7,326.4
37.966049,25.685275,36000,452.9,326.4
38.001114,25.655764,36000,453.5,326.2
38.035133,25.626984,36000,452.6,326.2
38.069321,25.598028,36000,452.6,326.2
38.104264,25.568649,36000,451.8,326.6
38.139178,25.539451,36000,451.8,326.6
38.173233,25.510838,36000,452.1,326.3
38.207611,25.481736,36000,451.8,326.1
38.24176,25.452634,36000,451.2,326.2
38.275762,25.423677,36000,450.4,326.1
38.310471,25.394079,36000,451.0,326.0
38.344427,25.365043,36000,451.0,326.0
38.378968,25.335428,36000,450.1,326.0
38.413422,25.305872,36000,450.1,326.0
38.447296,25.276974,36000,449.9,326.2
38.481057,25.248169,36000,449.6,326.1
38.514854,25.219238,36000,449.6,326.1
38.548558,25.190186,36000,448.5,325.8
38.58296,25.160461,36000,449.3,325.9
38.615686,25.132385,36000,449.6,326.1
38.649033,25.1037,36000,449.6,326.1
38.683182,25.074383,36000,449.6,326.1
38.717031,25.045166,36000,449.9,325.8
38.751386,25.015259,36000,449.9,325.8
38.78509,24.985901,36000,449.9,325.8
38.818588,24.956877,36000,450.1,326.0
38.852921,24.927202,36000,450.1,326.0
38.886887,24.897766,36000,450.7,325.9
38.921535,24.867737,36000,450.7,325.9
38.955597,24.838118,36000,450.7,325.9
38.989035,24.809082,36000,451.3,325.8
39.022879,24.779602,36000,451.3,325.8
39.057188,24.749634,36000,451.3,325.8
39.090866,24.720194,36000,451.3,325.8
39.124875,24.690308,36000,451.0,325.6
39.158625,24.660767,36000,450.4,325.7
39.192003,24.631409,36000,450.4,325.7
39.226033,24.601501,36000,450.4,325.7
39.260063,24.571594,36000,449.6,325.6
39.294418,24.541382,36000,449.6,325.6
39.328168,24.511658,36000,448.2,325.6
39.361588,24.482137,36000,448.0,325.5
39.395462,24.452282,36000,447.7,325.7
39.429001,24.422668,36000,447.4,325.6
39.462611,24.392883,36000,448.0,325.5
39.496688,24.36261,36000,446.6,325.5
39.52977,24.333164,36000,447.1,325.4
39.563443,24.303284,36000,446.6,325.5
39.596741,24.273695,36000,447.1,325.4
39.630618,24.243347,36000,446.3,325.3
39.664276,24.213257,36000,447.1,325.4
39.697979,24.183105,36000,447.1,325.4
39.731078,24.153625,36000,447.1,325.4
39.764877,24.123409,36000,448.5,325.4
39.79834,24.093436,36000,448.5,325.4
39.831864,24.063232,36000,449.9,325.3
39.865754,24.032837,36000,449.9,325.3
39.899414,24.002559,36000,450.5,325.2
39.932742,23.972543,36000,451.3,325.3
39.966912,23.941768,36000,452.7,325.3
40.001081,23.910807,36000,453.3,325.1
40.034409,23.880676,36000,454.1,325.2
40.068192,23.850159,36000,454.1,325.2
40.102203,23.819397,36000,454.1,325.2
40.135849,23.788879,36000,454.7,325.1
40.169879,23.757935,36000,454.7,325.1
40.204102,23.726807,36000,453.9,325.0
40.238497,23.695325,36000,453.6,324.9
40.272171,23.66449,36000,453.0,325.0
40.305588,23.634033,36000,451.6,325.0
40.339702,23.602815,36000,451.6,325.0
40.373918,23.571542,36000,451.1,325.1
40.407901,23.540518,36000,450.3,325.0
40.441791,23.509431,36000,449.4,325.0
40.474731,23.479248,36000,449.4,325.0
40.508011,23.448608,36000,448.6,324.9
40.541382,23.417847,36000,447.8,324.8
40.575027,23.38678,36000,447.2,324.9
40.60775,23.356684,36000,445.8,325.0
40.640488,23.326416,36000,444.8,324.7
40.673109,23.296072,36000,444.0,324.6
40.706635,23.264771,36000,444.0,324.6
40.73877,23.234863,36000,443.4,324.7
40.771986,23.203999,36000,443.4,324.7
40.805411,23.172913,36000,442.0,324.8
40.837738,23.142883,36000,442.0,324.8
40.870956,23.111926,36000,441.2,324.7
40.903915,23.081277,36000,440.3,324.6
40.936569,23.050781,36000,439.8,324.7
40.969507,23.019978,36000,439.8,324.7
41.00242,22.989329,36000,439.8,324.7
41.034308,22.959366,36000,438.7,324.5
41.067444,22.928162,36000,438.1,324.6
41.099258,22.898193,36000,438.1,324.6
41.132401,22.867065,36000,436.7,324.6
41.146729,22.852844,36000,438.2,322.8
41.156067,22.842407,36000,435.0,319.8
41.165634,22.830872,36000,433.0,317.1
41.174332,22.819336,36000,430.6,314.9
41.184346,22.805058,36000,428.2,312.4
41.210907,22.766235,36000,426.8,312.4
41.237045,22.728394,36000,426.8,312.4
41.263438,22.690138,36000,426.1,312.3
41.289871,22.651672,36000,426.1,312.3
41.315918,22.613708,36000,424.1,312.2
41.341873,22.575745,36000,424.1,312.2
41.367575,22.538015,36000,423.4,312.1
41.392639,22.501248,36000,424.8,312.1
41.418643,22.463145,36000,424.1,312.2
41.443781,22.426226,36000,424.8,312.1
41.468408,22.390009,36000,424.8,312.1
41.494291,22.352004,36000,426.2,312.1
41.52022,22.313935,36000,426.9,312.1
41.546662,22.274908,36000,426.9,312.1
41.573044,22.235891,36000,427.7,312.0
41.598999,22.197501,36000,427.7,312.0
41.624823,22.159232,36000,427.7,312.0
41.650955,22.120472,36000,428.4,311.9
41.677322,22.081334,36000,429.1,312.0
41.703264,22.042854,36000,429.1,312.0
41.729752,22.00338,36000,429.8,311.9
41.756147,21.964033,36000,429.8,311.9
41.782309,21.925006,36000,430.6,311.8
41.808332,21.886107,36000,431.3,311.9
41.834355,21.847144,36000,431.3,311.7
41.860284,21.808181,36000,429.9,311.7
41.886063,21.769596,36000,430.6,311.8
41.912562,21.729935,36000,430.6,311.8
41.93866,21.690882,36000,430.6,311.8
41.964608,21.652009,36000,430.6,311.8
41.990817,21.612599,36000,431.3,311.7
42.016979,21.573061,36000,430.7,311.6
42.042816,21.533906,36000,430.8,311.4
42.068436,21.495001,36000,430.0,311.5
42.094711,21.455113,36000,427.9,311.4
42.120511,21.415867,36000,426.5,311.4
42.145981,21.377022,36000,425.8,311.5
42.172073,21.337322,36000,426.5,311.4
42.197662,21.298246,36000,425.8,311.5
42.223572,21.258732,36000,425.9,311.3
42.249508,21.219007,36000,426.6,311.2
42.275116,21.179706,36000,428.7,311.3
42.30132,21.139548,36000,428.0,311.2
42.327118,21.099992,36000,428.7,311.3
42.352435,21.061174,36000,428.7,311.3
42.377992,21.021828,36000,428.8,311.1
42.403921,20.981779,36000,428.0,311.2
42.42952,20.942438,36000,429.4,311.2
42.455362,20.902639,36000,429.4,311.2
42.480881,20.8631,36000,429.5,311.0
42.50629,20.823691,36000,430.9,311.0
42.532242,20.783449,36025,433.8,311.1
42.558521,20.742698,36000,436.6,311.1
42.584218,20.702777,36000,436.6,311.1
42.610427,20.661962,36000,436.7,310.9
42.636357,20.62153,36000,435.9,311.0
42.662333,20.58097,36000,435.3,310.9
42.688309,20.540154,36000,434.6,310.8
42.714052,20.499722,36000,434.6,310.8
42.739749,20.459417,36000,435.9,311.0
42.765958,20.418219,36000,436.8,310.7
42.790604,20.379327,36000,436.8,310.7
42.815676,20.340075,36000,436.6,311.1
42.825498,20.325753,36000,437.8,313.8
42.837296,20.310144,36000,442.0,316.2
42.86618,20.27233,36000,442.7,316.1
42.89415,20.235603,36000,443.4,316.0
42.924562,20.195618,36000,442.7,315.9
42.953568,20.157357,36000,442.0,315.8
42.982269,20.119224,36000,443.4,315.6
43.011292,20.080708,36000,446.2,315.8
43.040359,20.042256,36000,447.6,315.8
43.069382,20.003676,36000,447.6,315.8
43.097457,19.966343,36000,447.6,315.6
43.127203,19.92691,36000,449.1,315.8
43.156531,19.888,36000,449.8,315.9
43.185533,19.849418,36000,449.0,315.6
43.214035,19.811288,36000,448.3,315.7
43.231522,19.78791,36025,449.0,315.6
43.238556,19.778464,36100,448.3,315.5
43.260669,19.74871,36375,446.9,315.4
43.281105,19.721113,36625,446.9,315.4
43.310394,19.681751,36775,451.9,315.5
43.340286,19.641383,36925,455.4,315.5
43.370224,19.601015,37100,457.5,315.4
43.3797,19.58824,37175,458.2,315.5
43.40213,19.558155,37475,453.3,315.6
43.42598,19.526154,37750,449.7,315.5
43.450369,19.493212,38000,445.5,315.4
43.45698,19.484253,38000,445.5,315.4
43.486168,19.444624,38000,446.2,315.3
43.515263,19.405125,38000,447.6,315.5
43.544769,19.36532,38000,448.3,315.5
43.57402,19.32559,38000,449.7,315.4
43.60306,19.285976,38000,450.4,315.3
43.632431,19.245939,38000,450.4,315.3
43.661623,19.206063,38000,446.9,315.4
43.689743,19.167566,38000,445.5,315.2
43.71837,19.128113,38000,445.5,315.0
43.747093,19.088614,38000,445.5,315.0
43.776654,19.04807,38000,446.9,315.2
43.804276,19.010116,38000,444.8,315.1
43.832657,18.970834,38000,442.6,315.0
43.861542,18.930976,38000,441.9,315.1
43.890102,18.891645,38000,442.7,315.2
43.918312,18.852735,37975,441.2,315.0
43.94664,18.813384,37975,439.8,314.8
43.975432,18.773281,38025,438.4,314.8
44.002991,18.734959,38000,437.0,314.8
44.030731,18.696176,38025,435.6,314.8
44.058838,18.657276,38000,437.0,315.0
44.086645,18.618491,38000,436.3,314.7
44.114365,18.579797,38000,435.6,314.8
44.141464,18.541792,38000,434.2,314.6
44.169388,18.502829,38000,434.9,314.9
44.197632,18.463375,38000,435.6,314.8
44.225327,18.424334,38000,435.6,314.6
44.252464,18.386156,37975,437.7,314.5
44.28007,18.347101,38000,440.5,314.5
44.307954,18.307711,38000,440.5,314.5
44.336119,18.267986,38025,439.8,314.6
44.36419,18.228395,38000,441.2,314.6
44.392214,18.188871,38000,442.7,314.6
44.420471,18.14876,38000,444.1,314.5
44.448029,18.109458,38000,444.8,314.4
44.474332,18.072041,38000,445.5,314.5
44.502548,18.031638,38000,444.8,314.4
44.530428,17.991787,38000,443.4,314.5
44.558638,17.951526,38000,442.0,314.2
44.586942,17.910863,38025,441.3,314.3
44.615341,17.870047,38000,442.0,314.2
44.643356,17.829503,38000,442.7,314.1
44.671202,17.789277,38025,442.0,314.0
44.69876,17.749619,38000,444.1,314.3
44.727064,17.709023,38025,445.5,314.5
44.755371,17.668435,38000,446.2,314.4
44.783392,17.627898,38000,444.8,314.0
44.810951,17.587571,38000,444.1,313.9
44.839233,17.546474,38000,443.4,314.2
44.867466,17.505106,38000,442.8,313.7
44.895863,17.463572,38000,443.5,313.8
44.923874,17.422551,38000,442.8,313.7
44.951958,17.381309,38000,443.5,313.8
44.980316,17.339761,38000,443.5,313.8
45.008426,17.298911,38000,442.7,314.3
45.036163,17.258868,38000,437.7,314.2
45.063777,17.218457,38000,435.7,313.9
45.09101,17.178129,38000,433.6,313.6
45.118103,17.138083,38000,431.4,313.7
45.145615,17.097473,38000,430.0,313.7
45.172348,17.057844,38000,430.0,313.7
45.198715,17.018542,38000,430.1,313.3
45.226135,16.977735,38000,430.8,313.6
45.252777,16.938171,38000,430.0,313.7
45.279965,16.89771,38000,430.1,313.5
45.307159,16.857213,38000,430.8,313.6
45.334478,16.816451,38000,433.6,313.6
45.361711,16.775654,38000,433.6,313.4
45.389374,16.734401,38000,432.9,313.7
45.416702,16.693726,38000,433.6,313.6
45.443782,16.653063,38000,434.4,313.3
45.470969,16.612333,38000,433.6,313.6
45.49791,16.57196,38000,434.3,313.5
45.524504,16.531878,38000,432.3,313.2
45.551737,16.490685,38000,432.9,313.3
45.578979,16.449347,38000,432.9,313.3
45.606343,16.407944,38000,433.7,313.2
45.633483,16.366745,38000,433.0,313.1
45.660576,16.325615,38000,433.0,313.1
45.687018,16.28524,38000,432.3,313.0
45.71402,16.243889,38000,432.3,312.8
45.74057,16.202958,38000,430.9,312.8
45.767274,16.161919,38000,433.0,313.1
45.794449,16.120628,38000,433.0,313.1
45.821274,16.079697,38000,434.4,313.1
45.848042,16.038734,38000,437.3,313.0
45.854599,16.028651,38000,438.7,313.0
45.859589,16.021014,37950,439.4,313.1
45.882118,15.986824,37675,440.0,313.5
45.904091,15.953384,37400,443.6,313.1
45.926902,15.918022,37125,443.7,312.7
45.948624,15.884355,36850,442.3,312.7
45.970428,15.85025,36575,443.8,312.4
45.99133,15.817635,36300,445.8,312.8
46.013582,15.783302,36025,445.7,313.0
46.018021,15.776501,36000,445.0,313.1
46.023404,15.768196,36000,444.3,313.0
46.050963,15.725555,35975,443.0,312.8
46.078629,15.68238,36000,443.1,312.4
46.105942,15.639519,36000,443.8,312.5
46.133314,15.596809,36000,443.7,312.7
46.16098,15.553693,36000,445.1,312.7
46.188665,15.510361,36000,445.9,312.6
46.216278,15.467209,36000,447.3,312.6
46.243515,15.424604,36000,445.9,312.6
46.27121,15.381395,36000,443.0,312.6
46.298249,15.338837,36000,439.6,312.3
46.325203,15.296127,36000,436.8,312.3
46.351913,15.253512,36000,436.9,311.9
46.378924,15.210365,36000,437.5,312.2
46.405792,15.167698,35975,437.4,312.4
46.41069,15.159994,35950,436.7,312.5
46.431016,15.128036,35675,433.9,312.5
46.451778,15.095009,35400,433.9,312.3
46.47345,15.060447,35150,434.7,312.2
46.495239,15.025746,34875,436.8,312.3
46.517075,14.990778,34600,438.2,312.1
46.538773,14.95601,34350,437.6,312.0
46.560699,14.921175,34075,436.8,312.3
46.569695,14.906731,34000,436.1,312.2
46.573326,14.900963,34000,436.1,312.2
46.599747,14.858741,34000,434.6,312.4
46.611099,14.841725,34000,434.2,314.8
46.638918,14.801674,34000,432.8,315.2
46.667222,14.76075,34000,432.0,315.1
46.695014,14.720444,34000,432.0,315.1
46.723085,14.679657,34000,431.3,314.8
46.751129,14.638679,34000,431.3,314.8
46.778808,14.598289,34000,432.0,314.9
46.806335,14.557957,34000,432.8,314.8
46.834213,14.517093,34000,432.8,314.8
46.85641,14.484512,33975,432.8,314.8
46.859483,14.47998,33950,432.0,314.7
46.862091,14.476162,33925,432.0,314.7
46.870285,14.464119,33775,432.8,314.8
46.888367,14.437614,33425,435.6,314.8
46.907012,14.410048,33100,436.3,314.5
46.92572,14.382271,32775,435.6,314.6
46.944122,14.35508,32450,435.6,314.6
46.962084,14.328637,32100,432.0,314.7
46.979308,14.303213,31775,425.7,314.8
46.995136,14.279903,31425,422.1,314.7
47.011917,14.255035,31100,417.2,314.6
47.027893,14.231209,30750,414.4,314.4
47.044693,14.206284,30400,410.1,314.6
47.06124,14.1818,30075,403.8,314.7
47.077394,14.157926,29750,399.5,314.7
47.092896,14.134968,29400,396.7,314.7
47.109096,14.110741,29075,392.5,314.5
47.124527,14.087563,28725,389.6,314.3
47.139908,14.06456,28400,386.1,314.6
47.155415,14.041584,28050,382.6,314.7
47.170964,14.018484,27700,379.0,314.6
47.186737,13.994865,27375,376.2,314.4
47.20166,13.972275,27050,372.0,314.1
47.216305,13.950313,26700,369.8,314.5
47.231232,13.927986,26350,366.3,314.6
47.245913,13.906086,26000,363.5,314.5
47.25737,13.889053,25775,359.9,314.7
47.274857,13.862892,25500,356.4,314.5
47.293024,13.83566,25225,352.9,314.4
47.310928,13.808647,24950,352.9,314.2
47.329427,13.780658,24675,350.8,314.1
47.347641,13.753098,24425,350.1,314.2
47.364532,13.727623,24150,348.6,314.2
47.382869,13.69981,23900,348.6,314.2
47.400699,13.672767,23625,348.6,314.2
47.418594,13.645638,23350,347.9,314.1
47.436917,13.618047,23075,347.2,314.4
47.455165,13.59037,22825,347.2,314.2
47.471831,13.564946,22550,346.5,314.1
47.4898,13.537551,22300,345.1,314.1
47.50614,13.512691,22025,342.3,314.0
47.524109,13.485295,21750,339.5,314.0
47.541752,13.458322,21500,339.5,314.0
47.559256,13.43149,21225,338.8,313.9
47.577039,13.404306,20975,337.3,314.2
47.594193,13.37812,20700,336.6,314.0
47.611908,13.350998,20425,335.9,313.9
47.629303,13.324287,20150,334.5,313.9
47.646744,13.297508,19875,333.1,313.9
47.66423,13.270729,19600,331.0,314.0
47.681549,13.244159,19325,329.6,314.0
47.698517,13.218132,19075,328.9,313.9
47.71257,13.196434,18775,326.0,313.9
47.726518,13.174931,18450,323.2,313.9
47.739807,13.154343,18125,320.4,313.6
47.753472,13.133099,17800,317.6,313.6
47.767112,13.111901,17475,316.2,313.6
47.780844,13.090562,17150,313.3,313.8
47.794235,13.069748,16825,310.5,313.6
47.807612,13.048941,16525,309.1,313.8
47.820693,13.02894,16200,306.9,314.2
47.833961,13.008446,15900,304.8,313.8
47.847228,12.987812,15575,302.7,313.7
47.860216,12.9676,15275,300.6,313.5
47.874508,12.945134,14975,303.4,313.5
47.890708,12.919992,14725,306.2,313.8
47.906675,12.895132,14475,306.3,313.5
47.922272,12.870758,14200,304.9,313.5
47.935584,12.849849,14000,304.9,313.5
47.939076,12.844356,14000,304.1,313.7
47.949084,12.828299,14000,304.5,311.8
47.954065,12.819214,14000,305.2,308.8
47.959122,12.808823,14000,305.3,305.7
47.964249,12.797218,14000,306.0,302.9
47.971383,12.779353,14000,304.1,300.9
47.976746,12.766182,14000,303.7,301.1
47.97821,12.762543,13975,304.6,301.0
47.979355,12.759659,13950,304.6,301.0
47.981873,12.753342,13875,305.4,300.9
47.991028,12.730549,13525,308.5,300.8
47.999954,12.707954,13200,308.9,300.5
48.008997,12.685195,12875,308.4,300.4
48.017935,12.662518,12550,308.0,300.6
48.027054,12.639633,12225,307.2,300.7
48.032593,12.625763,12025,307.2,300.7
48.037813,12.612586,11825,307.2,300.7
48.043166,12.599135,11625,305.8,300.7
48.04834,12.586212,11450,305.8,300.7
48.053454,12.573219,11250,305.3,300.5
48.058868,12.55957,11050,304.4,300.6
48.06427,12.546043,10850,304.1,300.9
48.069515,12.532795,10675,303.9,300.5
48.074217,12.520682,10475,303.4,300.3
48.077454,12.512466,10375,303.4,300.3
48.083713,12.496596,10225,298.2,300.9
48.087205,12.488779,10175,293.7,304.2
48.089859,12.484039,10125,290.3,308.6
48.092697,12.479713,10075,288.6,313.9
48.095863,12.475821,10050,285.8,319.4
48.099197,12.472435,10025,283.5,324.9
48.102101,12.469975,10000,281.7,330.4
48.105835,12.467491,9975,280.2,336.0
48.109364,12.46582,9950,278.0,341.8
48.1136,12.464412,9925,275.8,347.2
48.117462,12.463783,9900,274.1,352.9
48.121216,12.463783,9875,273.1,358.5
48.124329,12.464127,9875,270.7,4.2
48.128078,12.465046,9850,269.5,9.2
48.133392,12.466873,9825,265.9,13.0
48.141671,12.470116,9775,261.7,14.8
48.150009,12.473465,9725,257.6,14.9
48.157545,12.476455,9675,253.2,14.6
48.169281,12.481032,9525,249.1,14.6
48.181566,12.485817,9425,244.7,14.4
48.190659,12.489342,9350,240.6,14.4
48.201508,12.493638,9225,237.0,14.9
48.211029,12.497371,9075,235.8,14.7
48.220204,12.500996,8925,235.1,15.0
48.229329,12.504682,8775,235.1,15.0
48.238083,12.508216,8600,235.3,15.3
48.246413,12.511621,8425,235.3,15.3
48.2547,12.515018,8250,236.0,15.0
48.262711,12.518217,8100,237.2,15.1
48.264848,12.519138,8075,237.2,15.1
48.276535,12.523921,7950,239.4,15.3
48.286926,12.528076,7800,241.1,14.9
48.297043,12.53209,7650,240.9,14.7
48.303864,12.534555,7575,239.9,12.8
48.307709,12.53533,7525,239.7,8.6
48.310888,12.535473,7475,239.4,3.3
48.314026,12.535119,7425,239.2,357.6
48.316707,12.534605,7400,238.6,351.6
48.320012,12.533304,7350,239.4,345.7
48.323597,12.531353,7300,239.1,340.2
48.327414,12.528751,7225,239.4,335.6
48.334991,12.523076,7100,238.8,333.1
48.338745,12.520259,7050,239.3,332.9
48.350784,12.51097,7050,237.1,331.8
48.354601,12.507429,7050,237.5,327.4
48.356975,12.504537,7050,238.8,322.3
48.359344,12.501244,7050,239.1,316.7
48.361816,12.496731,7075,240.3,311.1
48.363419,12.493286,7050,241.7,305.4
48.365021,12.48899,7050,241.9,299.7
48.365866,12.486323,7050,241.5,297.1
48.368042,12.478919,6975,241.5,293.2
48.370239,12.470891,6875,241.4,291.9
48.372849,12.46117,6775,241.8,292.1
48.375177,12.452642,6675,241.6,292.6
48.377644,12.443824,6575,241.6,292.6
48.380624,12.433054,6475,240.3,292.5
48.383469,12.42265,6400,235.5,292.2
48.386398,12.411734,6300,231.9,292.0
48.389282,12.400818,6225,227.5,291.9
48.391846,12.39117,6150,223.0,291.9
48.39431,12.382098,6100,218.6,291.8
48.396358,12.374219,6075,213.7,291.4
48.397801,12.368582,6050,209.3,291.3
48.399261,12.362929,6025,204.5,290.9
48.400734,12.35615,6025,199.6,287.8
48.401572,12.350946,6025,195.7,283.9
48.402237,12.345252,6025,191.7,279.6
48.402695,12.338492,6025,189.0,275.8
48.402878,12.332717,6025,187.2,272.5
48.402782,12.326588,6050,186.1,268.5
48.402374,12.32004,6050,183.8,264.7
48.400688,12.295002,6050,180.8,264.6
48.400175,12.286329,5975,178.7,264.9
48.399663,12.27845,5875,178.8,264.5
48.399012,12.26797,5775,178.7,264.9
48.398438,12.258066,5675,176.7,264.8
48.397797,12.249404,5575,177.1,263.5
48.397196,12.241155,5475,177.0,263.8
48.396637,12.233421,5375,175.9,264.1
48.396103,12.224755,5275,173.7,264.7
48.395474,12.214484,5175,170.8,264.6
48.394867,12.204613,5100,168.5,265.6
48.39473,12.1975,5050,166.1,268.3
48.394592,12.192359,5050,165.1,268.3
48.394217,12.183838,5050,163.4,265.8
48.393472,12.171261,5050,162.9,264.0
48.392532,12.1594,5050,167.2,263.1
48.390586,12.136206,5075,170.2,263.2
48.389145,12.116159,5075,166.9,264.1
48.387793,12.098405,5075,169.3,262.9
48.387001,12.087491,5025,168.1,263.5
48.386353,12.079045,4950,169.0,263.9
48.385986,12.072707,4850,168.8,264.6
48.385529,12.06658,4750,168.1,263.5
48.384933,12.059044,4650,166.1,263.4
48.384348,12.05193,4550,164.1,263.4
48.383789,12.044413,4450,163.1,263.3
48.383091,12.03545,4350,160.0,263.5
48.382392,12.026126,4250,156.0,263.4
48.381834,12.01832,4150,154.9,263.7
48.381322,12.011381,4050,153.8,264.0
48.38081,12.004515,3950,153.1,263.2
48.380298,11.997359,3850,150.7,264.3
48.379669,11.989464,3750,147.1,263.0
48.379257,11.984042,3700,142.9,263.6
48.378761,11.977555,3600,140.0,263.0
48.378342,11.971858,3525,135.7,264.1
48.377737,11.964328,3425,131.0,263.0
48.377132,11.956378,3325,127.9,263.3
48.37662,11.949945,3225,125.8,263.6
48.376108,11.942861,3125,124.7,264.0
48.375596,11.935489,3050,122.8,263.5
48.375037,11.928912,2950,120.7,263.8
48.374588,11.921645,2875,123.6,264.4
48.374153,11.91554,2775,127.7,264.2
48.373535,11.907771,2700,129.9,263.4
48.373082,11.90159,2600,131.7,263.9
48.372523,11.894652,2500,132.1,262.6
48.371918,11.88699,2400,131.9,263.5
48.371384,11.880376,2300,130.0,262.9
48.370972,11.875305,2250,125.9,263.2
48.370661,11.870222,2150,124.6,264.5
48.370056,11.862699,2075,128.0,262.8
48.369498,11.855621,1975,130.9,263.4
48.368958,11.848121,1900,130.9,263.4
48.368454,11.841501,1800,133.8,263.6
48.367915,11.834082,1700,133.7,264.0
48.36731,11.82643,1600,135.0,263.2
48.36676,11.819317,1500,135.9,263.2
48.364598,11.791402,-50.0,32.5,258.8
48.3644,11.79039,-50.0,28.5,250.3
48.364202,11.789703,-50.0,26.5,244.7
48.364059,11.789298,-50.0,26.5,241.9
48.363705,11.788471,-50.0,25.5,233.4
48.363353,11.78777,-50.0,25.5,233.4
48.363132,11.787318,-50.0,25.5,233.4
48.362678,11.786433,-50.0,25.5,233.4
48.362411,11.785883,-50.0,24.5,236.2
48.361886,11.784807,-50.0,22.5,233.4
48.361642,11.784282,-50.0,21.5,236.2
48.361491,11.783975,-50.0,17.5,233.4
48.361363,11.783686,-50.0,13.2,239.1
48.361313,11.783524,-50.0,13.2,247.5
48.361281,11.783379,-50.0,12.8,255.9
48.361267,11.783101,-50.0,12.8,261.6
48.361235,11.78271,-50.0,13.8,261.6
48.361176,11.78215,-50.0,14.8,261.6
48.36113,11.781552,-50.0,15.5,264.4
48.361095,11.78103,-50.0,16.5,264.4
48.361061,11.780619,-50.0,16.5,264.4
48.36099,11.779639,-50.0,18.5,264.4
48.360935,11.778981,-50.0,18.5,264.4
48.360897,11.7785,-50.0,18.5,264.4
48.360855,11.777907,-50.0,18.5,264.4
48.360816,11.77738,-50.0,14.8,264.4
48.360775,11.777097,-50.0,10.2,253.1
48.360734,11.777018,-50.0,10.2,244.7
48.360443,11.77671,-50.0,9.8,202.5
48.359826,11.776747,-50.0,11.8,171.6
48.359442,11.77682,-50.0,13.8,174.4
48.359093,11.776874,-50.0,14.8,174.4
48.358313,11.777018,-50.0,15.5,171.6
48.35812,11.77708,-50.0,14.8,168.8
48.357929,11.777181,-50.0,14.8,163.1
48.3578,11.777256,-50.0,14.8,157.5
48.357464,11.777488,-50.0,13.2,160.3
48.357033,11.777615,-50.0,14.8,174.4
48.356689,11.777661,-50.0,15.5,174.4
48.356277,11.777731,-50.0,15.5,174.4
48.355858,11.777814,-50.0,16.5,174.4
48.355462,11.777886,-50.0,16.5,174.4
48.355066,11.777958,-50.0,16.5,174.4
48.35463,11.77803,-50.0,16.5,174.4
48.354195,11.778101,-50.0,16.5,174.4
48.353775,11.778193,-50.0,16.5,174.4
48.353348,11.778259,-50.0,15.5,174.4
48.352936,11.77833,-50.0,13.2,174.4
48.352501,11.7784,-50.0,9.8,174.4
48.352283,11.778453,-50.0,9.8,171.6
48.352169,11.778506,-50.0,9.2,165.9
48.35202,11.778629,-50.0,9.2,151.9
48.351929,11.77877,-50.0,9.8,137.8
48.351901,11.778825,-50.0,9.8,132.2
48.351849,11.779087,-50.0,10.2,104.1
48.351866,11.779331,-50.0,9.8,84.4
48.351912,11.779964,-50.0,9.2,84.4
48.351952,11.780372,-50.0,9.2,84.4
48.351982,11.780831,-50.0,9.8,84.4
48.351997,11.781041,-50.0,9.8,84.4
48.349922,11.783054,-50.0,7.8,95.6
48.349096,11.782674,-50.0,9.2,196.9
48.348805,11.781319,-50.0,10.2,261.6
48.348793,11.781094,-50.0,10.8,261.6
48.34877,11.780958,-50.0,10.8,258.8
48.348735,11.780831,-50.0,10.8,250.3
48.348689,11.780705,-50.0,10.2,241.9
48.348633,11.780601,-50.0,9.8,233.4
48.348564,11.78053,-50.0,9.2,225.0
48.348502,11.78047,-50.0,8.8,213.8
48.348433,11.780434,-50.0,8.2,205.3
48.348358,11.780407,-50.0,8.2,196.9
48.348278,11.780407,-50.0,8.2,188.4
48.348209,11.780407,-50.0,8.2,180.0
48.347969,11.780442,-50.0,9.2,177.2
48.347653,11.780488,-50.0,10.2,174.4
48.347315,11.780542,-50.0,10.2,174.4
48.347129,11.780596,-50.0,9.8,171.6
48.346905,11.780777,-50.0,9.2,146.2
48.346873,11.780831,-50.0,9.2,137.8
48.346813,11.781076,-50.0,9.2,109.7
48.346802,11.7812,-50.0,9.2,98.4
48.346815,11.781301,-50.0,9.8,90.0
48.346815,11.781373,-50.0,10.2,87.2
48.34685,11.781644,-50.0,11.8,81.6
48.346896,11.782223,-50.0,15.5,81.6
48.346931,11.782801,-50.0,17.5,84.4
48.346973,11.783347,-50.0,19.5,84.4
48.347374,11.788511,-50.0,22.5,84.4
48.347455,11.78945,-50.0,22.5,84.4
48.347511,11.790196,-50.0,23.5,84.4
48.347557,11.790848,-50.0,23.5,84.4
48.347694,11.792749,-50.0,23.5,84.4
48.347769,11.793588,-50.0,23.5,84.4
48.347793,11.794004,-50.0,22.5,84.4
48.347851,11.794691,-50.0,22.5,84.4
48.347912,11.795478,-50.0,21.5,84.4
48.347967,11.796281,-50.0,21.5,84.4
48.348025,11.796949,-50.0,21.5,84.4
48.348083,11.797636,-50.0,21.5,84.4
48.348118,11.79826,-50.0,21.5,84.4
48.348175,11.798999,-50.0,22.5,84.4
48.348235,11.799678,-50.0,22.5,84.4
48.348301,11.800514,-50.0,19.5,84.4
48.34834,11.801015,-50.0,16.5,84.4
48.348404,11.801852,-50.0,14.8,84.4
48.348421,11.802135,-50.0,13.8,84.4
48.348358,11.80319,-50.0,9.8,115.3
48.348267,11.803383,-50.0,9.8,126.6
48.348153,11.803545,-50.0,9.2,135.0
48.348061,11.803683,-50.0,8.8,140.6
48.34766,11.803929,-50.0,8.2,168.8
48.346355,11.804176,-50.0,7.8,174.4
48.345302,11.804195,-50.0,9.8,185.6
48.344999,11.804159,-50.0,7.8,185.6
48.344707,11.803278,-50.0,16.5,264.4
48.344697,11.803039,-50.0,21.5,264.4
48.344627,11.802186,-50.0,34.5,264.4
48.344433,11.79951,-50.0,63.5,264.4
48.344255,11.797293,-50.0,79.0,264.4
48.344193,11.796499,1500,79.0,0.0
48.344055,11.794739,1500,94.5,263.9
48.343826,11.79171,1500,108.7,263.7
48.343242,11.784138,1500,132.7,264.0
48.343196,11.783271,1500,138.8,263.8
48.343102,11.782114,1500,141.8,263.9
48.342963,11.779946,1500,146.8,264.1
48.342819,11.7784,1500,149.9,263.9
48.342683,11.776766,1550,152.8,264.0
48.34259,11.775103,1575,155.9,263.7
48.342545,11.774597,1600,157.9,263.8
48.342499,11.773963,1625,157.9,263.8
48.342451,11.77279,1650,157.8,264.2
48.342358,11.771851,1700,156.9,263.8
48.342218,11.770116,1800,154.9,263.7
48.342133,11.768681,1875,151.8,264.0
48.341995,11.766639,1975,150.9,263.9
48.341845,11.76455,2075,149.9,263.9
48.341766,11.76347,2125,149.9,263.9
48.341706,11.76231,2175,149.8,264.2
48.341446,11.758681,2275,152.7,264.4
48.34138,11.757539,2325,153.7,264.4
48.341194,11.75501,2425,153.8,264.0
48.340988,11.752413,2525,154.1,263.3
48.340851,11.750723,2625,153.1,263.2
48.340728,11.748721,2725,152.1,263.2
48.34053,11.746709,2825,151.1,263.2
48.340356,11.744529,2900,151.5,262.0
48.340073,11.742413,2975,152.4,259.8
48.339523,11.739385,3050,155.5,254.7
48.338699,11.736286,3125,159.5,249.1
48.337609,11.733037,3225,164.1,243.6
48.336273,11.729666,3325,168.6,239.3
48.334854,11.726708,3400,173.4,235.6
48.33316,11.72368,3475,177.7,230.9
48.332163,11.722123,3525,182.0,228.3
48.331284,11.720792,3550,184.7,227.0
48.33058,11.71981,3575,187.4,225.6
48.329928,11.718943,3600,190.2,223.9
48.328764,11.717569,3625,195.0,220.6
48.327926,11.716702,3650,197.7,218.8
48.326669,11.715473,3700,202.3,215.3
48.324947,11.713956,3800,205.6,211.7
48.322666,11.712365,3900,209.4,207.9
48.321223,11.711498,4000,211.8,203.7
48.319314,11.710631,4100,214.8,199.9
48.317406,11.709908,4200,216.8,196.3
48.315404,11.70933,4300,218.1,194.6
48.312937,11.708824,4400,222.1,189.6
48.310562,11.708535,4500,226.1,185.6
48.307955,11.70839,4600,228.3,183.0
48.305721,11.708246,4700,228.2,182.3
48.30358,11.708173,4800,229.2,182.2
48.300888,11.708045,4900,230.1,181.7
48.2979,11.708101,5000,235.0,180.0
48.295712,11.708318,5050,237.1,178.8
48.292686,11.708968,5150,240.6,175.9
48.291569,11.709257,5175,246.0,171.1
48.289444,11.710088,5275,247.7,167.6
48.286635,11.711354,5375,248.6,165.8
48.28418,11.712764,5475,250.2,162.8
48.282491,11.713739,5550,251.8,160.3
48.281387,11.714524,5575,253.5,158.0
48.279093,11.716196,5625,257.3,155.4
48.275391,11.719454,5725,261.8,151.5
48.272278,11.722483,5775,266.4,148.0
48.269531,11.725229,5850,271.2,146.4
48.266464,11.728328,5900,275.1,146.0
48.264383,11.730435,5975,278.7,146.0
48.260612,11.734266,6050,282.3,146.0
48.257865,11.737085,6125,286.8,146.1
48.254425,11.740511,6175,291.8,146.0
48.250992,11.743962,6225,296.8,146.0
48.248474,11.746568,6275,300.1,145.7
48.247484,11.747565,6325,301.5,145.7
48.245156,11.74995,6400,303.5,145.5
48.243393,11.75185,6475,303.5,145.5
48.241572,11.753709,6550,304.0,145.3
48.239777,11.755512,6650,304.0,145.3
48.237894,11.757539,6750,303.5,145.5
48.236358,11.759057,6825,304.3,145.6
48.234636,11.760792,6925,303.7,145.7
48.231144,11.764334,7125,303.4,146.1
48.228287,11.767132,7300,302.0,146.2
48.225494,11.77009,7500,299.3,145.6
48.222702,11.773118,7700,296.7,144.3
48.21991,11.776358,7900,294.4,143.3
48.217272,11.77944,8100,292.7,141.8
48.214233,11.783259,8300,291.8,140.1
48.211173,11.787318,8500,290.6,138.9
48.208147,11.791293,8700,290.4,138.4
48.205261,11.795124,8900,289.7,138.2
48.202282,11.799172,9075,289.0,138.4
48.198977,11.803509,9275,289.7,138.2
48.194916,11.808965,9475,290.4,138.4
48.191208,11.813894,9650,291.2,138.5
48.186873,11.819627,9850,293.2,138.3
48.182144,11.825937,10050,295.3,138.2
48.177475,11.832275,10250,297.4,138.0
48.174683,11.836008,10350,300.2,138.0
48.173218,11.83798,10400,301.0,138.1
48.171604,11.840154,10425,303.0,137.9
48.169006,11.843614,10475,305.2,138.1
48.16246,11.852487,10550,314.4,138.1
48.154752,11.862769,10675,323.7,138.4
48.146419,11.873826,10800,332.9,138.4
48.139111,11.883545,10900,342.1,138.4
48.130545,11.894883,11025,351.4,138.5
48.122631,11.905377,11150,358.4,138.4
48.120117,11.908687,11200,359.8,138.4
48.11705,11.91275,11275,362.7,138.4
48.111923,11.919617,11475,363.4,138.5
48.10657,11.926645,11675,364.2,138.6
48.102356,11.932251,11875,363.4,138.5
48.093292,11.944199,12275,363.4,138.5
48.083359,11.957382,12675,364.1,138.3
48.072587,11.971717,13075,365.5,138.3
48.06308,11.984299,13475,364.8,138.4
48.055782,11.993972,13750,366.2,138.4
48.043166,12.010592,14150,369.8,138.5
48.03097,12.026719,14550,372.6,138.5
48.018127,12.043762,14950,375.4,138.5
48.005219,12.06086,15350,378.3,138.4
47.990616,12.080223,15750,382.5,138.4
47.978179,12.096581,16150,384.0,138.6
47.9644,12.11468,16550,386.8,138.6
47.950574,12.13292,16950,389.7,138.5
47.936329,12.151654,17350,391.8,138.6
47.922456,12.169823,17750,393.3,138.8
47.90863,12.18734,18150,394.5,139.7
47.894572,12.204895,18550,396.1,140.1
47.878967,12.224281,18950,398.3,140.2
47.86409,12.242683,19350,399.7,140.2
47.850254,12.259897,19750,400.4,140.1
47.835031,12.278841,20150,402.4,139.9
47.826373,12.289687,20350,402.4,139.9
47.809148,12.311237,20700,407.3,139.8
47.792296,12.332224,21050,411.1,140.2
47.781509,12.344582,21250,414.6,142.7
47.763931,12.364082,21600,416.6,143.3
47.745941,12.383926,21975,419.6,143.4
47.728101,12.403564,22350,421.0,143.4
47.71019,12.423271,22700,422.4,143.4
47.692154,12.443253,23050,424.4,143.2
47.674147,12.463285,23400,426.4,143.1
47.655258,12.484314,23750,429.2,143.1
47.635648,12.506174,24100,430.6,143.0
47.615677,12.528428,24450,433.4,143.0
47.595566,12.550919,24775,435.6,143.0
47.575316,12.5735,25100,438.4,143.0
47.555099,12.595963,25425,440.0,143.1
47.533466,12.619911,25750,443.6,143.2
47.510468,12.645332,26050,447.2,143.2
47.487333,12.670828,26350,449.4,143.2
47.464874,12.695663,26675,453.0,143.3
47.442169,12.720657,27000,454.4,143.2
47.417411,12.747873,27275,457.4,143.4
47.393875,12.773666,27575,460.2,143.3
47.371092,12.79865,27900,461.0,143.4
47.348053,12.82386,28200,462.4,143.4
47.324633,12.849497,28500,463.8,143.3
47.301543,12.874779,28800,465.2,143.3
47.27808,12.900485,29100,466.0,143.4
47.254199,12.926542,29400,467.4,143.4
47.22813,12.954994,29700,469.6,143.4
47.202992,12.982319,30000,471.0,143.4
47.18046,13.006897,30350,470.4,143.5
47.158674,13.03063,30675,469.6,143.4
47.136887,13.054293,31000,469.6,143.4
47.112946,13.080322,31325,469.6,143.4
47.090242,13.104999,31650,469.0,143.5
47.066803,13.130447,31950,469.6,143.4
47.043504,13.155635,32250,469.8,143.6
47.016969,13.184298,32525,470.6,143.6
46.990585,13.212708,32800,472.0,143.6
46.967148,13.237839,33000,473.6,143.8
46.962753,13.242577,33025,474.2,143.7
46.956207,13.249649,33025,475.0,143.7
46.92128,13.286865,33000,474.7,144.0
46.886719,13.323532,33000,473.8,143.9
46.851569,13.361023,33000,470.8,143.8
46.816561,13.398445,33000,469.2,143.7
46.78188,13.435524,33000,468.0,143.9
46.74733,13.472454,33000,467.6,143.5
46.712769,13.510035,33000,466.4,143.1
46.679352,13.546545,33000,467.0,143.0
46.645111,13.584059,33000,466.2,142.9
46.610962,13.621171,33000,466.6,143.3
46.576678,13.658203,33000,466.0,143.4
46.570038,13.665384,33000,466.0,143.4
46.566605,13.669136,33025,466.0,143.4
46.550537,13.686419,33175,465.2,143.3
46.524399,13.714689,33450,464.4,143.2
46.496282,13.745132,33700,464.4,143.2
46.468323,13.775449,33950,466.4,143.1
46.436137,13.810226,34175,469.4,143.2
46.407367,13.841125,34425,470.4,143.5
46.383533,13.8666,34750,468.4,143.6
46.362442,13.888996,35100,465.0,143.8
46.346191,13.90628,35350,463.4,143.6
46.320501,13.933617,35625,462.0,143.6
46.295013,13.960609,35900,460.6,143.6
46.270889,13.986132,36200,457.8,143.7
46.246902,14.011482,36500,454.2,143.7
46.222136,14.037712,36775,452.0,143.6
46.199615,14.061629,37000,449.8,143.6
46.193939,14.067725,37025,451.2,143.6
46.160966,14.102943,37025,456.8,143.5
46.127335,14.138667,37025,463.4,143.6
46.092767,14.175385,37000,464.2,143.7
46.058551,14.211502,37025,464.4,143.9
46.023697,14.247526,37000,463.1,144.5
45.990097,14.281959,37000,460.1,144.4
45.956648,14.316628,37000,458.6,143.8
45.922989,14.352298,37000,459.0,143.5
45.88952,14.387695,37000,459.0,143.5
45.856247,14.422838,37000,457.2,143.8
45.822671,14.45787,37000,457.2,143.8
45.789154,14.492958,37000,457.2,143.8
45.755264,14.528458,37000,457.2,143.8
45.721886,14.563408,37000,457.2,143.8
45.688275,14.598427,37000,457.5,144.0
45.65513,14.632828,37000,457.5,144.0
45.62114,14.667954,37000,457.7,144.2
45.587402,14.702722,37000,457.7,144.2
45.553553,14.73761,37000,457.7,144.2
45.527251,14.765089,37000,460.0,143.1
45.501984,14.793287,37000,462.9,141.8
45.468921,14.830203,37000,464.3,141.8
45.435883,14.867118,37000,465.7,141.8
45.402444,14.904428,37000,465.7,141.8
45.368321,14.942478,37000,467.9,141.9
45.335312,14.979204,37000,469.9,141.7
45.30217,15.016545,37000,470.4,141.5
45.268616,15.054212,37000,470.7,141.8
45.234924,15.091618,36975,468.7,141.9
45.201804,15.128375,36975,464.3,141.8
45.16864,15.165057,37000,459.7,142.2
45.135933,15.200858,37000,457.0,142.4
45.10316,15.23663,37000,458.4,142.4
45.069672,15.273285,37000,460.5,142.2
45.036637,15.309381,37025,460.5,142.2
45.003957,15.34502,37000,461.2,142.3
44.970337,15.381579,37000,459.7,142.2
44.937378,15.417807,37000,459.5,142.0
44.90451,15.454036,37000,458.1,142.0
44.871935,15.489718,37000,456.7,142.0
44.839325,15.525317,37000,457.7,142.3
44.806137,15.56148,36975,460.5,142.2
44.773132,15.597447,36975,461.2,142.3
44.739866,15.633545,37000,461.2,142.3
44.707031,15.66912,37000,462.0,142.4
44.673622,15.705224,37000,462.0,142.4
44.640663,15.740796,37000,462.0,142.4
44.607844,15.776233,37000,462.7,142.3
44.574692,15.811877,37000,463.6,142.5
44.541414,15.84751,37000,464.2,142.4
44.50795,15.883418,37000,464.4,142.6
44.474533,15.919124,37000,465.0,142.5
44.441254,15.954633,37000,464.4,142.6
44.408088,15.989931,37000,463.6,142.5
44.375244,16.025064,37000,462.2,142.6
44.341736,16.060835,37000,460.8,142.6
44.30856,16.096177,37000,460.8,142.6
44.275589,16.131134,37000,461.0,142.8
44.242874,16.165712,37000,461.0,142.8
44.209962,16.200614,37000,461.6,142.7
44.176351,16.236093,37000,461.0,142.8
44.143439,16.270883,37000,461.0,142.8
44.11048,16.305738,37000,459.6,142.8
44.07724,16.340694,37000,459.0,142.9
44.043584,16.376038,37000,457.6,142.9
44.01059,16.410636,37000,457.6,142.9
43.977905,16.444936,37000,457.6,142.9
43.944242,16.480146,37000,457.6,142.9
43.910751,16.515198,37000,457.6,142.9
43.878021,16.54937,37000,457.0,143.0
43.846619,16.582138,37000,457.6,142.9
43.812313,16.618064,37000,458.2,142.8
43.778842,16.652985,37000,458.4,143.0
43.746209,16.686925,37000,458.4,143.0
43.714041,16.72021,37000,457.2,143.2
43.679626,16.755747,37000,457.2,143.2
43.645569,16.79075,37000,458.0,143.3
43.612138,16.825169,37000,457.2,143.2
43.578667,16.859632,37000,456.6,143.3
43.547379,16.89199,37000,457.8,142.4
43.535614,16.905468,37000,460.6,139.8
43.524124,16.919903,37000,462.8,137.3
43.513727,16.934182,37000,465.3,134.5
43.484259,16.976362,37000,464.7,133.9
43.456055,17.016609,37000,464.7,133.9
43.426117,17.059276,37000,463.9,133.9
43.396601,17.101266,37000,463.9,133.9
43.367111,17.143207,37000,463.2,134.0
43.338458,17.183664,37000,461.8,134.2
43.308655,17.225668,37000,461.1,134.1
43.279175,17.267314,37000,460.4,134.2
43.250885,17.307235,37000,460.4,134.0
43.221053,17.349374,37000,460.4,134.0
43.191818,17.390769,37000,459.0,134.0
43.162216,17.432428,37000,458.2,134.3
43.132883,17.473493,37000,457.5,134.2
43.103577,17.514379,37000,456.8,134.5
43.074966,17.5543,37000,456.1,134.4
43.046127,17.594668,37000,456.8,134.3
43.016875,17.635542,37000,457.5,134.4
42.987534,17.676363,37000,457.5,134.4
42.958219,17.717285,37000,457.5,134.4
42.928705,17.758222,37000,458.9,134.4
42.899139,17.799257,37000,458.2,134.5
42.870142,17.839377,37000,457.5,134.6
42.841003,17.87961,37000,456.8,134.6
42.811523,17.920043,37000,455.4,134.6
42.78273,17.959713,37000,454.7,134.6
42.753436,18.000013,37000,454.7,134.6
42.724136,18.0403,37000,454.0,134.6
42.694794,18.0805,37000,453.3,134.7
42.665771,18.120325,37000,454.0,134.6
42.637427,18.159187,37000,453.3,134.6
42.608231,18.199227,37000,453.3,134.7
42.578958,18.239093,37000,451.8,134.9
42.549723,18.278887,37000,449.7,134.8
42.52121,18.31758,37000,448.3,134.8
42.492696,18.356238,37000,446.2,134.9
42.463989,18.395171,37000,445.5,135.0
42.435196,18.43406,37000,444.8,134.9
42.406769,18.472512,37000,444.1,135.0
42.378983,18.51009,37000,442.6,135.0
42.350006,18.548917,37000,441.9,135.3
42.321291,18.587462,37000,441.2,135.0
42.293034,18.625595,37000,441.2,134.8
42.264404,18.664239,37000,441.2,135.0
42.236007,18.702435,37000,441.2,135.0
42.208099,18.740054,37000,442.6,135.0
42.17981,18.778007,37000,444.1,135.2
42.150165,18.817536,37000,444.1,135.2
42.122141,18.854647,37000,443.4,135.8
42.112289,18.866397,37000,440.7,138.7
42.101332,18.87828,37000,438.4,141.5
42.090299,18.889203,37000,436.2,143.6
42.074518,18.903766,37000,436.0,145.6
42.041519,18.93425,37000,437.2,145.4
42.0086,18.96483,37000,439.7,145.2
41.975876,18.995236,37000,441.9,145.2
41.942496,19.026404,37000,444.7,145.2
41.908401,19.058096,37000,445.5,145.2
41.875717,19.088308,37000,445.8,145.4
41.842175,19.119213,37000,445.8,145.4
41.808243,19.150356,37000,446.0,145.6
41.776245,19.17957,37000,446.0,145.6
41.743011,19.209969,37000,446.6,145.5
41.7102,19.239999,37000,447.4,145.6
41.676041,19.27133,37000,448.0,145.5
41.64212,19.302479,37000,448.0,145.5
41.608157,19.333766,37000,447.1,145.4
41.575292,19.36385,37000,447.1,145.4
41.541962,19.394365,37000,447.4,145.6
41.508675,19.424722,37000,446.8,145.7
41.474991,19.455164,37000,445.7,145.9
41.440569,19.486169,37000,446.3,145.8
41.407471,19.516338,37000,446.6,145.5
41.374054,19.546692,37000,446.8,145.7
41.340482,19.577075,37000,446.8,145.7
41.306313,19.607974,37000,446.8,145.7
41.273438,19.637756,37000,448.2,145.6
41.2397,19.668213,37000,449.1,145.7
41.206691,19.698049,37000,449.9,145.8
41.172289,19.728948,37000,449.9,145.8
41.138352,19.759348,37000,450.1,146.0
41.105347,19.788879,37000,450.7,145.9
41.070648,19.819946,37000,451.5,145.9
41.03738,19.849673,37000,451.5,145.9
41.002716,19.880676,37000,452.1,145.8
40.968995,19.910909,37000,450.7,145.9
40.9345,19.941684,37000,450.1,146.0
40.900681,19.971802,37000,448.8,146.0
40.866301,20.002233,37000,449.0,146.2
40.832153,20.032471,37000,447.9,145.9
40.79837,20.062561,37000,447.9,145.9
40.764491,20.092621,37000,447.4,146.0
40.730229,20.123021,37000,446.8,146.1
40.696432,20.152796,37000,446.8,146.1
40.662681,20.182571,37000,446.8,146.1
40.629135,20.212158,37000,446.8,146.1
40.594482,20.242737,37000,447.4,146.0
40.561661,20.271545,37025,447.1,146.3
40.533829,20.295593,37000,446.9,147.5
40.520691,20.305786,37000,445.8,150.0
40.505951,20.315979,37000,444.6,152.4
40.479545,20.332947,37000,442.7,153.7
40.443054,20.356628,37000,441.0,153.6
40.406132,20.380637,37000,439.6,153.7
40.371218,20.403234,37000,438.7,153.6
40.334861,20.426705,37000,438.3,153.7
40.30014,20.449036,37000,436.9,153.8
40.264023,20.472229,37000,436.9,153.8
40.228768,20.494808,37000,437.8,153.8
40.192969,20.517717,37000,437.4,154.0
40.156659,20.540938,37000,437.8,153.8
40.121567,20.563416,37000,436.9,153.8
40.086737,20.585695,37000,435.6,153.9
40.050426,20.608729,37000,433.8,154.3
40.014954,20.630371,37000,433.5,155.0
39.985533,20.648429,37000,433.8,154.0
39.973895,20.656607,37000,435.0,151.1
39.962163,20.665783,37000,436.3,148.5
39.949448,20.676758,37000,437.9,146.0
39.938324,20.687317,37000,439.0,143.5
39.907092,20.717773,37000,438.0,143.3
39.875519,20.748337,37000,438.0,143.3
39.844293,20.778564,37000,436.6,143.3
39.811939,20.809875,37000,436.6,143.3
39.780487,20.840288,37000,436.6,143.3
39.748123,20.871456,37000,436.0,143.4
39.716554,20.901917,37000,435.8,143.2
39.683967,20.93335,37000,435.2,143.3
39.651627,20.964541,37000,434.4,143.2
39.620087,20.995052,37000,435.2,143.3
39.588489,21.025391,37000,435.2,143.3
39.556549,21.056134,37000,436.6,143.3
39.52478,21.086585,37000,436.8,143.5
39.491986,21.118164,37000,436.6,143.3
39.460419,21.148443,37000,437.4,143.4
39.429187,21.178345,37000,437.4,143.4
39.396693,21.209351,37000,437.0,143.6
39.364991,21.239441,37000,436.2,143.6
39.332657,21.270128,37000,434.2,143.7
39.30168,21.299438,37000,434.0,143.5
39.270211,21.329285,37000,433.4,143.6
39.238648,21.359253,37000,432.6,143.6
39.20636,21.389843,37000,432.0,143.7
39.17482,21.419638,37000,432.0,143.7
39.143005,21.449791,37000,431.8,143.5
39.111557,21.479645,37000,431.2,143.6
39.080109,21.509499,37000,431.2,143.6
39.048529,21.539246,37000,431.4,143.8
39.016937,21.568968,37000,431.4,143.8
38.985637,21.598328,37000,431.4,143.8
38.953537,21.628498,37000,431.4,143.8
38.921116,21.658997,37000,431.4,143.8
38.889679,21.688564,37000,432.0,143.7
38.857991,21.71814,37000,431.1,144.1
38.825592,21.748153,37000,431.6,143.9
38.79332,21.778186,37000,431.6,143.9
38.761734,21.807622,37000,431.6,143.9
38.729782,21.837357,37000,431.6,143.9
38.698196,21.866793,37000,431.4,143.8
38.666611,21.89623,37000,431.4,143.8
38.635797,21.924988,37000,430.8,143.9
38.603943,21.954386,37000,430.5,144.2
38.571881,21.983948,37000,430.5,144.2
38.540458,22.012939,37000,429.7,144.1
38.508041,22.042933,37000,430.2,144.0
38.475861,22.072787,37000,430.2,144.0
38.444328,22.10199,37000,430.2,144.0
38.412048,22.131724,37000,429.7,144.1
38.380692,22.160651,37000,429.7,144.1
38.349221,22.189517,37000,429.1,144.2
38.317287,22.218714,37000,429.1,144.2
38.284836,22.248483,37000,429.1,144.2
38.25325,22.277293,37000,429.9,144.3
38.221436,22.306454,37000,430.5,144.2
38.189804,22.335497,37000,431.1,144.1
38.15738,22.365179,37000,431.3,144.2
38.125031,22.394578,37000,432.1,144.3
38.093277,22.423454,37000,432.7,144.2
38.061447,22.452373,37000,433.5,144.3
38.028802,22.482088,37000,434.3,144.4
37.996719,22.511103,37000,434.3,144.4
37.964905,22.539972,37000,434.3,144.4
37.932861,22.569015,37000,434.9,144.3
37.900551,22.59828,37000,435.7,144.3
37.86829,22.627477,37000,436.3,144.2
37.836044,22.656672,37000,436.5,144.4
37.803955,22.685573,37000,436.5,144.4
37.7715,22.714818,37000,436.5,144.4
37.738875,22.744207,37000,436.5,144.4
37.706726,22.773139,37000,436.5,144.4
37.692307,22.786696,37000,438.8,142.7
37.683618,22.795795,37000,441.2,139.6
37.674493,22.806483,37000,442.9,136.8
37.665695,22.817708,37000,444.8,134.2
37.656338,22.830844,37000,447.1,131.3
37.648284,22.843382,37000,448.8,128.8
37.640371,22.856877,37000,450.5,125.9
37.632689,22.871266,37000,452.4,123.1
37.609553,22.915749,37000,452.6,123.4
37.587161,22.958321,37000,452.4,123.6
37.564537,23.001311,37000,452.4,123.6
37.54129,23.045518,37000,452.6,123.4
37.518124,23.08944,37000,452.4,123.6
37.495174,23.132789,37000,452.4,123.6
37.471985,23.176653,37000,452.4,123.6
37.450158,23.217873,37000,452.4,123.6
37.427673,23.260564,37000,451.8,123.4
37.404909,23.303614,37000,451.5,123.6
37.382006,23.346544,37000,452.6,123.8
37.359238,23.389016,37000,451.8,123.9
37.336152,23.431927,37000,452.4,124.0
37.312592,23.475738,37000,451.8,123.9
37.289932,23.517872,37000,451.8,123.9
37.266556,23.561435,37000,451.8,123.9
37.243606,23.604245,37000,452.6,123.8
37.220981,23.646459,37000,452.6,123.8
37.198404,23.688673,37000,452.6,123.8
37.174848,23.732678,37000,453.5,123.8
37.151944,23.775668,37000,454.3,123.7
37.128622,23.819374,37000,455.1,123.6
37.105578,23.862484,37000,455.7,123.7
37.082488,23.905593,37000,456.2,123.8
37.059402,23.948325,37000,456.8,123.9
37.036606,23.990576,37000,457.6,123.9
37.01358,24.03306,37000,457.9,124.1
36.990097,24.076187,37000,458.5,124.2
36.96676,24.11905,37000,460.1,124.1
36.94353,24.161861,37000,460.1,124.1
36.919693,24.205627,37000,460.7,124.2
36.896745,24.247662,37000,460.7,124.2
36.889069,24.261786,36975,459.3,124.2
36.884828,24.269575,36925,459.3,124.2
36.881243,24.276083,36850,458.5,124.2
36.87616,24.285395,36750,457.1,124.2
36.870071,24.296563,36575,456.3,124.3
36.857437,24.31964,36200,454.9,124.2
36.845993,24.340668,35800,454.3,124.1
36.836134,24.358735,35425,454.9,124.2
36.825943,24.377174,35025,455.2,124.5
36.816349,24.394616,34625,456.0,124.5
36.806213,24.41288,34225,457.4,124.5
36.796875,24.429817,33825,457.4,124.5
36.786696,24.448203,33425,458.8,124.5
36.777385,24.464858,33025,458.3,124.9
36.767487,24.482517,32625,459.7,124.9
36.760626,24.494778,32350,459.9,124.7
36.754249,24.506349,32150,459.4,124.6
36.741714,24.52898,31750,456.0,124.5
36.731323,24.547749,31375,455.2,124.5
36.723312,24.562168,31100,454.4,124.6
36.710495,24.585285,30700,451.6,124.5
36.697998,24.60783,30300,448.5,124.7
36.684998,24.63129,29900,445.8,124.6
36.672829,24.653262,29525,443.0,124.5
36.660539,24.67541,29150,439.4,124.5
36.648285,24.697437,28775,437.7,124.7
36.636332,24.718946,28375,434.9,124.6
36.623949,24.741036,27975,432.5,124.8
36.61116,24.76387,27600,428.9,124.8
36.600207,24.782702,27225,426.0,126.6
36.594681,24.79105,27075,423.2,129.8
36.586847,24.801694,26875,420.4,132.5
36.578374,24.812213,26625,417.2,135.6
36.568863,24.822865,26400,415.7,138.2
36.558869,24.833075,26150,412.3,140.9
36.548814,24.842425,25900,410.8,143.2
36.536316,24.853191,25600,408.6,145.6
36.519836,24.867268,25200,407.5,145.3
36.504449,24.880527,24825,405.8,145.1
36.488251,24.894562,24425,404.2,145.0
36.47525,24.905891,24125,403.4,144.9
36.45932,24.91991,23725,401.5,144.5
36.443652,24.933647,23350,400.9,144.6
36.427545,24.947847,22975,399.3,144.5
36.41195,24.961639,22575,397.9,144.5
36.395471,24.976131,22175,395.9,144.7
36.378013,24.991325,21775,394.0,144.8
36.369075,24.999097,21575,392.6,144.9
36.366348,25.001507,21525,392.6,144.9
36.363235,25.004196,21500,391.2,144.9
36.353394,25.012779,21400,387.6,144.9
36.336629,25.027323,21275,378.2,144.8
36.321396,25.040588,21175,368.7,144.7
36.306276,25.053795,21050,359.6,144.9
36.294296,25.06422,20950,352.4,144.8
36.275894,25.080128,20675,347.6,145.1
36.257071,25.096338,20375,341.2,145.1
36.23996,25.111084,20025,339.0,145.1
36.223801,25.124931,19700,337.0,145.3
36.207779,25.13855,19350,335.6,145.3
36.191944,25.152146,19025,334.0,145.1
36.175418,25.166405,18700,331.8,145.1
36.159073,25.18055,18400,328.2,145.1
36.142914,25.194397,18075,326.2,145.2
36.126251,25.208645,17725,324.3,145.4
36.110641,25.221977,17375,322.6,145.2
36.095162,25.235304,17000,322.4,145.0
36.082453,25.24629,16700,322.4,145.0
36.075377,25.252367,16550,322.4,145.0
36.071607,25.25564,16500,321.0,145.0
36.051682,25.272789,16325,311.6,144.9
36.03804,25.284519,16250,303.0,144.9
36.022587,25.297832,16150,293.8,145.1
36.017578,25.302143,16075,290.2,145.1
35.99959,25.317467,15825,288.8,145.1
35.982925,25.331609,15650,295.4,145.3
35.971008,25.341778,15525,304.0,145.0
35.963791,25.347862,15450,308.0,146.0
35.960114,25.351011,15400,309.0,145.0
35.95697,25.353699,15350,310.0,145.0
35.949688,25.359894,15275,311.0,145.0
35.946335,25.362757,15225,312.0,145.0
35.942963,25.365601,15200,313.0,146.0
35.935673,25.371815,15100,311.0,145.0
35.931625,25.375263,15050,311.0,145.0
35.924698,25.381165,15000,310.0,145.0
35.917511,25.387287,15000,310.0,145.0
35.896523,25.405241,15000,308.0,145.0
35.875435,25.423241,15000,307.0,145.0
35.862076,25.434635,14975,304.0,146.0
35.855373,25.44042,14975,297.0,145.0
35.848156,25.446615,14975,292.0,145.0
35.841568,25.452232,14975,286.0,145.0
35.835728,25.457191,14975,279.0,145.0
35.823029,25.468082,15000,270.0,145.0
35.804626,25.483704,15000,263.0,146.0
35.789886,25.496292,15000,265.0,145.0
35.769424,25.513573,15000,268.0,145.0
35.752625,25.527821,15000,270.0,146.0
35.731064,25.546074,15000,271.0,145.0
35.715775,25.559006,15000,271.0,145.0
35.696629,25.575354,15000,272.0,145.0
35.690872,25.580692,15000,272.0,142.0
35.673615,25.597744,15000,272.0,141.0
35.667023,25.60421,15000,272.0,142.0
35.661388,25.609482,15000,270.0,143.0
35.658829,25.611649,15000,269.0,146.0
35.648445,25.618481,15000,267.0,154.0
35.64505,25.620174,15000,266.0,158.0
35.637268,25.623264,15000,266.0,162.0
35.634384,25.624065,15000,266.0,167.0
35.631226,25.624866,15000,266.0,168.0
35.627499,25.62561,15000,265.0,171.0
35.619553,25.626411,15000,266.0,175.0
35.612091,25.626312,15000,265.0,182.0
35.605339,25.625435,15000,265.0,186.0
35.594913,25.622629,15000,265.0,194.0
35.58728,25.619373,15000,265.0,200.0
35.580276,25.615425,15000,265.0,205.0
35.574242,25.611176,15000,266.0,210.0
35.571217,25.608604,15000,265.0,215.0
35.56591,25.603521,15000,266.0,218.0
35.557625,25.59341,15000,266.0,226.0
35.552876,25.585932,15000,266.0,234.0
35.546951,25.574684,15000,267.0,237.0
35.536953,25.555836,15000,267.0,237.0
35.530857,25.544382,14875,268.0,237.0
35.526764,25.53669,14775,268.0,237.0
35.52475,25.532856,14725,268.0,237.0
35.51825,25.520611,14575,268.0,237.0
35.516609,25.5175,14525,267.0,237.0
35.514542,25.51363,14475,267.0,237.0
35.510513,25.50593,14350,267.0,237.0
35.508591,25.5023,14350,266.0,237.0
35.506557,25.498449,14175,265.0,237.0
35.502457,25.490685,14175,265.0,237.0
35.50058,25.487137,14175,265.0,237.0
35.490494,25.467886,14000,264.9,237.3
35.486912,25.461107,14000,264.9,237.0
35.480671,25.449245,13975,263.0,237.0
35.478699,25.445423,13900,262.0,238.0
35.464939,25.419325,13575,261.0,237.0
35.463089,25.415955,13525,261.0,236.0
35.45668,25.403824,13375,260.0,237.0
35.455399,25.401478,13350,260.0,236.0
35.451065,25.393261,13225,260.0,237.0
35.4478,25.386772,13150,260.0,239.0
35.44371,25.373743,13000,260.0,256.0
35.44315,25.36153,12975,260.0,269.0
35.443569,25.356853,12975,260.0,276.0
35.444275,25.352554,12975,261.0,281.0
35.448349,25.339909,13000,263.0,297.0
35.449577,25.337395,13000,264.0,301.0
35.457767,25.325825,13000,266.0,317.0
35.464378,25.320213,13000,269.0,325.0
35.467987,25.318108,13875,270.0,335.0
35.48291,25.314045,13000,271.0,337.0
35.486678,25.314136,13000,271.0,337.0
35.501678,25.319023,13000,280.0,23.0
35.511303,25.326992,13875,281.0,39.0
35.513817,25.33003,13875,282.0,44.0
35.519028,25.338421,13875,282.0,53.0
35.52095,25.342026,13875,282.0,57.0
35.529366,25.358082,12975,282.0,57.0
35.531414,25.361822,12925,282.0,56.0
35.535919,25.370178,12850,282.0,56.0
35.538208,25.374413,12775,282.0,56.0
35.544525,25.386143,12650,282.0,57.0
35.546814,25.390377,12600,281.0,56.0
35.553527,25.402787,12450,280.1,56.7
35.561348,25.418097,12250,279.0,59.0
35.563164,25.422771,12200,279.0,64.0
35.564346,25.426998,12150,278.0,71.0
35.565811,25.441189,12000,273.0,88.0
35.565536,25.445194,11950,272.0,95.0
35.564026,25.454235,11850,269.0,102.0
35.56279,25.458771,11800,268.0,108.0
35.561462,25.462818,11750,269.0,112.0
35.556877,25.476009,11575,270.0,113.0
35.552582,25.488167,11400,270.0,113.0
35.551117,25.492229,11350,270.0,114.0
35.547867,25.501328,11250,268.0,114.0
35.54501,25.509319,11125,269.0,114.0
35.541702,25.51861,11025,268.0,114.0
35.540588,25.521584,10975,267.0,115.0
35.537476,25.530281,10850,267.0,114.0
35.534439,25.538654,10750,266.0,114.0
35.530109,25.550575,10600,265.0,114.0
35.524151,25.566938,10400,263.0,114.0
35.522598,25.571194,10325,262.0,114.0
35.52108,25.575178,10275,262.0,115.0
35.518204,25.583096,10200,261.0,114.0
35.515137,25.591278,10100,259.0,115.0
35.51207,25.599575,9975,260.0,114.0
35.510651,25.603346,9925,259.0,115.0
35.506138,25.615326,9775,258.0,115.0
35.501297,25.628006,9575,258.0,115.0
35.500271,25.630812,9525,258.0,114.0
35.498455,25.635546,9450,258.0,115.0
35.496964,25.639458,9400,258.0,115.0
35.492542,25.651207,9225,258.0,115.0
35.48798,25.663128,9050,257.0,115.0
35.483414,25.674877,8875,257.0,116.0
35.481789,25.679022,8825,256.0,116.0
35.480438,25.682487,8775,256.0,116.0
35.475739,25.694159,8600,256.0,117.0
35.473831,25.698015,8525,254.0,121.0
35.469269,25.70491,8400,253.0,129.0
35.466522,25.707891,8350,253.0,138.0
35.463959,25.710228,8300,253.0,143.0
35.457504,25.714073,8200,252.0,154.0
35.453625,25.715721,8125,254.0,161.0
35.450321,25.716831,8075,254.0,165.0
35.443771,25.718594,7950,253.0,168.0
35.439789,25.719109,7875,253.0,174.0
35.43626,25.719053,7800,253.0,181.0
35.426468,25.71619,7650,254.0,199.0
35.423218,25.714188,7575,254.0,207.0
35.414803,25.706606,7425,253.0,221.0
35.410263,25.699997,7300,251.0,232.0
35.406601,25.692158,7200,250.0,240.0
35.405365,25.688267,7125,249.0,249.0
35.403675,25.680307,7025,248.0,255.0
35.40303,25.67625,6975,247.0,259.0
35.402435,25.672131,6900,247.0,260.0
35.401062,25.664005,6775,248.0,258.0
35.400276,25.659855,6700,248.0,257.0
35.398739,25.651615,6575,248.0,257.0
35.397205,25.6432,6450,249.0,257.0
35.395752,25.635166,6325,249.0,258.0
35.394924,25.630869,6275,249.0,257.0
35.394226,25.627131,6225,249.0,257.0
35.392643,25.618597,6125,248.0,257.0
35.391953,25.615025,6075,248.0,257.0
35.391014,25.610008,6000,248.0,257.0
35.389568,25.602352,5925,247.0,257.0
35.388779,25.598261,5875,246.0,257.0
35.38797,25.59391,5825,245.0,257.0
35.385708,25.581665,5700,244.0,258.0
35.384995,25.577831,5650,244.0,257.0
35.383713,25.570335,5550,242.0,258.0
35.382866,25.565712,5475,242.0,257.0
35.382214,25.561855,5425,242.0,258.0
35.380737,25.553513,5350,240.0,258.0
35.380005,25.549507,5300,240.0,257.0
35.379318,25.545502,5250,240.0,258.0
35.377979,25.537661,5125,239.0,258.0
35.377186,25.533104,5075,239.0,258.0
35.376022,25.526266,5000,238.0,258.0
35.375324,25.522291,4975,237.0,258.0
35.374626,25.518143,4950,236.0,258.0
35.37323,25.509903,4900,231.0,258.0
35.372066,25.502773,4825,228.0,259.0
35.370163,25.491829,4775,221.0,258.0
35.369553,25.488106,4750,220.0,259.0
35.368195,25.480442,4700,215.0,258.0
35.367691,25.477467,4675,213.0,258.0
35.366959,25.473404,4625,212.0,258.0
35.365177,25.463327,4525,209.0,258.0
35.364525,25.459705,4500,207.0,258.0
35.363174,25.453394,4400,205.0,255.0
35.362244,25.449829,4350,204.0,252.0
35.361172,25.44644,4325,203.0,249.0
35.357712,25.437183,4200,200.0,244.0
35.356564,25.434284,4150,199.0,244.0
35.354141,25.428028,4025,198.0,245.0
35.352982,25.425051,3950,198.0,244.0
35.351898,25.422249,3875,197.0,245.0
35.349564,25.416012,3750,196.0,245.0
35.348419,25.413013,3675,196.0,245.0
35.347183,25.40966,3600,195.0,246.0
35.344986,25.403881,3475,194.0,245.0
35.343842,25.400906,3400,195.0,245.0
35.341782,25.395298,3300,193.0,246.0
35.340549,25.391975,3250,193.0,246.0
35.339447,25.389118,3200,193.0,245.0
35.338131,25.385607,3125,194.0,245.0
35.335896,25.379995,2975,194.0,244.0
35.332489,25.371494,2800,197.0,244.0
35.331253,25.368347,2725,197.0,244.0
35.3284,25.359133,2525,199.0,251.0
35.327888,25.355276,2450,198.0,261.0
35.32798,25.345167,2300,195.0,273.0
35.328308,25.34201,2275,194.0,277.0
35.329006,25.332369,2175,191.0,275.0
35.329193,25.329494,2175,189.0,275.0
35.329842,25.31963,2175,183.0,274.0
35.329983,25.316942,2150,183.0,274.0
35.3302,25.313759,2125,182.0,275.0
35.33075,25.304661,2025,177.0,274.0
35.331345,25.295963,1925,173.0,274.0
35.331612,25.292631,1875,171.0,276.0
35.331802,25.289898,1825,168.0,275.0
35.332352,25.282001,1700,163.0,275.0
35.332588,25.278898,1625,162.0,275.0
35.333054,25.273756,1500,161.0,276.0
35.333286,25.270599,1450,160.0,275.0
35.333725,25.265465,1350,159.0,276.0
35.334137,25.260372,1250,159.0,276.0
35.334591,25.254822,1150,159.0,276.0
35.334824,25.252132,1075,160.0,276.0
35.335464,25.243893,925,161.0,275.0
35.335617,25.241497,875,162.0,274.0
35.3358,25.238459,825,161.0,274.0
35.335987,25.235771,775,160.0,275.0
35.336269,25.230394,650,160.0,274.0
35.336452,25.227591,625,161.0,275.0
35.336884,25.222263,550,160.0,276.0
35.337337,25.216837,450,160.0,276.0
35.337708,25.211449,375,161.0,275.0
35.33812,25.205727,275,162.0,276.0
35.33844,25.200291,175,163.0,274.0
35.33876,25.195084,100,161.0,274.0
35.339062,25.190948,25,162.0,275.0
35.339851,25.179379,43,143.0,275.0
35.339993,25.176867,43,143.0,274.0
35.340191,25.174328,-50.0,85.0,0.0
35.340385,25.171381,-50.0,40.0,0.0
35.340408,25.171066,-50.0,38.0,0.0
35.340466,25.170336,-50.0,32.0,0.0
35.340481,25.170073,-50.0,30.0,0.0
35.340225,25.168743,-50.0,8.0,0.0
35.340153,25.1688,-50.0,9.0,0.0
35.339993,25.16902,-50.0,10.0,0.0
35.33939,25.171467,-50.0,13.0,0.0
35.339363,25.171797,-50.0,14.0,0.0
35.339329,25.172424,-50.0,16.0,0.0
35.339317,25.172556,-50.0,16.0,0.0
35.339249,25.173607,-50.0,14.0,0.0
35.339222,25.17387,-50.0,13.0,0.0
35.339172,25.174612,-50.0,10.0,0.0
35.339115,25.174856,-50.0,8.0,0.0
35.338676,25.174995,-50.0,8.0,0.0
35.338131,25.174271,-50.0,3.0,0.0
35.340595,25.168451,50,173.0,274.0
35.340775,25.165672,150,175.0,274.0
35.341003,25.162354,325,173.0,275.0
35.341248,25.159393,500,171.0,276.0
35.341995,25.153782,775,172.0,279.0
35.342739,25.151211,900,175.0,290.0
35.345535,25.146103,1175,175.0,304.0
35.347115,25.144432,1275,176.0,319.0
35.3493,25.14262,1400,176.0,326.0
35.351631,25.141394,1700,175.0,337.0
35.356285,25.139757,1900,170.0,344.0
35.35817,25.139122,2050,168.0,345.0
35.360569,25.138296,2200,170.0,344.0
35.36499,25.136948,2400,172.0,346.0
35.367783,25.136192,2525,173.0,348.0
35.372131,25.135002,2750,173.0,347.0
35.374813,25.134323,2900,173.0,348.0
35.377232,25.133621,3050,172.0,347.0
35.379639,25.132885,3200,170.0,346.0
35.383053,25.131693,3375,173.0,344.0
35.390213,25.129166,3600,186.0,344.0
35.395809,25.127428,3750,195.0,346.0
35.399277,25.126419,3825,200.0,347.0
35.404419,25.124681,3925,212.0,345.0
35.407772,25.123453,4025,216.0,343.0
35.410332,25.122578,4100,219.0,344.0
35.416664,25.120415,4225,228.0,344.0
35.418182,25.119896,4250,233.0,344.0
35.426147,25.117092,4375,245.0,344.0
35.429123,25.116062,4450,250.0,344.0
35.433105,25.114689,4550,254.0,344.0
35.439789,25.1124,4750,260.0,344.0
35.443176,25.111198,4875,262.0,344.0
35.446793,25.109825,5025,263.0,343.0
35.453671,25.107208,5300,265.0,343.0
35.457138,25.105877,5450,267.0,343.0
35.460888,25.104462,5600,268.0,343.0
35.467964,25.101831,5850,271.0,343.0
35.470322,25.100956,5950,273.0,343.0
35.47467,25.099297,6100,274.0,343.0
35.482773,25.096264,6400,277.0,343.0
35.484741,25.09552,6475,277.0,343.0
35.493847,25.092131,6825,280.0,343.0
35.495708,25.091488,6900,281.0,344.0
35.505249,25.08791,7275,281.0,343.0
35.509232,25.086422,7450,281.0,343.0
35.526714,25.079918,8125,284.0,343.0
35.53537,25.076694,8475,285.0,343.0
35.541824,25.074348,8725,286.0,344.0
35.546219,25.072729,8900,287.0,343.0
35.554646,25.069574,9200,289.0,343.0
35.557716,25.068462,9300,290.0,344.0
35.562233,25.066769,9450,291.0,343.0
35.569794,25.063934,9725,292.0,343.0
35.573589,25.062445,9850,293.0,342.0
35.577129,25.0611,9975,294.0,343.0
35.585266,25.058041,10275,295.0,343.0
35.589279,25.056541,10400,296.0,343.0
35.59333,25.054905,10500,298.0,342.0
35.601475,25.050932,10600,305.0,338.0
35.608932,25.046883,10700,314.0,336.0
35.617397,25.042166,10825,324.0,336.0
35.621475,25.039959,10875,327.0,336.0
35.625309,25.037842,10925,330.0,336.0
35.634201,25.032978,11025,338.0,336.0
35.637878,25.030947,11100,341.0,336.0
35.646973,25.025997,11325,344.0,336.0
35.651367,25.023594,11450,346.0,336.0
35.655987,25.02107,11575,347.0,336.0
35.669083,25.013981,11925,350.0,336.0
35.673523,25.011578,12050,352.0,336.0
35.682816,25.006485,12300,354.0,336.0
35.686993,25.00424,12425,355.0,336.0
35.690964,25.002079,12525,357.0,336.0
35.696537,24.999039,12675,358.0,336.0
35.705566,24.994125,12950,360.0,336.0
35.709961,24.991722,13075,360.0,336.0
35.723862,24.984137,13450,364.0,336.0
35.737793,24.976673,13800,367.0,336.0
35.74239,24.974203,13900,369.0,336.0
35.747139,24.971689,14025,370.0,337.0
35.761139,24.964256,14375,373.0,336.0
35.765339,24.961988,14475,375.0,336.0
35.776371,24.956146,14750,376.0,337.0
35.781097,24.953613,14875,377.0,336.0
35.785358,24.951353,15000,377.0,337.0
35.795181,24.946154,15275,379.0,337.0
35.804398,24.941303,15525,380.0,337.0
35.824585,24.930725,16075,382.0,337.0
35.833912,24.925816,16325,383.0,337.0
35.838985,24.923187,16450,384.0,337.0
35.844059,24.920557,16575,384.0,337.0
35.853333,24.915676,16825,384.0,337.0
35.863937,24.910154,17100,387.0,337.0
35.873657,24.905148,17300,389.0,337.0
35.88321,24.900221,17525,390.4,337.2
35.8992,24.891987,17900,393.0,338.0
35.904419,24.889355,18025,393.0,338.0
35.914261,24.884268,18275,395.8,337.3
35.93129,24.875507,18625,397.5,337.0
35.943076,24.869365,18925,398.4,337.1
35.956604,24.862347,19275,398.4,337.1
35.970821,24.854931,19625,398.8,337.0
35.986835,24.846574,20025,400.6,337.1
36.000092,24.83963,20325,400.6,337.1
36.016815,24.830913,20700,402.9,337.1
36.02943,24.824427,21000,404.3,337.3
36.041977,24.818001,21275,405.2,337.4
36.059224,24.809057,21625,406.0,337.1
36.067789,24.804032,21750,407.5,334.9
36.076538,24.79826,21900,408.8,332.3
36.094437,24.785728,22200,412.9,330.4
36.113846,24.772053,22550,417.0,330.2
36.135773,24.756603,22925,420.6,330.2
36.156143,24.742241,23275,423.7,330.3
36.176629,24.727829,23650,427.3,330.3
36.198486,24.712486,24025,430.4,330.3
36.219818,24.697495,24375,432.6,330.4
36.242127,24.681838,24750,434.9,330.4
36.263123,24.667053,25100,437.1,330.4
36.284397,24.652152,25450,439.3,330.4
36.307388,24.635983,25775,442.1,330.3
36.328528,24.621121,26125,443.8,330.4
36.3517,24.604797,26450,446.5,330.3
36.376099,24.587688,26775,449.6,330.4
36.401243,24.569988,27075,453.2,330.4
36.426195,24.552456,27375,456.8,330.4
36.453415,24.533272,27700,460.4,330.3
36.477496,24.516283,28000,462.7,330.3
36.503128,24.498196,28325,464.9,330.4
36.529075,24.479818,28625,466.7,330.2
36.555424,24.461176,28925,469.0,330.2
36.581451,24.442806,29225,470.7,330.3
36.606585,24.425003,29525,472.9,330.4
36.633362,24.406071,29825,474.3,330.3
36.654999,24.3907,30075,475.2,330.4
36.677765,24.374599,30450,472.9,330.4
36.699503,24.359261,30800,472.1,330.3
36.721939,24.343357,31150,469.8,330.3
36.746246,24.326077,31500,469.0,330.2
36.769425,24.30953,31825,468.1,330.1
36.792515,24.293051,32150,467.2,330.1
36.816256,24.276104,32475,465.9,330.1
36.841553,24.257984,32800,465.0,330.1
36.866626,24.240019,33100,465.0,330.1
36.892136,24.221749,33400,464.1,330.0
36.917358,24.203699,33700,463.6,330.1
36.943268,24.185174,34000,463.6,330.1
36.96817,24.167409,34300,463.1,330.2
36.993294,24.149442,34625,461.8,330.3
37.019596,24.130813,34950,459.9,330.4
37.045166,24.112653,35275,458.2,330.3
37.069611,24.095297,35575,456.0,330.3
37.096161,24.076363,35875,455.1,330.2
37.123352,24.056845,36150,454.2,330.2
37.153015,24.035515,36400,453.8,330.0
37.184531,24.01265,36650,454.3,329.9
37.21749,23.988827,36900,455.2,329.9
37.248917,23.966032,37150,455.2,329.9
37.279218,23.944105,37400,455.2,329.9
37.312271,23.920217,37650,453.8,330.0
37.345367,23.896257,37875,453.8,330.0
37.370228,23.878247,38025,454.3,329.9
37.406799,23.851727,38000,456.1,330.0
37.442047,23.82619,38000,456.6,329.9
37.477982,23.799951,38000,456.6,329.9
37.514819,23.7731,38000,457.1,329.8
37.551037,23.746709,38000,457.9,329.9
37.586975,23.720557,38000,458.8,329.9
37.62323,23.69412,38000,458.8,329.9
37.658945,23.668014,38000,459.3,329.8
37.695374,23.641351,38000,458.5,329.7
37.731308,23.614995,38000,459.3,329.8
37.767838,23.588289,38000,459.3,329.8
37.804001,23.561817,38000,459.3,329.8
37.840452,23.535103,38000,459.3,329.8
37.876204,23.508832,38000,459.3,329.8
37.912628,23.481932,38000,459.0,329.6
37.948792,23.455285,38000,459.8,329.7
37.985742,23.427867,38000,460.3,329.6
38.022099,23.400998,38000,459.8,329.7
38.058084,23.374368,38000,459.8,329.7
38.094269,23.347525,38000,459.5,329.5
38.130891,23.320332,38000,459.8,329.7
38.166412,23.293996,38000,460.3,329.6
38.202393,23.26729,38000,460.3,329.6
38.239684,23.239487,38000,459.5,329.5
38.276047,23.212358,38000,459.5,329.5
38.311328,23.186048,38000,459.5,329.5
38.346987,23.159419,38000,458.6,329.5
38.38246,23.132908,38000,458.6,329.5
38.418365,23.106099,38000,458.1,329.6
38.454529,23.078991,38000,458.6,329.5
38.490601,23.051941,38000,458.6,329.5
38.527039,23.024657,38000,458.6,329.5
38.563082,22.997559,38000,458.6,329.5
38.598648,22.970703,38000,458.2,329.3
38.634819,22.943604,38000,458.1,329.6
38.670685,22.916645,38000,457.7,329.4
38.706882,22.889343,38000,457.7,329.4
38.743011,22.861952,38000,458.2,329.3
38.778992,22.834656,38000,457.4,329.2
38.81456,22.807617,38000,457.4,329.2
38.850723,22.780032,38000,457.4,329.2
38.886383,22.752865,38000,457.9,329.1
38.922409,22.725459,38000,456.9,329.3
38.958344,22.698052,38000,457.4,329.2
38.994507,22.670408,38000,457.9,329.1
39.030467,22.642944,38000,458.2,329.3
39.06594,22.615906,38000,458.2,329.3
39.101971,22.58844,38000,457.4,329.2
39.13765,22.561082,38000,457.0,329.1
39.173615,22.533386,38000,457.0,329.1
39.20961,22.505613,38000,457.0,329.1
39.245399,22.477966,38000,457.6,329.0
39.281616,22.449951,38000,457.0,329.1
39.317694,22.422119,38000,457.0,329.1
39.353353,22.394653,38000,456.2,329.0
39.38887,22.367209,38000,455.7,329.1
39.423889,22.340161,38000,454.8,329.0
39.459732,22.312397,38000,454.0,329.0
39.495244,22.28479,38000,454.5,328.9
39.530298,22.257507,38000,453.6,328.8
39.565818,22.229736,38000,453.6,328.8
39.601135,22.202235,38000,454.0,329.0
39.63681,22.174438,38000,454.5,328.9
39.672501,22.146527,38000,454.5,328.9
39.707988,22.118774,38000,454.5,328.9
39.743973,22.090637,38000,455.0,328.8
39.779772,22.062561,38000,455.0,328.8
39.815338,22.03479,38000,456.2,329.0
39.851695,22.006348,38000,456.7,328.9
39.886795,21.978882,38000,457.2,328.8
39.921936,21.951221,38000,457.2,328.8
39.956772,21.923706,38000,456.9,328.6
39.99205,21.89569,38000,456.9,328.6
40.027725,21.867432,38000,457.7,328.7
40.063202,21.839355,38000,457.7,328.7
40.099136,21.810913,38000,456.9,328.6
40.135025,21.78241,38000,456.9,328.6
40.169815,21.754761,38000,456.9,328.6
40.205841,21.726074,38000,456.9,328.6
40.241272,21.697876,38000,454.7,328.6
40.276531,21.669721,38000,454.7,328.6
40.312408,21.641235,38000,455.0,328.8
40.346825,21.613915,38000,454.1,328.7
40.381668,21.58606,38000,455.2,328.5
40.417072,21.557673,38000,455.2,328.5
40.452118,21.529541,38000,455.2,328.5
40.487595,21.501038,38000,454.3,328.4
40.522513,21.472778,38000,454.0,328.2
40.557999,21.444153,38000,453.5,328.3
40.592834,21.416016,38000,453.5,328.3
40.629024,21.386823,38000,453.8,328.5
40.664078,21.358608,38000,453.5,328.3
40.69983,21.329582,38000,452.1,328.4
40.732178,21.303162,38000,450.3,327.8
40.746826,21.290039,38000,449.4,325.4
40.779341,21.260418,38000,448.3,325.2
40.81244,21.230018,38000,448.0,325.0
40.845632,21.199369,38000,447.5,325.1
40.878311,21.169281,38000,447.5,325.1
40.912491,21.137939,38000,446.9,325.2
40.94252,21.110474,38000,446.9,325.2
40.976349,21.079407,38000,446.1,325.1
41.009868,21.048681,38000,446.9,325.2
41.043386,21.017969,38000,445.5,325.2
41.076158,20.987819,38000,445.3,325.1
41.109695,20.956787,38000,446.6,325.0
41.14357,20.925415,37975,447.2,324.9
41.177078,20.894287,38000,447.5,325.1
41.210415,20.863412,38000,448.0,325.0
41.243793,20.83245,38000,447.2,324.9
41.276871,20.801697,38025,447.2,324.9
41.310689,20.77034,38025,448.0,325.0
41.344206,20.739254,38000,449.4,325.0
41.377487,20.708191,38000,450.8,324.9
41.411591,20.67627,37975,450.6,324.8
41.445178,20.644907,38000,449.4,325.0
41.478789,20.613481,38000,449.2,324.8
41.512725,20.581672,38000,449.2,324.8
41.546196,20.550246,38000,450.0,324.9
41.579453,20.51909,38000,450.0,324.9
41.61319,20.487567,38000,450.0,324.9
41.646516,20.456096,38000,448.4,324.7
41.679708,20.424734,38000,445.3,324.6
41.712341,20.393621,38000,443.7,324.5
41.74558,20.361882,38000,442.9,324.4
41.778445,20.330583,38000,443.1,324.5
41.811081,20.299676,38000,442.6,324.7
41.84436,20.268152,38000,441.2,324.7
41.877183,20.237008,38000,440.3,324.6
41.910002,20.205838,38000,440.3,324.6
41.943101,20.174348,38000,439.5,324.5
41.975739,20.143183,38000,438.7,324.5
42.007233,20.113158,38000,437.3,324.5
42.039557,20.082241,38000,437.3,324.5
42.072235,20.050923,38000,437.9,324.4
42.104507,20.019961,38000,437.3,324.5
42.136479,19.989177,38000,437.9,324.4
42.169281,19.957601,38000,437.9,324.4
42.20105,19.927077,38000,437.9,324.4
42.233866,19.895474,38000,437.9,324.4
42.265961,19.864467,38000,437.9,324.4
42.298434,19.833133,38000,437.1,324.3
42.330462,19.80209,38000,437.9,324.4
42.362862,19.770792,38025,438.5,324.3
42.395635,19.739046,38000,439.1,324.2
42.427803,19.70794,38000,439.3,324.4
42.460063,19.67645,38000,439.1,324.2
42.491579,19.645599,38000,438.3,324.1
42.524073,19.613917,38000,437.7,324.2
42.55624,19.582491,38000,438.3,324.1
42.58771,19.551704,38000,438.3,324.1
42.619644,19.520342,38000,437.7,324.2
42.651993,19.488685,38000,436.9,324.1
42.684073,19.45717,38000,436.9,324.1
42.714935,19.426887,38000,436.9,324.1
42.746918,19.39534,38000,438.6,323.8
42.779068,19.363341,38000,438.6,323.8
42.809509,19.333191,38000,438.0,323.9
42.841466,19.30154,38000,438.0,323.9
42.873871,19.269509,38000,439.4,323.9
42.906034,19.237649,38000,440.8,323.9
42.938388,19.20554,38000,443.0,323.9
42.970928,19.173235,38000,445.2,324.0
43.003464,19.14093,38025,446.1,324.0
43.036706,19.108037,38000,448.0,323.9
43.068641,19.076255,38000,448.6,323.8
43.101517,19.043458,38000,448.4,323.6
43.134186,19.010598,38000,449.8,323.6
43.166075,18.97862,38000,451.4,323.7
43.19894,18.945596,38000,449.8,323.6
43.231842,18.912261,38000,448.2,323.4
43.264297,18.878727,38000,446.6,322.6
43.294885,18.846392,38000,445.5,322.2
43.326599,18.812873,38000,445.6,322.4
43.358688,18.778892,38000,445.6,322.4
43.391052,18.744656,38000,444.8,322.3
43.423508,18.710436,38000,443.6,322.5
43.455414,18.676949,38000,442.2,322.5
43.487983,18.642622,38000,443.6,322.5
43.520187,18.608604,38000,445.6,322.4
43.551853,18.575134,38000,447.0,322.4
43.581507,18.54381,38000,446.4,322.5
43.613342,18.510238,38025,445.8,322.6
43.645795,18.475996,38000,441.4,322.5
43.67666,18.443102,37975,434.8,322.3
43.706453,18.411124,37975,431.7,322.0
43.738108,18.377053,38000,433.3,322.1
43.76888,18.343833,38000,437.5,322.1
43.800256,18.310155,38000,438.3,322.1
43.832153,18.275821,38000,442.5,322.1
43.863785,18.241776,38000,445.5,322.2
43.89606,18.207288,38000,444.2,322.4
43.927995,18.173152,38000,442.7,322.2
43.959697,18.138951,38000,441.7,322.0
43.99086,18.105277,38000,441.7,322.0
44.022962,18.070417,38000,442.3,321.9
44.054718,18.035974,38000,441.7,322.0
44.086121,18.002057,38000,441.1,322.1
44.118027,17.967565,38000,443.1,322.0
44.149677,17.933153,37975,441.5,321.8
44.181381,17.898453,38000,440.1,321.8
44.212569,17.864506,38025,440.9,321.9
44.242676,17.831661,38000,442.3,321.9
44.274064,17.797383,38000,442.3,321.9
44.305389,17.762996,37975,441.4,321.6
44.33677,17.728316,38000,437.0,321.5
44.367076,17.694888,38025,435.1,321.8
44.398545,17.660522,38000,434.5,321.9
44.429363,17.626626,38000,432.9,321.8
44.460114,17.592773,38000,431.4,321.6
44.491333,17.558049,38000,432.0,321.5
44.522324,17.523913,38000,431.5,321.8
44.552866,17.489832,38000,429.8,321.4
44.583527,17.455641,38000,429.2,321.5
44.613876,17.422028,38000,429.3,321.7
44.644501,17.387891,38000,429.8,321.4
44.675171,17.353559,38000,432.6,321.4
44.705836,17.319477,38000,433.7,321.8
44.737015,17.285091,38000,435.7,321.7
44.767891,17.250746,38000,436.4,321.6
44.799453,17.215442,38000,436.8,321.3
44.830215,17.180786,38000,436.7,321.1
44.861181,17.145773,38000,438.2,321.3
44.892883,17.110335,38000,438.4,321.5
44.92424,17.074912,38000,438.9,321.2
44.955368,17.03973,38000,438.2,321.3
44.986542,17.004613,38000,438.2,321.3
45.002014,16.986694,38000,436.8,319.3
45.012589,16.973027,38000,435.0,316.6
45.040733,16.934822,38000,435.6,315.9
45.069456,16.895432,38000,435.6,315.9
45.098039,16.856377,38000,437.8,316.0
45.126855,16.817657,38000,440.0,316.5
45.155717,16.778736,38000,441.3,316.3
45.184487,16.739413,38000,442.0,315.6
45.213675,16.699085,38025,442.0,315.6
45.242935,16.658739,38000,444.1,315.9
45.271866,16.61911,37975,444.8,316.0
45.300681,16.579508,38000,444.8,315.8
45.329773,16.539525,38000,443.4,316.0
45.358126,16.500795,38000,437.8,316.0
45.387361,16.460668,38000,439.2,316.0
45.415758,16.421747,38000,440.6,315.8
45.444946,16.381531,38000,440.6,315.8
45.473877,16.341575,38000,440.6,315.8
45.502997,16.301232,38000,438.4,315.5
45.531254,16.261909,38000,437.0,315.6
45.559525,16.222251,38000,437.7,315.5
45.588374,16.181969,38000,439.1,315.6
45.616491,16.142693,38000,439.8,315.5
45.644989,16.102876,38000,439.8,315.5
45.656021,16.087468,37975,438.4,315.5
45.6616,16.079727,37925,438.4,315.5
45.684769,16.047475,37675,435.6,315.7
45.705825,16.018066,37400,431.4,315.6
45.728868,15.985725,37150,428.5,315.6
45.751679,15.953659,36875,422.9,315.4
45.773978,15.922279,36625,421.5,315.6
45.796509,15.890786,36350,424.3,315.4
45.819901,15.857559,36100,429.2,315.3
45.829887,15.843452,36000,430.6,315.5
45.833771,15.837931,35975,430.6,315.5
45.861649,15.798407,36000,431.3,315.2
45.889343,15.759084,36000,430.6,315.3
45.917498,15.719376,36000,431.3,315.4
45.945786,15.679299,36000,431.3,315.4
45.973892,15.639641,36000,430.6,315.3
46.00227,15.59935,36000,431.3,315.2
46.030015,15.559662,36000,430.6,315.1
46.057709,15.51993,36000,431.3,315.0
46.08522,15.48054,36000,432.0,315.1
46.112961,15.440882,36000,432.8,315.2
46.141368,15.400291,36000,432.0,315.1
46.169253,15.36026,36000,433.5,315.1
46.196915,15.320435,36000,432.7,315.0
46.224747,15.280375,36000,432.7,315.0
46.252396,15.240315,36000,432.8,314.8
46.280326,15.199722,36000,432.8,314.8
46.30849,15.15873,36000,432.8,314.8
46.331818,15.124824,35975,433.5,314.9
46.33698,15.117393,35925,432.7,315.0
46.358953,15.08567,35650,429.9,315.0
46.380936,15.053748,35375,428.5,314.8
46.403643,15.020782,35125,425.0,315.1
46.425755,14.988991,34850,425.0,315.1
46.447961,14.95665,34600,423.6,314.7
46.470678,14.923485,34350,427.1,314.8
46.492837,14.890938,34075,430.6,314.5
46.502613,14.876587,34000,429.9,314.6
46.510574,14.864914,33975,429.9,314.6
46.538086,14.824442,34000,429.2,314.7
46.565369,14.784382,34000,429.2,314.5
46.592697,14.744054,34000,429.2,314.5
46.615689,14.710556,34000,428.5,315.6
46.634728,14.684464,34000,429.5,317.0
46.663284,14.646316,34000,430.3,317.5
46.691941,14.60804,34000,431.7,317.2
46.72085,14.569038,34000,431.6,317.1
46.749481,14.530022,34000,432.3,316.8
46.777923,14.490898,34000,433.6,316.4
46.799756,14.46048,33975,433.6,316.2
46.805603,14.452314,33925,434.2,316.1
46.827118,14.422302,33650,436.4,316.2
46.850172,14.390099,33375,435.7,316.3
46.87262,14.358925,33100,432.2,316.4
46.895325,14.327888,32825,428.1,317.0
46.917709,14.297127,32550,430.8,316.6
46.939911,14.266571,32275,432.3,316.8
46.962753,14.235123,32000,433.7,316.8
46.985367,14.204018,31725,433.6,316.6
47.008896,14.171196,31450,434.3,316.3
47.031353,14.139897,31175,435.0,316.2
47.05394,14.108231,30900,435.0,316.2
47.077881,14.074722,30625,434.3,316.3
47.10022,14.043686,30350,435.7,316.5
47.121758,14.013695,30075,437.1,316.5
47.128418,14.00441,30025,436.4,316.4
47.134232,13.996239,30000,436.4,316.4
47.163189,13.955806,30000,435.7,316.3
47.19191,13.915489,30000,435.7,316.1
47.220291,13.875252,30000,435.6,315.9
47.249218,13.834322,30000,435.7,316.1
47.27808,13.793476,30000,435.7,316.1
47.30658,13.753372,29975,425.8,316.1
47.316486,13.739319,29925,422.2,316.1
47.34169,13.703522,29675,418.7,316.0
47.366902,13.667767,29425,416.6,316.1
47.391907,13.632248,29200,415.9,316.2
47.413834,13.601143,28925,413.7,316.1
47.418808,13.594032,28825,413.0,316.0
47.432448,13.574665,28500,410.2,316.0
47.447391,13.553467,28100,408.1,316.1
47.462036,13.532547,27700,405.9,315.8
47.477142,13.510849,27325,402.4,315.7
47.491476,13.490084,26950,400.2,315.6
47.50589,13.469307,26575,397.4,315.6
47.520105,13.448885,26200,394.6,315.8
47.534164,13.428744,25825,391.8,315.8
47.548599,13.408058,25450,389.7,315.9
47.562149,13.388695,25075,387.5,315.8
47.576294,13.36846,24700,384.7,316.0
47.587187,13.353037,24400,384.0,316.2
47.589608,13.349586,24325,384.0,316.2
47.599337,13.335712,23925,384.7,316.0
47.602037,13.331909,23825,385.5,316.2
47.606041,13.326205,23700,386.1,316.0
47.620798,13.305077,23325,382.6,316.0
47.634384,13.285561,22950,380.5,315.9
47.647659,13.266484,22550,378.3,315.8
47.661345,13.246624,22150,376.9,315.5
47.675031,13.226905,21775,375.5,315.8
47.688721,13.207214,21400,372.7,315.8
47.698587,13.19289,21150,371.2,315.5
47.710318,13.175847,20750,370.5,315.7
47.723911,13.156339,20350,368.4,315.8
47.736557,13.137932,19950,367.0,315.5
47.74877,13.120282,19550,366.3,315.7
47.760967,13.102605,19150,365.6,315.5
47.774139,13.083412,18750,364.2,315.6
47.787094,13.064598,18375,362.8,315.6
47.799884,13.045983,18000,359.2,315.5
47.812919,13.027109,17625,357.8,315.9
47.826419,13.00746,17250,355.0,315.5
47.839417,12.988518,16875,352.2,315.5
47.852554,12.969223,16525,350.0,315.4
47.865942,12.949641,16175,347.9,315.5
47.879059,12.930565,15825,346.5,315.5
47.893315,12.909781,15475,343.7,315.5
47.906629,12.890414,15125,341.6,315.6
47.920967,12.869497,14800,338.0,315.5
47.937446,12.845271,14525,330.9,315.5
47.945938,12.832237,14400,327.5,313.6
47.948456,12.828049,14325,326.4,312.1
47.954019,12.818157,14175,326.0,309.6
47.959122,12.807999,13975,326.2,306.3
47.964586,12.795903,13775,327.0,303.4
47.969893,12.783015,13550,328.6,300.5
47.978273,12.761958,13175,328.3,300.8
47.987274,12.73954,12800,328.8,300.9
47.996155,12.717361,12425,328.3,300.8
48.0049,12.695547,12050,328.3,300.8
48.009659,12.683578,11850,327.4,300.9
48.014328,12.671974,11650,327.4,300.9
48.019238,12.65963,11450,326.9,300.7
48.023661,12.648433,11250,326.4,300.6
48.027199,12.639559,11125,326.4,300.6
48.032459,12.626249,10975,323.6,300.5
48.039047,12.609558,10825,318.7,300.4
48.045308,12.593501,10675,315.1,300.3
48.051499,12.577726,10525,311.1,300.5
48.057737,12.562021,10375,307.5,300.5
48.063929,12.546457,10200,304.1,300.9
48.067657,12.537735,10125,303.2,302.8
48.070724,12.531898,10050,301.6,307.6
48.074066,12.52668,10000,300.1,312.6
48.07701,12.522935,9975,298.1,317.9
48.080383,12.519402,9975,295.0,323.1
48.083908,12.516174,9975,291.7,328.6
48.090743,12.510681,9975,287.6,332.0
48.113754,12.492828,10000,283.1,332.4
48.136643,12.474553,10000,279.7,331.6
48.147723,12.465609,9975,277.4,331.6
48.149506,12.464264,9950,276.9,331.8
48.154938,12.459905,9850,276.1,331.7
48.16355,12.452931,9650,274.7,331.8
48.170792,12.447087,9450,276.1,331.7
48.179169,12.440397,9250,277.4,331.6
48.187292,12.433705,9075,276.5,331.5
48.195877,12.426805,8900,275.2,331.6
48.204749,12.41961,8725,274.7,331.8
48.214508,12.411804,8550,272.0,331.9
48.223091,12.40501,8375,270.6,332.0
48.23204,12.39779,8200,269.8,331.9
48.240362,12.391205,8025,269.3,332.1
48.249346,12.384049,7850,268.4,332.0
48.257958,12.377255,7675,267.1,332.1
48.267792,12.369549,7525,265.2,332.4
48.276905,12.362438,7375,261.7,332.5
48.286122,12.355138,7225,259.4,332.5
48.295441,12.347788,7075,256.8,332.1
48.300926,12.343429,6975,255.9,332.0
48.306745,12.338803,6875,254.1,332.3
48.312657,12.334249,6775,252.7,332.4
48.318476,12.329768,6675,251.8,332.8
48.324509,12.325111,6575,250.0,333.1
48.33072,12.320444,6475,248.7,333.2
48.336306,12.31618,6375,247.8,333.1
48.342404,12.311554,6275,246.4,333.2
48.347946,12.307082,6175,243.5,331.0
48.351379,12.303772,6125,241.9,326.6
48.354042,12.300568,6075,240.4,321.1
48.356277,12.297152,6025,240.4,315.0
48.358383,12.293208,5975,240.2,309.3
48.36028,12.288931,5925,240.5,303.3
48.361816,12.284522,5875,241.1,298.0
48.363739,12.277926,5775,241.9,293.4
48.366379,12.267898,5675,240.7,291.5
48.368408,12.260108,5575,239.0,291.1
48.370926,12.250249,5475,238.1,291.2
48.373489,12.240248,5375,236.1,290.6
48.375092,12.232643,5300,235.3,287.0
48.37587,12.226868,5250,235.6,282.5
48.37619,12.221938,5200,236.4,276.3
48.376294,12.215496,5125,236.1,271.2
48.376108,12.208774,5050,236.3,267.3
48.375503,12.200317,4975,236.4,263.7
48.375137,12.196021,4925,235.8,262.9
48.374432,12.189186,4900,234.5,261.7
48.373827,12.182537,4900,230.4,261.8
48.372617,12.171551,4900,226.0,260.6
48.372151,12.167503,4900,221.1,260.4
48.371567,12.161654,4925,216.4,261.5
48.371201,12.157851,4925,212.1,261.9
48.370605,12.151583,4925,207.9,262.3
48.370193,12.146231,4925,203.3,263.5
48.369827,12.140315,4925,199.0,264.2
48.369507,12.135104,4925,194.7,265.0
48.368271,12.117779,4925,191.2,263.7
48.366518,12.092767,4900,187.0,264.2
48.366146,12.087274,4900,182.9,264.4
48.365634,12.078962,4925,178.8,264.5
48.364883,12.06982,4875,179.4,263.0
48.364105,12.060664,4775,179.5,262.6
48.363556,12.053692,4675,179.1,263.6
48.363098,12.046931,4575,178.9,264.2
48.362595,12.039678,4475,177.0,263.8
48.362049,12.032776,4375,175.1,263.4
48.361537,12.025331,4275,174.0,263.7
48.360932,12.017236,4175,172.1,263.7
48.360306,12.00869,4075,170.1,263.6
48.359675,12.000395,3975,169.1,263.5
48.35907,11.992155,3875,168.1,263.5
48.358465,11.984277,3775,167.1,263.5
48.357906,11.976616,3675,167.1,263.5
48.357347,11.969243,3575,165.0,263.7
48.356835,11.962377,3475,164.1,263.4
48.35623,11.954571,3375,161.0,263.6
48.355672,11.947054,3275,158.0,263.5
48.355066,11.938958,3175,154.9,263.7
48.354492,11.931786,3075,155.0,263.3
48.353851,11.923758,2975,152.9,263.6
48.353439,11.917701,2900,148.9,263.8
48.353073,11.912701,2825,144.8,264.0
48.352646,11.906794,2750,139.8,263.8
48.352295,11.901715,2700,135.7,264.1
48.351883,11.896785,2625,130.9,263.4
48.351296,11.889448,2525,126.0,262.7
48.350737,11.882292,2450,123.8,263.5
48.350178,11.875281,2350,123.8,263.5
48.34964,11.867981,2275,124.8,263.6
48.349201,11.862199,2175,124.8,263.6
48.348679,11.854811,2100,125.7,264.1
48.348177,11.848104,2000,126.0,262.7
48.347571,11.841382,1900,127.3,261.9
48.346966,11.833721,1800,129.9,263.4
48.346408,11.825987,1700,132.9,263.5
48.345795,11.818683,1600,135.0,263.2
48.345291,11.811218,1500,136.7,264.1
48.344696,11.80326,1400,136.9,263.3
48.344284,11.798049,1375,139.8,263.8
48.34394,11.793245,1350,138.8,263.8
48.343894,11.792739,1350,123.6,264.4
48.343689,11.790232,1375,111.5,264.3
48.343405,11.786198,-50.0,73.0,261.6
48.34338,11.785988,-50.0,67.5,261.6
48.343346,11.785583,-50.0,62.5,261.6
48.343289,11.784807,-50.0,54.5,264.4
48.343254,11.784301,-50.0,51.5,264.4
48.34323,11.784048,-50.0,48.5,264.4
48.343207,11.783758,-50.0,45.5,264.4
48.343185,11.783506,-50.0,42.5,264.4
48.343174,11.783259,-50.0,39.5,264.4
48.343114,11.782439,-50.0,30.5,264.4
48.343082,11.781481,-50.0,24.5,270.0
48.343102,11.781138,-50.0,24.5,272.8
48.343128,11.780795,-50.0,24.5,275.6
48.343149,11.780578,-50.0,24.5,278.4
48.343184,11.780307,-50.0,24.5,281.2
48.343265,11.779747,-50.0,24.5,284.1
48.343346,11.779351,-50.0,23.5,286.9
48.343486,11.778807,-50.0,22.5,292.5
48.343746,11.777872,-50.0,20.5,292.5
48.343929,11.777271,-50.0,20.5,292.5
48.344185,11.776368,-50.0,19.5,292.5
48.344364,11.775777,-50.0,18.5,292.5
48.344513,11.775249,-50.0,16.5,295.3
48.344673,11.774896,-50.0,11.8,306.6
48.344732,11.774796,-50.0,11.8,312.2
48.345451,11.774386,-50.0,10.2,351.6
48.34584,11.774298,-50.0,10.8,351.6
48.34593,11.77429,-50.0,10.2,357.2
48.346046,11.774333,-50.0,8.8,11.2
48.346149,11.774474,-50.0,8.2,33.8
48.346198,11.774543,-50.0,8.2,45.0
48.34628,11.774886,-50.0,8.8,73.1
48.346315,11.775085,-50.0,9.2,78.8
48.346373,11.775699,-50.0,11.2,81.6
48.346413,11.776129,-50.0,12.2,84.4
48.346447,11.776604,-50.0,13.2,84.4
48.346493,11.777168,-50.0,14.2,84.4
48.346524,11.777561,-50.0,14.2,84.4
48.346559,11.778157,-50.0,12.2,84.4
48.346582,11.778356,-50.0,10.2,81.6
48.346664,11.778663,-50.0,9.2,64.7
48.346733,11.778771,-50.0,8.8,50.6
48.346836,11.778875,-50.0,8.2,33.8
48.346939,11.778928,-50.0,8.2,16.9
48.347099,11.778928,-50.0,8.8,2.8
48.347202,11.778911,-50.0,8.8,357.2
48.347385,11.778893,-50.0,8.2,354.4
48.34758,11.778858,-50.0,7.8,351.6
48.347839,11.778807,-50.0,7.8,351.6
48.348037,11.778771,-50.0,8.2,354.4
48.348153,11.778753,-50.0,9.2,0.0
48.348232,11.778787,-50.0,9.8,5.6
48.348316,11.778825,-50.0,10.2,14.1
48.348433,11.778898,-50.0,10.8,28.1
48.348541,11.779052,-50.0,11.2,42.2
48.348584,11.779151,-50.0,11.2,53.4
48.348619,11.779277,-50.0,11.8,61.9
48.348667,11.779545,-50.0,12.8,75.9
48.34869,11.779773,-50.0,13.2,81.6
48.348736,11.780354,-50.0,14.2,84.4
48.34877,11.780865,-50.0,15.5,84.4
48.348793,11.7812,-50.0,16.5,84.4
48.34884,11.781753,-50.0,14.8,84.4
48.349108,11.782656,-50.0,9.2,33.8
48.350864,11.783171,-50.0,5.8,81.6
48.3509,11.783542,-50.0,1.1,84.4
