lat,lon,alt,gs,track
46.584686,-116.373686,33000,504.7,108.7
46.569855,-116.309978,33000,503.8,108.8
46.555161,-116.247008,33000,503.8,108.8
46.540274,-116.183716,33000,502.8,108.8
46.525656,-116.121643,33000,502.8,108.8
46.510849,-116.058498,33000,501.9,108.8
46.496063,-115.99593,33000,501.2,109.0
46.481186,-115.933495,33000,500.3,109.0
46.466209,-115.870743,33000,500.3,109.0
46.45108,-115.807571,33000,500.0,109.3
46.435913,-115.745321,33000,499.7,109.5
46.420532,-115.682351,33000,499.4,109.4
46.405334,-115.619916,33000,500.3,109.4
46.390283,-115.557838,33000,502.2,109.3
46.37506,-115.495079,33000,503.5,109.4
46.359695,-115.432077,33000,504.4,109.3
46.344382,-115.369011,33000,504.8,109.4
46.328927,-115.30584,33000,504.8,109.4
46.313828,-115.243969,33000,505.7,109.4
46.298575,-115.181831,33000,506.1,109.5
46.283112,-115.118966,33000,507.3,109.6
46.267593,-115.055795,33000,508.3,109.5
46.251846,-114.991887,33000,509.2,109.5
46.236099,-114.928179,33000,510.2,109.8
46.220306,-114.864807,33000,511.2,109.8
46.204213,-114.80088,33000,512.8,109.9
46.188354,-114.73766,33000,514.7,109.9
46.172465,-114.674126,33000,514.7,109.9
46.156174,-114.609978,33000,514.4,110.1
46.14006,-114.546673,33000,514.8,110.2
46.123764,-114.482697,33000,515.3,110.1
46.107468,-114.41832,33000,515.3,110.1
46.091417,-114.355042,33000,516.3,110.1
46.075287,-114.292178,33000,516.0,110.3
46.058831,-114.228355,33000,511.9,110.3
46.042557,-114.165166,33000,506.6,110.3
46.02643,-114.102425,33000,504.9,110.2
46.010422,-114.039962,33025,505.3,110.3
45.994216,-113.977249,33000,505.9,110.1
45.979459,-113.917236,33000,504.7,109.1
45.964645,-113.854869,33000,502.5,108.7
45.949905,-113.792233,33000,500.3,108.7
45.935095,-113.729988,33000,500.0,108.9
45.920151,-113.667766,33000,500.3,109.0
45.905022,-113.604881,33000,500.6,109.1
45.890079,-113.543221,33000,501.0,109.2
45.874996,-113.481285,33000,501.3,109.3
45.859866,-113.420036,33000,501.6,109.4
45.844391,-113.357336,33000,501.6,109.4
45.829375,-113.296852,33000,501.9,109.6
45.81395,-113.234878,33000,501.0,109.6
45.798431,-113.172511,33000,500.1,109.6
45.783371,-113.11222,33000,500.1,109.6
45.768019,-113.050415,33000,501.0,109.6
45.752518,-112.988557,33000,501.7,109.8
45.737341,-112.928261,33000,503.0,109.9
45.721653,-112.865982,33000,504.8,109.8
45.705734,-112.802928,33000,508.0,109.8
45.690137,-112.740944,33000,508.9,109.8
45.674402,-112.678322,33000,509.9,109.7
45.658388,-112.614807,33000,509.3,109.9
45.6427,-112.553123,33000,509.6,110.0
45.627152,-112.491898,33000,511.2,109.8
45.611184,-112.428932,33000,511.5,109.9
45.595139,-112.365685,33000,511.8,110.0
45.578924,-112.302589,33000,511.2,110.1
45.562723,-112.239967,33000,512.5,110.2
45.546477,-112.177208,33000,514.2,110.4
45.530323,-112.115746,33000,514.5,110.5
45.514169,-112.05425,33000,514.5,110.5
45.503369,-112.013788,33000,514.7,111.8
45.49617,-111.990117,33000,514.3,114.2
45.487518,-111.964547,33000,513.8,116.5
45.46669,-111.905038,33000,513.8,116.5
45.445877,-111.845242,33000,514.7,116.4
45.424836,-111.785018,32975,513.8,116.5
45.403976,-111.725464,33000,513.0,116.5
45.383032,-111.665843,33000,510.7,116.5
45.362411,-111.60723,33000,511.2,116.6
45.341647,-111.548678,33000,511.6,116.7
45.320698,-111.48966,33000,511.6,116.7
45.300122,-111.431915,33000,512.1,116.8
45.279785,-111.374882,33000,512.1,116.8
45.258691,-111.315754,33000,513.0,116.8
45.237323,-111.255865,33000,512.1,116.8
45.21611,-111.196616,33000,511.2,116.9
45.1951,-111.138097,33000,510.7,117.0
45.174431,-111.080754,33000,509.8,117.1
45.153214,-111.021816,33000,509.8,117.1
45.132627,-110.964728,33000,509.4,117.0
45.111557,-110.906525,33000,509.4,117.2
45.090363,-110.848192,33000,510.3,117.2
45.06913,-110.790018,33000,510.8,117.3
45.047623,-110.731134,33000,511.2,117.4
45.026138,-110.672607,33000,512.1,117.3
45.004532,-110.613556,33000,512.1,117.3
44.983063,-110.554831,33000,512.1,117.3
44.961362,-110.495665,33000,512.1,117.3
44.939808,-110.437183,33000,511.7,117.5
44.918381,-110.379246,33000,510.8,117.5
44.896747,-110.320822,33000,509.9,117.6
44.875168,-110.262517,33000,509.4,117.5
44.853733,-110.204594,33000,508.6,117.5
44.831946,-110.145978,33000,509.0,117.6
44.810253,-110.08763,33000,509.5,117.7
44.78856,-110.029952,33000,509.9,117.8
44.766953,-109.972491,33000,509.1,117.9
44.745033,-109.914528,33000,510.4,117.9
44.722916,-109.855892,33000,509.5,118.0
44.701181,-109.798301,33000,509.1,117.9
44.679245,-109.740143,33000,509.1,117.9
44.657469,-109.682342,33000,507.7,117.8
44.635962,-109.6254,33000,507.7,117.8
44.614151,-109.567827,33000,506.4,118.0
44.592361,-109.510607,33000,505.5,118.1
44.570416,-109.453371,33000,506.0,118.2
44.54837,-109.395905,33000,505.1,118.2
44.526993,-109.340123,33000,505.1,118.2
44.505429,-109.28402,33000,505.1,118.2
44.483597,-109.227317,33000,505.1,118.2
44.461624,-109.170423,33000,506.9,118.4
44.439789,-109.113857,33025,510.1,118.3
44.417585,-109.05659,33000,511.9,118.5
44.395111,-108.998762,33000,511.0,118.5
44.372755,-108.941301,33000,511.0,118.5
44.350596,-108.884426,33000,513.3,118.5
44.328049,-108.826774,33000,513.7,118.6
44.305481,-108.769226,33000,513.7,118.6
44.282909,-108.711593,33000,513.7,118.6
44.260254,-108.65387,33000,512.0,118.7
44.23764,-108.596518,33000,509.7,118.7
44.215439,-108.540213,33000,508.9,118.8
44.192688,-108.482645,33000,508.9,118.8
44.170625,-108.42695,33000,509.3,118.9
44.148001,-108.369991,33000,509.3,118.9
44.125259,-108.312868,33000,509.8,119.0
44.103699,-108.258766,33000,509.8,119.0
44.081012,-108.201991,33000,509.8,119.0
44.058621,-108.146014,33000,509.0,119.0
44.03595,-108.089373,33000,509.0,119.0
44.01329,-108.032972,33000,508.6,119.2
43.99173,-107.979573,33000,508.7,119.4
43.972033,-107.932761,33000,508.0,120.7
43.94783,-107.876864,33000,507.8,121.1
43.923898,-107.821917,33000,508.3,121.2
43.899445,-107.765915,33000,507.8,121.1
43.875412,-107.710536,33000,508.7,121.0
43.8517,-107.655924,33000,508.7,121.0
43.827908,-107.601079,33000,510.4,120.9
43.803654,-107.545166,33000,511.8,120.9
43.779587,-107.489711,33000,512.3,121.0
43.755615,-107.434664,33000,512.3,121.0
43.731445,-107.379221,33000,512.3,121.0
43.707663,-107.324851,33000,512.3,121.0
43.683596,-107.269788,33000,512.8,121.1
43.659348,-107.214554,33000,513.3,121.2
43.635275,-107.159925,33000,513.3,121.2
43.610962,-107.104819,33000,513.0,121.4
43.58686,-107.050323,33000,512.4,121.3
43.562851,-106.99585,33000,512.4,121.3
43.538223,-106.940215,33000,512.4,121.3
43.514006,-106.885529,33000,513.0,121.4
43.490021,-106.831693,33000,513.5,121.5
43.465824,-106.777431,33000,512.6,121.5
43.441385,-106.722892,33000,512.3,121.7
43.417084,-106.66881,33000,510.1,121.7
43.393017,-106.615186,33000,509.6,121.6
43.368713,-106.561123,33000,510.1,121.7
43.344315,-106.506958,33000,510.1,121.7
43.320053,-106.453048,33000,510.6,121.8
43.295609,-106.398755,33000,511.5,121.7
43.271255,-106.344782,33000,512.0,121.8
43.246765,-106.290808,33000,512.8,121.8
43.22231,-106.236943,33000,513.0,122.0
43.197281,-106.182031,33000,513.0,122.0
43.172732,-106.128257,33000,513.9,122.0
43.148117,-106.074403,33000,514.4,122.1
43.12334,-106.02029,33000,515.3,122.0
43.09862,-105.966339,33000,514.4,122.1
43.073502,-105.911588,33000,512.2,122.1
43.048874,-105.858126,33025,510.0,122.1
43.024183,-105.804552,33025,507.7,122.1
42.99965,-105.751256,33000,506.9,122.2
42.97522,-105.698377,33000,503.3,122.2
42.951003,-105.646101,33000,501.6,122.3
42.926514,-105.593304,33000,503.0,122.3
42.901749,-105.540097,33000,503.8,122.3
42.876939,-105.486668,33000,503.8,122.3
42.852359,-105.434025,33000,503.5,122.4
42.828059,-105.382102,33000,502.1,122.4
42.803604,-105.32986,33000,501.3,122.4
42.779343,-105.278175,33000,500.4,122.5
42.754972,-105.226348,33000,501.5,122.7
42.729927,-105.173397,33000,502.4,122.7
42.704975,-105.120637,33000,502.9,122.7
42.680255,-105.068452,33000,501.5,122.7
42.655722,-105.01665,33000,501.5,122.7
42.631189,-104.964784,33000,501.5,122.7
42.60661,-104.912982,33000,501.5,122.7
42.581518,-104.860222,33000,502.6,122.9
42.556366,-104.807573,33000,501.2,122.9
42.531738,-104.756012,33000,501.2,122.9
42.507221,-104.704561,33000,501.2,122.9
42.482391,-104.652641,33000,501.2,122.9
42.457352,-104.600456,33000,500.4,122.9
42.432784,-104.549284,33000,499.5,123.0
42.407646,-104.497099,33000,497.9,123.1
42.382647,-104.445489,33000,497.0,123.2
42.357974,-104.394453,33000,494.8,123.2
42.333395,-104.343929,33000,494.8,123.2
42.308908,-104.293405,33000,493.4,123.2
42.284363,-104.242901,33000,494.0,123.3
42.259377,-104.191525,33000,494.8,123.2
42.234378,-104.140043,33000,494.3,123.1
42.209892,-104.08971,33000,494.0,123.3
42.185405,-104.039761,33000,492.3,123.4
42.160721,-103.989341,33000,491.5,123.5
42.135818,-103.938717,33000,490.6,123.5
42.111341,-103.889082,33000,490.6,123.5
42.086295,-103.838366,33000,489.8,123.6
42.061437,-103.788097,33000,488.4,123.6
42.036904,-103.738467,33000,486.2,123.6
42.012557,-103.689284,33000,486.2,123.6
41.98821,-103.639973,33000,487.3,123.4
41.963791,-103.590338,33000,489.2,123.5
41.938818,-103.539883,33000,490.4,123.7
41.914378,-103.490828,33000,490.9,123.8
41.889473,-103.441261,33000,489.8,124.0
41.864846,-103.392206,33000,490.1,123.8
41.839783,-103.342146,33000,490.9,123.8
41.814803,-103.292371,33000,490.1,123.8
41.790037,-103.243124,33000,490.6,123.9
41.764801,-103.192895,33000,491.5,123.9
41.739624,-103.14277,33000,491.5,123.9
41.714436,-103.092765,33000,492.0,124.0
41.689577,-103.04339,33000,492.0,124.0
41.66416,-102.993121,33000,492.0,124.0
41.65329,-102.970546,33000,492.6,121.7
41.644226,-102.949822,33000,492.9,119.3
41.635903,-102.928673,33000,493.3,116.9
41.628454,-102.907786,33000,494.4,114.8
41.621796,-102.886963,33000,494.7,112.2
41.615387,-102.864428,33000,495.4,109.8
41.600523,-102.806801,33000,496.2,109.1
41.585678,-102.749509,33000,496.2,109.1
41.570776,-102.691956,33000,494.9,109.0
41.555926,-102.634277,33000,494.9,109.0
41.541229,-102.577473,33000,494.0,109.0
41.526412,-102.520326,33000,494.9,109.0
41.511475,-102.462803,33000,496.2,109.1
41.496665,-102.4058,33000,496.5,109.2
41.481857,-102.349319,33000,497.8,109.2
41.466871,-102.292232,33000,498.7,109.2
41.451835,-102.235193,33000,499.1,109.3
41.436859,-102.178095,33025,502.8,109.2
41.428,-102.1443,33075,505.4,109.3
41.415757,-102.098055,33350,504.4,109.3
41.403259,-102.050941,33600,503.8,109.5
41.391357,-102.006371,33875,502.9,109.5
41.378723,-101.958984,34125,501.6,109.4
41.36586,-101.910461,34375,501.6,109.4
41.351887,-101.858056,34600,501.6,109.4
41.337891,-101.805603,34825,502.9,109.5
41.323165,-101.750502,35025,503.2,109.6
41.320312,-101.739868,35025,504.2,109.6
41.304794,-101.682129,35000,505.4,109.7
41.289413,-101.624878,35000,505.4,109.7
41.273987,-101.567627,35000,506.4,109.6
41.258469,-101.510071,35000,506.7,109.7
41.242909,-101.452623,35000,506.7,109.7
41.227546,-101.396068,35000,504.8,109.8
41.211823,-101.338135,35000,503.0,109.9
41.196259,-101.281067,35000,503.0,109.9
41.18042,-101.223083,35000,503.3,110.0
41.164747,-101.166229,35000,502.7,110.1
41.149106,-101.109675,35000,501.4,110.1
41.13327,-101.052246,35000,501.4,110.1
41.117661,-100.99585,35000,500.5,110.1
41.102041,-100.93895,35000,501.1,109.9
41.0864,-100.882333,35000,500.8,110.2
41.070694,-100.825989,35000,499.5,110.1
41.055084,-100.77002,35000,497.7,110.2
41.04846,-100.747563,35000,496.4,112.4
41.040779,-100.724591,35000,494.4,114.8
41.021622,-100.670227,35000,493.9,114.9
41.002606,-100.615977,35000,493.0,114.9
40.983473,-100.561732,35000,491.7,114.9
40.964813,-100.50885,35000,491.2,115.1
40.946045,-100.455801,35000,490.3,115.1
40.927052,-100.402555,35000,489.8,115.3
40.907959,-100.348938,35000,489.4,115.2
40.888779,-100.295044,35000,488.5,115.2
40.86969,-100.241577,35000,487.2,115.1
40.850739,-100.188416,35000,486.3,115.2
40.83162,-100.135013,35000,485.4,115.2
40.812836,-100.08252,35000,485.4,115.2
40.793912,-100.029831,35000,484.5,115.3
40.774796,-99.976746,35000,483.5,115.3
40.755879,-99.924275,35000,484.0,115.4
40.736801,-99.871521,35000,484.0,115.4
40.717567,-99.818282,35000,482.6,115.4
40.698715,-99.766235,35000,482.2,115.6
40.679626,-99.713684,35000,481.3,115.6
40.660773,-99.662163,35000,481.3,115.6
40.64209,-99.610901,35000,481.3,115.6
40.622972,-99.558355,35000,480.4,115.7
40.603912,-99.506287,35000,479.5,115.7
40.584778,-99.454163,35000,478.6,115.8
40.565918,-99.402893,35000,478.6,115.8
40.546921,-99.351501,35000,478.6,115.8
40.52774,-99.299561,35000,478.1,115.9
40.508594,-99.247867,35000,477.7,115.8
40.489507,-99.196056,35000,477.2,115.7
40.470793,-99.145369,35000,476.3,115.8
40.451981,-99.094421,35000,475.4,115.8
40.432806,-99.042872,35000,475.0,116.0
40.414046,-98.992497,35000,475.0,116.0
40.395309,-98.942322,35000,474.5,116.1
40.376059,-98.890936,35000,474.5,116.1
40.356857,-98.839844,35000,474.5,116.1
40.337677,-98.788574,35000,474.5,116.1
40.31868,-98.738098,35000,475.8,116.2
40.299591,-98.687256,35000,474.9,116.2
40.280208,-98.635941,35000,474.9,116.2
40.260936,-98.585066,35000,474.9,116.2
40.241616,-98.53388,35000,474.9,116.2
40.222763,-98.483755,35000,474.9,116.2
40.20369,-98.43335,35000,474.1,116.3
40.184218,-98.382256,35000,474.0,116.6
40.165146,-98.332214,35000,473.2,116.3
40.145765,-98.281319,35000,473.2,116.3
40.126328,-98.230469,35000,470.5,116.5
40.107034,-98.180258,35000,469.1,116.7
40.087646,-98.130066,35000,467.3,116.8
40.068192,-98.079834,35000,466.9,116.7
40.04903,-98.030257,35000,466.4,116.6
40.029922,-97.980469,35000,466.4,116.6
40.011229,-97.932004,35000,464.7,116.7
39.992065,-97.882568,35000,464.2,116.6
39.972839,-97.832764,35000,462.4,116.7
39.953796,-97.783691,35000,461.5,116.8
39.934891,-97.734985,35000,460.6,116.8
39.916077,-97.686584,35000,458.4,116.8
39.897354,-97.638663,35000,456.6,117.0
39.878323,-97.589905,35000,456.2,116.8
39.859609,-97.54187,35000,455.3,116.9
39.840958,-97.494288,35000,455.3,116.9
39.82232,-97.44696,35000,456.2,117.1
39.803192,-97.398516,35000,457.5,117.2
39.784473,-97.351257,35000,458.4,117.1
39.765341,-97.302734,35000,459.3,117.1
39.746068,-97.253845,35000,460.7,117.1
39.727121,-97.205811,35000,462.9,117.1
39.707932,-97.157235,35000,463.8,117.1
39.68839,-97.108093,35000,462.5,117.3
39.66925,-97.05997,35000,462.0,117.2
39.650299,-97.012322,35000,461.6,117.3
39.630665,-96.96344,35000,461.1,117.5
39.611206,-96.914819,35000,460.7,117.4
39.591747,-96.865967,35000,460.7,117.1
39.572195,-96.817078,35000,459.8,117.5
39.552795,-96.768653,35000,459.8,117.5
39.533371,-96.720337,35000,458.9,117.5
39.514005,-96.67218,35000,458.9,117.5
39.494568,-96.62392,35000,458.9,117.5
39.475342,-96.576332,35000,458.0,117.6
39.456047,-96.528687,35000,458.0,117.6
39.436569,-96.48062,35000,458.0,117.6
39.417297,-96.433152,35000,458.0,117.6
39.397614,-96.384788,35000,458.5,117.7
39.378525,-96.337857,35000,458.5,117.7
39.358846,-96.289795,35000,459.4,117.9
39.338974,-96.241429,35000,461.2,117.8
39.319061,-96.192826,35000,461.2,117.8
39.310043,-96.171928,35000,461.0,120.1
39.302124,-96.155329,35000,459.9,122.5
39.293859,-96.139587,35000,460.5,124.8
39.284502,-96.12323,35000,460.4,127.1
39.258526,-96.080261,35000,459.7,127.8
39.232498,-96.037107,35000,459.7,127.8
39.20668,-95.994356,35000,460.3,127.9
39.180924,-95.951904,35000,460.3,127.9
39.155457,-95.910047,35000,460.1,128.1
39.129684,-95.867595,35000,460.5,127.8
39.103729,-95.824665,35000,460.3,127.9
39.077531,-95.781738,35000,460.1,128.1
39.051727,-95.73958,35000,460.1,128.1
39.026091,-95.697632,35000,459.5,128.0
39.000115,-95.655212,35000,458.7,128.1
38.974371,-95.613098,35000,452.9,128.2
38.94914,-95.57196,35000,449.3,128.2
38.923583,-95.530396,35000,447.9,128.2
38.897964,-95.488925,35000,446.4,128.4
38.872696,-95.447965,35000,444.9,128.3
38.847703,-95.407471,35000,442.9,128.2
38.823074,-95.367538,35000,441.4,128.4
38.798172,-95.327294,35000,440.6,128.5
38.773041,-95.286752,35000,439.3,128.2
38.747941,-95.246094,35000,439.2,128.4
38.723145,-95.206206,35000,439.2,128.4
38.698363,-95.166321,35000,442.8,128.4
38.673019,-95.12554,35000,445.7,128.3
38.647668,-95.084778,35000,447.0,128.5
38.62239,-95.04425,35000,448.4,128.5
38.596756,-95.003019,35025,447.0,128.5
38.571167,-94.962238,35000,441.7,128.8
38.545905,-94.922302,35000,436.7,128.9
38.521232,-94.883301,35000,430.4,128.7
38.497284,-94.844971,35000,425.6,128.5
38.473143,-94.806519,35000,422.6,128.7
38.448983,-94.767883,35000,420.6,128.5
38.424774,-94.729375,35000,419.8,128.6
38.400941,-94.69158,35000,418.2,128.8
38.37735,-94.654112,35000,417.0,128.6
38.353455,-94.616303,35000,416.0,128.9
38.329559,-94.578669,35000,415.3,128.9
38.305939,-94.541561,35000,414.5,129.0
38.296371,-94.526075,35000,414.8,127.8
38.291916,-94.517948,35000,414.4,123.9
38.286562,-94.506962,35000,415.2,120.7
38.281814,-94.495797,35000,416.0,117.5
38.277578,-94.484273,35000,417.3,113.7
38.273392,-94.470968,35000,417.7,110.6
38.270222,-94.458718,35000,418.4,107.5
38.267487,-94.445781,35000,419.3,103.9
38.265472,-94.433217,35000,420.5,100.8
38.262222,-94.407563,35000,422.2,99.0
38.256226,-94.359585,35000,423.2,99.0
38.250275,-94.311316,35000,426.1,98.9
38.244339,-94.262695,35000,427.0,98.8
38.238281,-94.213374,35000,426.1,98.9
38.232147,-94.163994,35000,426.1,98.9
38.226196,-94.115607,35000,425.2,98.9
38.220245,-94.06763,35000,424.3,99.1
38.214127,-94.019145,35000,423.3,99.1
38.207935,-93.970363,35000,423.3,99.1
38.201889,-93.92247,35000,422.3,99.1
38.195709,-93.873557,35000,422.5,99.3
38.189484,-93.824878,35000,422.5,99.3
38.183258,-93.776667,35000,423.5,99.2
38.17717,-93.728631,35000,424.6,98.4
38.175907,-93.714633,35000,425.6,95.0
38.175395,-93.701139,35000,428.2,91.7
38.175476,-93.68866,35000,430.1,88.5
38.176233,-93.674688,35000,431.5,85.2
38.177583,-93.661612,35000,433.7,81.5
38.179642,-93.647928,35000,436.0,78.4
38.182099,-93.6354,35000,437.9,74.5
38.185959,-93.619761,35000,439.9,71.8
38.193271,-93.593843,35000,441.6,70.0
38.20733,-93.545718,35000,443.0,69.5
38.221482,-93.497951,35000,444.3,69.4
38.235718,-93.450233,35000,445.4,69.1
38.250183,-93.402022,35000,446.9,69.3
38.264543,-93.353815,35000,447.2,69.2
38.279068,-93.306125,35000,449.0,68.6
38.293964,-93.258163,35000,449.0,68.6
38.299438,-93.239272,35000,447.5,71.0
38.308731,-93.202807,35000,447.2,72.3
38.320964,-93.154151,35000,447.2,72.3
38.33345,-93.104456,35000,447.2,72.3
38.345823,-93.055155,35000,448.1,72.3
38.35817,-93.005345,35000,448.5,72.6
38.370263,-92.955561,35000,449.1,72.8
38.374872,-92.93532,35000,447.3,75.0
38.377898,-92.918482,35000,446.0,77.8
38.386091,-92.86767,35000,445.8,78.6
38.394012,-92.817175,35000,445.8,78.6
38.402069,-92.766743,35000,447.0,78.5
38.410345,-92.716131,35000,447.4,78.3
38.41864,-92.665438,35000,448.5,78.2
38.427063,-92.613731,35000,449.1,78.4
38.433993,-92.570312,35000,448.7,79.3
38.435762,-92.554932,35000,446.7,82.7
38.436833,-92.540344,35000,445.2,85.9
38.43809,-92.509521,35000,444.4,87.6
38.439579,-92.458313,35000,445.3,88.1
38.441069,-92.407227,35000,446.3,87.8
38.442673,-92.355672,35000,447.4,87.7
38.444183,-92.304382,35000,447.3,87.8
38.445771,-92.252808,35000,449.4,87.7
38.447493,-92.200439,35000,450.3,87.8
38.447662,-92.183413,35000,449.0,90.1
38.44726,-92.170898,35000,446.8,93.3
38.446004,-92.154724,35000,445.7,96.3
38.441116,-92.105733,35000,445.7,97.3
38.435902,-92.054626,35000,446.7,97.3
38.430817,-92.003154,35000,446.5,97.2
38.426731,-91.964233,35000,445.9,98.5
38.424636,-91.950378,35000,443.9,102.1
38.42157,-91.935086,35000,442.5,105.2
38.418026,-91.920349,35000,439.9,108.2
38.41365,-91.905029,35000,438.3,110.7
38.408296,-91.888693,35000,436.2,113.5
38.402115,-91.872117,35000,435.6,116.2
38.386556,-91.833941,35000,433.4,117.3
38.368195,-91.788726,35000,434.3,117.3
38.349838,-91.743261,35000,435.2,117.2
38.331578,-91.698164,35000,435.2,117.2
38.313309,-91.652975,35000,435.6,117.0
38.295181,-91.607861,35000,435.6,117.0
38.276926,-91.562626,35000,436.1,117.2
38.258864,-91.518024,35000,435.2,117.2
38.240708,-91.473302,35000,435.6,117.3
38.222413,-91.428461,35000,434.7,117.4
38.204269,-91.383985,35000,434.3,117.3
38.186335,-91.340033,35000,433.4,117.3
38.167994,-91.295133,35000,433.4,117.3
38.149699,-91.250292,35000,432.5,117.4
38.131805,-91.206801,35000,433.0,117.5
38.113358,-91.161687,35000,433.8,117.4
38.09491,-91.116807,35000,435.2,117.5
38.076379,-91.072003,35000,435.7,117.6
38.057851,-91.027222,35000,437.0,117.7
38.0392,-90.982166,35000,438.4,117.7
38.020706,-90.937636,35000,439.2,117.7
38.002128,-90.892878,35000,441.0,117.6
37.983321,-90.847619,35000,442.8,117.7
37.964493,-90.802469,35000,445.5,117.8
37.945753,-90.757519,35000,447.3,117.7
37.926498,-90.711189,35000,449.5,117.7
37.907254,-90.665031,35000,450.9,117.8
37.887817,-90.618448,35000,452.2,117.8
37.868225,-90.571698,35000,453.6,117.9
37.848785,-90.525433,35000,454.9,117.9
37.829224,-90.478782,35000,456.7,117.8
37.809495,-90.43181,35000,457.6,118.0
37.78981,-90.385164,35000,459.5,118.2
37.770264,-90.339057,35000,459.9,118.0
37.750443,-90.292306,35000,459.5,118.2
37.730667,-90.24579,35000,459.0,118.1
37.711037,-90.199366,35000,459.9,118.0
37.691066,-90.152017,35000,459.9,118.0
37.671561,-90.105923,35000,460.4,118.1
37.651776,-90.05935,35000,460.4,118.1
37.632111,-90.013149,35000,460.4,118.1
37.611969,-89.965872,35000,461.7,118.2
37.592049,-89.919155,35000,461.7,118.2
37.572006,-89.872372,35000,458.2,118.4
37.55246,-89.826965,35000,458.7,118.5
37.53241,-89.780566,35000,459.1,118.6
37.512589,-89.734633,35000,459.1,118.3
37.49263,-89.688526,35000,458.7,118.5
37.472672,-89.642068,35000,459.1,118.3
37.452896,-89.596136,35000,459.1,118.3
37.432654,-89.549083,35000,459.1,118.3
37.412497,-89.50251,35000,458.7,118.5
37.392573,-89.456356,35000,459.5,118.5
37.372696,-89.410595,35000,459.1,118.6
37.352864,-89.365181,35000,459.6,118.7
37.332596,-89.318848,35000,459.1,118.6
37.312363,-89.272454,35000,459.6,118.7
37.292084,-89.22599,35000,460.5,118.7
37.271805,-89.179649,35000,461.4,118.6
37.251709,-89.133775,35000,461.0,118.8
37.231476,-89.087667,35000,461.9,118.7
37.211151,-89.041209,35000,462.3,118.8
37.190826,-88.995335,35000,463.7,118.9
37.170639,-88.94952,35000,464.1,118.7
37.15004,-88.902711,35000,464.1,118.7
37.12946,-88.856049,35000,465.1,118.9
37.108651,-88.808998,35000,465.1,118.9
37.088447,-88.763322,35000,465.9,118.9
37.067688,-88.716586,35000,466.4,119.0
37.046876,-88.669878,35000,466.9,119.1
37.026077,-88.623086,35000,466.9,119.1
37.005119,-88.576375,35000,467.0,119.4
36.984031,-88.529325,35000,467.8,119.0
36.963315,-88.482633,35000,467.3,118.9
36.942673,-88.436377,35000,466.9,119.1
36.921936,-88.390094,35000,466.0,119.2
36.901354,-88.344229,35000,466.5,119.3
36.88028,-88.29747,35000,466.5,119.3
36.859451,-88.251362,35000,465.6,119.3
36.838881,-88.205605,35000,465.6,119.3
36.817839,-88.158855,35000,465.6,119.3
36.797058,-88.112812,35000,463.9,119.4
36.776082,-88.066582,35000,464.8,119.4
36.755676,-88.021603,35000,464.4,119.6
36.734697,-87.975477,35000,463.9,119.4
36.713562,-87.929077,35000,464.4,119.6
36.692614,-87.883087,35000,465.8,119.6
36.671618,-87.837096,35000,467.1,119.6
36.65062,-87.791176,35000,467.5,119.5
36.639771,-87.768002,35000,466.3,121.4
36.631531,-87.752323,35000,464.6,124.0
36.621643,-87.735271,35000,462.6,126.5
36.612122,-87.72028,35000,460.7,129.0
36.601913,-87.70546,35000,458.4,131.4
36.591316,-87.691352,35000,456.9,133.9
36.574185,-87.670431,35000,456.1,135.6
36.544144,-87.633877,35000,456.1,135.6
36.513931,-87.597198,35000,456.8,135.7
36.483827,-87.560918,35000,457.5,135.8
36.45369,-87.524643,35000,459.0,135.8
36.423448,-87.48828,35000,459.7,135.9
36.393236,-87.45199,35000,459.7,135.7
36.363396,-87.415992,35000,460.4,135.6
36.333323,-87.379761,35000,460.4,135.8
36.32222,-87.366428,34975,461.1,135.7
36.314438,-87.357044,34925,461.8,135.8
36.290955,-87.328835,34650,463.9,135.7
36.265729,-87.298532,34400,466.0,135.8
36.240452,-87.268144,34150,469.6,135.9
36.214874,-87.237625,33900,470.3,135.9
36.189423,-87.207241,33650,468.9,135.9
36.164246,-87.177098,33400,469.6,135.9
36.139252,-87.147217,33125,468.9,135.9
36.114202,-87.117375,32875,468.2,136.0
36.089035,-87.087479,32625,468.2,136.0
36.063217,-87.056751,32350,467.5,135.9
36.037674,-87.026367,32100,468.2,136.0
36.012268,-86.996098,31850,468.9,135.9
35.987533,-86.966663,31575,469.6,136.0
35.961731,-86.936073,31325,471.0,136.0
35.936508,-86.90609,31050,471.7,135.9
35.928635,-86.896763,31000,471.7,135.9
35.922546,-86.889439,30975,471.7,135.9
35.891403,-86.852417,30975,471.0,136.0
35.860474,-86.815739,31025,468.2,136.0
35.829442,-86.779019,31000,472.5,136.2
35.798584,-86.742668,31000,472.5,136.2
35.767295,-86.705738,31000,473.1,136.1
35.736237,-86.669197,31000,473.2,136.3
35.704926,-86.632404,31000,473.9,136.4
35.673523,-86.595612,31000,474.6,136.3
35.641846,-86.558475,31000,476.0,136.3
35.610306,-86.521454,31000,477.4,136.3
35.579086,-86.484947,31000,478.8,136.3
35.547428,-86.44791,31000,479.6,136.4
35.515915,-86.411076,31000,480.2,136.3
35.483978,-86.37381,31000,481.0,136.4
35.452011,-86.336403,31000,481.7,136.3
35.420151,-86.298981,31000,483.0,136.1
35.388611,-86.262131,31000,483.8,136.3
35.356293,-86.224537,31000,485.2,136.5
35.32421,-86.187452,31000,486.0,136.6
35.291931,-86.15015,31000,486.7,136.5
35.259567,-86.112728,31000,487.4,136.6
35.226974,-86.075078,31000,487.4,136.6
35.194519,-86.037635,31000,487.4,136.6
35.161697,-85.999799,31000,488.1,136.7
35.12911,-85.962296,31000,488.8,136.6
35.096896,-85.925217,31000,488.8,136.6
35.06417,-85.88768,31000,488.8,136.7
35.031723,-85.850601,31000,487.4,136.8
34.999191,-85.813368,31000,485.3,136.7
34.967422,-85.776822,31000,483.1,136.6
34.935173,-85.739822,31000,482.5,136.7
34.903145,-85.703144,31000,482.5,136.7
34.871118,-85.666523,30975,481.8,136.8
34.862505,-85.656681,30925,481.8,136.8
34.856461,-85.64975,30850,481.0,136.7
34.853288,-85.646152,30800,480.4,136.8
34.850922,-85.643472,30750,480.4,136.8
34.849424,-85.641689,30725,480.4,136.8
34.847076,-85.639044,30650,478.9,136.8
34.84465,-85.636298,30600,479.7,136.9
34.8414,-85.632598,30475,479.7,136.9
34.830872,-85.620547,30075,481.0,136.7
34.820376,-85.608616,29700,483.2,136.8
34.810501,-85.597341,29300,484.6,136.8
34.800731,-85.586243,28925,486.1,137.1
34.790955,-85.575714,28550,487.1,139.2
34.7883,-85.572958,28450,486.3,140.1
34.78656,-85.571277,28400,487.3,140.5
34.784637,-85.569371,28350,486.3,141.0
34.782761,-85.567589,28325,486.0,141.4
34.763535,-85.54945,27925,480.9,142.0
34.754883,-85.541232,27725,479.3,141.9
34.735977,-85.523295,27325,473.7,141.9
34.717868,-85.506134,26925,468.7,141.9
34.702011,-85.491009,26525,464.5,142.0
34.684616,-85.474642,26125,459.7,142.2
34.669098,-85.459956,25725,456.1,142.1
34.653067,-85.444851,25325,452.5,142.1
34.638062,-85.43064,24925,448.7,141.9
34.622808,-85.416241,24525,445.3,142.0
34.606705,-85.401045,24125,441.2,142.3
34.590547,-85.385971,23725,436.3,142.3
34.580725,-85.376701,23475,433.3,142.1
34.566788,-85.363601,23075,430.5,142.2
34.552231,-85.349925,22675,426.3,142.2
34.537766,-85.33636,22275,423.4,142.3
34.523931,-85.323429,21875,421.3,142.2
34.510025,-85.310407,21475,419.1,142.2
34.494598,-85.295946,21075,416.9,142.1
34.48073,-85.282803,20675,415.5,142.1
34.464437,-85.267467,20275,411.9,142.1
34.450332,-85.25425,19875,409.1,142.1
34.44009,-85.244579,19650,406.1,142.0
34.422773,-85.228271,19275,399.2,142.3
34.406061,-85.212765,18925,392.2,142.5
34.402267,-85.209232,18825,390.0,142.4
34.398892,-85.206127,18750,388.6,142.4
34.387161,-85.195219,18350,387.2,142.4
34.373847,-85.182781,17950,383.5,142.2
34.361045,-85.170765,17550,380.5,142.1
34.348848,-85.159321,17150,377.0,142.2
34.337117,-85.148392,16750,375.6,142.2
34.325409,-85.137373,16350,374.1,142.1
34.314789,-85.127395,15950,372.8,142.3
34.303574,-85.11697,15550,371.4,142.3
34.292038,-85.106207,15150,370.0,142.4
34.280411,-85.095389,14750,368.5,142.2
34.268967,-85.084739,14350,367.2,142.4
34.25528,-85.072071,13950,362.4,142.6
34.240986,-85.058842,13575,356.0,142.6
34.235633,-85.053921,13425,353.8,142.6
34.233124,-85.051612,13375,352.4,142.6
34.230652,-85.049314,13350,350.2,142.5
34.227814,-85.046735,13300,348.8,142.6
34.217377,-85.037094,13250,338.8,142.6
34.206445,-85.02697,13175,328.8,142.5
34.191036,-85.012722,13075,318.8,142.5
34.177955,-85.000534,13000,315.0,142.2
34.163244,-84.986687,12850,306.3,141.9
34.14949,-84.973755,12725,297.1,142.0
34.146286,-84.970672,12675,295.7,142.0
34.131309,-84.956646,12375,292.1,141.9
34.116413,-84.94257,12075,288.3,141.6
34.108778,-84.935532,11900,288.2,143.6
34.102913,-84.930782,11750,288.2,146.8
34.097233,-84.926662,11600,287.6,150.0
34.088928,-84.921346,11400,287.6,152.0
34.080688,-84.916077,11200,288.1,151.8
34.071816,-84.910355,11000,287.6,152.0
34.063293,-84.904866,10800,288.1,151.8
34.054459,-84.899205,10600,287.6,152.0
34.045421,-84.893475,10400,288.1,152.3
34.036423,-84.887826,10225,286.7,152.4
34.027544,-84.882202,10050,285.4,152.0
34.018793,-84.876652,9875,284.5,152.4
34.009644,-84.870898,9700,283.6,152.3
34.001266,-84.865573,9525,282.7,152.2
33.992863,-84.860229,9350,283.2,152.0
33.985694,-84.855652,9150,284.5,151.9
33.977463,-84.850383,8950,285.4,152.0
33.971915,-84.84684,8850,285.4,152.0
33.968628,-84.844722,8800,285.0,151.7
33.963209,-84.841232,8750,284.5,151.9
33.951711,-84.833908,8725,283.2,152.0
33.941143,-84.827156,8725,283.2,152.0
33.937792,-84.825039,8700,283.2,152.0
33.934296,-84.822805,8625,283.2,152.0
33.929214,-84.819554,8525,282.3,151.9
33.921498,-84.814625,8325,283.2,152.0
33.913119,-84.809303,8150,283.2,152.0
33.904495,-84.803747,7975,283.2,152.0
33.89621,-84.798422,7800,282.3,151.9
33.887878,-84.793153,7625,281.8,152.1
33.879135,-84.787548,7450,280.9,152.0
33.87057,-84.782124,7275,280.1,151.9
33.860562,-84.775715,7100,278.2,152.1
33.854649,-84.771938,7000,276.5,151.9
33.848969,-84.768322,6900,275.1,152.0
33.842732,-84.764385,6800,273.8,152.1
33.837296,-84.760923,6700,272.9,152.0
33.832169,-84.757672,6600,272.0,151.9
33.827179,-84.754477,6500,271.5,152.1
33.821551,-84.750938,6400,270.2,152.2
33.815781,-84.747246,6300,268.8,152.3
33.80777,-84.742201,6200,264.8,152.1
33.800217,-84.737381,6100,262.6,152.1
33.79483,-84.733944,6000,260.8,151.9
33.789523,-84.730568,5900,260.8,151.9
33.783797,-84.726906,5800,259.5,151.9
33.779572,-84.724208,5750,259.0,152.1
33.775511,-84.721642,5725,257.2,151.9
33.767441,-84.716473,5725,253.2,151.7
33.762616,-84.713345,5700,248.8,151.7
33.758469,-84.710644,5700,244.3,151.6
33.754486,-84.708121,5675,242.1,151.6
33.747021,-84.703274,5600,238.5,151.7
33.743042,-84.700778,5600,233.5,151.9
33.738967,-84.698124,5575,229.9,152.0
33.733292,-84.6945,5475,225.5,152.0
33.728806,-84.691642,5425,221.9,152.1
33.723372,-84.688168,5375,217.4,152.0
33.721573,-84.687045,5350,215.6,151.8
33.717636,-84.684523,5250,214.3,151.9
33.713875,-84.682102,5150,214.3,151.9
33.710175,-84.679759,5050,214.3,151.9
33.706238,-84.677236,4950,213.8,152.1
33.702301,-84.67477,4850,213.8,152.1
33.698547,-84.67236,4750,213.4,152.4
33.694742,-84.669971,4650,213.4,152.4
33.691065,-84.667683,4550,212.9,152.0
33.68776,-84.665279,4475,212.9,148.2
33.685432,-84.663162,4375,213.0,142.1
33.68371,-84.66116,4325,212.9,134.1
33.682173,-84.658871,4275,213.5,128.5
33.68087,-84.65641,4200,213.5,121.0
33.679473,-84.653091,4175,212.4,116.0
33.67717,-84.646856,4100,210.2,112.7
33.674927,-84.640353,4000,207.1,112.7
33.671906,-84.631721,3925,203.0,112.9
33.670441,-84.627573,3900,198.9,113.1
33.669113,-84.623818,3850,196.3,112.8
33.66655,-84.616531,3750,193.2,112.8
33.664484,-84.610634,3700,188.7,112.8
33.662482,-84.604855,3650,184.2,112.7
33.660507,-84.599211,3550,181.1,112.7
33.658813,-84.594334,3450,179.8,112.6
33.656982,-84.589009,3350,178.5,112.4
33.655014,-84.583292,3250,176.6,112.6
33.653218,-84.57819,3150,175.7,112.8
33.651901,-84.574043,3050,176.5,109.9
33.65062,-84.569279,2950,176.5,106.8
33.649773,-84.565201,2875,176.6,103.1
33.649338,-84.561768,2825,177.9,98.4
33.649168,-84.558678,2750,179.2,92.6
33.649168,-84.554329,2650,181.0,89.7
33.649261,-84.550152,2550,182.1,88.1
33.649429,-84.545905,2450,182.2,87.2
33.64968,-84.540482,2350,179.2,87.1
33.649796,-84.535647,2275,175.0,89.0
33.649773,-84.531898,2225,171.0,90.3
33.64975,-84.528024,2175,166.0,90.7
33.649658,-84.524549,2125,161.1,91.4
33.649567,-84.520064,2075,157.1,91.5
33.64954,-84.517536,2025,153.0,91.1
33.649521,-84.51345,1950,148.0,89.6
33.649567,-84.508349,1875,143.0,90.0
33.649587,-84.504719,1825,138.0,90.0
33.649567,-84.499605,1725,133.0,90.0
33.64954,-84.493389,1625,132.0,90.4
33.649567,-84.487274,1550,132.0,90.0
33.64954,-84.481201,1450,133.0,89.6
33.649587,-84.475136,1350,136.0,90.4
33.649521,-84.469056,1275,137.0,90.4
33.64954,-84.464092,1175,137.0,90.4
33.64954,-84.457626,1100,138.0,90.0
33.64954,-84.452133,1000,140.0,90.4
33.649521,-84.446299,900,141.0,90.0
33.649521,-84.439853,800,143.0,89.6
33.649521,-84.436041,725,144.0,90.0
33.64954,-84.432449,725,140.0,90.0
33.649521,-84.431725,700,138.0,90.0
33.64954,-84.431019,700,134.0,90.0
33.64954,-84.430275,675,125.0,90.0
33.649567,-84.428642,675,120.0,89.5
33.64954,-84.4277,675,116.0,89.5
33.649567,-84.427129,675,108.0,90.0
33.64954,-84.426498,675,104.0,90.0
33.649552,-84.426384,-50.0,102.5,90.0
33.649552,-84.426169,-50.0,97.0,90.0
33.649544,-84.425588,-50.0,91.0,90.0
33.649552,-84.425068,-50.0,87.0,90.0
33.649555,-84.424579,-50.0,83.0,90.0
33.649552,-84.423895,-50.0,79.0,90.0
33.649552,-84.423223,-50.0,75.0,90.0
33.649555,-84.422813,-50.0,73.0,90.0
33.649552,-84.422278,-50.0,71.0,90.0
33.649544,-84.421874,-50.0,68.5,90.0
33.649544,-84.421342,-50.0,64.5,90.0
33.649544,-84.420543,-50.0,59.5,90.0
33.649544,-84.420263,-50.0,56.5,90.0
33.649544,-84.41945,-50.0,45.5,90.0
33.649529,-84.419003,-50.0,38.5,92.8
33.649521,-84.418805,-50.0,34.5,92.8
33.649498,-84.418553,-50.0,31.5,95.6
33.649447,-84.418201,-50.0,30.5,98.4
33.649412,-84.417944,-50.0,30.5,101.2
33.649354,-84.417715,-50.0,30.5,104.1
33.649273,-84.4174,-50.0,29.5,106.9
33.649178,-84.417096,-50.0,27.5,109.7
33.649086,-84.416815,-50.0,25.5,112.5
33.648993,-84.416599,-50.0,22.5,118.1
33.648737,-84.416127,-50.0,17.5,123.8
33.648633,-84.41597,-50.0,14.2,129.4
33.648548,-84.41589,-50.0,10.8,137.8
33.64847,-84.415827,-50.0,10.2,143.4
33.648399,-84.415792,-50.0,10.2,154.7
33.648319,-84.415792,-50.0,10.8,165.9
33.648237,-84.415798,-50.0,10.8,177.2
33.64819,-84.415812,-50.0,11.2,188.4
33.648132,-84.415855,-50.0,11.2,196.9
33.648086,-84.415884,-50.0,11.2,205.3
33.648051,-84.415927,-50.0,11.2,216.6
33.648004,-84.416013,-50.0,11.2,227.8
33.647981,-84.41607,-50.0,11.2,236.2
33.647953,-84.416171,-50.0,11.2,244.7
33.64793,-84.416255,-50.0,12.2,253.1
33.647919,-84.416409,-50.0,13.2,261.6
33.647907,-84.416633,-50.0,14.8,267.2
33.647907,-84.41711,-50.0,16.5,270.0
33.647907,-84.417614,-50.0,18.5,270.0
33.647896,-84.418119,-50.0,19.5,270.0
33.647899,-84.418616,-50.0,19.5,270.0
33.647896,-84.419156,-50.0,19.5,270.0
33.647907,-84.41966,-50.0,18.5,270.0
33.647899,-84.420176,-50.0,18.5,270.0
33.647896,-84.420655,-50.0,17.5,270.0
33.647907,-84.421173,-50.0,17.5,270.0
33.647896,-84.42165,-50.0,16.5,267.2
33.647884,-84.421818,-50.0,16.5,261.6
33.647841,-84.421949,-50.0,14.8,253.1
33.647781,-84.422084,-50.0,13.8,244.7
33.647713,-84.422178,-50.0,13.2,233.4
33.647655,-84.42225,-50.0,13.2,225.0
33.647587,-84.422294,-50.0,13.2,216.6
33.647504,-84.422336,-50.0,13.8,205.3
33.647449,-84.422351,-50.0,13.8,199.7
33.647346,-84.422379,-50.0,13.8,191.2
33.647213,-84.422379,-50.0,14.2,182.8
33.6469,-84.422379,-50.0,14.2,180.0
33.646468,-84.422379,-50.0,14.2,180.0
33.646049,-84.422379,-50.0,14.8,180.0
33.645607,-84.422379,-50.0,10.2,180.0
33.645339,-84.422364,-50.0,7.2,177.2
33.645149,-84.422351,-50.0,5.8,174.4
33.644967,-84.422336,-50.0,5.8,177.2
33.64476,-84.422337,-50.0,7.8,180.0
33.644326,-84.422336,-50.0,11.2,180.0
33.643931,-84.422336,-50.0,13.2,180.0
33.643513,-84.422337,-50.0,15.5,180.0
33.643081,-84.422336,-50.0,14.2,180.0
33.642906,-84.422351,-50.0,13.8,182.8
33.64246,-84.422393,-50.0,12.8,182.8
33.642059,-84.422407,-50.0,13.2,180.0
33.641647,-84.422393,-50.0,14.2,180.0
33.641212,-84.422393,-50.0,14.8,180.0
33.640766,-84.422393,-50.0,14.2,180.0
33.64032,-84.422393,-50.0,14.8,180.0
33.639974,-84.422407,-50.0,15.5,182.8
33.639736,-84.422435,-50.0,12.2,185.6
33.639392,-84.422622,-50.0,8.8,219.4
33.639345,-84.42275,-50.0,8.2,239.1
33.639324,-84.422953,-50.0,7.8,261.6
33.639313,-84.423121,-50.0,7.8,267.2
33.639313,-84.423261,-50.0,8.2,270.0
33.639313,-84.423724,-50.0,7.2,267.2
33.639206,-84.423981,-50.0,6.8,241.9
33.638866,-84.424565,-50.0,5.8,255.9
33.638855,-84.424523,-50.0,2.8,284.1
33.638857,-84.424396,-50.0,2.8,303.8
33.638683,-84.424172,-50.0,1.1,2.8
33.639171,-84.424081,-50.0,7.8,22.5
33.639229,-84.424009,-50.0,8.8,33.8
33.639322,-84.423437,-50.0,10.8,90.0
33.639322,-84.422994,-50.0,11.2,90.0
33.639324,-84.422939,-50.0,11.2,87.2
33.639713,-84.422463,-50.0,10.2,16.9
33.639846,-84.422436,-50.0,10.8,11.2
33.639997,-84.422421,-50.0,11.2,5.6
33.640217,-84.422407,-50.0,11.8,2.8
33.640567,-84.422393,-50.0,12.8,0.0
33.640995,-84.422407,-50.0,15.5,0.0
33.641418,-84.422393,-50.0,17.5,0.0
33.641813,-84.422393,-50.0,16.5,0.0
33.641945,-84.422379,-50.0,16.5,5.6
33.642071,-84.422337,-50.0,16.5,14.1
33.642185,-84.42228,-50.0,16.5,22.5
33.64229,-84.422207,-50.0,17.5,30.9
33.642383,-84.422107,-50.0,17.5,39.4
33.642529,-84.421944,-50.0,17.5,45.0
33.642666,-84.42179,-50.0,18.5,42.2
33.642803,-84.421678,-50.0,18.5,36.6
33.642918,-84.421606,-50.0,19.5,28.1
33.643035,-84.421549,-50.0,19.5,22.5
33.643147,-84.42151,-50.0,19.5,14.1
33.643337,-84.421477,-50.0,19.5,5.6
33.643536,-84.421468,-50.0,20.5,2.8
33.643942,-84.421463,-50.0,21.5,0.0
33.644373,-84.421463,-50.0,20.5,0.0
33.644769,-84.421449,-50.0,16.5,0.0
33.644804,-84.421449,-50.0,15.5,0.0
33.644838,-84.421449,-50.0,15.5,0.0
33.644955,-84.421477,-50.0,15.5,354.4
33.64506,-84.421506,-50.0,15.5,345.9
33.645149,-84.421552,-50.0,14.2,334.7
33.645281,-84.421678,-50.0,14.2,317.8
33.645332,-84.42179,-50.0,14.2,306.6
33.645374,-84.421892,-50.0,14.2,295.3
33.645401,-84.422014,-50.0,13.8,286.9
33.645424,-84.422154,-50.0,13.8,278.4
33.645424,-84.422308,-50.0,13.8,272.8
33.645435,-84.422659,-50.0,15.5,270.0
33.64542,-84.423122,-50.0,17.5,267.2
33.645432,-84.423637,-50.0,19.5,267.2
33.645424,-84.42399,-50.0,20.5,267.2
33.64542,-84.424424,-50.0,22.5,270.0
33.64542,-84.424911,-50.0,22.5,270.0
33.645424,-84.425447,-50.0,23.5,270.0
33.645424,-84.425952,-50.0,24.5,270.0
33.64542,-84.426427,-50.0,25.5,270.0
33.64542,-84.426913,-50.0,25.5,270.0
33.645424,-84.427409,-50.0,25.5,270.0
33.645424,-84.427914,-50.0,24.5,270.0
33.64542,-84.428387,-50.0,23.5,270.0
33.64542,-84.428887,-50.0,22.5,270.0
33.645424,-84.429413,-50.0,21.5,270.0
33.645424,-84.429932,-50.0,21.5,270.0
33.64542,-84.430404,-50.0,20.5,270.0
33.64542,-84.430919,-50.0,21.5,270.0
33.645424,-84.431389,-50.0,21.5,270.0
33.64542,-84.431834,-50.0,21.5,270.0
33.64542,-84.432278,-50.0,21.5,270.0
33.645424,-84.43272,-50.0,22.5,270.0
33.645424,-84.433211,-50.0,22.5,270.0
33.64542,-84.433737,-50.0,22.5,270.0
33.64542,-84.434223,-50.0,22.5,270.0
33.64542,-84.434738,-50.0,21.5,270.0
33.645424,-84.435243,-50.0,21.5,270.0
33.645424,-84.435733,-50.0,21.5,270.0
33.645424,-84.436238,-50.0,18.5,270.0
33.645424,-84.436728,-50.0,17.5,270.0
33.64542,-84.437127,-50.0,12.8,270.0
33.64542,-84.437585,-50.0,8.8,270.0
33.645435,-84.437723,-50.0,7.2,275.6
33.645455,-84.437799,-50.0,6.8,281.2
33.645479,-84.437857,-50.0,6.8,289.7
33.645514,-84.437914,-50.0,6.2,298.1
33.645561,-84.437975,-50.0,6.2,306.6
33.645618,-84.438028,-50.0,6.2,312.2
33.645676,-84.438086,-50.0,6.2,320.6
33.645735,-84.438128,-50.0,6.2,326.2
33.64579,-84.438157,-50.0,6.2,334.7
33.645859,-84.438171,-50.0,6.8,340.3
33.645939,-84.438185,-50.0,7.2,345.9
33.64603,-84.438185,-50.0,7.8,354.4
33.646258,-84.4382,-50.0,8.8,357.2
33.646557,-84.438213,-50.0,8.8,0.0
33.646747,-84.4382,-50.0,5.2,2.8
33.646794,-84.438186,-50.0,3.8,11.2
33.646809,-84.438157,-50.0,3.8,19.7
33.64682,-84.438129,-50.0,3.2,30.9
33.646817,-84.438086,-50.0,3.2,45.0
33.646817,-84.438043,-50.0,3.2,59.1
33.646809,-84.438017,-50.0,3.2,70.3
33.646794,-84.438,-50.0,2.8,78.8
33.646786,-84.437975,-50.0,1.4,87.2
33.646786,-84.437891,-50.0,3.8,87.2
33.646797,-84.437807,-50.0,6.8,87.2
33.646794,-84.437742,-50.0,9.8,90.0
33.646794,-84.437671,-50.0,14.2,90.0
33.646797,-84.437611,-50.0,19.5,90.0
33.646797,-84.437485,-50.0,24.5,90.0
33.646794,-84.437327,-50.0,29.5,90.0
33.646794,-84.43717,-50.0,34.5,90.0
33.646794,-84.436955,-50.0,39.5,90.0
33.646794,-84.436727,-50.0,44.5,90.0
33.646797,-84.436336,-50.0,49.5,90.0
33.646794,-84.436154,-50.0,54.5,90.0
33.646794,-84.435811,-50.0,59.5,90.0
33.646805,-84.435425,-50.0,64.5,90.0
33.646794,-84.435081,-50.0,69.5,90.0
33.646797,-84.434696,-50.0,73.0,90.0
33.646797,-84.434234,-50.0,79.0,90.0
33.646794,-84.433794,-50.0,83.0,90.0
33.646797,-84.433407,-50.0,83.0,90.0
33.646805,-84.432921,-50.0,87.0,90.0
33.646805,-84.43265,-50.0,93.0,90.0
33.646805,-84.432392,-50.0,93.0,90.0
33.64682,-84.432006,725,97.0,90.0
33.646794,-84.431419,725,102.0,90.0
33.646794,-84.430504,725,106.0,90.0
33.64682,-84.429876,725,110.0,90.0
33.646794,-84.429588,725,115.0,90.0
33.646794,-84.428158,700,119.0,90.0
33.64682,-84.427858,700,123.0,90.0
33.64682,-84.427017,700,127.0,90.0
33.646794,-84.426327,700,131.0,90.0
33.64682,-84.425672,700,135.0,90.0
33.646794,-84.424782,700,139.0,90.0
33.646794,-84.424038,700,143.0,90.0
33.646794,-84.423237,700,147.0,90.0
33.646794,-84.422379,700,155.0,90.0
33.646794,-84.42049,675,158.0,90.0
33.64682,-84.419674,675,162.0,90.0
33.64682,-84.418833,675,165.0,90.0
33.64682,-84.41788,700,172.0,90.0
33.646794,-84.41597,700,175.0,89.7
33.64684,-84.414883,700,180.0,89.7
33.64684,-84.413338,725,182.0,89.7
33.64682,-84.41278,750,183.0,89.7
33.64684,-84.412251,750,183.0,89.7
33.64682,-84.411658,775,184.0,89.7
33.64684,-84.410591,800,184.0,89.7
33.646866,-84.408968,900,182.0,89.7
33.646866,-84.406446,1000,182.0,89.4
33.646887,-84.404354,1100,183.0,88.8
33.646933,-84.40321,1150,182.1,88.1
33.64698,-84.401608,1250,180.2,87.5
33.647073,-84.400063,1350,179.2,87.4
33.647141,-84.398542,1450,178.2,87.1
33.647213,-84.396973,1550,177.3,86.8
33.647232,-84.395964,1600,177.3,86.4
33.647324,-84.394394,1700,177.3,86.4
33.647461,-84.39204,1800,178.4,86.1
33.647678,-84.389477,1875,180.7,84.9
33.647864,-84.387531,1925,184.2,83.4
33.648102,-84.385146,2000,186.7,82.3
33.648516,-84.382038,2050,190.2,81.2
33.648842,-84.379807,2075,194.2,79.6
33.64968,-84.375515,2150,199.2,76.9
33.650332,-84.37294,2175,203.6,74.3
33.65117,-84.369736,2250,208.1,71.2
33.652147,-84.36676,2275,212.4,68.8
33.653458,-84.362949,2325,217.1,67.8
33.654556,-84.359642,2375,221.5,67.7
33.655792,-84.356166,2400,226.4,67.4
33.656616,-84.353714,2425,230.1,67.8
33.657501,-84.351082,2425,234.5,67.7
33.658571,-84.348049,2450,239.0,67.6
33.659821,-84.344339,2475,243.1,67.8
33.660324,-84.342938,2500,245.3,67.7
33.66124,-84.340247,2525,250.2,67.4
33.662296,-84.337177,2575,254.2,67.6
33.663208,-84.334642,2625,255.5,67.4
33.664763,-84.330082,2725,257.8,67.4
33.665927,-84.326763,2800,259.1,67.3
33.666904,-84.324017,2900,260.4,67.2
33.668161,-84.320526,3000,260.8,67.0
33.669434,-84.316985,3100,262.9,66.5
33.670532,-84.314071,3200,263.7,66.1
33.671906,-84.310595,3300,264.8,64.5
33.673141,-84.307905,3400,266.3,61.0
33.674515,-84.305214,3500,267.6,59.7
33.675568,-84.303365,3575,268.5,56.5
33.676634,-84.301643,3675,268.5,55.0
33.678216,-84.299355,3775,269.9,50.4
33.679871,-84.297143,3875,271.1,47.5
33.681475,-84.295177,3975,272.2,44.5
33.683477,-84.29306,4075,272.1,41.4
33.68486,-84.29165,4175,273.4,39.8
33.68692,-84.289856,4275,273.8,36.5
33.688551,-84.28854,4375,274.3,33.4
33.690739,-84.286995,4475,274.8,30.4
33.692459,-84.285876,4575,274.9,29.2
33.695343,-84.284195,4675,277.4,24.7
33.697632,-84.283074,4775,277.3,23.1
33.6996,-84.282289,4850,278.4,19.7
33.701493,-84.281616,4950,279.4,16.4
33.703774,-84.28093,5025,280.1,14.7
33.70578,-84.280439,5125,281.1,9.8
33.708344,-84.279991,5225,281.0,8.4
33.711731,-84.279654,5325,282.5,5.9
33.714574,-84.279442,5425,283.6,3.8
33.717957,-84.279318,5525,286.2,2.0
33.72137,-84.279156,5625,287.1,1.8
33.724815,-84.279099,5725,288.1,1.4
33.727798,-84.278982,5825,288.0,1.0
33.730541,-84.278927,5900,289.0,0.8
33.733381,-84.278927,6000,289.0,0.6
33.736733,-84.27887,6100,290.0,0.4
33.740271,-84.27887,6200,291.0,0.2
33.743729,-84.27887,6300,292.0,0.0
33.746841,-84.278926,6400,293.0,359.6
33.750698,-84.278927,6500,294.0,359.4
33.754003,-84.278984,6600,294.0,359.2
33.75705,-84.279094,6700,294.0,359.0
33.760345,-84.279206,6800,295.3,357.3
33.763686,-84.279556,6900,295.6,354.0
33.766945,-84.280128,7000,295.6,351.0
33.77179,-84.281392,7150,294.9,346.7
33.776302,-84.283104,7300,294.7,341.2
33.780579,-84.285148,7450,295.3,337.1
33.785568,-84.288174,7600,295.2,332.1
33.78978,-84.291313,7750,295.4,326.7
33.793619,-84.294777,7875,294.4,322.3
33.796738,-84.298096,8025,293.6,316.5
33.800416,-84.302788,8175,292.3,312.4
33.803192,-84.307064,8325,292.2,306.8
33.806213,-84.312613,8475,291.8,302.5
33.808144,-84.316978,8600,291.1,296.7
33.809967,-84.322142,8725,291.0,292.4
33.811449,-84.327393,8850,290.4,286.8
33.812576,-84.333297,8975,290.9,282.5
33.813218,-84.338322,9100,290.1,278.3
33.813544,-84.343758,9225,289.5,273.4
33.813766,-84.352579,9425,290.1,271.8
33.81395,-84.360651,9625,292.1,271.6
33.814102,-84.368191,9800,293.1,271.2
33.814196,-84.373627,9900,295.0,271.0
33.814242,-84.379749,9975,298.0,270.6
33.814242,-84.383755,10025,301.0,270.4
33.814289,-84.394798,10075,310.0,270.0
33.81427,-84.408351,10200,317.0,269.8
33.814242,-84.416084,10300,322.0,269.8
33.814224,-84.429203,10500,325.0,269.8
33.814242,-84.439831,10700,329.0,270.2
33.81427,-84.448709,10900,329.0,270.4
33.814316,-84.458014,11100,330.0,270.4
33.814362,-84.466814,11300,331.0,270.5
33.814407,-84.475502,11500,331.0,270.4
33.814475,-84.483662,11700,331.0,270.5
33.814407,-84.491646,11900,330.1,268.8
33.81387,-84.500256,12125,327.3,264.9
33.812943,-84.508237,12325,326.2,260.8
33.811496,-84.516621,12525,323.8,256.6
33.809633,-84.524746,12725,322.7,253.2
33.807083,-84.533237,12925,322.4,249.5
33.804047,-84.54174,13100,322.7,245.7
33.800766,-84.549324,13250,323.1,241.5
33.797058,-84.556667,13425,323.5,237.9
33.794861,-84.560759,13500,324.0,237.1
33.787537,-84.574155,13725,329.2,236.6
33.777745,-84.591579,14100,333.1,235.6
33.776442,-84.593868,14150,333.1,235.6
33.775589,-84.595287,14175,333.1,235.6
33.766852,-84.610405,14575,333.2,235.0
33.758426,-84.62471,14975,332.4,234.9
33.750512,-84.638329,15375,331.8,235.1
33.747482,-84.643548,15500,332.6,235.2
33.737524,-84.660645,15875,334.8,235.2
33.731735,-84.670678,16075,336.5,235.4
33.721417,-84.688511,16425,339.8,235.2
33.711594,-84.705767,16825,341.2,235.8
33.704453,-84.718267,17100,341.5,235.4
33.694044,-84.736061,17475,343.2,235.0
33.683441,-84.754533,17825,344.8,235.8
33.672351,-84.774113,18175,346.4,235.9
33.661039,-84.794083,18500,349.2,235.9
33.648376,-84.816284,18825,353.9,235.6
33.636246,-84.837491,19150,356.7,235.5
33.623703,-84.859239,19450,360.1,235.3
33.616425,-84.871739,19600,363.4,235.1
33.605781,-84.890041,19700,371.4,235.2
33.595772,-84.907265,19775,377.8,235.1
33.592209,-84.913386,19850,379.2,235.1
33.589188,-84.918543,19925,380.0,235.2
33.586578,-84.923027,20000,380.0,235.2
33.578751,-84.93648,20250,380.0,235.2
33.565018,-84.960078,20550,383.6,235.2
33.552246,-84.982052,20875,385.9,235.2
33.538971,-85.004956,21200,387.3,235.2
33.525246,-85.028518,21500,389.5,235.2
33.512118,-85.05122,21825,391.1,235.4
33.498106,-85.075547,22150,393.3,235.5
33.492613,-85.085019,22250,394.7,235.4
33.479671,-85.107328,22500,395.9,235.2
33.46645,-85.129974,22825,396.4,235.1
33.452545,-85.153876,23150,398.1,235.2
33.438379,-85.178515,23450,399.4,236.2
33.432607,-85.189614,23575,401.7,239.5
33.426498,-85.20271,23700,402.6,242.2
33.420969,-85.216239,23850,403.9,244.6
33.416519,-85.228638,23975,405.4,247.7
33.412217,-85.242191,24100,407.1,250.2
33.408463,-85.256268,24225,408.7,253.1
33.400909,-85.286371,24525,410.3,253.3
33.393311,-85.316748,24825,411.0,253.5
33.385356,-85.34914,25100,412.6,253.7
33.377908,-85.37952,25425,412.6,253.7
33.370285,-85.410187,25725,413.2,253.4
33.363011,-85.439609,26025,412.9,253.5
33.355842,-85.468476,26350,412.9,253.5
33.348487,-85.498128,26650,412.0,253.5
33.340945,-85.528452,26950,412.0,253.5
33.333481,-85.558392,27250,411.0,253.5
33.326111,-85.587946,27550,411.3,253.3
33.318368,-85.618977,27850,410.7,253.6
33.310547,-85.650568,28150,410.0,253.4
33.301749,-85.685624,28425,411.3,253.3
33.293043,-85.720209,28675,412.2,253.4
33.284088,-85.755872,28925,413.5,253.3
33.274236,-85.794927,29175,415.7,253.2
33.263296,-85.838256,29400,418.9,253.2
33.261246,-85.846344,29450,418.9,253.2
33.259805,-85.851932,29525,417.6,253.3
33.258036,-85.858995,29625,416.7,253.3
33.255157,-85.870514,29825,413.2,253.4
33.250076,-85.890619,30225,407.2,253.3
33.245513,-85.90877,30625,400.2,253.1
33.243439,-85.916821,30800,398.0,253.2
33.242706,-85.919733,30850,396.1,253.1
33.241882,-85.922864,30900,396.1,253.1
33.241091,-85.92609,30950,395.4,252.9
33.240206,-85.929453,30975,395.4,252.9
33.23877,-85.934729,31025,396.2,252.1
33.235748,-85.944562,31050,396.6,248.1
33.232572,-85.952827,31100,396.2,243.9
33.228941,-85.960675,31150,396.4,240.2
33.223984,-85.96994,31250,395.8,236.2
33.218124,-85.979443,31300,396.6,232.6
33.212219,-85.987793,31375,396.9,228.9
33.205719,-85.995813,31425,397.4,225.2
33.198898,-86.003229,31475,398.8,221.6
33.189331,-86.012567,31550,399.7,218.9
33.163721,-86.037691,31775,399.9,219.6
33.137878,-86.063049,32000,401.4,219.4
33.131926,-86.068856,32025,402.8,219.5
33.1035,-86.096777,32000,407.7,219.6
33.074707,-86.125177,32000,411.9,219.7
33.045711,-86.153832,32000,417.5,219.8
33.015964,-86.183148,32000,421.1,219.7
33.004978,-86.193574,32000,423.0,217.4
32.998215,-86.19906,32000,424.9,213.6
32.989059,-86.205542,32000,427.9,210.2
32.954562,-86.228943,32000,428.7,209.8
32.920765,-86.251868,32000,428.7,209.8
32.886566,-86.275085,32000,430.0,209.8
32.852147,-86.29856,32000,430.0,209.8
32.818117,-86.321654,32000,430.0,209.8
32.784134,-86.344804,32000,429.7,210.0
32.749603,-86.368359,32000,429.7,210.0
32.715866,-86.391486,32000,430.2,210.1
32.681905,-86.41487,32000,429.8,210.3
32.648434,-86.438132,32000,430.3,210.4
32.614334,-86.461853,32000,430.8,210.6
32.580002,-86.485858,32000,431.8,210.8
32.546392,-86.509375,32000,431.3,210.7
32.512735,-86.532973,32000,431.0,210.9
32.479124,-86.556683,32000,431.5,211.0
32.445099,-86.58078,32000,432.3,210.9
32.410739,-86.604776,32000,432.9,210.2
32.37648,-86.628351,32000,434.8,210.4
32.342353,-86.652085,32000,436.3,210.7
32.308319,-86.675922,32000,438.2,210.9
32.274307,-86.700037,32000,437.8,211.1
32.241852,-86.723163,32000,438.2,211.7
32.233612,-86.729645,32000,437.7,214.7
32.220712,-86.740984,32000,436.8,217.2
32.188964,-86.769683,32000,436.3,217.7
32.157669,-86.798145,32000,437.0,217.7
32.125717,-86.826929,32000,437.2,217.5
32.094416,-86.854995,32000,436.8,217.2
32.062592,-86.883453,32000,437.6,217.1
32.053391,-86.891199,32000,437.2,214.6
32.046002,-86.896418,32000,438.4,210.4
32.039298,-86.900398,32000,439.2,206.2
32.027115,-86.906744,32000,440.4,203.1
31.990279,-86.924781,32000,440.7,202.6
31.953094,-86.942944,32000,440.5,202.8
31.916168,-86.961215,32000,440.9,203.0
31.878571,-86.979858,32000,442.2,203.0
31.840897,-86.9987,32000,442.6,203.1
31.803772,-87.017377,32000,443.0,203.3
31.767014,-87.036053,32000,442.9,203.6
31.729773,-87.055005,32000,442.9,203.6
31.702606,-87.068697,32000,442.5,202.4
31.683975,-87.077044,32000,443.4,200.6
31.645889,-87.093578,32000,442.7,200.4
31.607895,-87.110057,32000,441.7,200.4
31.591507,-87.116789,32000,441.1,198.2
31.553741,-87.130576,32000,439.7,197.2
31.515167,-87.144434,32000,439.4,197.1
31.479492,-87.157126,32000,439.0,196.0
31.461306,-87.162781,32000,439.0,194.0
31.443802,-87.16723,32000,439.3,191.8
31.40414,-87.176898,32000,439.5,191.9
31.365408,-87.186621,32000,438.0,192.3
31.326397,-87.196564,32000,438.2,192.4
31.28746,-87.206511,32000,438.0,192.3
31.248596,-87.216043,32000,437.2,191.8
31.209644,-87.225238,32000,437.5,191.3
31.170541,-87.234631,32000,437.2,191.8
31.131018,-87.24408,32000,437.7,191.5
31.09227,-87.253203,32000,436.8,191.5
31.053268,-87.262304,32000,435.2,191.1
31.014954,-87.271136,32000,434.6,191.4
30.975812,-87.280334,32000,434.8,191.5
30.936941,-87.289563,32000,434.8,191.5
30.897949,-87.298871,32000,435.0,191.7
30.859385,-87.30802,32000,434.8,191.5
30.820561,-87.316974,32000,437.7,191.5
30.807293,-87.32049,32000,437.8,193.9
30.792862,-87.325159,32000,437.9,196.4
30.760089,-87.337079,32000,439.6,197.6
30.721637,-87.351196,32000,439.9,197.7
30.707811,-87.356799,32000,439.7,200.1
30.687701,-87.365918,32000,439.7,201.9
30.650645,-87.383221,32000,440.1,202.0
30.630116,-87.393054,32000,439.8,203.6
30.618073,-87.399741,32000,440.1,206.4
30.581818,-87.421229,32000,440.1,207.3
30.56488,-87.431623,32000,440.0,208.9
30.55093,-87.441174,32000,440.2,211.3
30.516541,-87.465605,32000,439.9,211.5
30.4818,-87.490063,32000,441.1,211.3
30.446886,-87.514673,32000,442.1,211.5
30.412079,-87.53917,32000,443.8,211.4
30.377244,-87.563782,32000,444.9,211.6
30.363327,-87.57423,32000,444.9,213.7
30.339661,-87.592971,32000,445.8,215.0
30.318878,-87.610581,32000,446.0,216.6
30.301969,-87.62536,32000,446.2,218.5
30.277405,-87.648818,32000,445.2,219.8
30.259374,-87.666394,32025,445.0,221.4
30.250946,-87.675584,32025,444.8,224.4
30.239682,-87.689081,32000,445.0,226.7
30.211716,-87.723514,32000,446.5,227.1
30.183587,-87.75824,32000,445.7,226.8
30.155594,-87.792771,32000,446.4,226.9
30.128036,-87.826807,32000,445.7,227.0
30.100491,-87.860742,32000,445.7,227.0
30.072746,-87.89491,32000,445.7,226.8
30.044266,-87.929562,32000,447.1,226.6
30.016388,-87.96349,32000,447.8,226.7
29.987915,-87.998173,32000,447.8,226.5
29.959717,-88.032349,32000,449.2,226.5
29.930994,-88.067175,32000,451.3,226.6
29.902588,-88.101636,32000,452.0,226.5
29.8742,-88.135932,32000,453.4,226.5
29.845478,-88.170723,32000,454.1,226.6
29.816615,-88.20562,32000,454.8,226.5
29.787986,-88.240195,32000,455.5,226.4
29.759542,-88.2745,32000,454.1,226.4
29.731052,-88.308967,32000,452.7,226.6
29.702728,-88.34323,32000,451.3,226.4
29.674667,-88.376981,32000,449.9,226.4
29.646515,-88.410891,32000,449.9,226.4
29.618582,-88.444519,32000,449.9,226.4
29.590164,-88.478658,32000,450.6,226.4
29.562021,-88.51243,32000,450.6,226.4
29.534225,-88.54579,32000,452.0,226.3
29.505879,-88.579856,32000,452.0,226.3
29.477203,-88.614107,32000,452.7,226.2
29.449127,-88.647784,32000,452.0,226.5
29.4207,-88.681852,32000,451.2,226.3
29.392273,-88.715709,32000,449.8,226.3
29.364127,-88.749282,32000,449.8,226.3
29.335693,-88.783159,32000,449.1,226.2
29.30752,-88.816654,32000,449.1,226.2
29.279356,-88.850205,32000,447.7,226.2
29.250916,-88.883937,32000,441.3,226.3
29.223074,-88.916931,32000,441.3,226.1
29.195608,-88.949513,32000,441.3,226.1
29.167419,-88.983025,32000,440.6,226.2
29.139496,-89.01609,32000,441.3,226.1
29.111526,-89.049207,32000,442.0,226.2
29.08379,-89.082157,32000,443.5,226.2
29.055862,-89.115072,32000,444.1,226.1
29.027527,-89.14856,32000,446.3,226.0
28.999191,-89.181783,32000,449.1,225.8
28.970673,-89.215428,32025,452.6,226.1
28.941422,-89.250025,32000,458.3,226.1
28.911593,-89.285242,32000,462.5,226.1
28.882462,-89.319534,32000,463.2,226.0
28.852565,-89.354661,32000,463.9,225.9
28.823563,-89.388697,32000,464.6,226.0
28.793747,-89.423746,32000,465.4,226.0
28.764162,-89.458546,32000,466.0,226.0
28.73465,-89.493097,32000,466.0,225.8
28.704389,-89.528288,32000,466.7,225.7
28.674683,-89.562818,32000,467.4,225.6
28.644836,-89.597414,32000,468.1,225.7
28.615356,-89.6318,32000,468.2,225.9
28.60365,-89.645529,32025,468.9,225.9
28.598669,-89.651346,32050,468.9,225.9
28.593269,-89.6577,32125,467.5,225.9
28.572784,-89.681713,32450,463.9,225.9
28.552024,-89.706008,32750,461.1,225.9
28.536667,-89.723969,32950,459.7,225.9
28.531631,-89.729831,33000,459.7,225.9
28.523534,-89.73929,33000,461.1,225.9
28.494507,-89.773143,33000,463.2,225.8
28.464935,-89.807475,33000,463.9,225.7
28.434723,-89.842494,33000,464.6,225.6
28.40571,-89.876027,33000,465.3,225.5
28.376221,-89.910102,33000,466.0,225.6
28.346191,-89.944857,33000,466.7,225.7
28.316757,-89.978872,33000,466.0,225.6
28.292821,-90.006463,33000,466.0,224.7
28.284953,-90.014541,33000,467.8,221.0
28.279083,-90.019754,33000,468.9,217.9
28.271267,-90.025796,33000,471.2,213.1
28.263428,-90.031005,33000,473.7,209.3
28.255325,-90.035547,33000,474.6,205.6
28.246353,-90.03972,33000,477.4,201.9
28.238388,-90.042783,33000,479.5,197.2
28.227173,-90.046111,33000,481.4,193.6
28.21871,-90.047877,33000,483.8,188.9
28.20777,-90.049223,33000,485.0,185.2
28.198425,-90.049597,33000,487.0,180.6
28.186542,-90.049223,33000,489.4,177.8
28.140828,-90.046584,33000,489.6,177.2
28.094927,-90.044053,33000,487.6,177.2
28.051075,-90.041522,33000,485.7,176.9
28.006897,-90.038883,33000,483.6,177.0
27.962952,-90.036287,33000,483.6,177.0
27.919144,-90.033684,33000,483.7,176.9
27.875201,-90.031058,33000,482.7,176.9
27.831116,-90.028364,33000,483.6,177.0
27.787729,-90.025881,33000,483.6,177.0
27.744003,-90.02332,33000,483.6,177.0
27.700025,-90.020811,33000,483.6,177.2
27.65538,-90.018241,33000,483.6,177.0
27.610924,-90.01574,33000,483.6,177.2
27.565675,-90.013152,33000,484.6,177.0
27.521393,-90.010624,33000,484.6,177.2
27.477676,-90.008136,33000,484.6,177.0
27.433456,-90.005493,33000,484.7,176.9
27.390335,-90.002902,33000,485.7,176.9
27.345297,-90.000317,33000,485.6,177.2
27.299862,-89.997782,33000,486.6,177.1
27.255497,-89.995141,33000,486.7,176.9
27.210621,-89.9925,33000,487.7,176.9
27.165279,-89.989859,33000,487.7,176.9
27.123242,-89.987376,33000,488.7,176.9
27.078094,-89.984816,33000,489.6,177.1
27.033071,-89.982253,33000,490.6,177.1
26.989243,-89.979686,33000,492.6,177.1
26.944336,-89.977146,33000,491.6,177.1
26.901607,-89.974753,33000,484.6,177.2
26.856354,-89.972171,33000,484.6,177.0
26.814322,-89.969788,33000,484.6,177.0
26.770283,-89.967147,33000,485.7,176.9
26.729131,-89.96477,33000,485.6,177.1
26.686629,-89.962287,33000,486.6,177.1
20.964381,-89.657476,33000,0.0,0.0
20.921367,-89.655329,33000,515.6,177.3
20.880541,-89.652532,33000,516.1,176.3
20.851227,-89.650252,33000,516.5,175.7
20.809781,-89.646839,33000,516.5,175.7
20.802845,-89.64624,33000,517.6,175.5
20.175751,-89.59743,33000,513.3,175.9
20.129095,-89.593905,33000,513.3,175.9
20.102417,-89.591838,33000,512.3,175.9
19.954477,-89.580422,33000,0.0,0.0
16.474744,-89.242287,33000,497.1,172.6
16.435873,-89.237088,33000,496.0,172.7
16.415576,-89.23439,33000,496.0,172.7
16.362808,-89.227295,33000,496.0,172.7
16.345047,-89.224886,33000,494.2,172.6
16.274988,-89.215409,33000,494.0,172.6
16.267959,-89.214478,33000,493.2,172.5
16.221453,-89.2082,33000,493.2,172.5
16.184956,-89.203295,33000,492.1,172.6
16.144363,-89.197902,33000,491.1,172.6
16.124222,-89.195203,33000,492.1,172.6
16.058008,-89.186472,33000,492.1,172.6
16.040784,-89.184216,33000,491.9,172.8
16.00351,-89.179302,33000,491.9,172.8
15.986411,-89.177006,33000,491.9,172.8
15.945053,-89.171544,33000,493.0,172.7
15.869339,-89.161377,33000,493.0,172.7
15.823792,-89.155209,33000,493.2,172.5
15.780899,-89.149427,33000,494.2,172.6
15.740289,-89.143949,33000,495.2,172.6
15.70871,-89.13979,33000,495.0,172.7
15.683395,-89.136417,33000,495.0,172.7
15.662966,-89.133699,33000,495.0,172.7
15.576844,-89.12232,32575,0.0,0.0
15.567993,-89.121142,32525,499.0,172.8
15.532974,-89.116516,32275,499.0,172.8
15.49845,-89.111971,32025,501.1,172.7
15.45525,-89.106282,31725,502.1,172.7
15.41835,-89.101386,31475,502.1,172.7
15.413632,-89.10074,31450,502.1,172.7
15.359482,-89.09358,31075,504.1,172.7
15.325695,-89.089165,30850,504.1,172.7
15.286684,-89.084015,30575,505.1,172.7
15.242785,-89.078227,30275,507.1,172.8
15.204758,-89.073149,30000,508.2,172.6
15.165229,-89.067928,29750,510.2,172.7
15.121124,-89.062066,29475,511.2,172.7
15.083204,-89.057138,29200,513.1,172.7
15.044566,-89.052037,28950,510.3,172.6
15.00412,-89.046599,28675,508.3,172.5
14.968267,-89.041737,28400,507.2,172.6
14.955322,-89.040045,28250,505.2,172.6
14.935638,-89.037443,27950,502.1,172.7
14.910635,-89.034086,27550,498.4,172.4
14.887253,-89.030842,27150,494.4,172.3
14.864548,-89.02771,26750,491.3,172.4
14.842712,-89.024771,26350,488.2,172.5
14.819253,-89.021639,25950,485.0,172.7
14.79689,-89.018618,25550,482.0,172.6
14.773682,-89.01554,25150,479.0,172.6
14.752963,-89.012724,24775,479.0,172.6
14.730377,-89.009762,24375,472.8,172.7
14.716507,-89.007963,24150,470.7,172.8
14.68895,-89.004364,23650,470.7,172.8
14.678153,-89.002943,23450,470.7,172.8
14.646032,-88.99875,22875,459.5,172.9
14.624863,-88.996077,22500,458.6,172.9
14.602832,-88.993257,22100,451.6,172.8
14.580906,-88.990366,21700,448.8,172.6
14.561234,-88.98779,21350,445.5,172.8
14.549194,-88.986322,21125,442.8,173.5
14.541,-88.985611,21025,441.5,175.3
14.524717,-88.984873,20850,437.5,177.2
14.521459,-88.984777,20825,434.1,178.9
14.518753,-88.984759,20775,433.0,179.5
14.508843,-88.984825,20525,433.0,179.5
14.506841,-88.984873,20475,432.1,181.1
14.502548,-88.985043,20375,432.2,181.7
14.498229,-88.985258,20275,432.4,182.5
14.492111,-88.985659,20175,433.0,183.8
14.475139,-88.986849,20000,433.1,184.1
14.473137,-88.986993,20000,433.0,184.0
14.46286,-88.987742,19975,432.0,183.9
14.423721,-88.990442,19975,431.0,183.9
14.407452,-88.991523,19875,431.0,183.9
14.393626,-88.992486,19675,432.0,183.9
14.36886,-88.994125,19275,429.9,183.7
14.341461,-88.99603,18750,428.9,183.7
14.339393,-88.996148,18700,425.0,183.9
14.281575,-89.000292,17400,424.0,183.9
14.271054,-89.001015,17175,419.0,184.0
14.248662,-89.002605,16750,415.9,183.9
14.233673,-89.003617,16425,412.9,183.8
14.220657,-89.004506,16125,409.9,183.8
14.201738,-89.005737,15725,403.8,183.6
14.185863,-89.006749,15325,401.8,183.6
14.170594,-89.007713,14925,399.8,183.6
14.15387,-89.008768,14525,397.8,183.6
14.138194,-89.009737,14125,394.8,183.6
14.12218,-89.010797,13725,392.9,183.8
14.108826,-89.012036,13375,391.4,186.3
14.097015,-89.013788,13075,389.8,189.0
14.093178,-89.014507,13000,389.2,190.2
14.081074,-89.017109,12775,385.1,192.4
14.078384,-89.017718,12700,384.0,193.1
14.064036,-89.021398,12300,381.3,194.0
14.058792,-89.022738,12175,380.3,194.0
14.054586,-89.023807,12100,379.1,193.9
14.041924,-89.026987,11900,374.0,193.9
14.033172,-89.029204,11700,370.8,193.9
14.025025,-89.031276,11525,368.9,194.0
14.017456,-89.033203,11325,367.7,193.9
14.013899,-89.03407,11250,366.7,193.9
14.007202,-89.03576,11125,366.7,193.9
14.001982,-89.037106,11075,367.9,194.0
13.986374,-89.041111,10875,365.0,194.1
13.971451,-89.044947,10700,356.8,194.1
13.958588,-89.048215,10525,350.5,194.0
13.946136,-89.051435,10375,343.2,194.0
13.933365,-89.054655,10200,338.1,194.0
13.929474,-89.055697,10175,336.2,194.1
13.920959,-89.057875,10125,329.1,194.2
13.908737,-89.061048,10075,319.9,194.3
13.896606,-89.064173,10050,310.4,194.2
13.886169,-89.066872,10025,302.4,194.4
13.877362,-89.069198,9925,298.3,194.4
13.866074,-89.072129,9775,295.9,194.1
13.854126,-89.07516,9600,292.7,194.0
13.841492,-89.078427,9450,291.8,194.1
13.827713,-89.082026,9300,291.0,194.3
13.81398,-89.085578,9175,291.0,194.3
13.802552,-89.088568,9025,291.0,194.3
13.791092,-89.091544,8875,290.8,194.1
13.778718,-89.094736,8725,291.5,193.9
13.765503,-89.097985,8575,291.1,193.5
13.754196,-89.100826,8425,290.3,193.8
13.742203,-89.103809,8275,289.3,193.8
13.730072,-89.10684,8125,287.9,193.5
13.724213,-89.108261,8075,287.2,193.7
13.719818,-89.109397,8075,286.4,193.9
13.707779,-89.112665,8075,284.3,195.5
13.702881,-89.114227,8075,284.0,198.1
13.69753,-89.116323,8075,283.6,201.9
13.692078,-89.118868,8075,284.1,205.2
13.687271,-89.12152,8100,283.7,208.6
13.682261,-89.124659,8075,285.2,212.7
13.676768,-89.128659,8075,285.4,216.3
13.667999,-89.135774,8075,284.5,218.7
13.647949,-89.151827,8100,285.0,217.9
13.630775,-89.165521,8075,287.7,218.2
13.622581,-89.172074,7975,287.1,218.1
13.61467,-89.178393,7850,286.3,218.2
13.607162,-89.184502,7675,286.7,218.6
13.59991,-89.190385,7500,287.5,218.5
13.592239,-89.196625,7325,287.7,218.2
13.588365,-89.199685,7225,287.7,218.2
13.57283,-89.198992,8725,290.1,4.9
13.579697,-89.19833,8900,291.3,5.3
13.587667,-89.197516,9100,293.4,5.7
13.596725,-89.196625,9300,296.3,5.4
13.6041,-89.195878,9500,297.4,5.6
13.610943,-89.195107,9700,296.8,6.4
13.618066,-89.194336,9900,296.6,6.0
13.625095,-89.193613,10100,298.4,5.6
13.629099,-89.193179,10200,299.4,5.6
13.633707,-89.192746,10275,301.5,5.7
13.646988,-89.191368,10425,310.6,5.7
13.660812,-89.189995,10600,317.5,5.6
13.672625,-89.188746,10750,323.8,6.0
13.686265,-89.187253,10900,330.9,6.1
13.698648,-89.185952,11050,337.7,5.8
13.701767,-89.185614,11100,338.6,5.6
13.705677,-89.185229,11175,338.5,5.4
13.713455,-89.184502,11375,338.3,5.1
13.7209,-89.183831,11575,338.3,5.1
13.730629,-89.182916,11775,340.5,5.4
13.740646,-89.181897,11975,341.7,5.7
13.75735,-89.180169,12375,341.8,5.9
13.768988,-89.178965,12675,341.8,5.9
13.774475,-89.17844,12775,342.7,5.7
13.781371,-89.177712,12875,344.8,5.8
13.802413,-89.175495,13100,354.7,5.7
13.827272,-89.173086,13325,364.7,5.5
13.84836,-89.170966,13500,373.7,5.5
13.865351,-89.169231,13625,381.0,5.9
13.891983,-89.166318,13900,389.2,6.1
13.918625,-89.163429,14125,398.2,6.1
13.937228,-89.161473,14325,402.9,5.6
13.956826,-89.159594,14625,403.7,5.3
13.966599,-89.158694,14800,402.8,5.4
13.99593,-89.155739,15500,398.9,5.6
14.082983,-89.146921,16700,406.0,4.4
14.13588,-89.147991,17750,402.0,355.9
14.153458,-89.149175,18075,402.0,355.9
14.155372,-89.149331,18100,398.8,356.3
14.168174,-89.15015,18275,398.8,356.3
14.199554,-89.152253,18500,401.8,356.3
14.217041,-89.153437,18625,407.9,356.2
14.339905,-89.160076,19775,425.1,356.0
14.372678,-89.155787,20150,425.1,356.0
14.387375,-89.152395,20325,430.0,14.1
14.401726,-89.148222,20500,430.6,16.5
14.435058,-89.138296,20825,433.9,16.0
14.465515,-89.129333,21100,436.8,15.9
14.496231,-89.120194,21375,439.6,16.2
14.525415,-89.111505,21650,441.5,16.2
14.551712,-89.10362,21950,441.8,16.3
14.578079,-89.095664,22275,441.1,16.5
14.605113,-89.08746,22600,441.1,16.5
14.63323,-89.078979,22900,441.1,16.5
14.663769,-89.069728,23175,443.0,16.4
14.690369,-89.061663,23425,444.2,16.5
14.724884,-89.051151,23700,447.4,16.5
14.757202,-89.041396,23975,448.1,16.3
14.793603,-89.030457,24200,452.2,16.3
14.818695,-89.022843,24300,455.4,16.3
14.85184,-89.012947,24550,457.3,16.3
14.88843,-89.001912,24775,458.8,16.5
14.922318,-88.991571,25025,461.0,16.5
14.958755,-88.980584,25275,462.6,16.3
14.990612,-88.970964,25525,462.9,16.4
15.024765,-88.960684,25775,463.3,16.2
15.059097,-88.95042,26050,464.6,16.2
15.093213,-88.940212,26300,464.6,16.2
15.133163,-88.928158,26550,467.0,16.4
15.167371,-88.917798,26800,467.0,16.4
15.201913,-88.907302,27050,467.3,16.5
15.233522,-88.89764,27300,467.3,16.5
15.269646,-88.886653,27600,465.8,16.3
15.302719,-88.876696,27875,464.6,16.2
15.319364,-88.871694,28050,463.6,16.3
15.345932,-88.863638,28400,458.5,16.3
15.371223,-88.85595,28725,455.4,16.3
15.395966,-88.848508,29000,453.4,16.4
15.434022,-88.83697,29350,450.3,16.4
15.460052,-88.829137,29500,451.2,16.4
15.498218,-88.817547,29650,453.4,16.4
15.538239,-88.805381,29850,455.6,16.5
15.57811,-88.793335,30075,457.6,16.4
15.616553,-88.781548,30300,458.1,16.6
15.649841,-88.771266,30500,458.1,16.6
15.682297,-88.761292,30725,457.8,16.5
15.716827,-88.750747,30975,457.6,16.4
15.74881,-88.741005,31225,456.6,16.4
15.75737,-88.738403,31300,455.6,16.5
15.794429,-88.727155,31675,452.5,16.4
15.82901,-88.716623,32025,450.3,16.4
15.857787,-88.70788,32325,446.2,16.4
15.88907,-88.698365,32600,444.0,16.4
15.921983,-88.68836,32850,442.0,16.4
15.937531,-88.683652,32950,442.0,16.4
15.956245,-88.677962,33025,443.0,16.4
15.987528,-88.668447,33000,445.9,16.3
16.026585,-88.656627,33000,448.1,16.3
16.061826,-88.645837,33000,451.5,16.5
16.08701,-88.638137,33000,452.5,16.4
16.113144,-88.63013,33000,452.5,16.4
16.145992,-88.620088,33000,454.7,16.5
16.176865,-88.610615,33000,455.3,16.7
16.19273,-88.605668,33000,455.3,16.7
16.235367,-88.592449,33000,455.3,16.7
16.2728,-88.5809,33000,455.9,16.6
16.311951,-88.568933,33000,455.9,16.6
16.34816,-88.557804,33000,455.6,16.5
16.387985,-88.545709,33000,456.3,16.3
16.42717,-88.533759,33000,455.4,16.3
16.465573,-88.522094,33000,454.4,16.4
16.502289,-88.510967,33000,454.4,16.4
16.540054,-88.499451,33000,453.4,16.4
16.577499,-88.487934,33000,451.8,16.6
16.615844,-88.476137,33000,448.6,16.6
16.655879,-88.463827,33000,447.4,16.5
16.694962,-88.451843,33000,447.4,16.5
16.734695,-88.439604,33000,446.4,16.5
16.773193,-88.427702,33000,445.5,16.6
16.812241,-88.415704,33000,445.2,16.4
16.851677,-88.403598,33000,444.5,16.6
16.891386,-88.391337,33000,443.3,16.5
16.929153,-88.379709,33000,443.3,16.5
16.966599,-88.368193,33000,443.3,16.5
17.005905,-88.356073,33000,443.3,16.5
17.045242,-88.343956,33000,442.3,16.5
17.083135,-88.332236,33000,442.3,16.5
17.12168,-88.320318,33000,442.3,16.5
17.159958,-88.308443,33000,442.3,16.5
17.19784,-88.296727,33000,442.6,16.7
17.233033,-88.285839,33000,442.3,16.5
17.25856,-88.277989,33000,442.3,16.5
17.295879,-88.266416,33000,442.3,16.5
17.33489,-88.254351,33000,443.3,16.5
17.36618,-88.244693,33000,443.3,16.5
17.403833,-88.233016,33000,444.5,16.6
17.437042,-88.22272,33000,445.8,16.7
17.475803,-88.210651,33000,446.7,16.6
17.490514,-88.20609,33000,446.4,16.5
17.560043,-88.184461,33000,447.7,16.6
17.641715,-88.159103,33000,448.9,16.7
17.681122,-88.146828,33000,449.6,16.5
17.719783,-88.134826,33000,449.3,16.4
17.755646,-88.123699,33000,448.6,16.6
17.781093,-88.115796,33000,448.6,16.6
17.82106,-88.103413,33000,447.4,16.5
17.860657,-88.091125,33000,447.4,16.5
17.899475,-88.07906,33000,446.4,16.5
17.934389,-88.068172,33000,445.8,16.7
17.981735,-88.053348,33000,444.5,16.6
18.019272,-88.041591,33000,443.6,16.6
18.174599,-87.994554,33000,440.9,15.9
18.201366,-87.986556,33000,440.9,15.9
18.311137,-87.953547,33000,0.0,0.0
18.35939,-87.938984,33000,0.0,0.0
18.389053,-87.92996,33000,438.0,16.0
18.468384,-87.905927,33000,0.0,0.0
18.475838,-87.903659,33000,436.1,16.1
18.579743,-87.872398,33000,433.9,16.0
18.614227,-87.86208,33000,430.5,15.9
18.650921,-87.851024,33000,429.8,16.1
18.688768,-87.839489,33000,429.1,16.2
18.701706,-87.835546,33000,428.8,16.1
18.740067,-87.823824,33000,428.2,16.3
18.777466,-87.812446,33000,427.9,16.1
18.802277,-87.804941,33000,427.6,16.0
18.840408,-87.793416,33000,427.9,16.1
18.878282,-87.78196,33000,427.9,16.1
18.916763,-87.770266,33000,428.6,16.0
18.95462,-87.758789,33000,429.1,16.2
18.992568,-87.747203,33000,429.1,16.2
19.030518,-87.735639,33000,430.1,16.2
19.068649,-87.724015,33000,429.8,16.1
19.1069,-87.712447,33000,429.8,16.1
19.144468,-87.700961,33000,431.0,16.2
19.18222,-87.689389,33000,432.0,16.1
19.21951,-87.67804,33000,433.0,16.1
19.258102,-87.666304,33000,434.2,16.2
19.294506,-87.655218,33000,434.2,16.2
19.331451,-87.643972,33000,436.1,16.1
19.369874,-87.632247,33000,437.4,16.2
19.408093,-87.620611,33000,437.4,16.2
19.446918,-87.608726,33000,438.3,16.2
19.484711,-87.597133,33000,438.3,16.2
19.523346,-87.585362,33000,438.3,16.2
19.561716,-87.573619,33000,438.6,16.3
19.600959,-87.561435,33000,438.9,16.4
19.638201,-87.549899,33000,438.6,16.3
19.676559,-87.538131,33000,437.4,16.2
19.714454,-87.526478,33000,437.4,16.2
19.75258,-87.514793,33000,437.1,16.1
19.789856,-87.503455,33000,436.1,16.1
19.827622,-87.491921,33000,435.2,16.1
19.866165,-87.480109,33000,435.2,16.1
19.904343,-87.468436,33000,435.2,16.1
19.942606,-87.456715,33000,434.2,16.2
19.981201,-87.444845,33000,434.5,16.3
20.019241,-87.433074,33000,433.2,16.2
20.057311,-87.421309,33000,432.3,16.2
20.095871,-87.409483,33000,431.0,16.2
20.13361,-87.397888,33000,431.0,16.2
20.171504,-87.386203,33000,431.0,16.2
20.209676,-87.374417,33000,431.3,16.3
20.248268,-87.362482,33000,431.3,16.3
20.286026,-87.350824,33000,431.3,16.3
20.32359,-87.339211,33000,431.3,16.3
20.361603,-87.327478,33000,432.3,16.2
20.399597,-87.315707,33000,433.5,16.3
20.437736,-87.303855,33000,434.5,16.3
20.474625,-87.29241,33000,434.5,16.3
20.513616,-87.280235,33000,434.5,16.3
20.550811,-87.268749,33000,435.4,16.3
20.589661,-87.256704,33000,435.4,16.3
20.627948,-87.244779,33000,435.4,16.3
20.665878,-87.233015,33000,435.4,16.3
20.703875,-87.221208,33000,436.7,16.4
20.742839,-87.209073,33000,437.6,16.3
20.781143,-87.197162,33000,437.6,16.3
20.818954,-87.18544,33000,437.6,16.3
20.856949,-87.173571,33000,437.6,16.3
20.895344,-87.161582,33000,436.7,16.4
20.933378,-87.149747,33000,436.4,16.2
20.971271,-87.137962,33000,436.4,16.2
21.009304,-87.126126,33000,436.7,16.4
21.047653,-87.114091,33000,436.7,16.4
21.085739,-87.102206,33000,436.4,16.2
21.123962,-87.090321,33000,435.4,16.3
21.161957,-87.078436,33000,435.7,16.4
21.20105,-87.066151,33000,434.8,16.4
21.23877,-87.054366,33000,433.5,16.3
21.276169,-87.04258,33000,433.5,16.3
21.313849,-87.030792,33000,432.6,16.4
21.351517,-87.01901,33000,432.6,16.4
21.389264,-87.007192,33000,431.3,16.3
21.42778,-86.995189,33000,431.3,16.3
21.465179,-86.983454,33000,430.6,16.5
21.501617,-86.971968,33000,430.6,16.5
21.539703,-86.959933,33000,429.7,16.5
21.577332,-86.948048,33000,429.4,16.4
21.614731,-86.936263,33000,428.4,16.4
21.65213,-86.924477,33000,428.7,16.5
21.689619,-86.912638,33000,429.4,16.4
21.727753,-86.900657,33000,429.4,16.4
21.764786,-86.888972,33000,429.4,16.4
21.802368,-86.877136,33000,430.4,16.3
21.839813,-86.865351,33000,430.6,16.5
21.877762,-86.853316,33000,431.6,16.4
21.915756,-86.841281,33000,432.2,16.7
21.953339,-86.829196,33000,430.6,16.5
21.991603,-86.817169,33000,430.4,16.3
22.028984,-86.805471,33000,430.4,16.3
22.066878,-86.793518,33000,430.4,16.3
22.104309,-86.781655,33000,429.7,16.5
22.142479,-86.76946,33000,430.0,16.6
22.180186,-86.757456,33000,430.6,16.5
22.218312,-86.745402,33000,430.6,16.5
22.256516,-86.733265,33000,430.6,16.5
22.294327,-86.72123,33000,431.9,16.5
22.331772,-86.709345,33000,431.6,16.4
22.369886,-86.697235,33000,431.6,16.4
22.407761,-86.685125,33000,430.9,16.6
22.444382,-86.67344,33000,430.9,16.6
22.482697,-86.661255,33000,430.6,16.5
22.520096,-86.64932,33000,430.6,16.5
22.557816,-86.637285,33000,430.6,16.5
22.595339,-86.625315,33000,431.9,16.5
22.632534,-86.613261,33000,431.5,16.8
22.670707,-86.600952,33000,431.9,16.5
22.707825,-86.588995,33000,431.9,16.5
22.744904,-86.577259,33000,431.3,16.3
22.782246,-86.56545,33000,431.6,16.4
22.820572,-86.553289,33000,431.6,16.4
22.857149,-86.541595,33000,431.9,16.5
22.894996,-86.529388,33000,432.2,16.7
22.933136,-86.517084,33000,432.2,16.7
22.97081,-86.504949,33000,432.2,16.7
23.008723,-86.492716,33000,433.1,16.6
23.046011,-86.480713,33000,432.8,16.5
23.084198,-86.468495,33000,431.9,16.5
23.120819,-86.456709,33000,430.9,16.6
23.158854,-86.444448,33000,430.9,16.6
23.19603,-86.43249,33000,430.0,16.6
23.232779,-86.420593,33000,429.0,16.7
23.269135,-86.408869,33000,429.0,16.7
23.306424,-86.39684,33000,429.0,16.7
23.343109,-86.384949,33000,429.0,16.7
23.36792,-86.376909,33000,429.0,16.7
23.391769,-86.369218,33000,429.0,16.7
23.500268,-86.334127,33000,0.0,0.0
23.538071,-86.321927,33000,428.7,16.5
23.576019,-86.309662,33000,429.0,16.7
23.603119,-86.300863,33000,430.0,16.6
24.72664,-85.731915,33000,462.7,29.7
24.733795,-85.727437,33000,463.1,29.8
24.76891,-85.705434,33000,463.1,29.8
24.796967,-85.687866,33000,463.1,29.8
24.822957,-85.67149,33000,463.1,29.8
25.011658,-85.553182,33000,0.0,0.0
25.013351,-85.552114,33000,463.1,29.8
25.059908,-85.522968,33000,463.1,29.8
25.096939,-85.499624,33000,464.5,29.8
25.098872,-85.498404,33000,464.5,29.8
25.132416,-85.477295,33000,464.5,29.8
25.166186,-85.455961,33000,465.0,29.9
25.181688,-85.446115,33000,465.0,29.9
25.232756,-85.413778,33000,465.0,29.9
25.265076,-85.393168,33000,466.9,30.1
25.302072,-85.369833,33000,468.3,29.1
25.31385,-85.363251,33000,468.3,26.0
25.325089,-85.357869,33000,468.0,22.6
25.337265,-85.352834,33000,467.8,19.5
25.34967,-85.348562,33000,467.0,16.4
25.35584,-85.34672,33000,466.7,14.9
25.37488,-85.342211,33000,466.7,12.9
25.387682,-85.340139,33000,465.9,7.4
25.406937,-85.338084,33000,466.0,5.3
25.449783,-85.333405,33000,467.3,5.7
25.490423,-85.3291,33000,467.0,5.3
25.533188,-85.324809,33000,466.9,5.2
25.556294,-85.322208,33000,466.0,6.5
25.589998,-85.312673,33000,466.3,7.8
25.596282,-85.309926,33000,469.3,22.0
25.602893,-85.306765,33000,469.4,23.3
25.67569,-85.25528,33000,472.6,34.4
25.711716,-85.228119,33000,472.6,34.4
25.745773,-85.202433,33000,473.5,34.3
25.780151,-85.176442,33000,473.5,34.3
25.816406,-85.149078,33000,473.5,34.3
25.85218,-85.12207,33000,473.5,34.3
25.888138,-85.094967,33000,473.5,34.3
25.924243,-85.067667,33000,473.2,34.5
25.959732,-85.040243,33000,472.2,35.2
25.995529,-85.012414,33000,472.2,35.2
26.030914,-84.984845,33000,470.8,35.1
26.066181,-84.957381,33000,470.2,35.0
26.100257,-84.930919,33000,469.4,35.1
26.135056,-84.903795,33000,470.0,35.2
26.170644,-84.87604,33000,470.2,35.0
26.205791,-84.84868,33000,470.8,35.1
26.240753,-84.821397,33000,471.6,35.1
26.27655,-84.793465,33000,471.6,35.1
26.31193,-84.765913,33000,473.0,35.1
26.347549,-84.738119,33000,473.0,35.1
26.383388,-84.710241,33000,473.0,35.1
26.418869,-84.682565,33000,474.4,35.1
26.453888,-84.655151,33000,474.4,35.1
26.489502,-84.627271,33000,474.4,35.1
26.524979,-84.599494,33000,475.0,35.2
26.560379,-84.57175,33000,475.8,35.2
26.596411,-84.543439,33000,476.4,35.3
26.632535,-84.515076,33000,477.0,35.4
26.668121,-84.486988,33000,477.0,35.4
26.703341,-84.459193,33000,476.4,35.3
26.738434,-84.43159,33000,476.4,35.3
26.774008,-84.403575,33000,476.4,35.3
26.809753,-84.375363,33000,475.6,35.3
26.845651,-84.347006,33000,475.6,35.3
26.88121,-84.318928,33000,476.2,35.4
26.917191,-84.290426,33000,475.6,35.3
26.95285,-84.262286,33000,476.4,35.3
26.98851,-84.234147,33000,476.4,35.3
27.023849,-84.206267,33000,476.4,35.3
27.059692,-84.17792,33000,476.4,35.3
27.075061,-84.166207,33000,476.5,33.4
27.087021,-84.15802,33000,476.1,30.5
27.100891,-84.149418,33000,476.4,27.9
27.115235,-84.141488,33000,476.4,25.5
27.129573,-84.13441,33000,476.2,23.1
27.145477,-84.127393,33000,476.2,20.5
27.18646,-84.110483,33000,476.8,20.4
27.227188,-84.093501,33000,477.2,20.5
27.268433,-84.076296,33000,478.1,20.4
27.309906,-84.058936,33000,478.1,20.4
27.350929,-84.041924,33000,477.8,20.3
27.391525,-84.025148,33000,477.4,20.2
27.432632,-84.00815,33000,477.4,20.2
27.473176,-83.991376,33000,476.5,20.3
27.514297,-83.974362,33000,475.5,20.3
27.554581,-83.957468,33000,475.3,20.6
27.595282,-83.940301,33000,474.4,20.6
27.635696,-83.923265,33000,474.0,20.5
27.676849,-83.90606,33000,473.1,20.5
27.717389,-83.889066,33000,472.7,20.4
27.757736,-83.87222,33000,472.7,20.4
27.798523,-83.85517,33000,471.4,20.4
27.839539,-83.838069,33000,472.4,20.3
27.880042,-83.821194,33000,472.7,20.4
27.920197,-83.804281,33000,473.1,20.5
27.960892,-83.787073,33000,474.4,20.6
28.001124,-83.769998,33000,475.3,20.6
28.042099,-83.752741,33000,476.2,20.5
28.082428,-83.735733,33000,476.2,20.5
28.123278,-83.718513,33000,477.2,20.5
28.16391,-83.701348,33000,476.2,20.5
28.2052,-83.683865,33000,475.3,20.6
28.245896,-83.666651,33000,475.0,20.5
28.286362,-83.649585,33000,474.0,20.5
28.327286,-83.632208,33000,473.4,20.7
28.367569,-83.615148,33000,473.1,20.5
28.407898,-83.597987,33000,473.4,20.7
28.447933,-83.581022,33000,473.1,20.5
28.488666,-83.563789,33000,474.0,20.5
28.529022,-83.546589,33000,473.8,20.8
28.569717,-83.529211,33000,473.1,20.5
28.609655,-83.51225,33000,473.1,20.5
28.650063,-83.495017,33000,473.1,20.5
28.690613,-83.477818,33000,473.1,20.5
28.730738,-83.460765,33000,473.1,20.5
28.771271,-83.443486,33000,473.4,20.7
28.811366,-83.426298,33000,473.8,20.8
28.851471,-83.408995,33000,473.8,20.8
28.891708,-83.391724,33000,473.8,20.8
28.931843,-83.374436,33000,474.4,20.6
28.972763,-83.35688,33000,474.7,20.7
29.013885,-83.339222,33000,475.7,20.7
29.054489,-83.321739,33000,476.0,20.8
29.095139,-83.304203,33000,475.7,20.7
29.135509,-83.286869,33000,476.9,20.8
29.175842,-83.269289,33000,477.7,21.0
29.216766,-83.251489,33000,477.3,20.9
29.258148,-83.233637,33000,477.9,20.7
29.29928,-83.215996,33000,477.9,20.7
29.339501,-83.198601,33000,479.2,20.8
29.380514,-83.180883,33000,481.0,20.7
29.421295,-83.163282,33000,482.0,20.6
29.462082,-83.14564,33000,482.7,20.9
29.503784,-83.127298,33000,484.0,20.9
29.544843,-83.109257,33000,484.3,21.0
29.585995,-83.091323,33000,484.6,20.8
29.627194,-83.073443,33000,485.5,20.8
29.66835,-83.055637,33000,485.5,20.8
29.709545,-83.037738,33000,486.4,20.7
29.751349,-83.019643,33000,487.4,20.7
29.79278,-83.001655,33000,488.6,20.7
29.834305,-82.983506,33000,489.4,21.0
29.876016,-82.965142,33000,489.4,21.0
29.917694,-82.946831,33000,490.7,21.0
29.96022,-82.928144,33000,491.6,21.0
30.002685,-82.909424,33000,492.5,20.9
30.044403,-82.891092,33000,493.5,20.9
30.086199,-82.872729,33000,494.4,20.9
30.128311,-82.854309,33000,495.3,20.8
30.170334,-82.835891,33000,495.7,20.9
30.213101,-82.817029,33000,495.7,20.9
30.255091,-82.798462,33000,494.7,21.0
30.297363,-82.779882,33000,493.1,20.8
30.339432,-82.761518,33000,492.7,20.7
30.381294,-82.743256,33000,491.2,20.9
30.422745,-82.724897,33000,489.7,21.1
30.463303,-82.706963,33000,487.2,20.3
30.477936,-82.701233,33000,486.4,17.8
30.493423,-82.696031,33000,485.6,15.0
30.510988,-82.691125,33000,484.0,12.8
30.528214,-82.687198,33000,483.7,10.2
30.545577,-82.684149,33000,482.4,7.7
30.56308,-82.681952,33000,481.0,5.2
30.606374,-82.677942,33000,480.6,4.7
30.650253,-82.673681,33000,481.6,4.7
30.694016,-82.669696,33000,481.4,4.4
30.738117,-82.665802,33000,480.4,4.3
30.782089,-82.661833,33000,479.5,4.6
30.825728,-82.657947,33000,478.4,4.4
30.868789,-82.653992,33000,478.6,4.7
30.912734,-82.649762,33000,477.6,4.7
30.956039,-82.645677,33000,477.5,4.6
30.99971,-82.641745,33000,477.4,4.4
31.043267,-82.637787,33000,477.4,4.4
31.08728,-82.633775,33000,477.4,4.4
31.130831,-82.629712,33000,477.6,4.7
31.152059,-82.628009,33000,477.6,2.9
31.166977,-82.627743,33000,477.0,0.0
31.182504,-82.628229,33000,475.5,357.5
31.198099,-82.629547,33000,474.9,354.9
31.21402,-82.631689,33000,474.3,352.2
31.230835,-82.634852,33000,473.3,349.9
31.246188,-82.638556,33000,473.1,347.5
31.264623,-82.643939,33000,472.5,345.3
31.306706,-82.656573,33000,471.7,345.6
31.348603,-82.669043,33000,471.5,345.8
31.390594,-82.68149,33000,470.8,345.6
31.432536,-82.693982,33000,470.8,345.6
31.473968,-82.706287,33000,470.5,345.7
31.515472,-82.718542,33000,470.5,345.7
31.557266,-82.730982,33000,469.8,345.6
31.598728,-82.74353,33000,470.1,345.5
31.639709,-82.755917,33000,470.1,345.5
31.681686,-82.768626,33000,470.1,345.5
31.723709,-82.781228,33000,470.5,345.7
31.765944,-82.793683,33000,471.0,346.0
31.808212,-82.805933,33000,471.2,345.9
31.850098,-82.818457,33000,471.0,345.5
31.891937,-82.831091,33000,472.0,345.5
31.934235,-82.844,33000,472.0,345.5
31.975891,-82.856635,33000,472.0,345.5
32.018188,-82.869434,33000,471.7,345.6
32.025286,-82.871555,32950,471.7,345.6
32.0602,-82.881924,32700,471.5,345.8
32.094452,-82.89212,32425,472.5,345.8
32.12915,-82.902393,32175,476.3,345.9
32.164198,-82.912809,31900,477.8,345.7
32.19928,-82.923376,31650,477.8,345.7
32.233749,-82.933649,31400,476.8,345.7
32.267591,-82.943975,31125,475.6,345.3
32.298874,-82.953504,30850,466.4,345.7
32.309488,-82.956643,30750,462.5,345.6
32.333648,-82.963986,30650,452.8,345.3
32.345078,-82.967926,30575,445.3,342.6
32.355947,-82.972562,30525,439.3,339.3
32.366409,-82.977814,30450,432.8,335.9
32.376022,-82.983417,30400,426.3,332.5
32.386414,-82.990283,30350,419.7,329.3
32.396866,-82.998178,30275,413.3,326.4
32.406052,-83.005939,30200,408.2,323.5
32.415527,-83.014948,30100,403.4,320.4
32.436081,-83.035822,29800,395.7,319.3
32.451324,-83.051093,29600,390.8,320.6
32.458222,-83.057145,29525,391.8,324.8
32.464279,-83.061694,29450,392.7,328.5
32.470551,-83.065704,29375,394.1,332.3
32.477692,-83.06955,29300,395.8,336.2
32.484879,-83.072791,29225,397.8,340.9
32.493322,-83.075699,29125,399.1,344.7
32.500352,-83.077548,29075,400.9,348.6
32.508312,-83.078894,29000,402.6,352.3
32.517064,-83.079734,28900,404.9,356.2
32.535452,-83.080575,28725,405.2,358.2
32.566409,-83.081752,28450,404.2,358.2
32.597031,-83.083008,28175,405.3,357.7
32.626788,-83.084499,27900,406.4,357.5
32.656674,-83.086124,27625,406.4,357.3
32.687164,-83.087897,27375,405.5,357.2
32.716141,-83.089709,27100,407.6,356.9
32.746334,-83.09173,26825,406.7,356.6
32.777198,-83.094028,26550,403.8,356.3
32.807131,-83.096102,26300,401.7,356.6
32.835434,-83.098169,26025,401.0,356.0
32.843488,-83.099241,25975,400.3,352.7
32.849633,-83.100698,25925,397.9,347.2
32.855825,-83.102772,25850,396.4,343.4
32.86197,-83.105519,25800,393.7,338.4
32.86872,-83.109218,25725,391.8,333.6
32.87547,-83.113814,25650,389.3,329.1
32.880844,-83.118164,25600,386.5,324.6
32.886363,-83.123399,25525,383.3,320.1
32.891484,-83.129117,25450,380.4,315.6
32.896558,-83.135675,25400,376.3,311.2
32.901352,-83.143048,25325,372.8,306.9
32.904425,-83.148567,25250,369.2,302.6
32.907917,-83.15591,25175,366.1,298.7
32.916183,-83.175183,24975,362.3,296.9
32.928679,-83.204171,24725,364.0,296.8
32.935913,-83.221326,24600,373.4,296.6
32.94397,-83.240332,24500,383.3,296.8
32.95372,-83.263239,24375,393.1,296.8
32.968528,-83.297835,24150,400.7,296.7
32.983052,-83.332476,23900,403.8,296.3
32.996658,-83.365027,23650,404.3,296.4
33.010803,-83.398535,23400,407.9,296.8
33.023645,-83.428662,23225,417.7,296.8
33.036494,-83.458707,22975,420.4,296.9
33.039939,-83.466722,22900,419.5,296.9
33.044769,-83.477966,22725,419.9,297.0
33.054245,-83.500049,22325,417.3,296.9
33.063766,-83.522296,21925,414.1,297.0
33.072898,-83.543626,21525,412.8,296.9
33.082489,-83.566187,21125,411.0,296.8
33.091844,-83.588244,20725,409.2,296.6
33.100754,-83.609473,20325,407.9,296.5
33.109627,-83.63062,19925,405.6,296.5
33.118891,-83.652537,19525,404.7,296.9
33.128062,-83.673893,19125,402.5,296.9
33.137146,-83.695331,18725,400.3,296.6
33.146118,-83.716754,18325,397.6,296.4
33.153805,-83.734934,17925,393.5,296.6
33.162604,-83.755618,17525,386.4,297.1
33.171449,-83.776077,17125,379.7,297.1
33.180387,-83.796256,16725,374.1,298.8
33.185852,-83.807281,16500,371.3,301.7
33.192863,-83.820022,16250,369.7,303.9
33.199659,-83.831401,16025,367.0,306.2
33.20748,-83.84334,15800,365.8,308.6
33.215195,-83.854193,15550,365.0,311.1
33.227451,-83.87047,15150,364.7,311.8
33.239639,-83.886713,14775,363.3,311.8
33.252077,-83.903148,14400,362.6,311.9
33.26445,-83.919397,14025,363.1,312.4
33.276901,-83.935437,13625,364.4,312.9
33.28904,-83.951017,13225,364.4,312.9
33.301143,-83.966656,12825,363.8,312.5
33.313522,-83.982898,12425,361.8,312.2
33.325537,-83.998606,12025,361.0,312.3
33.329028,-84.003146,11950,361.1,312.1
33.332336,-84.007507,11875,360.4,312.0
33.336227,-84.012671,11825,359.7,312.1
33.341085,-84.019065,11800,357.5,312.2
33.362732,-84.047652,11800,355.4,312.0
33.384567,-84.076172,11825,353.9,312.5
33.406491,-84.104882,11825,351.9,312.1
33.428238,-84.133466,11800,350.4,312.3
33.438612,-84.147034,11800,340.4,312.5
33.446823,-84.15769,11800,331.2,312.5
33.456299,-84.169995,11800,321.3,312.5
33.463611,-84.1796,11800,312.2,312.3
33.472316,-84.191035,11775,303.0,312.1
33.480463,-84.201909,11775,293.9,311.8
33.489395,-84.213831,11800,284.8,311.6
33.495346,-84.221796,11800,276.2,311.8
33.50197,-84.230608,11825,266.2,312.0
33.515284,-84.248209,11800,256.3,312.1
33.519706,-84.254431,11800,253.0,309.2
33.52272,-84.259259,11800,249.9,304.9
33.524094,-84.261786,11775,248.5,303.2
33.52533,-84.264093,11750,247.0,301.8
33.52748,-84.268668,11650,245.8,299.5
33.529724,-84.274091,11500,245.6,295.3
33.531738,-84.279858,11375,244.8,291.3
33.533524,-84.286121,11275,242.9,287.2
33.534975,-84.292939,11150,241.1,283.9
33.535999,-84.299329,11025,239.7,280.1
33.536591,-84.304852,10925,238.4,276.3
33.536911,-84.311005,10825,236.2,272.2
33.536884,-84.319003,10675,235.0,269.3
33.536819,-84.3271,10475,234.0,269.5
33.536774,-84.336658,10275,232.0,270.0
33.536791,-84.345068,10075,231.0,270.2
33.536819,-84.353796,9875,230.0,269.8
33.536774,-84.362146,9675,229.0,269.8
33.536744,-84.369731,9475,230.0,269.8
33.536728,-84.377307,9275,230.0,269.8
33.536744,-84.385874,9075,230.0,270.2
33.536791,-84.394394,8875,229.0,270.2
33.536774,-84.40307,8675,229.0,270.0
33.536791,-84.410257,8475,229.0,270.0
33.536837,-84.4176,8275,230.0,270.2
33.536837,-84.425223,8075,230.0,270.2
33.536884,-84.433911,7875,231.0,270.2
33.53693,-84.444225,7700,230.0,270.5
33.537003,-84.453717,7500,230.0,270.2
33.536977,-84.463507,7300,230.0,269.8
33.536911,-84.473108,7125,230.0,269.2
33.536865,-84.478711,7025,230.0,269.2
33.536837,-84.483238,6925,230.0,269.2
33.536791,-84.486545,6875,230.0,269.5
33.536774,-84.49118,6825,229.0,269.5
33.536728,-84.496124,6800,229.0,269.8
33.536728,-84.513702,6775,224.0,270.3
33.536774,-84.516064,6750,223.0,270.3
33.536744,-84.517934,6725,223.0,270.3
33.536791,-84.521017,6650,223.0,270.3
33.536791,-84.524885,6550,224.0,270.3
33.536791,-84.529201,6450,225.0,270.0
33.536791,-84.532844,6350,226.0,270.0
33.536774,-84.537817,6250,227.0,270.0
33.536791,-84.542261,6150,228.0,270.0
33.536791,-84.546914,6050,228.0,270.0
33.536791,-84.552127,5950,228.0,270.0
33.536819,-84.557483,5850,228.0,270.2
33.536837,-84.56272,5750,228.0,270.2
33.536819,-84.568085,5650,228.0,270.0
33.536837,-84.573875,5550,228.0,270.0
33.536791,-84.579144,5450,227.0,269.8
33.536774,-84.585223,5350,227.0,269.5
33.536728,-84.591705,5250,226.0,269.5
33.536682,-84.597583,5150,225.0,269.5
33.536682,-84.602966,5050,225.0,269.8
33.536636,-84.608569,4950,225.0,269.8
33.536651,-84.614625,4850,225.0,269.8
33.536651,-84.620174,4750,224.0,270.0
33.536728,-84.626093,4650,225.1,271.8
33.536977,-84.63004,4575,226.3,276.1
33.537536,-84.633515,4500,229.0,283.1
33.53828,-84.636318,4475,230.5,288.2
33.539398,-84.639345,4425,231.7,295.6
33.540756,-84.642203,4400,232.2,300.5
33.542679,-84.645286,4350,232.3,305.5
33.544235,-84.647248,4325,232.8,312.7
33.546341,-84.64949,4275,232.9,320.2
33.548355,-84.651172,4250,232.7,325.1
33.550369,-84.652517,4200,232.1,330.0
33.552383,-84.653638,4175,231.3,335.2
33.554535,-84.654479,4150,230.3,342.8
33.5576,-84.655323,4100,229.5,347.4
33.56165,-84.656067,4075,226.0,352.4
33.568268,-84.656889,4025,222.2,354.1
33.573578,-84.657562,3925,220.3,353.8
33.580032,-84.658402,3825,217.7,355.3
33.583995,-84.65847,3775,217.0,0.0
33.586369,-84.658241,3725,214.6,7.0
33.588867,-84.657618,3675,213.8,12.1
33.590881,-84.656833,3625,210.6,17.4
33.592793,-84.655838,3600,208.4,22.9
33.594406,-84.654759,3575,206.2,28.1
33.596005,-84.653435,3525,201.8,36.1
33.598251,-84.65106,3475,199.1,41.5
33.599487,-84.649322,3450,194.5,50.0
33.600769,-84.647024,3400,192.0,55.4
33.601917,-84.644623,3350,189.2,62.0
33.603333,-84.640746,3275,186.7,66.3
33.605176,-84.63541,3175,184.4,68.0
33.606995,-84.63004,3075,184.8,67.7
33.608574,-84.625454,2975,184.8,67.7
33.610748,-84.619334,2875,184.2,67.3
33.61203,-84.615522,2825,184.8,67.7
33.613416,-84.611378,2800,184.0,68.3
33.617512,-84.598732,2800,182.9,69.2
33.618759,-84.594166,2800,181.2,72.7
33.619446,-84.590803,2825,179.8,78.1
33.619858,-84.587216,2825,179.1,83.6
33.620041,-84.58318,2825,178.1,88.4
33.61998,-84.577847,2825,177.1,91.9
33.619793,-84.571209,2800,179.1,91.6
33.619793,-84.565773,2725,181.0,89.7
33.619949,-84.559806,2625,182.1,88.1
33.620087,-84.552743,2525,179.0,88.7
33.620119,-84.546833,2450,174.0,90.0
33.620119,-84.541798,2350,169.0,90.3
33.620178,-84.535535,2250,164.0,88.9
33.620224,-84.531499,2200,159.0,89.3
33.620166,-84.52549,2100,155.0,90.7
33.620119,-84.518909,2000,153.0,90.0
33.620119,-84.512844,1900,153.0,89.6
33.620166,-84.506378,1800,152.0,90.0
33.620132,-84.500614,1700,153.0,90.4
33.620166,-84.494362,1600,155.0,90.0
33.620212,-84.488068,1500,157.0,88.9
33.620212,-84.481373,1400,156.0,89.6
33.620305,-84.475079,1300,155.0,89.6
33.620316,-84.468496,1200,156.0,90.4
33.62027,-84.462442,1100,157.0,90.4
33.62027,-84.456613,1000,156.0,90.0
33.620259,-84.45076,900,157.0,90.0
33.620305,-84.445038,800,157.0,90.0
33.62027,-84.439909,800,153.0,89.6
33.62027,-84.438283,775,148.0,90.0
33.62027,-84.437499,775,145.0,90.0
33.620305,-84.436684,750,141.0,90.0
33.62027,-84.436266,750,137.0,90.0
33.620305,-84.435196,750,132.0,90.0
33.620305,-84.434566,750,124.0,90.0
33.620305,-84.433537,750,120.0,90.0
33.620305,-84.432621,750,115.0,90.0
33.62027,-84.432342,750,109.0,90.0
33.62027,-84.431781,775,103.0,90.0
33.620294,-84.43162,-50.0,97.0,90.0
33.620294,-84.431033,-50.0,93.0,90.0
33.620304,-84.430562,-50.0,89.0,90.0
33.620304,-84.430044,-50.0,85.0,90.0
33.620304,-84.429539,-50.0,81.0,90.0
33.620294,-84.429145,-50.0,75.0,92.8
33.620293,-84.428811,-50.0,69.5,92.8
33.620281,-84.428446,-50.0,66.5,92.8
33.620282,-84.428101,-50.0,62.5,90.0
33.620281,-84.427788,-50.0,57.5,90.0
33.620281,-84.427339,-50.0,52.5,90.0
33.620282,-84.427056,-50.0,49.5,90.0
33.620294,-84.42657,-50.0,45.5,87.2
33.620317,-84.426298,-50.0,43.5,84.4
33.620361,-84.425952,-50.0,40.5,81.6
33.620396,-84.425728,-50.0,39.5,78.8
33.620445,-84.425511,-50.0,38.5,75.9
33.620499,-84.425293,-50.0,37.5,73.1
33.620567,-84.425055,-50.0,36.5,70.3
33.62062,-84.424896,-50.0,34.5,67.5
33.620736,-84.42461,-50.0,31.5,61.9
33.620911,-84.424256,-50.0,27.5,59.1
33.621014,-84.424102,-50.0,22.5,56.2
33.621128,-84.42392,-50.0,18.5,47.8
33.621208,-84.42385,-50.0,18.5,42.2
33.621306,-84.423766,-50.0,18.5,33.8
33.621376,-84.423723,-50.0,18.5,28.1
33.62146,-84.423696,-50.0,17.5,19.7
33.621539,-84.42368,-50.0,17.5,11.2
33.621621,-84.42368,-50.0,17.5,2.8
33.6217,-84.423696,-50.0,17.5,354.4
33.621769,-84.423724,-50.0,17.5,345.9
33.621842,-84.423766,-50.0,16.5,337.5
33.621906,-84.423822,-50.0,16.5,329.1
33.62197,-84.423881,-50.0,16.5,320.6
33.622005,-84.423952,-50.0,16.5,312.2
33.622055,-84.424074,-50.0,16.5,298.1
33.622074,-84.424152,-50.0,16.5,289.7
33.622089,-84.424256,-50.0,16.5,281.2
33.622089,-84.42434,-50.0,16.5,272.8
33.622078,-84.424438,-50.0,16.5,264.4
33.622051,-84.424524,-50.0,16.5,255.9
33.622005,-84.424653,-50.0,16.5,247.5
33.62183,-84.425111,-50.0,18.5,247.5
33.621769,-84.425321,-50.0,19.5,250.3
33.621725,-84.42554,-50.0,20.5,255.9
33.62169,-84.425755,-50.0,21.5,261.6
33.621679,-84.425998,-50.0,22.5,267.2
33.621677,-84.42619,-50.0,23.5,270.0
33.621702,-84.426484,-50.0,24.5,275.6
33.62176,-84.426942,-50.0,26.5,278.4
33.621826,-84.427395,-50.0,28.5,281.2
33.621906,-84.4279,-50.0,29.5,281.2
33.621975,-84.428362,-50.0,31.5,281.2
33.622044,-84.428811,-50.0,31.5,278.4
33.622101,-84.429259,-50.0,31.5,275.6
33.622112,-84.429595,-50.0,30.5,272.8
33.622124,-84.430072,-50.0,28.5,270.0
33.622121,-84.430518,-50.0,28.5,270.0
33.622121,-84.431047,-50.0,27.5,270.0
33.622124,-84.431585,-50.0,25.5,270.0
33.622124,-84.432034,-50.0,22.5,270.0
33.622135,-84.43244,-50.0,18.5,272.8
33.622179,-84.432635,-50.0,18.5,286.9
33.622215,-84.43272,-50.0,18.5,295.3
33.622307,-84.43285,-50.0,18.5,309.4
33.622387,-84.43293,-50.0,18.5,317.8
33.622459,-84.432979,-50.0,19.5,329.1
33.62257,-84.433043,-50.0,19.5,337.5
33.622668,-84.433064,-50.0,20.5,345.9
33.622765,-84.433085,-50.0,20.5,351.6
33.622959,-84.433107,-50.0,21.5,357.2
33.623343,-84.433107,-50.0,23.5,0.0
33.623749,-84.433113,-50.0,25.5,0.0
33.624195,-84.433113,-50.0,27.5,0.0
33.624612,-84.433107,-50.0,28.5,0.0
33.625019,-84.433107,-50.0,30.5,0.0
33.625449,-84.433107,-50.0,31.5,0.0
33.625832,-84.433113,-50.0,32.5,0.0
33.626221,-84.433113,-50.0,32.5,0.0
33.626621,-84.433113,-50.0,33.5,0.0
33.627009,-84.433107,-50.0,33.5,0.0
33.627405,-84.433107,-50.0,32.5,0.0
33.627834,-84.433113,-50.0,32.5,0.0
33.628231,-84.433107,-50.0,32.5,0.0
33.628627,-84.433107,-50.0,32.5,0.0
33.629059,-84.433113,-50.0,31.5,0.0
33.629471,-84.433113,-50.0,27.5,0.0
33.629871,-84.433113,-50.0,23.5,0.0
33.629974,-84.433113,-50.0,21.5,0.0
33.630221,-84.433107,-50.0,17.5,2.8
33.630337,-84.433064,-50.0,16.5,11.2
33.630407,-84.433036,-50.0,16.5,19.7
33.6305,-84.432964,-50.0,15.5,33.8
33.630604,-84.432818,-50.0,15.5,50.6
33.630661,-84.432608,-50.0,13.2,70.3
33.630698,-84.432421,-50.0,10.8,75.9
33.630756,-84.432163,-50.0,11.2,73.1
33.630787,-84.432076,-50.0,11.2,67.5
33.630873,-84.431992,-50.0,11.8,50.6
33.630908,-84.431949,-50.0,12.2,42.2
33.63097,-84.431922,-50.0,12.8,33.8
33.631039,-84.431893,-50.0,13.2,25.3
33.631106,-84.431877,-50.0,13.8,16.9
33.631313,-84.431851,-50.0,14.8,5.6
33.631501,-84.431849,-50.0,15.5,0.0
33.631783,-84.431851,-50.0,15.5,2.8
33.631897,-84.431834,-50.0,15.5,8.4
33.632,-84.431781,-50.0,15.5,16.9
33.632083,-84.431734,-50.0,16.5,22.5
33.632149,-84.431683,-50.0,17.5,30.9
33.632258,-84.431591,-50.0,18.5,39.4
33.632355,-84.431473,-50.0,19.5,45.0
33.632444,-84.431348,-50.0,19.5,50.6
33.632526,-84.431207,-50.0,20.5,56.2
33.632712,-84.430833,-50.0,16.5,59.1
33.632793,-84.430647,-50.0,11.8,59.1
33.632968,-84.430275,-50.0,7.2,59.1
33.633038,-84.430146,-50.0,2.8,59.1
33.633038,-84.430132,-50.0,0.0,59.1
33.633087,-84.430044,-50.0,3.2,59.1
33.63319,-84.42982,-50.0,7.2,59.1
33.633327,-84.429525,-50.0,8.8,61.9
33.633456,-84.429274,-50.0,5.2,59.1
33.633545,-84.429077,-50.0,5.2,59.1
33.633602,-84.428951,-50.0,6.8,61.9
33.633701,-84.428759,-50.0,10.2,56.2
33.633762,-84.428684,-50.0,12.2,50.6
33.633817,-84.428644,-50.0,13.2,42.2
33.633877,-84.4286,-50.0,13.8,36.6
33.633945,-84.428558,-50.0,14.8,28.1
33.634026,-84.42853,-50.0,15.5,22.5
33.634129,-84.428516,-50.0,16.5,14.1
33.634248,-84.428487,-50.0,17.5,8.4
33.634434,-84.428473,-50.0,18.5,2.8
33.63483,-84.428458,-50.0,20.5,0.0
33.635225,-84.428473,-50.0,19.5,0.0
33.635353,-84.428458,-50.0,19.5,5.6
33.635433,-84.428432,-50.0,18.5,11.2
33.635513,-84.42839,-50.0,17.5,19.7
33.635639,-84.428292,-50.0,15.5,33.8
33.635703,-84.428186,-50.0,15.5,45.0
33.635749,-84.428086,-50.0,14.8,56.2
33.635784,-84.427986,-50.0,13.8,64.7
33.635807,-84.427886,-50.0,12.8,73.1
33.635807,-84.427786,-50.0,12.8,81.6
33.635819,-84.427643,-50.0,12.8,87.2
33.635811,-84.427157,-50.0,13.8,90.0
33.635811,-84.426653,-50.0,12.8,90.0
33.635819,-84.426141,-50.0,10.8,90.0
33.635819,-84.425826,-50.0,7.2,90.0
33.635811,-84.425447,-50.0,4.8,90.0
33.635811,-84.425125,-50.0,6.8,90.0
33.635811,-84.424649,-50.0,11.2,90.0
33.635807,-84.424195,-50.0,14.8,90.0
33.635819,-84.423709,-50.0,18.5,90.0
33.635811,-84.423275,-50.0,20.5,90.0
33.635811,-84.422799,-50.0,21.5,90.0
33.635811,-84.422266,-50.0,18.5,90.0
33.635819,-84.42205,-50.0,17.5,90.0
33.635822,-84.421944,-50.0,16.5,84.4
33.635866,-84.421778,-50.0,16.5,73.1
33.635935,-84.421635,-50.0,15.5,59.1
33.636086,-84.42151,-50.0,15.5,33.8
33.63618,-84.421463,-50.0,14.8,22.5
33.636257,-84.421454,-50.0,14.2,11.2
33.63636,-84.421454,-50.0,13.8,2.8
33.636749,-84.421454,-50.0,11.8,0.0
33.637053,-84.421449,-50.0,8.2,0.0
33.637216,-84.421449,-50.0,3.8,0.0
33.637241,-84.421454,-50.0,0.0,0.0
33.637241,-84.421454,-50.0,0.0,0.0
33.637241,-84.421454,-50.0,0.0,0.0
33.637241,-84.421454,-50.0,0.0,0.0
33.637332,-84.421449,-50.0,0.0,0.0
33.637402,-84.421454,-50.0,5.8,0.0
33.637722,-84.421454,-50.0,10.8,0.0
33.638168,-84.421454,-50.0,14.2,0.0
33.638615,-84.421454,-50.0,16.5,0.0
33.638992,-84.421454,-50.0,17.5,0.0
33.639427,-84.421454,-50.0,17.5,0.0
33.639851,-84.421454,-50.0,16.5,0.0
33.640297,-84.421454,-50.0,14.8,0.0
33.640602,-84.421463,-50.0,10.2,0.0
33.640709,-84.42144,-50.0,9.2,5.6
33.640881,-84.4213,-50.0,8.8,39.4
33.640905,-84.42122,-50.0,7.8,53.4
33.640938,-84.420515,-50.0,0.0,90.0
