lat,lon,alt,gs,track,vs
34.062552,-77.788925,36975,417.2,8.1,0
34.100725,-77.782288,36975,417.2,8.1,0
34.13887,-77.775748,36975,417.2,8.1,0
34.176512,-77.769184,36975,418.3,8.2,64
34.214079,-77.762718,36975,419.2,8.1,-64
34.25174,-77.756138,36975,419.3,8.2,0
34.28952,-77.749628,36975,420.2,8.1,0
34.32811,-77.742957,37000,421.3,8.2,64
34.365467,-77.736511,37025,422.3,8.2,0
34.403547,-77.729816,37025,422.4,8.3,0
34.441254,-77.723179,37025,422.3,8.2,64
34.479675,-77.7165,37050,422.4,8.3,0
34.515924,-77.709846,37025,424.6,9.4,0
34.530029,-77.706528,37025,427.7,11.6,0
34.545112,-77.702179,37025,430.0,14.1,0
34.559601,-77.697218,37050,433.5,16.3,0
34.573746,-77.691557,37025,436.7,19.0,0
34.589011,-77.684498,37050,440.1,21.3,0
34.604559,-77.676373,37050,442.4,23.7,0
34.642044,-77.656244,37050,441.0,24.0,0
34.679123,-77.636345,37050,439.6,23.9,0
34.715469,-77.616727,37050,437.8,24.0,0
34.751999,-77.597108,37050,435.6,24.0,0
34.7883,-77.577546,37025,433.4,24.0,-64
34.824692,-77.557927,37000,431.5,24.1,-128
34.860764,-77.538421,36975,430.6,24.1,-64
34.896194,-77.519251,36950,430.2,24.0,64
34.932054,-77.49979,36950,429.3,24.1,0
34.967697,-77.480463,36950,429.3,24.1,0
35.003698,-77.460938,36950,428.4,24.1,0
35.039658,-77.441394,36950,429.3,24.1,0
35.075592,-77.421944,36950,429.3,24.1,64
35.111893,-77.402157,36975,430.6,24.1,64
35.147964,-77.382545,36975,430.2,24.0,64
35.183855,-77.363091,36975,431.5,24.1,64
35.21965,-77.343526,37000,431.9,24.2,64
35.255872,-77.323764,37000,431.9,24.2,0
35.292435,-77.303753,37025,431.9,24.2,64
35.328493,-77.28391,37025,433.3,24.3,-64
35.364944,-77.263985,37025,431.9,24.2,128
35.401068,-77.244113,37050,431.0,24.2,0
35.436634,-77.224537,37050,429.7,24.2,0
35.472519,-77.204819,37050,427.5,24.2,-64
35.508041,-77.185249,37000,423.4,24.3,-128
35.543285,-77.165865,37000,419.8,24.2,64
35.578629,-77.146397,37000,419.3,24.4,0
35.614014,-77.126942,37000,423.0,24.1,-64
35.648895,-77.107716,37000,420.7,24.4,0
35.68378,-77.088435,37000,421.2,24.2,-64
35.71902,-77.068858,37000,419.3,24.4,0
35.754167,-77.04934,37000,419.3,24.4,0
35.789337,-77.029896,37000,418.0,24.3,-64
35.824321,-77.01042,36975,417.5,24.5,64
35.859375,-76.990814,37025,416.2,24.4,64
35.893753,-76.971703,37025,416.2,24.4,0
35.928223,-76.952534,37025,414.9,24.3,0
35.962967,-76.93325,37025,414.0,24.4,0
35.997589,-76.913939,37025,413.1,24.5,-64
36.032177,-76.894596,37000,412.6,24.3,-64
36.066113,-76.875721,36975,412.6,24.3,-64
36.10025,-76.856632,36975,411.7,24.4,-64
36.134125,-76.837692,36975,413.1,24.5,0
36.168854,-76.818218,36950,413.1,24.5,0
36.203722,-76.7987,36950,414.4,24.5,0
36.23845,-76.77924,36950,414.0,24.4,0
36.273193,-76.759758,36975,416.6,24.5,-64
36.308304,-76.73996,36975,417.5,24.5,128
36.342361,-76.720791,37000,417.5,24.5,64
36.377472,-76.70105,37000,419.8,24.5,0
36.412537,-76.681194,37025,421.1,24.6,64
36.447749,-76.661312,37025,422.0,24.5,64
36.482986,-76.641483,37025,422.0,24.5,0
36.517868,-76.621742,37025,423.3,24.6,-64
36.552817,-76.601881,37050,422.8,24.8,64
36.588011,-76.581953,37050,422.4,24.6,-64
36.622833,-76.562061,37050,421.0,24.9,64
36.657187,-76.542391,37050,419.7,24.8,-192
36.691915,-76.522639,37000,411.7,24.7,0
36.725991,-76.503179,37000,406.3,24.7,0
36.759933,-76.483841,37000,404.5,24.5,-64
36.794004,-76.464552,37000,406.4,24.4,-64
36.827848,-76.445384,37000,405.4,24.5,64
36.861598,-76.426153,37000,405.0,24.7,0
36.894697,-76.407225,37000,407.2,24.7,-64
36.928757,-76.387706,37000,408.5,24.8,64
36.962494,-76.368421,37025,410.3,24.6,64
36.99646,-76.34889,37025,411.7,24.7,0
37.030862,-76.329186,37025,413.0,24.8,0
37.064987,-76.309516,37050,413.9,24.7,64
37.098875,-76.290078,37025,415.2,24.8,-64
37.133698,-76.269953,37025,415.2,24.8,0
37.168377,-76.249954,37025,416.5,24.8,0
37.203232,-76.229806,37025,416.5,24.8,0
37.238205,-76.209587,37025,416.5,24.8,0
37.272747,-76.189588,37025,416.5,24.8,-64
37.307382,-76.169526,37000,416.5,24.8,0
37.34239,-76.149226,37000,416.5,24.8,0
37.376838,-76.129223,37000,417.5,24.8,0
37.411102,-76.109307,37000,417.9,24.9,0
37.445847,-76.089088,36975,417.9,24.9,0
37.480324,-76.069037,36975,417.9,24.9,0
37.514959,-76.048916,36975,418.8,24.9,0
37.549301,-76.028838,36975,419.2,25.0,0
37.584415,-76.008314,36975,420.1,24.9,0
37.619143,-75.988013,37000,420.1,24.9,0
37.653625,-75.967888,37000,420.1,24.9,64
37.688873,-75.947201,37000,420.5,25.0,0
37.723652,-75.926812,37000,420.1,24.9,64
37.758567,-75.906332,37000,420.5,25.0,0
37.793853,-75.885613,37000,420.5,25.0,64
37.828581,-75.865253,37000,420.1,24.9,64
37.862961,-75.844993,37025,419.6,25.1,0
37.897797,-75.82454,37025,419.6,25.1,-64
37.9323,-75.804112,37000,419.6,25.1,-64
37.966934,-75.783691,37000,419.6,25.1,-128
38.001251,-75.763297,37000,419.6,25.1,0
38.036344,-75.742552,37000,420.5,25.0,0
38.071025,-75.722072,36975,420.5,25.0,0
38.105484,-75.701586,36975,421.0,25.2,-64
38.140778,-75.680665,36975,421.0,25.2,0
38.175628,-75.659856,36975,422.3,25.2,0
38.21077,-75.638941,36975,423.2,25.2,0
38.246155,-75.617881,36975,424.1,25.1,0
38.281265,-75.596982,36975,425.4,25.2,0
38.315964,-75.576295,37000,425.4,25.2,64
38.351257,-75.555258,37000,425.4,25.2,64
38.386414,-75.534337,37025,426.3,25.1,0
38.421471,-75.513245,37025,426.3,25.4,0
38.457083,-75.491882,37025,425.9,25.3,64
38.492695,-75.470459,37050,425.9,25.3,-64
38.527863,-75.449325,37025,425.4,25.2,0
38.562617,-75.428406,37025,424.5,25.2,0
38.597946,-75.40729,37000,420.0,25.2,0
38.632399,-75.386475,37000,416.0,25.3,64
38.667034,-75.365601,37000,416.9,25.3,0
38.701813,-75.344537,37000,417.3,25.4,0
38.735977,-75.323853,37000,414.2,25.5,0
38.769516,-75.303338,37000,409.7,26.4,0
38.785538,-75.292531,37000,408.5,28.2,0
38.817677,-75.269775,37000,407.7,28.9,-64
38.85022,-75.246914,37000,406.4,28.8,64
38.882896,-75.223938,37000,405.0,28.8,64
38.914785,-75.201538,36975,405.5,28.9,0
38.947278,-75.178589,36975,405.5,28.9,-64
38.979446,-75.156006,36975,404.6,28.7,0
39.011753,-75.13324,37000,405.0,28.8,0
39.044153,-75.110229,37000,405.1,29.1,64
39.076135,-75.087646,37000,400.2,29.0,64
39.108353,-75.064624,37000,396.2,29.1,0
39.140167,-75.041875,37000,395.7,29.0,0
39.171753,-75.019485,37000,397.5,28.9,0
39.203315,-74.99707,37000,399.7,28.9,-64
39.235576,-74.974121,37000,397.9,29.0,0
39.267242,-74.951477,37000,395.7,29.0,0
39.29898,-74.928894,37000,394.3,29.0,0
39.33078,-74.906278,37000,393.0,28.9,0
39.362105,-74.883911,36975,392.6,29.1,0
39.393761,-74.861267,36975,391.2,29.0,0
39.424997,-74.838867,36975,389.9,29.0,-64
39.456234,-74.816528,36950,390.4,29.1,0
39.487051,-74.794373,36975,388.1,29.1,64
39.518288,-74.771912,36975,388.1,29.1,0
39.549545,-74.749364,36975,388.6,29.3,0
39.580582,-74.727034,37000,387.6,29.0,0
39.611299,-74.704895,37000,386.8,29.1,64
39.641693,-74.682969,37025,386.8,29.1,0
39.672455,-74.660757,37000,386.4,29.3,0
39.703491,-74.638307,37000,386.4,29.3,0
39.734569,-74.615784,37000,385.9,29.2,64
39.765106,-74.593645,37025,385.0,29.2,64
39.796112,-74.571106,37050,382.8,29.2,0
39.826557,-74.54895,37050,380.6,29.3,0
39.857048,-74.526794,37050,379.2,29.2,0
39.886871,-74.505157,37025,377.0,29.2,-64
39.905365,-74.492141,37025,375.7,27.6,-64
39.916682,-74.485107,37025,374.0,25.0,-64
39.929352,-74.478149,37000,372.5,22.6,-64
39.941355,-74.472386,37000,371.4,20.0,-64
39.953064,-74.467529,37000,370.7,17.3,-64
39.968903,-74.461853,37000,369.9,15.2,-64
40.001129,-74.4505,36975,368.0,15.3,-64
40.033342,-74.439052,36975,367.0,15.3,0
40.065277,-74.427629,36975,365.1,15.4,0
40.097025,-74.416393,36975,364.6,15.1,-64
40.128913,-74.405094,36950,364.9,15.3,0
40.161174,-74.393671,36950,364.9,15.3,0
40.193109,-74.38231,36950,365.8,15.2,0
40.22523,-74.370949,36975,368.7,15.1,256
40.257797,-74.359436,37000,372.8,15.1,-64
40.290357,-74.347916,37000,370.2,15.4,64
40.322525,-74.336426,37000,371.2,15.3,0
40.355623,-74.32457,37000,372.1,15.3,-64
40.388209,-74.312959,37000,369.9,15.2,0
40.420982,-74.301161,37000,366.1,15.4,0
40.452988,-74.289612,37000,365.1,15.4,-64
40.485123,-74.278137,37000,369.9,15.2,0
40.518416,-74.26633,37000,376.3,15.3,-64
40.551498,-74.254395,37000,381.6,15.4,0
40.585327,-74.242432,37000,382.3,15.2,0
40.618835,-74.230469,37000,381.6,15.4,64
40.652114,-74.218452,37000,379.7,15.4,128
40.685257,-74.206482,37000,380.6,15.4,-128
40.718963,-74.194606,37000,383.0,15.0,64
40.752777,-74.182495,37000,379.7,15.4,0
40.786045,-74.170324,37000,370.7,15.6,0
40.818306,-74.158464,37000,366.4,15.5,0
40.850194,-74.146853,37000,367.3,15.5,-64
40.882233,-74.135254,37000,364.2,15.4,0
40.913773,-74.123779,37000,362.9,15.3,0
40.945579,-74.112271,37000,367.0,15.3,0
40.978678,-74.100286,37000,373.4,15.4,0
41.011963,-74.088176,37000,375.6,15.4,0
41.044876,-74.076233,37000,375.3,15.3,0
41.077695,-74.064331,37000,374.3,15.3,0
41.110421,-74.052533,37000,374.3,15.3,0
41.143101,-74.040611,37000,374.6,15.5,0
41.176432,-74.028376,37000,374.6,15.5,0
41.209763,-74.016174,37000,374.6,15.5,0
41.242401,-74.00415,37000,373.6,15.5,64
41.274983,-73.992233,37000,374.6,15.5,-64
41.307907,-73.980225,37000,374.3,15.3,0
41.341049,-73.968018,37000,373.6,15.5,0
41.373581,-73.956091,37000,373.6,15.5,0
41.406912,-73.943865,37000,373.6,15.5,0
41.440057,-73.931665,37000,374.6,15.5,0
41.47297,-73.919593,37000,374.6,15.5,0
41.505649,-73.90752,37000,374.6,15.5,0
41.538376,-73.895384,37025,374.6,15.5,0
41.571121,-73.883244,37025,374.9,15.6,0
41.604387,-73.870921,37025,374.9,15.6,0
41.637718,-73.858529,37025,373.9,15.7,0
41.670351,-73.846393,37025,373.6,15.5,0
41.702752,-73.834321,37000,373.6,15.5,0
41.735711,-73.822057,37025,373.6,15.5,0
41.768763,-73.809793,37000,373.6,15.5,-64
41.801239,-73.797663,37000,372.7,15.6,0
41.834355,-73.785329,37000,372.7,15.6,0
41.867432,-73.772944,37000,371.7,15.6,0
41.899947,-73.760802,37000,371.7,15.6,0
41.932347,-73.748666,37000,370.7,15.6,0
41.964654,-73.73653,37000,370.7,15.6,0
41.997025,-73.724504,37000,369.8,15.7,0
42.028976,-73.712456,36975,369.8,15.7,0
42.061762,-73.700058,37000,369.1,15.9,0
42.094116,-73.687858,36975,368.8,15.7,0
42.126098,-73.675786,36975,368.8,15.7,0
42.158707,-73.663517,36975,369.8,15.7,0
42.191178,-73.651322,36975,369.5,15.5,64
42.223485,-73.63925,37000,369.5,15.5,64
42.256302,-73.626875,37000,369.8,15.7,0
42.289078,-73.614578,37000,369.8,15.7,0
42.321757,-73.602203,37000,370.1,15.8,0
42.354017,-73.589939,37000,369.8,15.7,0
42.385941,-73.577687,37000,369.1,15.9,64
42.418353,-73.565283,37025,368.8,15.7,-64
42.450939,-73.552892,37025,367.9,15.8,0
42.483572,-73.540437,37025,368.8,15.7,0
42.515879,-73.528109,37000,369.1,15.9,0
42.548745,-73.51559,37000,368.8,15.7,0
42.581285,-73.503198,37000,369.8,15.7,0
42.614058,-73.490679,37000,369.8,15.7,0
42.646271,-73.478373,37000,371.0,15.8,-64
42.679276,-73.465701,37000,371.3,15.9,-64
42.712143,-73.453029,37000,372.2,15.9,0
42.744781,-73.440482,37000,372.0,15.8,0
42.776596,-73.428435,37000,371.4,14.8,0
42.787605,-73.425144,37000,372.1,11.9,0
42.79834,-73.422692,37000,371.4,8.8,0
42.809531,-73.420912,37000,371.2,6.2,0
42.820404,-73.41997,37000,371.7,3.4,0
42.830247,-73.419734,37025,371.0,0.6,0
42.842443,-73.420258,37025,371.2,358.0,0
42.876434,-73.422014,37025,370.3,357.8,0
42.910629,-73.423803,37025,370.3,357.8,0
42.944229,-73.425527,37025,369.3,357.8,-64
42.978333,-73.427316,37000,369.3,357.8,-64
43.012024,-73.42904,37000,368.3,357.8,-64
43.04567,-73.430765,37000,367.3,357.8,-64
43.078949,-73.432553,36975,367.3,357.8,0
43.112732,-73.434342,36975,368.3,357.8,0
43.146616,-73.436149,36975,367.3,357.7,64
43.180226,-73.43798,37000,367.3,357.7,0
43.213623,-73.439835,37000,368.3,357.7,0
43.247589,-73.441687,37000,367.3,357.7,0
43.280919,-73.443538,37000,367.3,357.8,0
43.314697,-73.445264,37000,366.3,357.8,0
43.348526,-73.447053,36975,366.3,357.6,0
43.381668,-73.448905,37000,367.3,357.7,0
43.414719,-73.450694,37000,367.3,357.7,64
43.448274,-73.452563,37000,368.3,357.7,0
43.482118,-73.454459,37000,368.3,357.7,64
43.515381,-73.456251,37000,368.3,357.7,0
43.549484,-73.458167,37000,369.3,357.7,0
43.583509,-73.460018,37000,369.3,357.7,0
43.617096,-73.461871,37000,370.3,357.7,0
43.65065,-73.463724,37025,371.3,357.7,64
43.684296,-73.46564,37025,372.3,357.7,0
43.718138,-73.467473,37025,373.3,357.7,0
43.729935,-73.468131,37000,373.3,357.7,-448
43.743229,-73.468846,36900,372.3,357.7,-896
43.7713,-73.47035,36650,369.3,357.7,-960
43.799045,-73.471854,36375,368.3,357.8,-960
43.827861,-73.473489,36125,370.3,357.5,-960
43.856003,-73.475157,35850,370.3,357.7,-1088
43.88256,-73.476562,35575,370.3,357.7,-960
43.910119,-73.478132,35325,371.3,357.7,-896
43.937759,-73.479692,35075,373.3,357.7,-1024
43.965237,-73.481271,34800,372.3,357.5,-1088
43.99292,-73.482886,34525,371.3,357.7,-960
44.020844,-73.484419,34275,371.3,357.7,-896
44.048891,-73.486045,34025,372.3,357.7,-896
44.054626,-73.486399,33975,373.3,357.7,-1344
44.067627,-73.487102,33775,374.3,357.7,-1792
44.086441,-73.488124,33400,373.3,357.7,-2112
44.10508,-73.489184,33000,370.3,357.7,-2048
44.12439,-73.490232,32625,367.3,357.8,-1984
44.14302,-73.491276,32250,364.3,357.6,-1984
44.162338,-73.492403,31875,361.3,357.6,-1984
44.181612,-73.4935,31500,357.3,357.8,-1920
44.200139,-73.494516,31125,354.3,357.6,-1984
44.218597,-73.495592,30750,351.3,357.7,-2048
44.236636,-73.496592,30375,349.3,357.7,-2112
44.253754,-73.497489,30000,347.2,357.9,-2112
44.271225,-73.498468,29625,345.3,357.7,-2112
44.288132,-73.499385,29250,344.3,357.7,-1856
44.306698,-73.500478,28875,351.4,357.4,-2112
44.32448,-73.50155,28475,357.3,357.6,-2368
44.341612,-73.502555,28075,361.3,357.8,-2368
44.359627,-73.503492,27675,366.3,357.8,-2176
44.377304,-73.504486,27275,372.3,357.7,-2304
44.39534,-73.505532,26875,376.3,357.7,-2432
44.411865,-73.506448,26475,377.3,357.6,-2496
44.429921,-73.507512,26075,377.3,357.6,-2368
44.447285,-73.50845,25675,374.3,357.7,-2304
44.465195,-73.509456,25275,370.3,357.7,-2304
44.482898,-73.510459,24875,365.3,357.6,-2304
44.500534,-73.511483,24475,360.4,357.5,-2304
44.517883,-73.512726,24075,356.5,356.9,-2240
44.530197,-73.513641,23800,354.4,357.2,-1792
44.538391,-73.514165,23675,353.4,357.4,-1344
44.562424,-73.515538,23375,355.3,357.7,-1344
44.565947,-73.515752,23325,355.3,357.7,-1728
44.57048,-73.515996,23225,356.3,357.8,-2176
44.580518,-73.516488,23000,358.3,357.8,-2624
44.594467,-73.517238,22600,358.2,357.9,-2752
44.609573,-73.518023,22200,359.3,357.8,-2752
44.623579,-73.518766,21800,358.3,357.8,-2688
44.638801,-73.51957,21400,358.3,357.8,-2688
44.653465,-73.520441,21000,356.3,357.8,-2624
44.668595,-73.521245,20600,355.3,357.7,-2560
44.683731,-73.522077,20200,353.3,357.7,-2560
44.699133,-73.522919,19800,352.4,357.4,-2432
44.713715,-73.524497,19450,350.2,355.2,-2240
44.731293,-73.526655,19050,346.3,355.0,-2176
44.748199,-73.528681,18650,343.2,355.1,-2240
44.764709,-73.530579,18250,342.1,355.3,-2432
44.780692,-73.532432,17850,341.2,355.3,-2304
44.797028,-73.534372,17450,339.2,355.3,-2176
44.814423,-73.536399,17050,336.2,355.2,-2176
44.831131,-73.538361,16650,335.2,355.2,-2176
44.847914,-73.540404,16275,334.3,355.0,-2240
44.864021,-73.542346,15875,332.2,355.2,-2240
44.88064,-73.544222,15475,330.0,355.5,-2176
44.897306,-73.546031,15075,328.0,355.6,-2112
44.913803,-73.547843,14675,326.0,355.6,-2240
44.930283,-73.549609,14300,325.0,355.6,-2048
44.94693,-73.551457,13900,327.0,355.4,-2112
44.963131,-73.553266,13525,329.0,355.5,-2240
44.979172,-73.555036,13125,330.0,355.5,-2240
44.994965,-73.556802,12725,328.0,355.5,-2112
45.000275,-73.557325,12625,327.0,355.4,-1728
45.002518,-73.557587,12600,327.0,355.6,-1344
45.015106,-73.55896,12425,319.0,355.5,-1152
45.023649,-73.559965,12300,310.0,355.4,-1280
45.032121,-73.560903,12175,301.0,355.4,-1088
45.04129,-73.561968,12075,291.9,355.5,-1152
45.051021,-73.563046,11925,282.9,355.5,-1088
45.053009,-73.563276,11875,279.9,355.5,-1344
45.054373,-73.563381,11850,278.9,355.5,-1664
45.05577,-73.563582,11825,277.9,355.5,-1984
45.057587,-73.563799,11775,277.9,355.5,-2432
45.06015,-73.564061,11675,275.9,355.4,-2880
45.065033,-73.564587,11475,274.9,355.4,-3136
45.068059,-73.564922,11350,274.9,355.4,-2688
45.069901,-73.565172,11300,274.9,355.4,-2304
45.072389,-73.565391,11225,275.8,355.6,-1856
45.081482,-73.56635,11025,274.7,355.8,-1856
45.089722,-73.5672,10825,273.7,356.0,-1600
45.09883,-73.568071,10650,271.7,355.8,-1408
45.108353,-73.569096,10475,268.7,355.7,-1408
45.117917,-73.570147,10300,261.8,355.4,-1280
45.127167,-73.571189,10125,257.8,355.5,-1408
45.136212,-73.572157,9950,256.8,355.5,-1408
45.145111,-73.573085,9775,254.7,355.7,-1408
45.153854,-73.574066,9600,253.7,355.7,-1408
45.163119,-73.575105,9425,252.8,355.5,-1344
45.172429,-73.576176,9250,251.9,355.2,-1344
45.181229,-73.57714,9075,252.8,355.5,-1344
45.190704,-73.578186,8900,254.8,355.5,-1344
45.199849,-73.579191,8725,255.8,355.5,-1408
45.208694,-73.580213,8550,256.8,355.5,-1472
45.217771,-73.581201,8350,256.8,355.5,-1408
45.226685,-73.582175,8175,256.8,355.5,-1408
45.235565,-73.583156,8000,255.8,355.5,-1408
45.244585,-73.584148,7825,255.8,355.5,-1344
45.25371,-73.585153,7650,254.8,355.5,-1344
45.262741,-73.586158,7475,253.8,355.5,-1344
45.272141,-73.587211,7300,252.7,355.7,-1344
45.28085,-73.588101,7125,252.7,355.7,-1344
45.28624,-73.588715,7025,252.8,355.5,-1408
45.290858,-73.589239,6925,252.8,355.5,-1344
45.296212,-73.589842,6825,251.8,355.4,-1408
45.301025,-73.590349,6725,251.7,355.7,-1344
45.306081,-73.590914,6625,251.8,355.4,-1344
45.311829,-73.591527,6525,251.8,355.4,-1280
45.317047,-73.592115,6425,251.7,355.7,-1344
45.322357,-73.592704,6325,251.7,355.7,-1344
45.327542,-73.593259,6225,251.7,355.7,-1344
45.33215,-73.593795,6125,250.8,355.4,-1472
45.337326,-73.594339,6025,250.8,355.4,-1408
45.342178,-73.594862,5925,250.8,355.4,-1344
45.346954,-73.595402,5825,249.7,355.6,-1344
45.352432,-73.596039,5725,249.8,355.4,-1408
45.357195,-73.596541,5625,248.7,355.6,-1408
45.362456,-73.597144,5525,248.7,355.6,-1344
45.367264,-73.597608,5425,248.7,355.6,-1344
45.372528,-73.598197,5325,248.7,355.6,-1280
45.377865,-73.598752,5225,249.7,355.6,-1344
45.382939,-73.598886,5125,248.1,358.4,-1536
45.386896,-73.598484,5050,247.7,4.2,-1472
45.391068,-73.597412,4950,248.9,8.8,-1408
45.393925,-73.59634,4900,249.3,13.9,-1408
45.397649,-73.594331,4825,249.8,19.2,-1408
45.40021,-73.592656,4775,251.9,24.6,-1280
45.403336,-73.590088,4700,253.4,29.3,-1152
45.407984,-73.58589,4600,255.5,32.7,-1280
45.412406,-73.581736,4500,256.0,33.7,-1344
45.416794,-73.577532,4400,257.1,34.1,-1408
45.421234,-73.573281,4300,257.1,34.1,-1472
45.425262,-73.569358,4200,257.1,34.1,-1472
45.428787,-73.565957,4100,256.3,34.2,-1472
45.43396,-73.561037,4000,256.3,34.2,-1024
45.439127,-73.556012,3925,254.9,34.1,-576
45.451836,-73.543887,3875,256.6,33.9,-128
45.46843,-73.527963,3850,252.1,34.0,-64
45.471268,-73.525282,3850,247.7,34.1,64
45.474135,-73.522451,3850,243.2,34.3,128
45.475571,-73.521096,3875,239.6,34.3,128
45.47879,-73.517895,3875,235.2,34.4,64
45.480606,-73.516126,3875,231.6,34.4,128
45.482803,-73.513968,3900,227.2,34.6,128
45.487289,-73.509521,3875,222.8,34.8,-128
45.491135,-73.505729,3875,218.9,35.1,-64
45.495502,-73.501282,3875,214.5,35.3,-64
45.498528,-73.498267,3875,210.1,35.5,-64
45.503998,-73.49278,3875,205.9,35.3,0
45.519337,-73.477299,3875,202.3,35.3,0
45.534256,-73.462176,3875,201.5,35.5,-64
45.549456,-73.446968,3875,203.9,35.0,0
45.564789,-73.431813,3875,201.9,34.7,64
45.580087,-73.416893,3875,203.0,34.2,0
45.595551,-73.40207,3875,203.3,33.8,0
45.606354,-73.391887,3875,203.9,33.0,-64
45.610207,-73.388947,3875,204.1,28.7,0
45.612396,-73.387734,3875,203.0,22.9,0
45.615048,-73.386749,3875,202.2,16.4,0
45.617702,-73.386131,3875,201.9,9.7,64
45.620041,-73.386059,3875,201.8,5.1,0
45.622421,-73.386327,3875,202.1,358.0,0
45.624802,-73.38693,3875,202.3,353.5,0
45.626966,-73.387917,3875,202.8,346.3,64
45.629242,-73.389208,3875,203.2,339.2,-64
45.631622,-73.391084,3875,204.0,334.4,0
45.633408,-73.393026,3875,203.6,327.6,64
45.635605,-73.395572,3875,204.4,322.0,0
45.638371,-73.399246,3875,202.4,317.4,-256
45.642105,-73.404682,3825,200.8,314.6,-512
45.647369,-73.412788,3750,196.8,312.5,-704
45.65094,-73.418472,3650,194.0,312.1,-1024
45.653915,-73.423105,3550,192.6,312.0,-1152
45.657166,-73.42833,3450,191.9,311.8,-1152
45.660095,-73.432952,3350,191.9,311.8,-1280
45.662811,-73.437286,3250,191.9,311.8,-1280
45.66568,-73.441929,3150,191.3,311.6,-1216
45.667838,-73.446007,3075,192.9,308.5,-1344
45.669095,-73.448959,3025,193.4,302.5,-1024
45.66984,-73.451569,2975,194.6,297.2,-896
45.670352,-73.454041,2950,194.4,291.4,-640
45.670678,-73.45665,2950,194.8,285.2,-448
45.670853,-73.459413,2925,197.2,276.4,-256
45.670818,-73.463585,2900,199.1,271.4,-320
45.670492,-73.467773,2900,198.6,265.7,-256
45.669983,-73.471538,2875,197.1,259.8,-256
45.669188,-73.476013,2875,194.8,256.0,0
45.668118,-73.480545,2875,191.3,251.1,-64
45.666861,-73.484322,2875,187.6,246.4,64
45.665557,-73.487755,2875,184.4,240.8,0
45.663556,-73.492149,2875,181.9,236.7,0
45.660623,-73.497849,2875,180.8,233.3,-64
45.657028,-73.504296,2875,180.5,230.8,0
45.65332,-73.510258,2875,179.1,227.9,0
45.648426,-73.517624,2875,177.5,226.1,-64
45.64149,-73.527443,2875,178.2,224.6,-64
45.634872,-73.536451,2875,179.0,223.0,0
45.623016,-73.551993,2875,177.6,222.9,-64
45.61116,-73.567669,2875,179.7,222.8,64
45.599174,-73.583405,2875,176.9,222.7,-64
45.594772,-73.589239,2850,176.9,222.7,-512
45.590236,-73.595215,2750,177.6,222.9,-832
45.585581,-73.601326,2650,175.5,222.7,-704
45.581391,-73.606888,2550,173.4,222.9,-960
45.577294,-73.612312,2450,172.6,223.1,-832
45.573441,-73.617308,2350,172.0,222.4,-896
45.569687,-73.622265,2250,169.9,222.6,-896
45.566025,-73.627089,2175,166.3,222.8,-960
45.562592,-73.631644,2075,161.3,223.0,-896
45.559113,-73.636266,1975,158.5,222.9,-768
45.555679,-73.640822,1875,153.6,222.6,-832
45.551597,-73.646164,1775,149.3,222.6,-768
45.548944,-73.649666,1725,145.1,222.5,-512
45.547454,-73.651588,1700,140.9,222.4,-768
45.54494,-73.654822,1600,136.6,222.3,-896
45.542038,-73.658622,1525,131.6,222.5,-704
45.538422,-73.663461,1425,126.7,222.8,-640
45.534652,-73.668488,1350,126.6,223.4,-640
45.531301,-73.672843,1250,127.4,222.5,-704
45.52753,-73.6778,1175,126.7,222.8,-640
45.524271,-73.682087,1075,126.7,222.8,-640
45.520615,-73.686872,975,126.7,222.8,-704
45.516998,-73.691711,900,127.4,223.1,-640
45.513657,-73.696021,800,126.0,222.4,-640
45.510119,-73.70071,725,125.3,222.7,-640
45.506699,-73.705183,625,123.8,222.7,-640
45.50309,-73.709888,550,123.8,222.7,-640
45.499878,-73.714142,450,122.4,222.7,-640
45.496387,-73.718731,375,125.3,222.7,-640
45.492874,-73.723297,275,126.7,222.8,-640
45.489212,-73.728202,200,128.1,222.8,-640
45.485912,-73.732598,100,131.6,223.1,-704
45.484268,-73.734741,50,131.6,222.5,-704
45.466415,-73.758022,0,107.5,43.5,128
45.47406,-73.748082,50,165.6,43.0,1472
45.475904,-73.745661,150,167.8,42.3,1920
45.477814,-73.743243,250,168.5,42.1,1856
45.479553,-73.741019,350,170.0,41.7,1984
45.481304,-73.738828,450,170.7,41.4,2240
45.482747,-73.737019,550,171.4,41.7,2432
45.484222,-73.735068,650,171.3,42.2,2624
45.485504,-73.733368,750,171.9,42.9,2816
45.486511,-73.731929,825,171.2,43.6,2944
45.487473,-73.730621,925,170.4,44.3,3008
45.488566,-73.729047,1025,170.4,44.8,3072
45.489716,-73.727482,1125,169.0,44.8,3136
45.490614,-73.726167,1200,167.6,44.8,3200
45.491452,-73.725028,1300,167.6,44.8,3200
45.492416,-73.723624,1400,165.5,45.0,3264
45.493423,-73.722185,1500,163.3,44.8,3264
45.494522,-73.720681,1600,161.9,44.8,3200
45.495346,-73.719504,1700,161.2,44.5,3200
45.49634,-73.718061,1800,160.5,44.8,3264
45.497406,-73.716561,1900,157.7,44.2,3200
45.498202,-73.715515,1975,156.3,44.2,3200
45.499008,-73.714403,2075,154.9,44.2,3136
45.500061,-73.712965,2175,152.8,43.9,3072
45.500949,-73.711697,2275,151.3,43.9,3136
45.502029,-73.710284,2375,150.0,43.4,2944
45.503036,-73.70891,2475,148.6,43.4,2816
45.504089,-73.707537,2575,147.9,43.1,2688
45.505092,-73.706204,2675,147.2,42.8,2560
45.506302,-73.704663,2775,147.2,42.2,2432
45.507614,-73.703025,2875,146.6,42.0,2368
45.508769,-73.701447,2975,147.2,42.2,2304
45.509949,-73.699755,3075,147.1,45.0,2112
45.511276,-73.697401,3150,147.5,49.4,1664
45.512168,-73.695217,3225,149.8,54.5,1344
45.512819,-73.693275,3275,153.0,62.8,1152
45.513378,-73.690394,3325,155.8,68.5,1088
45.513611,-73.688384,3350,160.1,77.0,1088
45.513702,-73.685434,3400,163.2,83.0,1088
45.513611,-73.682824,3450,167.0,91.4,1088
45.51329,-73.680529,3475,170.3,97.1,1088
45.512726,-73.6778,3525,174.0,102.3,1024
45.512028,-73.675455,3575,178.1,110.4,1088
45.511002,-73.672485,3625,182.0,115.7,1280
45.5097,-73.669895,3675,186.9,123.4,1344
45.508163,-73.667319,3725,191.0,127.8,1408
45.506836,-73.665292,3775,194.2,131.2,1344
45.505371,-73.663265,3825,198.1,133.4,1280
45.503677,-73.66091,3875,202.3,135.8,1280
45.502159,-73.658909,3925,205.9,136.8,1280
45.500656,-73.656987,3975,208.8,137.5,1280
45.499191,-73.65509,4025,211.7,137.9,1344
45.496902,-73.652278,4075,216.0,138.2,1280
45.494431,-73.649128,4150,221.0,138.3,1216
45.492508,-73.646654,4200,225.2,138.2,1280
45.489217,-73.642496,4300,229.5,138.2,1472
45.486098,-73.638477,4400,233.7,138.1,1536
45.483398,-73.63508,4475,237.9,138.1,1408
45.480698,-73.631577,4550,242.2,138.0,1408
45.47731,-73.627298,4650,247.1,138.1,1536
45.474833,-73.624141,4725,250.0,138.1,1472
45.471062,-73.61972,4825,254.8,139.9,1216
45.46799,-73.616638,4875,259.0,143.8,1088
45.465197,-73.614294,4925,263.9,148.5,1088
45.461746,-73.611995,4975,268.8,153.7,1152
45.457841,-73.61014,5050,273.4,159.4,1408
45.45435,-73.6088,5125,278.0,165.4,1728
45.450672,-73.60813,5200,281.0,171.6,2112
45.447088,-73.607996,5300,284.2,178.0,2368
45.443782,-73.608264,5400,285.2,182.2,2560
45.441193,-73.608856,5500,286.9,186.6,2624
45.438429,-73.609805,5600,287.1,190.8,2752
45.435699,-73.611014,5700,288.6,194.9,2816
45.432953,-73.612518,5800,288.7,199.0,3008
45.430984,-73.613761,5875,288.8,202.4,3136
45.429199,-73.615003,5975,288.6,204.8,3264
45.426682,-73.616769,6075,288.0,206.4,3264
45.424743,-73.618246,6175,288.5,207.4,3264
45.42247,-73.620039,6275,288.5,207.9,3264
45.420273,-73.621739,6375,288.2,208.6,3264
45.417993,-73.623538,6475,288.3,209.1,3264
45.41627,-73.624945,6550,287.9,209.3,3200
45.414551,-73.626317,6650,288.4,209.5,3136
45.412174,-73.628227,6750,288.0,209.8,3008
45.409892,-73.630103,6850,288.9,209.7,2944
45.40696,-73.632448,6950,289.7,209.6,2688
45.40156,-73.636802,7150,292.0,209.6,2560
45.396346,-73.640955,7350,294.1,209.1,2624
45.391022,-73.64515,7550,295.9,208.9,2688
45.385574,-73.649336,7750,297.6,208.7,2752
45.380378,-73.653282,7950,298.9,208.4,2880
45.374792,-73.657569,8150,299.8,208.3,2880
45.370148,-73.661041,8325,300.2,208.0,2752
45.365016,-73.664871,8525,302.4,208.0,2560
45.358612,-73.669739,8725,304.6,208.0,2432
45.353052,-73.673914,8925,306.9,208.0,2432
45.346893,-73.678502,9125,310.0,207.9,2560
45.341034,-73.682883,9325,310.9,207.8,2752
45.335455,-73.687044,9525,312.2,207.9,2816
45.32991,-73.691254,9725,313.1,207.8,2752
45.324371,-73.695374,9925,314.5,207.9,2752
45.318924,-73.699428,10125,316.2,207.7,2432
45.316276,-73.70138,10175,317.6,207.8,2048
45.312927,-73.703875,10275,318.9,207.9,1664
45.306702,-73.708518,10375,324.8,207.9,1216
45.296258,-73.716319,10500,333.7,207.9,1024
45.286011,-73.724016,10600,343.1,208.0,832
45.276489,-73.731144,10700,352.9,207.9,1024
45.264633,-73.739973,10850,362.8,207.8,1408
45.259156,-73.744053,10950,366.4,207.8,1856
45.255386,-73.746866,11050,368.6,207.8,2304
45.248123,-73.752293,11250,370.4,207.7,2688
45.241196,-73.757433,11450,371.7,207.7,2688
45.23584,-73.761422,11600,373.1,207.8,2304
45.231039,-73.765021,11700,374.4,207.9,1856
45.221123,-73.772389,11900,378.9,207.9,1920
45.215816,-73.776342,12000,381.1,207.8,2368
45.202083,-73.786591,12400,382.0,207.8,2688
45.188118,-73.796975,12775,384.2,207.8,2240
45.169464,-73.810926,13150,391.4,207.9,1856
45.156322,-73.820756,13425,394.5,207.8,2304
45.140215,-73.832747,13825,398.1,207.9,2368
45.123779,-73.844931,14225,400.4,207.9,2304
45.106155,-73.858076,14625,403.5,207.8,2368
45.090498,-73.869726,15025,404.8,207.8,2752
45.076253,-73.88031,15425,405.7,207.8,2752
45.060285,-73.892167,15825,406.6,207.7,2432
45.044411,-73.90389,16225,407.9,207.8,2496
45.027699,-73.916284,16625,408.8,207.7,2368
45.01062,-73.928964,17025,411.1,207.7,2176
44.990982,-73.943481,17400,414.7,207.7,1792
44.970428,-73.958718,17750,420.5,207.8,1792
44.950516,-73.973432,18125,423.6,207.7,2048
44.930649,-73.988146,18500,427.2,207.8,1792
44.9095,-74.003775,18850,432.5,207.7,1728
44.88874,-74.019113,19200,435.7,207.6,1984
44.869308,-74.033399,19575,437.9,207.6,2048
44.847821,-74.049258,19925,441.5,207.7,1600
44.825289,-74.065805,20275,445.1,207.7,1856
44.80545,-74.080418,20650,446.0,207.7,2240
44.786186,-74.094543,21050,446.8,207.6,2176
44.7659,-74.109453,21425,448.2,207.6,1984
44.752342,-74.118727,21650,450.5,205.1,1856
44.742874,-74.123971,21800,453.7,201.2,1856
44.733444,-74.128222,21950,456.4,197.2,1792
44.724038,-74.131455,22075,459.4,193.9,1792
44.714905,-74.13378,22200,461.7,190.5,1664
44.705704,-74.135284,22325,464.7,186.2,1664
44.695688,-74.135943,22475,467.6,182.8,1856
44.675262,-74.136396,22775,468.0,180.7,1856
44.649275,-74.136948,23125,470.1,181.0,1728
44.622648,-74.137551,23475,473.1,181.1,1728
44.595383,-74.138293,23800,475.1,181.1,1600
44.569611,-74.138947,24150,477.1,181.1,1920
44.543564,-74.1396,24500,477.1,181.0,1728
44.517059,-74.140254,24850,478.1,181.0,1664
44.488907,-74.140908,25200,480.1,180.9,1600
44.461018,-74.14157,25525,481.1,180.9,1536
44.430852,-74.14224,25825,484.1,180.9,1216
44.399734,-74.143001,26125,486.1,180.9,1408
44.370438,-74.143655,26450,488.1,180.9,1472
44.340179,-74.144374,26775,489.1,180.9,1472
44.308839,-74.145121,27100,490.1,180.9,1344
44.278627,-74.145791,27400,491.1,180.9,1280
44.277603,-74.145813,27400,715.2,313.4,13568
44.276578,-74.145791,27425,491.1,180.9,1216
44.240314,-74.146595,27700,494.1,180.9,960
44.202576,-74.147513,27950,498.1,181.0,896
44.164902,-74.148389,28200,501.1,180.9,1088
44.128356,-74.149214,28475,503.1,181.0,1024
44.093079,-74.149986,28750,504.1,180.9,1088
44.055548,-74.150783,29000,507.1,180.9,896
44.017934,-74.151633,29250,509.1,180.9,1024
43.979482,-74.152483,29525,511.1,181.0,960
43.940781,-74.153371,29775,513.1,181.0,896
43.90174,-74.154314,30050,514.1,181.0,1152
43.863008,-74.155164,30300,515.1,180.9,768
43.82135,-74.156054,30550,517.1,180.9,896
43.7845,-74.156884,30825,518.1,180.9,1152
43.746918,-74.157715,31100,518.1,180.9,896
43.701553,-74.158737,31325,520.1,180.9,768
43.661316,-74.159567,31575,521.1,180.9,960
43.621765,-74.160398,31825,522.1,180.9,1152
43.58757,-74.161164,32125,521.1,181.0,1152
43.551041,-74.161994,32400,520.1,180.9,1024
43.515589,-74.162685,32700,519.1,180.9,1344
43.4832,-74.1634,33000,517.1,180.9,1280
43.447297,-74.164189,33275,516.1,180.9,1088
43.411591,-74.164974,33550,514.1,180.9,1088
43.376862,-74.165699,33825,513.1,180.9,1088
43.341483,-74.166412,34100,512.1,181.0,896
43.299957,-74.16736,34350,512.1,180.9,896
43.256991,-74.168309,34575,512.1,180.9,704
43.214629,-74.169224,34800,512.1,180.9,704
43.181297,-74.169944,35000,511.1,180.9,1152
43.149409,-74.170598,35300,507.1,180.9,1408
43.117126,-74.171256,35600,503.1,180.9,1024
43.074832,-74.172167,35825,501.1,180.9,640
43.029677,-74.173148,35975,501.1,180.9,192
42.984238,-74.17413,36000,500.1,180.9,0
42.93869,-74.175025,36000,501.0,180.8,0
42.89328,-74.175983,36000,501.1,180.9,0
42.847595,-74.176877,36000,501.1,180.9,0
42.802277,-74.177877,36000,500.1,180.9,0
42.757004,-74.178876,36000,499.1,180.9,0
42.711911,-74.179879,36000,499.1,181.0,0
42.666,-74.180749,36000,498.0,180.8,0
42.620994,-74.181604,36000,498.0,180.8,-64
42.576096,-74.182621,36000,497.1,180.9,0
42.531009,-74.18352,36000,496.1,180.9,-64
42.48604,-74.184606,35975,497.1,181.0,-64
42.440231,-74.185618,35975,496.1,180.9,0
42.395233,-74.186492,35975,497.0,180.8,0
42.349921,-74.187352,35975,497.0,180.8,64
42.304672,-74.188247,35975,497.1,180.9,64
42.259506,-74.189238,36000,497.1,180.9,64
42.214593,-74.190227,36000,497.1,180.9,0
42.169144,-74.191173,36000,498.1,180.9,0
42.123398,-74.192143,36025,499.1,180.9,0
42.077316,-74.193108,36000,500.1,180.9,-64
42.031677,-74.194045,36000,501.1,180.9,0
42.008743,-74.195168,36000,500.6,182.9,0
41.989932,-74.197125,36000,500.9,185.0,0
41.971777,-74.199999,36000,500.1,187.4,64
41.953125,-74.20397,36000,499.9,189.6,64
41.934128,-74.209088,36000,499.7,191.9,64
41.916985,-74.21469,36025,498.2,194.2,64
41.89119,-74.224319,36025,497.9,195.9,64
41.847977,-74.240737,36025,498.9,195.8,0
41.804422,-74.257358,36025,498.2,196.0,64
41.760756,-74.273966,36050,497.9,195.9,0
41.717509,-74.290381,36050,498.9,195.8,-64
41.673477,-74.307091,36050,498.9,195.8,-64
41.630316,-74.323468,36025,499.2,195.9,-64
41.586604,-74.340011,36000,498.2,196.0,0
41.543289,-74.356468,36000,498.2,196.0,0
41.500249,-74.372779,36000,498.2,196.0,0
41.456085,-74.389489,36000,497.9,195.9,0
41.412643,-74.405844,36000,497.9,195.9,0
41.369205,-74.422198,36000,497.0,195.9,-64
41.325943,-74.438477,35975,496.7,195.8,0
41.282757,-74.454658,36000,496.7,195.8,0
41.239609,-74.470825,36000,495.7,195.8,0
41.195938,-74.487305,36000,495.0,195.9,0
41.152644,-74.503534,36000,495.5,195.7,0
41.109558,-74.519592,36000,495.7,195.8,0
41.066116,-74.535828,36000,495.7,195.8,0
41.022763,-74.552099,35975,495.7,195.8,0
40.979828,-74.567993,36000,495.5,195.7,0
40.935897,-74.584371,36000,494.8,195.8,0
40.89251,-74.600601,35975,495.7,195.8,-64
40.848332,-74.616893,35975,496.2,195.6,0
40.805085,-74.632874,36000,495.7,195.8,64
40.761884,-74.648978,36000,495.5,195.7,64
40.717799,-74.665271,36025,495.5,195.7,64
40.674637,-74.681152,36025,495.5,195.7,0
40.630875,-74.697205,36025,497.1,195.5,-64
40.587296,-74.713074,36025,496.2,195.6,0
40.54388,-74.729066,36025,496.4,195.7,0
40.500687,-74.744873,36025,496.2,195.6,0
40.457107,-74.760839,36025,495.5,195.7,0
40.413391,-74.776855,36025,494.2,195.6,0
40.369589,-74.792987,36000,493.5,195.8,-64
40.326295,-74.808842,36000,493.0,195.5,0
40.283467,-74.824323,36000,493.0,195.5,0
40.240356,-74.840027,36000,492.3,195.7,0
40.197601,-74.855713,36000,492.3,195.7,0
40.15475,-74.871327,36000,493.0,195.5,0
40.110901,-74.887024,36000,493.0,195.5,0
40.067092,-74.902912,36000,492.0,195.6,0
40.024017,-74.918579,36000,492.3,195.7,0
39.981033,-74.934143,36000,492.0,195.6,0
39.938004,-74.949646,35975,492.7,195.4,-64
39.894802,-74.96521,35975,494.0,195.5,0
39.850857,-74.981079,36000,493.0,195.5,64
39.806992,-74.996796,36000,492.7,195.4,0
39.763916,-75.0122,36000,492.7,195.4,0
39.721069,-75.027665,36000,493.3,195.6,0
39.677582,-75.043368,36000,493.3,195.6,0
39.633865,-75.059071,36025,492.7,195.4,0
39.590909,-75.074341,36025,492.7,195.4,0
39.559296,-75.08606,36025,491.9,196.8,0
39.537918,-75.095135,36025,491.1,198.8,0
39.496222,-75.114136,36025,488.6,199.4,0
39.454514,-75.13299,36025,488.6,199.4,0
39.412308,-75.152097,36025,488.3,199.2,0
39.370605,-75.170905,36000,487.4,199.3,0
39.328168,-75.190002,36000,487.4,199.3,0
39.285666,-75.209167,35975,486.4,199.3,-64
39.243713,-75.228106,35975,486.4,199.3,0
39.202423,-75.246615,36000,485.1,199.3,64
39.160583,-75.265423,36025,483.3,199.3,0
39.119339,-75.284052,36025,482.3,199.4,0
39.077671,-75.302734,36025,479.8,199.2,0
39.036891,-75.321045,36025,478.8,199.3,0
38.995739,-75.339417,36000,477.5,199.2,0
38.954819,-75.357732,36000,476.6,199.2,-64
38.914124,-75.375884,36000,475.7,199.3,-64
38.8734,-75.394043,35975,474.4,199.2,0
38.83262,-75.412231,35950,473.4,199.2,-64
38.791468,-75.430542,35975,473.4,199.2,0
38.750921,-75.448547,35950,473.4,199.2,0
38.710236,-75.466581,35975,474.1,199.1,64
38.669966,-75.484375,35975,473.1,199.1,64
38.628937,-75.502525,36000,473.1,199.1,0
38.588196,-75.520557,36000,473.1,199.1,0
38.547455,-75.538529,36000,473.1,199.1,0
38.506073,-75.55674,36000,473.1,199.1,0
38.465332,-75.574712,36000,472.8,199.0,0
38.424591,-75.592625,36000,473.1,199.1,0
38.384182,-75.610358,36000,473.1,199.1,0
38.343384,-75.628247,36025,471.8,199.1,0
38.303088,-75.645944,36025,471.8,199.1,0
38.261889,-75.663976,36025,470.9,199.1,0
38.221529,-75.68159,36000,470.6,199.0,0
38.181152,-75.699249,36025,469.9,199.1,0
38.140155,-75.717176,36000,469.6,199.0,-64
38.099442,-75.734896,36000,468.4,198.9,64
38.059067,-75.752486,36025,468.7,199.1,64
38.018607,-75.770078,36000,467.4,199.0,-64
37.978638,-75.787431,36000,467.4,199.0,-64
37.938583,-75.804787,36000,467.4,199.0,0
37.898346,-75.82226,36000,466.1,198.9,0
37.858468,-75.839519,35975,466.1,198.9,0
37.817963,-75.857031,35975,466.1,198.9,0
37.778412,-75.874095,36000,466.1,198.9,0
37.738266,-75.891392,35975,465.2,198.9,0
37.698421,-75.908541,35975,465.2,198.9,0
37.658619,-75.925499,35975,466.4,198.2,0
37.638369,-75.933261,35975,468.0,196.4,64
37.61905,-75.939709,35975,469.8,194.4,0
37.577682,-75.952343,36000,470.3,193.6,0
37.536187,-75.965145,36000,470.8,193.9,0
37.494709,-75.977982,36000,471.5,193.7,0
37.452393,-75.990912,36000,472.5,193.7,0
37.410782,-76.00371,36000,472.5,193.7,0
37.368785,-76.016554,36000,473.7,193.8,0
37.326795,-76.029391,36000,474.4,193.7,-64
37.284851,-76.042162,36000,475.4,193.6,64
37.243047,-76.054887,36000,475.6,193.7,0
37.20076,-76.067758,36000,476.4,193.6,-64
37.158136,-76.08074,35975,478.5,193.7,-64
37.115158,-76.09388,35975,479.7,193.8,0
37.072586,-76.106853,35975,481.7,193.7,64
37.02919,-76.120002,36000,483.4,193.5,64
36.986405,-76.132866,36000,484.6,193.6,0
36.943623,-76.145822,36025,485.8,193.7,0
36.899963,-76.15898,36000,486.5,193.6,0
36.856979,-76.171953,36000,489.0,193.7,0
36.813556,-76.18516,36000,489.9,193.7,0
36.77003,-76.19825,36025,491.9,193.6,0
36.726471,-76.211357,36025,492.8,193.6,128
36.68307,-76.224313,36050,493.8,193.6,0
36.639267,-76.23745,36050,492.6,193.5,0
36.595319,-76.250552,36050,491.6,193.5,0
36.552246,-76.263371,36025,487.5,193.5,-128
36.509537,-76.276131,36000,483.4,193.5,0
36.467285,-76.288776,36000,481.7,193.7,0
36.424473,-76.301627,36000,482.4,193.6,0
36.381132,-76.314541,36025,485.3,193.5,64
36.338287,-76.327286,36000,487.5,193.5,-64
36.294525,-76.340332,36000,486.5,193.6,0
36.250854,-76.353264,36000,487.5,193.5,0
36.207596,-76.366024,35975,488.5,193.5,-64
36.164383,-76.378784,35950,490.7,193.6,0
36.121033,-76.391602,35975,492.6,193.5,0
36.077379,-76.404536,35975,494.6,193.4,0
36.033051,-76.41758,35975,493.6,193.5,64
35.988556,-76.43074,36000,494.8,193.6,0
35.944931,-76.443615,36025,494.8,193.6,64
35.901627,-76.456375,36050,493.6,193.5,64
35.857681,-76.469364,36050,493.6,193.5,0
35.813507,-76.482296,36050,492.6,193.5,0
35.770227,-76.494998,36025,491.4,193.4,-64
35.726074,-76.507816,36025,491.2,193.3,-128
35.682244,-76.520594,36000,485.3,193.5,0
35.639557,-76.533108,36000,482.4,193.6,64
35.596985,-76.545582,36000,482.2,193.4,0
35.55423,-76.558113,36000,487.3,193.4,0
35.510838,-76.570792,36000,492.4,193.4,0
35.466381,-76.583765,36000,494.3,193.3,0
35.42189,-76.596622,36000,495.5,193.4,0
35.378036,-76.609383,36000,497.5,193.4,0
35.334457,-76.622028,36000,495.5,193.4,0
35.290375,-76.634789,36000,494.3,193.3,0
35.246155,-76.647606,36000,493.4,193.4,0
35.202756,-76.660137,36025,492.1,193.3,64
35.159788,-76.672497,36050,491.2,193.3,0
35.116608,-76.684907,36050,490.2,193.3,-64
35.073154,-76.697445,36025,488.3,193.4,-64
35.030228,-76.709794,36000,487.3,193.4,-64
34.986328,-76.722406,35975,487.1,193.3,-64
34.943161,-76.734794,35975,486.1,193.3,0
34.899628,-76.747293,35975,485.9,193.2,64
34.855942,-76.759758,35975,486.1,193.3,0
34.812973,-76.772069,35975,486.1,193.3,0
34.770192,-76.784306,36000,484.9,193.2,64
34.726945,-76.796665,36000,485.1,193.4,-64
34.683698,-76.809025,36000,484.9,193.2,64
34.64087,-76.821213,36000,483.9,193.3,0
34.597437,-76.833572,36000,484.6,193.1,64
34.55397,-76.84589,36025,483.7,193.1,64
34.510849,-76.858109,36025,482.9,193.3,0
34.467323,-76.87048,36025,481.7,193.2,-64
34.424775,-76.882553,36000,481.7,193.2,0
34.382272,-76.894569,36000,480.8,193.2,-64
34.338932,-76.906872,35975,480.8,193.2,-64
34.295654,-76.919095,35975,481.7,193.2,0
34.253082,-76.93109,35975,482.5,193.1,64
34.209471,-76.943321,35975,482.7,193.2,0
34.166549,-76.955395,35975,483.7,193.1,64
34.12413,-76.967356,36000,483.7,193.1,0
34.081452,-76.97937,36025,483.9,193.3,64
34.037832,-76.991615,36025,484.6,193.1,0
33.994353,-77.003803,36025,484.6,193.1,0
33.951338,-77.015877,36025,484.6,193.1,-64
33.90744,-77.028179,36025,484.6,193.1,0
33.864716,-77.040057,36025,484.6,193.1,0
33.821644,-77.052097,36025,483.7,193.1,0
33.778427,-77.064159,36025,482.7,193.2,0
33.735057,-77.076244,36025,481.5,193.1,-64
33.692275,-77.088146,36000,481.5,193.1,-64
33.648842,-77.10022,36000,481.5,193.1,0
33.606125,-77.112084,36000,481.5,193.1,0
33.563599,-77.123855,36000,480.5,193.1,0
33.520358,-77.135795,36000,480.3,193.0,0
33.477949,-77.147622,35975,479.6,193.1,0
33.435287,-77.159454,35975,478.6,193.2,0
33.392761,-77.17121,35975,479.3,193.0,0
33.349418,-77.183159,35975,479.3,193.0,0
33.306823,-77.19493,35975,479.6,193.1,0
33.264267,-77.206696,35975,480.5,193.1,0
33.222153,-77.218286,35975,481.3,193.0,64
33.178804,-77.230131,36000,482.2,192.9,64
33.135929,-77.241958,36000,482.5,193.1,0
33.097412,-77.252289,36000,483.9,192.2,0
33.074341,-77.257429,36025,486.8,190.3,64
33.053811,-77.26124,36025,489.0,188.2,0
33.030716,-77.264539,36025,491.0,186.3,0
33.008144,-77.266846,36025,492.5,184.4,0
32.963379,-77.270361,36025,493.1,183.8,-64
32.918655,-77.274042,36000,494.2,183.9,0
32.874492,-77.277496,36000,494.0,183.7,0
32.830307,-77.281018,36000,494.1,183.8,0
32.784897,-77.284534,36000,493.0,183.7,-64
32.739349,-77.288104,36000,493.1,183.8,0
32.694149,-77.291677,36000,493.1,183.8,0
32.649307,-77.295245,36000,487.1,183.8,0
32.604955,-77.298628,36000,482.1,183.8,0
32.561056,-77.302215,36000,478.1,184.0,-64
32.516693,-77.305627,36000,479.0,183.7,0
32.472839,-77.309143,36000,479.1,183.8,0
32.429406,-77.312473,36000,478.0,183.7,0
32.386002,-77.31579,36000,478.1,183.8,0
32.341702,-77.319255,36000,479.1,183.8,0
32.297562,-77.322711,36025,479.0,183.7,64
32.253811,-77.326093,36025,480.0,183.7,0
32.210449,-77.329468,36025,480.1,183.8,0
32.166046,-77.332874,36025,481.0,183.7,64
32.12233,-77.336224,36050,480.1,183.8,64
32.079426,-77.339602,36050,480.1,183.8,0
32.036459,-77.342909,36050,479.0,183.7,0
31.9927,-77.346272,36050,478.0,183.7,0
31.949249,-77.349683,36025,479.1,183.8,-128
31.905507,-77.353111,36000,483.1,183.8,0
31.861283,-77.356474,36000,484.0,183.7,0
31.817459,-77.35979,36000,482.0,183.7,0
31.77423,-77.363088,36000,481.1,183.8,0
31.729843,-77.36653,36000,481.1,183.8,0
31.685688,-77.369952,36000,482.1,183.8,0
31.642593,-77.373316,36000,482.1,183.8,0
31.598877,-77.376601,36000,483.0,183.7,0
31.554886,-77.37994,36000,483.0,183.7,0
31.510325,-77.383356,36000,484.0,183.7,-64
31.467125,-77.386652,36000,484.1,183.8,0
31.422574,-77.390057,36025,485.1,183.8,0
31.377745,-77.393463,36025,485.0,183.7,0
31.333694,-77.396797,36025,485.1,183.8,0
31.288969,-77.40022,36000,485.1,183.8,0
31.245071,-77.403582,36000,486.1,183.8,0
31.201538,-77.406868,36000,485.1,183.8,0
31.157925,-77.410217,36000,485.1,183.8,0
31.113514,-77.413568,36000,485.0,183.7,0
31.069885,-77.416831,35975,485.1,183.8,-64
31.02594,-77.42017,36000,486.1,183.8,0
30.982315,-77.423455,35975,487.1,183.8,0
30.938943,-77.426752,35975,487.1,183.8,64
30.895417,-77.430048,35975,488.0,183.6,0
30.851146,-77.433344,36000,489.0,183.6,64
30.805292,-77.436804,36000,489.0,183.8,64
30.760849,-77.44015,36025,489.0,183.8,64
30.716191,-77.443506,36025,489.0,183.8,0
30.671407,-77.446857,36025,489.0,183.6,0
30.626438,-77.450208,36025,489.0,183.8,0
30.581794,-77.453558,36025,488.1,183.8,0
30.536732,-77.456909,36025,487.0,183.6,-64
30.493423,-77.460184,36025,486.1,183.8,0
30.449203,-77.463523,36000,486.0,183.7,-64
30.40578,-77.466742,36000,485.0,183.7,0
30.372482,-77.469177,36000,485.0,183.7,0
30.330273,-77.472345,35975,485.0,183.7,0
30.285553,-77.47564,35975,485.0,183.7,0
30.243439,-77.478763,35975,484.0,183.7,0
30.198441,-77.482102,35975,484.0,183.7,0
30.153671,-77.485441,35975,484.0,183.7,0
30.109543,-77.488726,35975,485.0,183.7,0
30.077042,-77.490827,35975,485.4,182.4,0
30.061249,-77.490934,35975,486.0,179.9,0
30.045639,-77.490181,35975,487.6,177.2,0
30.031314,-77.488715,35975,489.5,174.2,0
30.016185,-77.486353,35975,491.0,171.8,0
30.000824,-77.483126,36000,492.5,169.4,0
29.987369,-77.479486,36000,493.8,166.4,64
29.973682,-77.475092,36000,494.4,163.9,64
29.949966,-77.466431,36000,494.9,162.1,64
29.906891,-77.450603,36025,495.3,162.4,0
29.864044,-77.434915,36025,495.6,162.3,0
29.821198,-77.419175,36025,495.6,162.3,0
29.777185,-77.403098,36025,494.6,162.2,0
29.734955,-77.38759,36025,493.7,162.2,64
29.692337,-77.371955,36025,493.4,162.3,-64
29.649948,-77.356427,36025,492.4,162.3,0
29.606323,-77.340422,36025,491.5,162.2,0
29.563843,-77.324894,36025,490.5,162.2,0
29.520496,-77.30896,36025,489.5,162.2,0
29.478287,-77.293572,36000,488.9,162.4,0
29.435623,-77.278043,36000,487.3,162.2,-64
29.392338,-77.262214,36000,487.0,162.3,0
29.350159,-77.24688,36000,486.1,162.3,-64
29.308079,-77.231517,35975,485.1,162.2,0
29.266251,-77.216298,35975,484.8,162.4,-64
29.224517,-77.201035,35975,484.2,162.2,0
29.181839,-77.185505,35975,484.8,162.4,0
29.139954,-77.170346,35975,483.9,162.3,0
29.098175,-77.155151,35975,484.2,162.2,0
29.057162,-77.140234,35975,483.6,162.4,0
29.015579,-77.125397,36000,483.3,162.5,0
28.973834,-77.110344,36000,483.9,162.3,0
28.932355,-77.095211,35975,485.1,162.2,0
28.889694,-77.079761,36000,484.8,162.4,0
28.847305,-77.064444,36000,484.8,162.4,0
28.806381,-77.049707,36000,485.8,162.4,0
28.76358,-77.034231,36000,484.8,162.4,64
28.72142,-77.019019,36025,484.8,162.4,0
28.680042,-77.004143,36025,483.6,162.4,0
28.637421,-76.98886,36000,483.6,162.4,-64
28.595178,-76.973662,36000,483.9,162.3,-64
28.552489,-76.958259,36025,483.9,162.3,-64
28.51022,-76.943072,36025,482.3,162.5,128
28.469393,-76.928531,36050,481.4,162.5,0
28.426565,-76.913183,36050,479.5,162.4,0
28.384482,-76.898211,36050,477.2,162.4,0
28.343353,-76.883433,36025,476.3,162.4,0
28.301899,-76.868645,36025,474.1,162.4,-64
28.261002,-76.854013,36000,472.8,162.5,-64
28.219254,-76.839118,35975,471.9,162.5,0
28.178238,-76.82454,36000,470.6,162.6,0
28.136902,-76.809857,35975,469.7,162.5,-64
28.096603,-76.795511,35975,468.7,162.5,0
28.056793,-76.781335,35975,467.8,162.5,0
28.016373,-76.766862,35975,466.1,161.9,0
27.996004,-76.758836,35975,467.8,160.1,192
27.977463,-76.750647,36000,470.2,158.0,64
27.94852,-76.736702,36000,474.8,156.7,-64
27.908439,-76.717424,36000,478.5,156.9,0
27.867691,-76.697837,36000,476.6,156.8,0
27.828043,-76.67876,36000,476.6,156.8,0
27.787589,-76.65927,36000,476.2,156.9,-64
27.747322,-76.639886,36000,474.4,156.8,0
27.707474,-76.620725,36000,472.2,156.8,0
27.66809,-76.60175,36000,469.9,156.8,-64
27.628967,-76.582999,35975,468.6,156.9,-64
27.58992,-76.564239,35975,466.8,156.8,0
27.550685,-76.545445,35975,466.4,156.9,0
27.511721,-76.5268,35950,465.5,156.9,0
27.472549,-76.508064,35975,465.5,156.9,0
27.434025,-76.489563,35975,465.5,156.9,64
27.394913,-76.470855,35975,465.5,156.9,64
27.356143,-76.452326,36000,465.1,157.0,64
27.316713,-76.433575,36025,464.2,156.9,0
27.278046,-76.415094,36025,464.2,156.9,0
27.238495,-76.396283,36025,463.2,156.9,0
27.200775,-76.378249,36000,464.2,156.9,-64
27.162003,-76.359748,36000,464.2,156.9,0
27.123242,-76.341353,36000,465.1,157.0,0
27.084503,-76.322902,36050,465.1,157.0,256
27.045174,-76.304222,36150,468.6,156.9,448
27.016251,-76.290462,36275,469.2,157.0,512
26.977627,-76.27216,36450,470.5,157.0,512
26.938339,-76.253512,36650,471.8,156.9,832
26.901514,-76.236032,36900,470.5,157.0,704
26.882584,-76.227031,36975,470.1,157.1,320
26.843307,-76.208582,37000,469.2,157.0,64
26.804127,-76.19008,37000,470.1,157.1,0
26.764232,-76.171171,37000,469.6,156.9,0
26.724476,-76.15242,37000,466.9,157.1,0
26.686117,-76.134303,37000,466.0,157.0,0
26.647153,-76.115922,37000,466.9,157.1,0
26.608188,-76.097594,37000,469.2,157.0,64
26.568878,-76.079079,37025,469.2,157.0,64
26.529373,-76.060423,37050,470.5,157.0,0
26.489899,-76.04187,37050,470.5,157.0,0
26.450409,-76.023266,37050,471.4,157.0,-64
26.41509,-76.006693,37050,471.9,157.2,0
26.385315,-75.992794,37025,472.8,157.2,-128
26.34703,-75.974896,37000,472.7,157.0,0
26.307404,-75.956311,37025,471.9,157.2,0
26.267566,-75.937658,37025,472.3,157.1,0
26.234141,-75.922077,37025,471.0,157.1,128
26.195643,-75.904013,37050,469.2,157.0,0
26.154583,-75.88484,37050,468.8,157.1,-64
26.115247,-75.866406,37025,467.9,157.1,-64
26.075584,-75.847919,37000,466.5,157.2,-64
26.035858,-75.82945,36975,465.2,157.2,0
25.996719,-75.811261,36975,464.3,157.2,-64
25.957031,-75.792812,36975,464.3,157.2,-64
25.918167,-75.774778,36975,464.3,157.2,0
25.878436,-75.756331,36975,463.0,157.3,64
25.839752,-75.738399,36975,463.0,157.3,0
25.801112,-75.720468,36975,462.5,157.1,0
25.762055,-75.70233,36975,461.7,157.3,0
25.72323,-75.684348,37000,460.8,157.3,0
25.683792,-75.666097,37000,459.8,157.2,0
25.645065,-75.648142,36975,459.8,157.2,-64
25.606477,-75.630297,36975,459.5,157.3,0
25.567234,-75.61216,36975,459.8,157.2,-64
25.530085,-75.595058,36950,460.4,157.4,0
25.491493,-75.577283,36950,460.8,157.3,0
25.451971,-75.559042,36975,460.8,157.3,64
25.4133,-75.541229,37000,460.4,157.4,0
25.374973,-75.523595,37000,461.7,157.3,-64
25.336304,-75.50588,36975,462.6,157.4,-64
25.296753,-75.48762,36975,463.0,157.3,64
25.257385,-75.469513,37000,462.6,157.4,64
25.218384,-75.451609,37025,463.0,157.3,0
25.179657,-75.433858,37050,461.3,157.4,64
25.141022,-75.416158,37050,460.4,157.4,-64
25.102363,-75.398444,37050,459.5,157.3,0
25.063202,-75.380554,37050,459.5,157.3,-64
25.025116,-75.363108,37000,458.2,157.4,-64
24.986588,-75.345482,36975,458.2,157.4,0
24.948303,-75.328013,37000,457.2,157.4,64
24.909622,-75.310364,37000,455.9,157.4,-64
24.870987,-75.292765,36975,455.9,157.4,0
24.832764,-75.275319,36975,455.9,157.4,0
24.7939,-75.25767,36975,455.9,157.4,0
24.755782,-75.240283,36975,455.9,157.4,0
24.717224,-75.222778,36975,456.8,157.5,-64
24.678971,-75.205406,36950,457.8,157.5,0
24.639727,-75.187631,36950,459.1,157.5,0
24.600996,-75.170064,36975,460.0,157.5,0
24.561752,-75.152237,36975,461.3,157.4,0
24.523315,-75.134837,36975,462.2,157.5,0
24.484222,-75.117086,37000,463.5,157.4,64
24.445418,-75.099482,37025,464.5,157.5,64
24.405988,-75.081655,37025,465.4,157.5,0
24.366806,-75.063934,37050,465.4,157.5,64
24.32753,-75.046234,37050,465.4,157.5,64
24.28775,-75.028229,37050,464.1,157.6,0
24.248978,-75.010732,37050,463.2,157.5,0
24.210663,-74.99354,37050,461.9,157.6,-128
24.171225,-74.975782,37000,460.9,157.6,-64
24.133006,-74.958577,37000,459.1,157.5,0
24.095159,-74.941475,37000,457.8,157.5,-64
24.056122,-74.92396,36975,456.5,157.6,-64
24.017395,-74.906565,36950,456.5,157.6,0
23.978485,-74.889069,36950,456.5,157.6,0
23.939256,-74.871463,36950,456.5,157.6,0
23.900803,-74.854177,36975,456.5,157.6,192
23.862076,-74.836833,37000,456.5,157.6,-64
23.824597,-74.820056,37000,456.5,157.6,0
23.785538,-74.802551,36975,456.5,157.6,0
23.747543,-74.785512,37000,456.5,157.6,0
23.708729,-74.76813,37000,456.5,157.6,0
23.669765,-74.750717,37000,456.5,157.6,0
23.631406,-74.733564,37000,456.5,157.6,0
23.592682,-74.716339,37000,457.4,157.6,0
23.553635,-74.698893,37000,458.7,157.6,0
23.514679,-74.681513,37000,459.6,157.6,0
23.477234,-74.664834,37000,459.6,157.6,0
23.438004,-74.647405,37000,459.6,157.6,64
23.399414,-74.630227,37025,459.2,157.7,64
23.360751,-74.613037,37050,458.7,157.6,0
23.3216,-74.595591,37050,458.3,157.7,-64
23.282497,-74.578196,37025,458.3,157.7,-64
23.244278,-74.561263,37025,458.3,157.7,-64
23.205505,-74.544084,37000,453.9,157.7,0
23.167,-74.526978,37000,447.5,157.7,0
23.129608,-74.510376,37000,442.2,157.7,0
23.092098,-74.493866,37000,442.7,157.8,0
23.054169,-74.477067,37000,444.0,157.8,0
23.016451,-74.460347,37000,446.2,157.8,0
22.978317,-74.443559,37000,448.1,157.8,64
22.940735,-74.42698,37025,449.4,157.8,64
22.902832,-74.410201,37050,451.6,157.8,64
22.864597,-74.393311,37050,453.9,157.7,0
22.825726,-74.376221,37050,455.7,157.8,0
22.786743,-74.359014,37050,454.8,157.8,-192
22.748217,-74.34199,37000,447.2,157.8,0
22.710509,-74.325358,37000,441.8,157.8,64
22.672577,-74.308727,37000,443.6,157.9,-64
22.634308,-74.291898,37000,447.2,157.8,64
22.595991,-74.275055,37000,451.2,157.9,0
22.557495,-74.25819,37000,451.2,157.9,0
22.519133,-74.241333,37000,449.0,157.9,64
22.481007,-74.224599,37000,448.5,157.7,0
22.442505,-74.207703,36975,446.8,157.9,0
22.404614,-74.191081,36975,445.9,157.9,0
22.367699,-74.175008,36975,445.5,158.0,-64
22.329346,-74.158214,36950,444.9,157.8,0
22.291855,-74.141835,36950,445.3,157.7,0
22.254809,-74.125621,36950,445.9,157.9,0
22.216736,-74.109025,36950,446.8,157.9,64
22.178375,-74.092296,37000,446.8,157.9,64
22.140105,-74.075572,37000,446.8,157.9,0
22.102118,-74.059041,37025,445.9,157.9,64
22.064178,-74.042511,37025,445.9,157.9,-64
22.026936,-74.026235,37000,447.7,158.0,-64
21.988724,-74.009649,36975,448.1,157.8,-64
21.950958,-73.99322,36975,449.0,157.9,0
21.912883,-73.976695,36975,452.2,157.9,-64
21.874338,-73.959961,36950,454.4,157.9,0
21.835876,-73.943232,36975,456.6,157.9,0
21.797666,-73.926646,37000,457.6,157.9,128
21.758469,-73.909607,37025,459.8,157.9,0
21.719086,-73.892568,37025,460.3,158.1,64
21.679504,-73.875466,37050,461.6,158.0,0
21.639816,-73.858287,37050,462.0,157.9,0
21.600611,-73.841298,37050,462.6,158.0,0
21.561228,-73.82431,37050,462.9,157.9,-64
21.522589,-73.807576,37025,463.9,158.0,0
21.483032,-73.790472,37025,463.9,158.0,0
21.443893,-73.773643,37025,464.8,158.0,0
21.404672,-73.756714,37025,464.8,158.0,0
21.365103,-73.739624,37025,464.8,158.0,0
21.324928,-73.722331,37000,464.8,158.0,0
21.285828,-73.705478,37000,464.8,158.0,0
21.245929,-73.688354,37000,464.8,158.0,0
21.206546,-73.671417,37000,464.8,158.0,0
21.167404,-73.654591,36975,465.7,158.1,0
21.127304,-73.637362,36975,465.7,158.1,-64
21.087652,-73.620351,36975,467.6,158.1,0
21.047803,-73.603261,36975,468.0,158.0,64
21.007535,-73.585976,37000,467.0,158.0,0
20.972214,-73.570731,37000,457.2,158.0,0
20.933331,-73.554116,37000,451.1,158.3,0
20.895493,-73.538017,37000,449.2,158.2,0
20.857407,-73.521734,37000,450.1,158.2,0
20.818634,-73.505205,37000,455.5,158.2,0
20.779449,-73.488481,37000,459.0,158.1,0
20.740952,-73.47205,37000,462.6,158.0,0
20.702059,-73.455439,37000,465.7,158.1,0
20.662257,-73.43841,37000,468.5,158.2,0
20.622528,-73.421533,37000,469.8,158.1,64
20.582382,-73.404416,37025,471.1,158.1,64
20.542106,-73.387224,37050,471.7,158.2,0
20.50177,-73.370034,37050,472.0,158.1,64
20.462176,-73.353216,37050,473.0,158.1,-128
20.421489,-73.335938,37000,475.2,158.1,-64
20.381561,-73.318928,37000,474.3,158.1,0
20.34128,-73.30178,37000,473.0,158.1,0
20.301105,-73.284651,37000,470.7,158.2,0
20.261396,-73.267822,37000,470.7,158.2,0
20.221344,-73.250852,37000,470.7,158.2,0
20.18938,-73.23761,37000,469.3,159.3,-64
20.169967,-73.230369,36975,467.1,161.1,-64
20.151123,-73.224122,36975,465.3,163.0,-64
20.130386,-73.217991,36975,462.8,165.0,-64
20.109543,-73.212641,36950,460.9,167.0,0
20.088687,-73.208047,36950,458.7,168.8,0
20.051788,-73.20112,36950,458.0,169.9,0
20.011085,-73.193465,36950,458.0,169.9,0
19.970538,-73.185824,36975,457.1,169.9,64
19.928408,-73.177884,37000,457.1,169.9,0
19.886744,-73.170144,36975,455.9,170.0,0
19.845545,-73.162503,37000,454.9,170.0,64
19.805417,-73.155063,37025,454.7,170.1,0
19.763535,-73.147316,37000,455.9,170.0,0
19.723206,-73.139812,37025,454.9,170.0,64
19.682612,-73.132241,37025,454.9,170.0,0
19.640715,-73.124501,37025,453.9,170.0,0
19.599976,-73.116907,37025,453.9,170.0,0
19.559714,-73.109369,37025,452.9,170.0,-64
19.518082,-73.101605,37000,452.0,169.9,0
19.476883,-73.093905,37000,450.8,170.0,0
19.436966,-73.086499,37000,449.8,170.0,0
19.397507,-73.079142,37000,449.8,170.0,-64
19.356354,-73.071589,36975,449.8,170.0,-64
19.315613,-73.063987,36975,450.8,170.0,0
19.274826,-73.056434,36950,451.8,170.1,0
19.233307,-73.048684,36975,452.9,170.0,64
19.193207,-73.041278,37000,452.8,170.1,64
19.152801,-73.033863,37000,452.8,170.1,64
19.111954,-73.026368,37025,452.6,170.2,0
19.071396,-73.018962,37025,452.8,170.1,0
19.031158,-73.011556,37025,453.8,170.1,-64
18.990051,-73.004003,37000,454.9,170.0,0
18.949787,-72.99651,37000,455.9,170.0,0
18.908432,-72.988946,36975,455.9,170.0,0
18.86792,-72.981442,37000,457.9,170.1,0
18.827087,-72.973938,36975,458.9,170.1,0
18.787133,-72.966647,37000,459.7,170.2,0
18.745702,-72.959106,37000,460.8,170.1,64
18.703758,-72.951416,37000,462.0,170.0,64
18.662659,-72.943873,37025,461.8,170.1,64
18.62178,-72.936435,37025,462.8,170.2,0
18.581791,-72.929144,37025,462.8,170.2,64
18.539941,-72.921553,37025,462.8,170.2,0
18.499466,-72.9142,37025,461.8,170.1,0
18.457443,-72.9065,37025,463.0,170.1,-64
18.416484,-72.899031,37000,462.8,170.2,0
18.374587,-72.891391,37000,463.0,170.1,0
18.332977,-72.883742,37025,463.9,170.1,0
18.291687,-72.876238,37025,462.8,170.2,64
18.250122,-72.868685,37025,461.8,170.1,64
18.208722,-72.861128,37025,460.8,170.1,0
18.167816,-72.853667,37025,459.8,170.1,-64
18.126663,-72.846198,37000,458.7,170.2,-64
18.085498,-72.838669,37000,457.9,170.1,-64
18.050118,-72.832244,36975,457.7,170.2,-64
18.018631,-72.82649,36975,457.9,170.1,-64
12.176529,-73.424185,37025,454.3,184.3,0
12.136139,-73.427266,37025,453.3,184.3,0
12.094391,-73.430392,37000,453.2,184.2,-64
12.052421,-73.433533,37000,452.3,184.3,0
12.023209,-73.435695,37000,452.2,184.2,-64
11.99842,-73.43758,37000,452.2,184.2,0
11.881439,-73.446397,36975,452.3,184.3,0
11.844705,-73.449145,36975,452.2,184.2,0
11.66627,-73.46254,37000,453.2,184.2,0
11.483963,-73.476184,37000,454.3,184.3,64
11.443704,-73.479165,37025,454.3,184.3,0
11.402573,-73.482245,37000,454.2,184.2,0
11.360962,-73.485418,37025,454.4,184.4,0
11.332863,-73.487549,37025,454.3,184.3,0
11.292847,-73.49058,37025,454.2,184.2,0
11.252235,-73.493572,37025,453.2,184.2,0
11.211036,-73.496656,37000,454.2,184.2,-64
11.171631,-73.499577,37000,455.2,184.2,-64
11.138228,-73.502053,36975,455.3,184.3,0
11.09824,-73.505088,37000,454.3,184.3,64
11.056915,-73.508196,37025,454.3,184.3,64
11.01817,-73.51116,37025,453.2,184.2,0
10.991495,-73.513135,37025,453.2,184.2,0
10.859344,-73.522923,37000,451.2,184.2,-64
10.816831,-73.526097,36975,451.3,184.3,0
10.775819,-73.529181,36975,452.2,184.2,-64
10.734329,-73.532252,36950,452.3,184.3,0
10.69277,-73.535445,36950,452.3,184.3,0
10.651199,-73.53855,36975,453.2,184.2,64
10.609406,-73.541675,36975,454.3,184.3,0
10.568475,-73.544697,36975,454.2,184.2,0
10.52623,-73.547879,37000,455.2,184.2,0
10.484619,-73.550957,37000,457.3,184.3,0
10.442598,-73.554082,37000,458.2,184.1,0
10.402176,-73.557098,37025,458.3,184.2,64
10.36034,-73.560239,37050,458.3,184.2,64
10.319092,-73.563289,37050,458.2,184.1,0
10.277012,-73.566395,37050,458.2,184.1,0
10.236558,-73.569331,37050,457.2,184.1,-64
10.19458,-73.572414,37050,456.3,184.3,0
10.153509,-73.575534,37025,456.3,184.3,0
10.112045,-73.578605,37025,455.2,184.2,0
10.070646,-73.581643,37000,455.2,184.2,-64
10.029214,-73.584674,37000,454.3,184.3,0
9.9879,-73.587776,37000,454.3,184.3,0
9.94606,-73.590848,37000,454.2,184.2,0
9.905685,-73.593874,37000,454.2,184.2,-64
9.863617,-73.596993,36975,454.2,184.2,0
9.822103,-73.600064,36975,454.2,184.2,0
9.781036,-73.603091,37000,453.2,184.2,64
9.739655,-73.606117,37000,454.2,184.2,0
9.699624,-73.609109,37000,454.2,184.2,0
9.657867,-73.612187,36975,453.2,184.2,0
9.615738,-73.615288,36975,454.3,184.3,-64
9.574265,-73.618407,36975,454.3,184.3,0
9.53185,-73.621516,36950,455.2,184.2,0
9.490651,-73.624499,36975,456.2,184.1,64
9.450058,-73.627482,36975,457.2,184.1,0
9.40741,-73.63065,37000,457.3,184.3,64
9.366171,-73.633639,37000,458.2,184.1,0
9.324553,-73.636764,37025,459.3,184.2,64
9.282761,-73.639821,37025,459.3,184.2,0
9.241287,-73.642894,37025,459.3,184.2,0
9.199281,-73.645951,37025,459.3,184.2,0
9.157337,-73.649029,37025,460.3,184.2,0
9.115356,-73.652111,37025,459.3,184.2,0
9.073837,-73.655183,37025,460.3,184.2,0
9.031906,-73.658302,37000,460.3,184.4,-64
8.989929,-73.661421,37000,460.2,184.1,0
8.948271,-73.664419,37000,460.2,184.1,64
8.90521,-73.667592,37000,460.2,184.1,0
8.86322,-73.67067,37025,460.3,184.2,0
8.820858,-73.673748,37025,460.3,184.2,-64
8.7791,-73.676826,37000,460.3,184.2,0
8.737289,-73.679949,37000,459.3,184.2,0
8.695911,-73.68303,37000,459.3,184.2,0
8.653702,-73.686141,37025,459.3,184.2,0
8.610907,-73.689281,37025,458.2,184.1,0
8.568917,-73.692311,37000,457.2,184.1,0
8.527725,-73.695358,37000,458.2,184.1,-64
8.484741,-73.698477,36975,457.3,184.3,0
8.444204,-73.701498,36975,457.3,184.3,0
8.401749,-73.704668,36975,457.3,184.3,0
8.360223,-73.707749,37000,456.3,184.3,0
8.318559,-73.710827,37000,456.2,184.1,0
8.277466,-73.713839,37000,456.2,184.1,0
8.235091,-73.716983,37000,456.3,184.3,0
8.193473,-73.720014,37000,456.2,184.1,0
8.152461,-73.723092,37000,456.3,184.3,0
8.110474,-73.726176,37000,457.2,184.1,0
8.068817,-73.729248,37000,457.2,184.1,0
8.027002,-73.732326,36975,457.2,184.1,0
7.985664,-73.735309,36975,458.2,184.1,0
7.942886,-73.738419,37000,459.2,184.1,0
7.900892,-73.741513,36975,460.2,184.1,0
7.858109,-73.74461,37000,461.3,184.2,0
7.816167,-73.747716,37000,461.3,184.2,0
7.773991,-73.750795,37000,462.3,184.2,0
7.731396,-73.75392,37025,463.2,184.2,0
7.689359,-73.756998,37025,463.2,184.2,64
7.64709,-73.760123,37025,463.2,184.2,0
7.605472,-73.763201,37050,463.2,184.2,0
7.563994,-73.766232,37025,460.3,184.2,-256
7.530441,-73.768724,37000,451.2,184.2,0
7.490627,-73.771631,37000,445.2,184.2,0
7.449243,-73.774709,37000,445.2,184.2,0
7.408813,-73.777662,37000,447.1,184.1,0
7.36745,-73.780628,37000,448.1,184.1,0
7.326717,-73.783611,37000,446.2,184.2,0
7.287643,-73.786461,37000,444.2,184.3,0
7.247406,-73.78944,37000,443.2,184.3,-64
7.207809,-73.792326,36950,443.2,184.1,-64
7.16667,-73.795355,37000,448.1,184.1,64
7.124541,-73.798386,37000,451.2,184.2,0
7.085815,-73.801264,37000,451.2,184.2,64
7.046379,-73.804306,37000,451.8,185.1,0
7.028038,-73.806389,37000,451.5,187.1,0
7.008865,-73.809318,37000,451.5,188.9,64
6.986343,-73.813414,37000,452.7,190.6,0
6.945099,-73.821142,37000,454.6,190.5,0
6.903717,-73.828777,37000,455.6,190.5,0
6.863755,-73.836317,37000,454.8,190.6,64
6.822922,-73.843906,37000,455.8,190.6,0
6.782289,-73.851518,37000,454.6,190.5,0
6.742393,-73.858953,37000,454.8,190.6,0
6.702621,-73.866344,37000,454.6,190.5,0
6.662384,-73.873886,37000,454.6,190.5,0
6.622614,-73.881305,37000,454.8,190.6,-64
6.581928,-73.888929,36975,455.8,190.6,0
6.540665,-73.896743,36975,455.0,190.8,0
6.503082,-73.903726,37000,454.6,190.5,0
6.462289,-73.911327,37000,454.8,190.6,0
6.422905,-73.918715,37000,454.8,190.6,64
6.385483,-73.925745,37000,454.6,190.5,0
6.348049,-73.932685,37000,454.6,190.5,0
6.307159,-73.940316,37000,453.8,190.7,0
6.265838,-73.948028,37000,453.7,190.5,0
6.224716,-73.955678,37000,453.7,190.5,64
6.209882,-73.958446,36975,453.7,190.5,-192
6.205553,-73.959251,36950,453.7,190.5,-896
6.203568,-73.959589,36925,453.7,190.5,-1408
6.199129,-73.960434,36875,454.6,190.5,-1856
6.191299,-73.961916,36725,454.8,190.6,-2432
6.176422,-73.964709,36375,459.1,190.8,-3392
6.172315,-73.965501,36250,461.1,190.8,-3840
6.166946,-73.966525,36100,463.1,190.7,-4224
6.156208,-73.96858,35725,467.0,190.6,-4672
6.146164,-73.970435,35375,472.1,190.6,-4352
6.136563,-73.972226,35050,474.1,190.6,-4224
6.129999,-73.973457,34875,475.0,190.6,-3968
6.121399,-73.975044,34625,477.2,190.6,-3520
6.114962,-73.976251,34450,478.2,190.6,-3328
6.099693,-73.979092,34075,479.2,190.6,-3072
6.082143,-73.982312,33700,479.0,190.5,-2688
6.064133,-73.985611,33325,477.8,190.4,-2624
6.043551,-73.989416,32925,476.0,190.5,-2240
6.019111,-73.993962,32525,472.1,190.6,-1920
6.000677,-73.997419,32225,469.0,190.6,-1920
5.968597,-74.003487,31725,469.0,190.6,-1920
5.949004,-74.007268,31425,459.1,190.8,-2112
5.938157,-74.009305,31250,456.0,190.7,-2048
5.92067,-74.012612,30950,456.0,190.7,-2048
5.898056,-74.016941,30575,449.9,190.8,-2112
5.882492,-74.019874,30300,447.9,190.8,-2112
6.97673,-72.021293,37000,455.4,53.5,0
7.001312,-71.988148,37000,456.4,53.1,0
7.011931,-71.974514,37000,457.3,51.9,0
7.022415,-71.961846,37000,457.3,50.3,0
7.032274,-71.950552,37000,457.8,48.7,0
7.05098,-71.93019,37000,456.4,47.2,0
7.079199,-71.899646,37000,455.7,47.3,0
7.10713,-71.869244,37000,456.5,47.4,-64
7.134829,-71.839126,37000,456.5,47.4,0
7.163132,-71.808393,37000,456.4,47.2,0
7.190785,-71.778464,37000,457.2,47.3,0
7.21962,-71.747147,37000,457.2,47.3,0
7.247858,-71.716382,37000,457.9,47.4,64
7.276208,-71.685554,37025,457.2,47.3,64
7.304139,-71.655152,37050,455.1,47.4,64
7.332504,-71.624296,37050,454.3,47.3,0
7.359604,-71.594828,37050,452.2,47.4,0
7.386703,-71.565267,37050,451.5,47.3,-64
7.413666,-71.535986,37025,450.1,47.3,-64
7.441887,-71.505369,37000,448.7,47.3,-64
7.469632,-71.475157,37000,448.0,47.4,-64
7.497098,-71.445323,36975,447.3,47.4,0
7.524673,-71.415276,36975,446.5,47.3,-64
7.552821,-71.384661,36950,445.9,47.4,0
7.580147,-71.354923,36950,445.9,47.4,0
7.607391,-71.325244,36975,445.9,47.4,64
7.634474,-71.295729,36975,445.2,47.5,0
7.662277,-71.265424,36975,445.9,47.4,0
7.690247,-71.234933,36975,445.2,47.5,0
7.717667,-71.205,36975,445.9,47.4,0
7.744477,-71.175732,36975,446.6,47.5,0
7.772362,-71.14533,37000,445.9,47.4,0
7.800293,-71.114874,37000,445.9,47.4,0
7.827164,-71.0855,37025,445.9,47.4,0
7.855225,-71.054915,37025,445.9,47.4,0
7.882365,-71.025333,37025,446.6,47.5,-64
7.909332,-70.995887,37025,446.6,47.5,0
7.936877,-70.96576,37000,446.6,47.5,0
7.964127,-70.936021,37025,446.6,47.5,0
7.991318,-70.906274,37000,446.6,47.5,0
8.018326,-70.876713,37000,446.6,47.5,0
8.046249,-70.846221,37000,446.6,47.5,0
8.074486,-70.815314,37000,446.6,47.5,0
8.101532,-70.785764,37000,446.6,47.5,64
8.129417,-70.755268,37000,446.6,47.5,0
8.15712,-70.724999,37000,446.6,47.5,0
8.184349,-70.695127,37000,446.6,47.5,0
8.211594,-70.665319,37000,446.6,47.5,-64
8.239746,-70.63456,37000,446.6,47.5,0
8.267398,-70.604348,37000,446.6,47.5,0
8.295283,-70.573709,36975,447.3,47.5,0
8.323214,-70.543071,37000,448.0,47.4,0
8.350494,-70.51319,37000,448.7,47.5,0
8.378403,-70.482602,37000,448.0,47.4,64
8.406372,-70.451971,37025,447.3,47.5,0
8.432565,-70.423263,37025,447.3,47.5,-64
8.461009,-70.392009,37000,447.3,47.5,0
8.488102,-70.362317,37025,447.3,47.5,0
8.515915,-70.331726,37000,447.3,47.5,0
8.543976,-70.301002,37000,447.3,47.5,0
8.571808,-70.270417,37000,447.3,47.5,0
8.599176,-70.240379,37000,446.6,47.5,0
8.626053,-70.21083,37000,445.9,47.5,-64
8.646473,-70.18772,36975,446.5,48.8,-64
8.673065,-70.157062,36975,445.7,48.7,0
8.69957,-70.12671,36975,445.7,48.7,0
8.726532,-70.095939,36975,446.4,48.6,64
8.753952,-70.064702,36975,446.4,48.6,0
8.780823,-70.034025,37000,447.1,48.7,0
8.808289,-70.002657,37025,446.4,48.6,64
8.835068,-69.972063,37025,446.4,48.6,0
8.861824,-69.941475,37025,446.4,48.6,0
8.888306,-69.911266,37025,446.4,48.6,0
8.915219,-69.880529,37025,446.4,48.6,-64
8.942734,-69.849072,37000,445.0,48.6,0
8.968754,-69.819346,37000,445.0,48.6,-64
8.99556,-69.788694,37000,445.1,48.8,-64
9.022797,-69.757504,36975,445.0,48.6,0
9.049196,-69.727336,36975,445.0,48.6,0
9.076104,-69.69665,36975,445.0,48.6,64
9.10343,-69.665443,37000,445.7,48.7,0
9.13043,-69.634473,37000,445.7,48.7,0
9.156825,-69.604213,37000,447.1,48.7,0
9.183686,-69.57348,37000,447.1,48.7,64
9.210453,-69.542889,37000,447.8,48.6,0
9.237267,-69.51225,37000,447.8,48.6,0
9.263802,-69.481896,37025,448.5,48.7,0
9.291229,-69.450446,37025,448.5,48.7,0
9.317276,-69.420466,37000,449.3,48.8,-64
9.344376,-69.389369,37000,449.9,48.7,0
9.371897,-69.357873,37000,449.9,48.7,0
9.399176,-69.326619,37000,450.7,48.8,0
9.425897,-69.295886,37000,449.9,48.7,0
9.453456,-69.2643,37000,449.9,48.7,0
9.48056,-69.233186,37025,450.7,48.8,64
9.507503,-69.202218,37025,450.7,48.8,0
9.535034,-69.170574,37000,450.7,48.8,0
9.562637,-69.138872,37000,451.4,48.7,0
9.589462,-69.108101,37000,450.7,48.8,64
9.616854,-69.076585,37000,451.4,48.7,0
9.644367,-69.044952,37000,452.1,48.8,0
9.671553,-69.013793,37000,452.8,48.7,64
9.698833,-68.982444,37025,452.1,48.8,0
9.725787,-68.951379,37025,452.1,48.8,0
9.753159,-68.919936,37000,452.1,48.8,0
9.774078,-68.895915,37000,453.5,48.8,-448
9.784058,-68.884417,36900,453.5,48.8,-896
9.798477,-68.867891,36725,452.1,48.8,-1280
9.805577,-68.859653,36600,452.1,48.8,-1728
9.815679,-68.848051,36375,452.9,48.8,-2176
9.824431,-68.837964,36125,454.3,48.8,-2624
9.836472,-68.824039,35725,456.4,48.9,-3072
9.84659,-68.812345,35350,458.5,48.8,-3136
9.856659,-68.800763,34950,459.9,48.8,-3200
9.867352,-68.788526,34550,462.0,48.7,-3200
9.87822,-68.775997,34150,464.2,48.8,-3072
9.89003,-68.762404,33750,465.6,48.7,-2752
9.902406,-68.748179,33350,467.0,48.7,-2688
9.915813,-68.732742,32950,467.0,48.7,-2240
9.931137,-68.71506,32550,464.9,48.8,-1984
9.947525,-68.696113,32175,461.3,48.8,-1920
9.964041,-68.677147,31800,458.5,48.8,-1920
9.979962,-68.658821,31425,454.9,48.7,-1984
9.995883,-68.640495,31050,451.4,48.7,-1984
10.012036,-68.621979,30675,448.5,48.7,-1920
10.028423,-68.603132,30300,445.1,48.8,-1920
10.043459,-68.5858,29925,442.9,48.8,-2112
10.058449,-68.568562,29525,440.7,48.7,-2112
10.073181,-68.551708,29150,437.9,48.7,-1984
10.088056,-68.534562,28775,435.1,48.7,-2048
10.102707,-68.517725,28400,432.3,48.8,-2048
10.117905,-68.500314,28025,429.3,48.6,-1984
10.132416,-68.483649,27650,425.9,48.7,-1920
10.147177,-68.466655,27300,423.8,48.8,-1984
10.161469,-68.450128,26925,421.0,48.8,-1984
10.176133,-68.433222,26550,419.5,48.7,-1984
10.190277,-68.416986,26175,416.6,48.7,-2048
10.205017,-68.400041,25800,413.8,48.7,-1984
10.219147,-68.383831,25425,411.7,48.6,-1984
10.233536,-68.367315,25050,408.8,48.7,-1984
10.24791,-68.350789,24675,406.8,48.8,-1984
10.26151,-68.33515,24300,405.3,48.6,-2176
10.275056,-68.319665,23925,403.1,48.5,-1984
10.289208,-68.303375,23550,401.1,48.8,-1920
10.302795,-68.287664,23175,399.1,49.0,-2048
10.317233,-68.270842,22800,395.6,49.1,-1856
10.331131,-68.254751,22450,394.1,48.9,-1856
10.344681,-68.23911,22075,391.9,48.8,-1984
10.358245,-68.223488,21725,389.7,48.7,-1920
10.371559,-68.208145,21350,387.7,48.9,-1920
10.385193,-68.192371,20975,384.8,48.9,-1984
10.39151,-68.185063,20825,382.7,48.8,-1536
10.400887,-68.174286,20650,379.1,48.7,-1088
10.415179,-68.157854,20450,369.9,48.7,-832
10.429688,-68.141164,20275,360.0,48.8,-768
10.444061,-68.124545,20100,350.1,48.9,-704
10.455493,-68.111351,19950,342.3,48.9,-1152
10.469366,-68.095298,19650,337.3,48.8,-1472
10.475784,-68.087484,19475,334.1,50.8,-1856
10.479446,-68.082228,19350,332.6,55.2,-1856
10.48226,-68.077409,19250,331.1,60.1,-1856
10.484665,-68.072284,19125,331.4,64.1,-1792
10.486496,-68.067453,19025,331.0,69.5,-1728
10.488785,-68.060019,18900,330.9,73.3,-1600
10.493362,-68.043302,18575,329.4,74.9,-1664
10.498306,-68.02455,18250,326.7,75.3,-1600
10.503069,-68.006142,17925,325.5,75.4,-1600
10.507771,-67.98788,17575,323.6,75.3,-1536
10.512909,-67.968292,17225,320.7,75.2,-1536
10.51764,-67.950295,16900,317.8,75.1,-1536
10.522482,-67.931792,16575,315.3,75.3,-1536
10.5271,-67.914071,16250,312.4,75.2,-1600
10.531885,-67.895797,15925,310.5,75.1,-1600
10.536494,-67.878306,15600,308.0,75.3,-1600
10.54097,-67.860986,15275,305.1,75.2,-1472
10.545776,-67.842612,14950,304.2,75.1,-1536
10.550273,-67.825446,14625,303.2,75.1,-1600
10.554929,-67.807617,14300,302.0,75.2,-1536
10.559444,-67.790126,13975,299.8,75.3,-1536
10.56382,-67.773116,13650,298.8,75.3,-1536
10.568568,-67.754998,13325,297.9,75.2,-1408
10.57327,-67.736832,13000,295.7,75.3,-1472
10.577774,-67.719632,12675,293.7,75.2,-1536
10.582443,-67.701637,12350,293.7,75.2,-1536
10.58677,-67.685226,12025,292.8,75.2,-1408
10.589144,-67.675926,11850,292.0,75.7,-1664
10.590494,-67.669228,11700,291.4,78.9,-2048
10.591278,-67.663327,11550,292.0,83.3,-1920
10.59169,-67.65646,11400,292.4,87.1,-1472
10.591919,-67.645379,11200,291.0,89.0,-1536
10.592056,-67.635814,11025,290.0,89.0,-1472
10.592217,-67.626246,10850,289.0,89.0,-1536
10.592377,-67.616398,10650,289.0,89.0,-1728
10.592543,-67.606972,10450,289.0,89.0,-1728
10.592697,-67.597267,10250,289.0,89.0,-1664
10.592834,-67.587512,10050,289.0,89.2,-1664
10.592962,-67.577964,9850,288.0,89.2,-1728
10.593101,-67.568761,9650,288.0,89.2,-1792
10.593246,-67.559762,9450,288.0,89.0,-1728
10.593384,-67.549533,9250,287.0,89.2,-1536
10.593521,-67.539257,9075,286.0,89.2,-1280
10.593613,-67.528237,8900,284.0,89.4,-1152
10.59375,-67.517332,8725,281.0,89.4,-1280
10.593846,-67.507421,8550,279.0,89.4,-1728
10.593933,-67.499337,8350,279.0,89.2,-1984
10.59407,-67.49105,8150,280.0,89.2,-2048
10.594208,-67.483142,7950,282.0,89.0,-1856
10.594358,-67.473883,7775,282.0,89.0,-1408
10.594498,-67.463379,7600,280.0,89.2,-1472
10.59462,-67.455297,7400,279.0,89.2,-1856
10.594711,-67.44701,7200,280.0,89.4,-2048
10.594803,-67.440001,7025,281.0,89.4,-1856
10.59487,-67.435287,6925,282.0,89.4,-1728
10.594917,-67.430516,6825,282.0,89.4,-1600
10.59494,-67.425037,6725,282.0,89.4,-1216
10.595032,-67.420112,6650,281.0,89.4,-1472
10.595078,-67.415661,6550,281.0,89.4,-1344
10.595103,-67.409556,6450,280.0,89.4,-1344
10.595196,-67.404448,6350,279.0,89.4,-1600
10.595243,-67.39934,6250,278.0,89.4,-1600
10.595289,-67.394522,6150,278.0,89.4,-1600
10.595336,-67.389269,6050,278.0,89.4,-1600
10.595382,-67.384306,5950,278.0,89.4,-1536
10.595429,-67.379488,5850,278.0,89.4,-1536
10.59549,-67.374225,5750,277.0,89.4,-1472
10.595535,-67.369016,5650,277.0,89.4,-1472
10.595615,-67.363876,5550,276.0,89.4,-1472
10.595673,-67.358125,5450,275.0,89.4,-1472
10.595764,-67.352821,5350,275.0,89.2,-1408
10.59581,-67.347565,5250,274.0,89.2,-1408
10.595895,-67.341999,5150,273.0,89.4,-1408
10.595947,-67.336673,5050,273.0,89.4,-1472
10.595988,-67.33135,4950,272.0,89.4,-1472
10.596034,-67.326387,4875,272.0,89.4,-1472
10.59613,-67.32133,4775,271.0,89.2,-1472
10.596176,-67.316405,4675,271.0,89.2,-1472
10.596222,-67.312427,4600,270.0,89.4,-1472
10.596313,-67.30736,4500,270.0,89.4,-1408
10.596359,-67.302293,4400,269.0,89.4,-1408
10.596405,-67.298505,4325,269.0,89.2,-1408
10.5965,-67.292272,4225,269.0,89.2,-1216
10.596588,-67.284251,4125,268.0,89.4,-768
10.596732,-67.273672,4050,269.0,89.4,-384
10.596771,-67.269855,4050,268.0,89.4,-192
10.596909,-67.252902,4025,254.0,89.3,0
10.597,-67.243479,4025,246.0,89.3,128
10.597012,-67.2424,4025,245.0,89.3,64
10.678207,-67.07499,5000,294.1,309.5,3008
10.679968,-67.077171,5100,294.1,309.5,3008
10.681641,-67.079252,5200,294.1,309.5,3008
10.683289,-67.081288,5300,294.2,309.2,3008
10.685089,-67.083483,5375,294.2,309.2,2944
10.686811,-67.085652,5475,295.0,309.1,2880
10.688232,-67.087397,5575,295.0,309.1,2752
10.690567,-67.090333,5675,295.8,309.0,2560
10.692258,-67.092446,5775,297.2,309.0,2432
10.694539,-67.095289,5875,298.6,309.0,2368
10.696913,-67.098228,5975,300.0,309.0,2496
10.698775,-67.100541,6075,300.6,309.2,2624
10.700592,-67.102787,6175,301.4,309.1,2752
10.702499,-67.105167,6275,301.4,309.1,2944
10.704268,-67.107383,6375,301.4,309.1,3136
10.706039,-67.109654,6475,301.4,309.1,3200
10.707434,-67.111335,6575,301.4,309.1,3456
10.709016,-67.11331,6675,301.4,309.1,3584
10.71032,-67.114948,6775,300.0,309.0,3776
10.711945,-67.116947,6875,298.6,309.0,3904
10.712787,-67.117984,6950,297.8,309.1,3904
10.714874,-67.12064,7100,297.2,309.0,3904
10.717667,-67.124097,7300,295.0,309.1,3776
10.720655,-67.127766,7500,294.2,309.2,3328
10.722191,-67.129693,7600,294.2,309.2,2944
10.724396,-67.132479,7725,295.0,309.1,2496
10.727172,-67.135861,7850,296.4,309.1,2048
10.731903,-67.141713,8025,300.6,309.2,1664
10.734993,-67.145546,8125,304.2,309.1,1728
10.739601,-67.15128,8275,308.5,309.2,1920
10.7444,-67.157246,8450,312.0,309.1,2240
10.748493,-67.162315,8650,313.5,309.2,2496
10.752502,-67.167332,8825,314.2,309.1,2944
10.755755,-67.171374,9000,314.2,309.1,3136
10.759003,-67.175477,9200,314.2,309.1,3200
10.763351,-67.180828,9450,314.2,309.1,3200
10.766922,-67.18528,9650,312.8,309.0,3200
10.770233,-67.189443,9850,312.0,309.1,3008
10.774292,-67.194514,10050,312.8,309.0,2624
10.778824,-67.200149,10250,314.2,309.1,2432
10.782944,-67.205311,10450,315.6,309.1,2368
10.787659,-67.21123,10650,317.2,308.9,2368
10.792603,-67.217576,10850,319.2,307.9,2368
10.797089,-67.22359,11050,321.2,307.2,2368
10.801529,-67.229509,11250,322.0,307.0,2368
10.806061,-67.23557,11450,323.4,307.1,2624
10.809616,-67.240376,11650,323.4,307.1,3072
10.81311,-67.245041,11850,323.4,307.1,3264
10.819531,-67.253675,12225,321.4,306.9,2816
10.821859,-67.256807,12325,321.4,306.9,2496
10.825816,-67.262156,12500,322.8,306.9,2048
10.836319,-67.276201,12875,328.4,307.1,2048
10.845042,-67.287935,13250,330.6,307.0,2496
10.853668,-67.299547,13650,331.4,306.9,2624
10.862183,-67.311007,14025,331.4,306.9,2496
10.868729,-67.320336,14325,333.2,305.0,2240
10.87153,-67.325279,14450,334.4,300.5,1984
10.874184,-67.331013,14600,335.9,296.0,1856
10.87587,-67.335537,14700,338.0,290.8,1920
10.877629,-67.341421,14825,339.2,286.6,2048
10.878479,-67.346523,14925,339.5,282.1,2176
10.878983,-67.351637,15050,339.9,277.4,2240
10.879025,-67.357804,15200,339.4,272.9,2240
10.878754,-67.360919,15275,340.2,268.1,2176
10.877975,-67.366459,15400,340.2,263.4,2112
10.877023,-67.370284,15475,339.7,258.6,2048
10.87532,-67.375741,15600,340.2,254.0,1984
10.873439,-67.380259,15700,340.8,247.6,1984
10.870832,-67.38527,15825,340.8,243.5,2304
10.865479,-67.394907,16100,341.7,240.4,2432
10.861149,-67.402617,16300,342.7,240.1,2048
10.852341,-67.418171,16650,346.2,240.4,1920
10.842854,-67.435238,17050,348.8,240.6,1984
10.834305,-67.450656,17425,351.0,240.7,2176
10.825607,-67.466331,17825,351.9,240.7,2112
10.816831,-67.482123,18200,352.4,240.6,2240
10.808219,-67.497591,18600,353.3,240.7,2176
10.799469,-67.513307,18975,353.8,240.5,1984
10.792298,-67.526165,19250,356.0,240.6,1536
10.781296,-67.545982,19575,361.3,240.7,1600
10.774338,-67.558483,19825,363.6,240.7,2048
10.765577,-67.574158,20200,364.0,240.6,1856
10.762272,-67.580133,20300,364.0,240.6,1408
10.759781,-67.584576,20375,366.3,240.6,960
10.749191,-67.603551,20500,375.2,240.6,640
10.738815,-67.62227,20650,385.0,240.8,640
10.725961,-67.645328,20775,394.9,240.6,640
10.715394,-67.664217,20900,404.4,240.5,576
10.701736,-67.688662,21050,413.3,240.6,640
10.689377,-67.710824,21175,422.2,240.6,768
10.682435,-67.723292,21275,425.8,240.6,1088
10.676802,-67.733411,21425,427.2,240.6,1536
10.66819,-67.748783,21650,427.2,240.6,1984
10.657623,-67.767816,22025,425.8,240.6,2048
10.651571,-67.77832,22200,424.1,239.4,1600
10.644012,-67.790143,22375,424.9,236.9,1216
10.636642,-67.800561,22500,425.8,233.9,1216
10.62876,-67.810557,22650,426.7,231.1,1216
10.615912,-67.825639,22825,429.6,229.1,960
10.595078,-67.85,23100,433.9,229.1,1280
10.57663,-67.871641,23425,435.4,229.3,1536
10.559372,-67.891909,23750,435.4,229.3,1344
10.548691,-67.904422,23900,437.4,229.2,896
10.524576,-67.932563,24150,442.4,229.2,1152
10.506188,-67.95415,24475,443.8,229.2,1408
10.485938,-67.977809,24750,445.3,229.2,1152
10.466386,-68.000683,25050,447.4,229.3,1152
10.446369,-68.024124,25325,449.5,229.1,1280
10.428406,-68.04508,25650,449.5,229.1,1664
10.418391,-68.056751,25850,448.1,229.2,1216
10.408475,-68.0684,25975,448.8,229.2,768
10.381428,-68.100033,26150,454.5,229.2,960
10.360666,-68.124279,26425,455.9,229.2,1088
10.33888,-68.149709,26700,456.5,229.1,1024
10.316721,-68.175517,26975,457.9,229.1,960
10.290931,-68.205635,27200,460.1,229.1,640
10.265808,-68.234874,27425,463.6,229.0,896
10.242842,-68.261608,27700,464.3,229.1,1088
10.217194,-68.291574,27925,466.5,229.2,960
10.194987,-68.317487,28200,466.5,229.2,960
10.169312,-68.347437,28425,469.3,229.1,512
10.140656,-68.380815,28575,472.2,229.1,640
10.115295,-68.410376,28800,473.6,229.1,832
10.091034,-68.43854,29050,474.2,229.0,1088
10.067387,-68.465992,29300,474.2,229.0,1152
10.046082,-68.490632,29600,472.1,228.9,1024
10.019857,-68.521113,29825,472.8,229.0,704
9.993988,-68.551196,30050,473.6,229.1,1088
9.972979,-68.575713,30325,472.2,229.1,960
9.95366,-68.598254,30500,472.2,229.1,512
9.926331,-68.630056,30625,475.6,229.0,832
9.902115,-68.658127,30875,474.9,228.9,1088
9.881058,-68.682566,31175,472.8,229.0,1152
9.867371,-68.698487,31325,472.8,229.0,704
9.844711,-68.724789,31525,473.6,229.1,1152
9.823288,-68.749648,31800,472.1,228.9,1024
9.801853,-68.774461,32075,470.0,229.1,704
9.77313,-68.807799,32250,472.1,228.9,832
9.744965,-68.840379,32425,473.5,228.9,448
9.721252,-68.867798,32600,474.2,229.0,896
9.699624,-68.892943,32875,471.4,229.0,1216
9.679327,-68.916526,33175,468.6,229.1,1216
9.667877,-68.929852,33300,467.8,229.0,768
9.642059,-68.959739,33550,467.1,228.9,768
9.615644,-68.990305,33775,467.1,228.9,896
9.590698,-69.019139,34025,465.7,228.9,832
9.563553,-69.050515,34225,466.4,229.0,512
9.535263,-69.083288,34425,467.1,228.9,576
9.50741,-69.115511,34600,467.8,229.0,640
9.478874,-69.148565,34800,467.8,229.0,640
9.452271,-69.179325,35025,467.8,229.0,704
9.424347,-69.211633,35225,467.8,229.0,640
9.398012,-69.242043,35450,467.1,228.9,704
9.370221,-69.27415,35625,467.8,229.0,576
9.341684,-69.307156,35825,467.1,228.9,704
9.321396,-69.330574,35975,465.7,228.9,256
9.293381,-69.362881,36000,462.1,228.9,0
9.266327,-69.394071,36000,462.1,228.9,0
9.237808,-69.42703,36000,464.2,228.9,64
9.210159,-69.459011,36000,465.7,228.9,0
9.182098,-69.491365,36000,467.1,228.9,0
9.153992,-69.523812,36000,467.7,228.8,0
9.126008,-69.555959,36000,468.4,228.7,64
9.097687,-69.58852,36025,469.1,228.8,64
9.068795,-69.621829,36025,469.9,228.9,64
9.041003,-69.653936,36050,469.9,228.9,0
9.012955,-69.686233,36050,469.9,228.9,0
8.984815,-69.71867,36050,469.2,229.0,0
8.956284,-69.751592,36025,468.5,228.9,-64
8.927881,-69.784257,36025,467.7,228.8,-64
8.899612,-69.816719,36000,467.0,228.7,0
8.871506,-69.849026,36000,467.1,228.9,-64
8.843622,-69.881145,35975,467.1,228.9,-64
8.814835,-69.914246,35975,467.7,228.8,0
8.786728,-69.946599,35975,467.7,228.8,0
8.758757,-69.978648,35975,467.7,228.8,0
8.730469,-70.011074,35975,468.4,228.7,0
8.702522,-70.04324,35975,468.5,228.9,0
8.673892,-70.076105,35975,468.4,228.7,0
8.645828,-70.108229,36000,469.1,228.8,64
8.617704,-70.140602,36000,469.1,228.8,0
8.589111,-70.173448,36000,469.1,228.8,0
8.560631,-70.206141,36000,469.1,228.8,0
8.532303,-70.238668,36000,469.1,228.8,0
8.503326,-70.271953,36000,469.1,228.8,0
8.475311,-70.304027,36000,469.1,228.8,0
8.447021,-70.336428,36000,469.1,228.8,0
8.418732,-70.368782,36000,469.8,228.7,0
8.389847,-70.40188,36000,469.1,228.8,-64
8.36162,-70.434249,36000,469.1,228.8,0
8.333316,-70.46664,35975,469.8,228.7,-64
8.30464,-70.499457,35975,470.5,228.8,-64
8.276336,-70.531848,35950,472.6,228.7,-64
8.247803,-70.564441,35950,474.0,228.7,64
8.219542,-70.596771,35975,475.4,228.7,64
8.190582,-70.629847,36000,476.2,228.8,64
8.16188,-70.662666,36025,476.2,228.8,64
8.133179,-70.695532,36050,476.2,228.8,0
8.103973,-70.728863,36050,476.2,228.8,64
8.075272,-70.761729,36050,476.2,228.8,0
8.046524,-70.794548,36025,476.2,228.8,-64
8.017227,-70.827973,36025,475.4,228.7,-64
7.988597,-70.86068,36025,474.8,228.8,0
7.960805,-70.892455,36000,475.4,228.7,-64
7.932315,-70.925035,36000,474.8,228.8,0
7.90322,-70.958184,36000,474.0,228.7,0
7.87468,-70.99072,36000,473.3,228.6,0
7.845728,-71.023723,36000,472.6,228.7,0
7.816956,-71.056544,36000,472.6,228.7,-64
7.788528,-71.089038,36000,471.2,228.7,0
7.759979,-71.121605,36000,471.2,228.7,0
7.732513,-71.152859,35975,471.2,228.7,-64
7.702698,-71.186844,35975,471.2,228.7,0
7.674911,-71.218453,35950,471.9,228.6,0
7.647308,-71.249876,35975,471.2,228.7,0
7.618786,-71.282375,35975,471.9,228.6,64
7.589859,-71.315235,35975,471.9,228.6,0
7.56134,-71.347729,35975,472.6,228.7,0
7.532943,-71.380021,35975,473.3,228.6,0
7.504669,-71.412157,36000,473.3,228.6,0
7.475638,-71.445134,36000,474.0,228.7,64
7.446487,-71.478308,36025,474.0,228.7,0
7.417168,-71.511667,36025,473.3,228.6,0
7.390121,-71.5424,36025,473.9,228.5,-64
7.361618,-71.574671,36025,473.9,228.5,0
7.333145,-71.607071,36025,474.0,228.7,0
7.305817,-71.638122,36025,473.3,228.6,0
7.275925,-71.672105,36025,473.3,228.6,0
7.258565,-71.691758,36025,473.3,228.6,0
6.998932,-71.988753,36000,466.7,232.1,0
6.983002,-72.009236,36000,466.1,232.1,0
6.954437,-72.045826,36000,465.3,232.1,0
5.842539,-73.441899,36025,452.6,233.5,64
5.833833,-73.45298,36025,452.8,231.6,0
5.826571,-73.461693,36000,453.3,230.6,-384
5.815887,-73.473723,35900,452.5,228.1,-832
5.802923,-73.487312,35775,453.3,226.0,-1024
5.796066,-73.49402,35675,453.3,224.6,-1408
5.78389,-73.505378,35475,454.2,223.2,-1728
5.483714,-75.558661,31100,488.9,311.4,1280
5.505386,-75.583191,31375,488.9,311.4,1024
5.512115,-75.590825,31475,487.5,311.3,1472
5.52994,-75.610988,31800,483.9,311.4,1728
5.547729,-75.631093,32150,478.9,311.4,1856
5.566344,-75.652187,32525,473.3,311.4,1664
5.57342,-75.660237,32675,471.9,311.4,1344
5.593624,-75.68311,32975,468.3,311.5,1600
5.612274,-75.70418,33300,464.1,311.4,1280
5.632914,-75.727576,33575,461.2,311.4,832
5.657364,-75.755248,33825,461.2,311.4,896
5.682495,-75.783459,34050,460.1,312.4,832
5.697482,-75.799129,34200,460.4,314.2,832
5.711587,-75.812815,34325,460.4,316.1,960
5.727127,-75.826985,34475,460.3,318.2,768
5.740031,-75.838007,34575,460.6,319.8,768
5.756836,-75.851504,34700,460.7,321.8,768
5.786397,-75.874329,34950,459.7,322.2,896
5.816981,-75.898101,35175,458.9,322.1,576
5.849167,-75.923115,35375,458.9,322.1,768
5.870098,-75.939347,35525,458.3,322.2,640
5.900962,-75.963308,35775,457.5,322.1,832
5.931267,-75.986749,36000,456.1,322.1,704
5.961044,-76.009889,36225,454.7,322.1,704
5.993225,-76.034934,36425,456.1,322.1,704
6.023161,-76.058113,36650,454.1,322.2,832
6.055329,-76.083021,36875,454.1,322.2,512
6.085029,-76.105989,37050,454.1,322.2,832
6.114962,-76.129192,37300,453.3,322.2,640
6.147537,-76.154433,37450,454.7,322.1,384
6.180359,-76.179991,37600,455.3,322.0,640
6.208694,-76.201963,37850,454.7,322.1,832
6.22692,-76.216089,37950,453.3,322.2,384
6.260205,-76.241897,38000,450.5,322.2,64
6.292786,-76.267136,38000,449.7,322.1,0
6.324447,-76.291809,38000,450.3,322.0,0
6.357639,-76.317617,38000,451.1,322.1,0
6.391157,-76.343615,38000,452.7,322.3,0
6.423324,-76.368571,38000,452.7,322.3,0
6.456004,-76.393906,38000,451.9,322.2,0
6.488451,-76.419052,38000,451.1,322.1,0
6.519928,-76.443523,38000,450.5,322.2,0
6.552833,-76.469106,38000,449.7,322.1,0
6.584767,-76.493967,38000,449.7,322.1,0
6.617294,-76.519217,38000,449.1,322.2,0
6.650024,-76.544634,37975,448.3,322.2,-64
6.682251,-76.569679,37975,448.3,322.2,0
6.714648,-76.594928,38000,448.3,322.2,0
6.74707,-76.620142,38000,447.5,322.1,0
6.778285,-76.644461,37975,447.5,322.1,0
6.810562,-76.66958,37975,448.3,322.2,0
6.842807,-76.694657,37975,448.3,322.2,0
6.874695,-76.719578,37975,448.9,322.1,0
6.906164,-76.744048,37975,448.9,322.1,0
6.936493,-76.767666,37975,448.9,322.1,0
6.969315,-76.79327,37975,449.5,322.0,0
7.000992,-76.817989,37975,450.3,322.0,0
7.03409,-76.843777,38000,451.1,322.1,64
7.066452,-76.86901,38000,451.9,322.2,0
7.098907,-76.894288,38025,452.5,322.1,0
7.131592,-76.919799,38025,453.1,322.0,0
7.164389,-76.945401,38000,453.9,322.1,0
7.197628,-76.971351,38025,453.9,322.1,0
7.230214,-76.996781,38025,453.9,322.1,0
7.262238,-77.021748,38025,454.5,322.0,0
7.29451,-77.046979,38025,455.3,322.0,-64
7.327469,-77.072676,38025,454.7,322.1,0
7.360467,-77.098452,38025,453.9,322.1,0
7.39352,-77.124355,38025,454.3,321.8,-64
7.424151,-77.149169,38000,454.2,320.8,0
7.456784,-77.175877,38000,454.2,320.8,0
7.488098,-77.201347,38000,453.5,320.9,0
7.520002,-77.227352,38000,452.8,320.8,64
7.552048,-77.253485,38025,452.8,320.8,0
7.584244,-77.279726,38000,452.1,320.9,0
7.616365,-77.305866,38000,452.1,320.9,0
7.648911,-77.332298,38000,452.1,320.9,0
7.681073,-77.358477,38000,452.1,320.9,0
7.713473,-77.384854,38000,451.4,320.8,64
7.745687,-77.411136,37975,452.1,320.9,-128
7.778134,-77.43756,37975,452.1,320.9,0
7.810501,-77.463948,37975,452.8,320.8,-64
7.842819,-77.490296,37975,453.5,320.9,0
7.87459,-77.516169,38000,453.5,320.9,64
7.907547,-77.54304,38000,454.9,320.9,64
7.937948,-77.567786,38000,454.9,320.9,0
7.969231,-77.593405,38000,455.6,320.8,0
8.002656,-77.620587,38000,457.1,321.0,0
8.034265,-77.646442,38000,457.8,320.9,0
8.067084,-77.673198,38000,458.5,320.9,64
8.099716,-77.699875,38000,459.2,320.8,0
8.132675,-77.726782,38000,459.9,320.9,64
8.16449,-77.752711,38025,459.9,320.9,0
8.197756,-77.779841,38025,460.6,320.8,0
8.230499,-77.806572,38025,460.6,320.8,64
8.263255,-77.833305,38050,460.7,321.0,64
8.295562,-77.859681,38025,460.6,320.8,-64
8.327311,-77.885679,38025,459.2,320.8,0
8.357941,-77.910756,38025,458.4,320.8,-64
8.390076,-77.937105,38025,457.8,320.9,0
8.421905,-77.963152,38000,457.0,320.8,0
8.45192,-77.987707,38000,457.0,320.8,-64
8.484564,-78.01439,37975,456.4,320.9,64
8.516327,-78.040358,37975,455.6,320.8,0
8.547363,-78.065817,37975,455.6,320.8,0
8.579857,-78.092336,37975,455.6,320.8,0
8.609371,-78.116487,37975,455.6,320.8,0
8.638326,-78.140259,38000,454.9,320.9,0
8.667892,-78.164419,38000,455.6,320.8,0
8.694003,-78.185862,38000,455.6,320.8,0
8.726589,-78.21257,38000,455.6,320.8,0
8.74942,-78.231268,37975,455.6,320.8,0
8.775702,-78.252821,37975,455.6,320.8,0
8.804657,-78.276593,37975,454.9,320.9,64
8.834793,-78.30119,38000,455.6,320.8,0
8.866991,-78.327642,38000,456.2,320.7,0
8.899298,-78.354161,38000,455.6,320.8,64
8.928635,-78.37828,38025,454.8,320.7,0
8.96112,-78.404925,38025,454.8,320.7,0
8.993008,-78.431112,38025,454.9,320.9,0
9.024628,-78.457047,38025,454.8,320.7,0
9.056763,-78.483488,38000,454.2,320.8,0
9.088943,-78.50993,38000,454.2,320.8,-64
9.120654,-78.536003,38000,454.2,320.8,64
9.152775,-78.56238,38000,453.4,320.7,0
9.18457,-78.588473,38000,452.8,320.8,-64
9.216522,-78.614766,38000,452.6,320.6,0
9.2483,-78.640989,38000,452.6,320.6,64
9.280518,-78.667509,38000,452.0,320.8,0
9.311691,-78.69316,38000,452.0,320.8,0
9.343313,-78.719219,38000,449.8,320.7,0
9.374908,-78.745252,38000,449.8,320.7,0
9.407323,-78.771878,38000,449.2,320.8,0
9.439178,-78.798088,38000,448.4,320.7,-64
9.47096,-78.824347,38000,448.4,320.7,0
9.502289,-78.850203,37975,447.0,320.7,0
9.533666,-78.876059,37975,447.6,320.6,-64
9.56543,-78.902272,37975,448.4,320.7,0
9.597656,-78.9289,37975,449.0,320.6,64
9.629284,-78.954999,38000,448.4,320.7,64
9.660782,-78.980992,38000,448.4,320.7,64
9.69278,-79.007434,38025,448.4,320.7,64
9.724274,-79.03341,38025,447.0,320.7,64
9.755813,-79.059417,38050,446.2,320.6,0
9.787079,-79.085269,38050,445.4,320.6,0
9.818161,-79.111013,38050,444.0,320.6,0
9.849522,-79.136937,38050,441.2,320.6,0
9.879776,-79.161894,38050,439.2,320.7,-128
9.910599,-79.18737,38000,439.0,320.5,-128
9.941417,-79.212894,37975,437.6,320.6,0
9.970745,-79.237282,37950,437.6,320.6,-64
10.002045,-79.263145,37950,437.0,320.7,0
10.033078,-79.288756,37950,437.0,320.7,0
10.064361,-79.314659,37950,438.4,320.6,-64
10.094101,-79.339351,38000,441.1,320.4,128
10.124588,-79.364676,38000,443.3,320.5,0
10.156494,-79.391071,38000,442.0,320.7,0
10.161392,-79.395167,38000,442.0,320.7,0
10.268829,-79.484175,38000,442.0,320.7,0
10.300288,-79.510235,38025,441.2,320.6,64
10.314423,-79.521929,38025,440.6,320.7,0
10.377869,-79.57458,38025,437.6,320.6,-128
10.392089,-79.586382,38000,437.6,320.6,-128
10.440224,-79.626302,37975,437.6,320.6,-128
10.469879,-79.650972,37975,436.9,320.5,64
10.500916,-79.676829,38000,435.5,320.5,64
10.512054,-79.686103,38000,434.8,320.6,0
10.596313,-79.756101,37950,434.8,320.6,-64
10.623081,-79.778378,37950,436.2,320.6,0
10.653945,-79.803965,37950,436.2,320.6,0
10.684891,-79.829738,37950,438.3,320.5,128
10.714649,-79.854608,37975,439.0,320.5,64
10.744675,-79.879603,37975,440.5,320.5,64
10.775162,-79.904938,38000,440.5,320.5,128
10.804309,-79.929247,38025,441.9,320.5,64
10.836273,-79.955986,38050,441.1,320.4,64
10.867015,-79.981577,38050,440.5,320.5,0
10.898438,-80.007742,38050,440.5,320.5,-64
10.929291,-80.033459,38025,440.5,320.5,-64
10.959549,-80.058746,38000,441.1,320.4,-64
10.991135,-80.085076,38000,441.1,320.4,64
11.021255,-80.110268,38000,440.5,320.5,64
11.048813,-80.133283,38025,439.7,320.4,0
11.079339,-80.158756,38025,440.5,320.5,0
11.110611,-80.1849,38000,439.7,320.4,0
11.13707,-80.207062,38025,439.7,320.4,0
11.154694,-80.221742,38025,438.3,320.5,0
11.185199,-80.247273,38000,438.3,320.5,-64
11.216217,-80.273169,38000,438.3,320.5,0
11.246043,-80.298205,38000,438.3,320.5,0
11.27655,-80.323697,38000,438.3,320.5,0
11.307213,-80.349282,38000,438.3,320.5,0
11.338943,-80.375882,38000,438.3,320.5,0
11.364441,-80.397334,38000,438.9,320.4,0
11.419601,-80.443599,38000,438.9,320.4,0
11.455032,-80.473291,37975,438.9,320.4,0
11.458282,-80.476085,38000,438.9,320.4,0
11.586619,-80.583705,38025,436.7,320.3,64
11.614883,-80.607447,38025,436.1,320.4,0
11.639191,-80.627904,38025,436.1,320.4,0
11.665432,-80.649912,38000,435.3,320.3,-64
11.673431,-80.656649,38025,435.3,320.3,-64
11.730743,-80.704761,38000,433.9,320.3,0
11.732374,-80.706145,38000,433.9,320.3,0
11.765194,-80.733755,38000,432.5,320.4,0
11.794568,-80.758522,38000,432.5,320.4,-64
11.803553,-80.766088,38000,433.1,320.2,-64
11.816122,-80.777508,37975,434.4,316.9,-64
11.82236,-80.783916,37975,434.9,314.5,0
11.8306,-80.793457,37975,435.7,311.6,0
11.836093,-80.80054,37975,436.3,307.7,0
11.842331,-80.809647,37975,437.2,305.0,0
11.846695,-80.816992,37975,437.7,301.5,64
11.852692,-80.828689,37975,439.2,296.5,0
11.857498,-80.840102,37975,440.0,293.0,64
11.862076,-80.853456,38000,440.8,288.9,64
11.874664,-80.892287,38000,440.2,288.3,64
11.887347,-80.931268,38025,439.2,288.3,0
11.897123,-80.961529,38025,438.9,288.2,-64
11.920944,-81.035535,38000,437.7,288.1,-160
11.932875,-81.072693,38000,436.7,288.1,-64
11.945351,-81.111434,37975,436.7,288.1,0
11.957687,-81.14979,38000,436.4,288.0,0
11.96993,-81.188194,37975,437.4,288.0,-64
11.982147,-81.226328,37975,437.4,288.0,-64
11.994553,-81.265017,37975,438.6,288.1,0
12.007233,-81.304605,37950,440.5,288.0,0
12.019508,-81.343111,37975,441.5,287.9,64
12.031586,-81.380894,37975,442.7,288.0,64
12.043297,-81.417558,38000,443.7,288.0,64
12.054423,-81.452637,38025,444.3,287.8,64
12.066806,-81.491715,38025,444.3,287.8,64
12.079607,-81.531806,38050,444.9,288.1,0
12.092102,-81.57074,38050,444.0,288.1,0
12.104373,-81.609047,38050,443.7,288.0,0
12.116913,-81.648354,38050,443.7,288.0,-64
12.129558,-81.688024,38025,443.4,287.9,0
12.141724,-81.7263,38025,443.4,287.9,-64
12.154231,-81.765843,38000,443.4,287.9,0
12.16666,-81.805018,38000,443.4,287.9,-64
12.17639,-81.835038,37975,442.4,289.1,0
12.180486,-81.845494,37975,442.0,291.9,0
12.185514,-81.856432,37975,440.6,295.4,64
12.189471,-81.863949,37975,440.2,297.9,64
12.194871,-81.873057,38000,439.3,301.9,64
12.200455,-81.881388,38000,438.5,304.6,64
12.205904,-81.888524,38000,438.7,308.1,64
12.213585,-81.89739,38000,438.5,311.6,0
12.2208,-81.904714,38000,438.4,315.2,0
12.227097,-81.910464,38000,438.7,318.8,0
12.234924,-81.916809,38000,438.5,321.7,0
12.243256,-81.922776,38000,438.3,325.2,0
12.255901,-81.930542,38000,438.4,328.0,64
12.267654,-81.937408,38025,439.1,329.9,0
12.301848,-81.957381,38000,439.5,330.1,-64
12.336157,-81.977427,38000,439.5,330.1,0
12.399095,-82.014096,38000,439.0,330.2,0
12.433917,-82.034382,37975,439.0,330.2,-64
12.440108,-82.037996,37975,439.0,330.2,-64
12.766299,-82.227751,38000,442.6,330.2,0
12.803262,-82.249242,38000,443.4,330.3,0
12.838083,-82.269528,38025,443.4,330.3,-64
12.873734,-82.29025,38000,443.4,330.3,0
12.908981,-82.310754,38000,443.9,330.1,0
12.943989,-82.331157,38000,444.8,330.2,0
12.978973,-82.351621,38000,444.8,330.2,0
12.979974,-82.352166,38000,444.8,330.2,0
13.015732,-82.372978,38000,444.8,330.2,0
13.051153,-82.393654,38025,445.7,330.3,64
13.087509,-82.414888,38025,445.7,330.3,0
13.113067,-82.429745,38025,445.7,330.3,-64
13.149564,-82.451043,38025,445.7,330.3,0
13.183365,-82.470814,38025,446.2,330.2,-64
13.218834,-82.491519,38000,445.7,330.3,0
13.253723,-82.51187,38000,444.8,330.2,0
13.289267,-82.532622,38000,444.8,330.2,0
13.317711,-82.549294,38000,444.8,330.2,0
13.332002,-82.557678,38000,444.8,330.2,0
13.375076,-82.582855,38000,444.8,330.2,0
13.407976,-82.602057,37975,444.8,330.2,0
13.420258,-82.609279,37975,446.2,330.2,-64
13.597092,-82.712892,38000,447.5,330.1,0
13.64232,-82.739434,38025,447.0,330.2,64
13.672623,-82.757216,38025,447.5,330.1,0
13.706818,-82.777247,38025,446.2,330.2,0
13.7425,-82.798125,38025,446.5,330.3,-64
13.770584,-82.814563,38025,444.8,330.2,64
13.80502,-82.834794,38025,443.9,330.1,0
13.839569,-82.855098,38025,443.9,330.1,-64
13.871521,-82.873898,38000,443.1,330.1,-64
13.896286,-82.888484,38000,443.1,330.1,64
13.931968,-82.909482,38000,442.6,330.2,-64
13.96344,-82.927977,38000,442.6,330.2,-64
13.998537,-82.948657,38000,441.7,330.1,64
14.018089,-82.960173,38000,440.8,330.1,64
14.055657,-82.98229,38000,440.8,330.1,64
14.08964,-83.002335,38000,440.0,330.0,0
14.100357,-83.008623,38000,440.0,330.0,0
14.131943,-83.027328,38000,439.5,330.1,0
14.172131,-83.050955,38000,438.6,330.0,0
14.210861,-83.07383,38000,439.5,330.1,-64
14.228348,-83.084154,37975,440.0,330.0,-128
14.361786,-83.162905,37950,443.6,330.0,64
17.958847,-85.332256,38000,425.0,329.5,0
17.985923,-85.348909,38000,425.0,329.5,0
18.02005,-85.370034,38000,425.0,329.5,0
18.039871,-85.382273,38000,425.0,329.5,0
18.104782,-85.422267,38000,423.6,329.5,0
18.160355,-85.456575,38000,424.1,329.4,0
18.217529,-85.491976,38000,424.1,329.4,0
18.244846,-85.508889,38025,422.8,329.4,0
18.254622,-85.514981,38025,423.3,329.3,0
18.287162,-85.535206,38025,423.3,329.3,0
18.375751,-85.590138,38025,419.7,329.3,-64
18.408896,-85.610662,38000,419.2,329.5,-64
18.440735,-85.630384,38000,418.3,329.4,-64
18.472412,-85.650101,37975,417.4,329.3,0
18.490828,-85.661499,37975,417.4,329.3,0
20.791719,-86.701505,9525,262.2,345.6,-1024
20.803357,-86.704751,9375,258.3,345.4,-960
20.812546,-86.707388,9250,257.2,344.7,-960
20.81709,-86.709095,9175,257.8,339.8,-1024
20.820256,-86.710693,9125,258.4,336.5,-960
20.823142,-86.712491,9075,258.5,330.1,-832
20.826214,-86.714788,9050,259.9,325.0,-576
20.832313,-86.72118,9000,260.3,319.5,-384
20.833694,-86.723082,9000,262.5,310.4,-384
20.844635,-86.740003,8650,263.2,307.4,-704
20.845322,-86.741082,8625,267.9,304.0,-1472
20.8526,-86.752559,8425,267.1,304.2,-1216
20.858963,-86.762515,8250,264.3,304.0,-960
20.865179,-86.772317,8100,262.9,304.0,-960
20.871603,-86.782404,7950,261.5,303.9,-960
20.877329,-86.791493,7800,260.2,303.9,-1024
20.884172,-86.802329,7650,258.8,303.8,-960
20.889999,-86.811611,7500,257.9,303.9,-960
20.898514,-86.825098,7300,258.8,303.8,-960
20.905539,-86.836287,7125,258.8,303.8,-1024
20.908891,-86.84158,7025,257.9,303.9,-960
20.915781,-86.852567,6875,257.4,303.8,-960
20.919086,-86.85781,6775,256.6,303.9,-1088
20.922821,-86.863747,6675,255.2,303.8,-1024
20.926721,-86.869945,6575,254.6,303.6,-960
20.935593,-86.884052,6375,255.2,303.8,-960
20.938889,-86.8893,6300,256.6,303.9,-960
20.942688,-86.895332,6200,256.6,303.9,-1024
20.945251,-86.899452,6150,257.4,303.8,-1024
20.949019,-86.905401,6050,257.4,303.8,-1088
20.951998,-86.910195,5950,257.4,303.8,-1152
20.955257,-86.915389,5850,256.8,303.6,-1280
20.95819,-86.920133,5750,256.8,303.6,-1280
20.961495,-86.925426,5650,256.8,303.6,-1280
20.9648,-86.93067,5550,256.0,303.7,-1216
20.967865,-86.935599,5450,256.0,303.7,-1216
20.969925,-86.938836,5400,255.2,303.8,-1216
20.972488,-86.942907,5300,255.2,303.8,-1216
20.975275,-86.947349,5225,255.2,303.8,-1216
20.97821,-86.95203,5125,254.6,303.6,-1280
20.980442,-86.955639,5050,254.6,303.6,-1408
20.983704,-86.960858,4925,254.6,303.6,-1472
20.988373,-86.968313,4775,255.4,303.5,-1472
20.994175,-86.977611,4575,254.6,303.6,-1280
20.997345,-86.982733,4475,255.2,303.8,-1280
21.000732,-86.988079,4375,255.2,303.8,-1088
21.004323,-86.993741,4275,254.3,303.9,-1024
21.008102,-86.999751,4175,252.9,303.9,-1152
21.011539,-87.005227,4075,252.9,303.9,-1216
21.014797,-87.01037,3975,252.4,303.7,-1216
21.017807,-87.015201,3875,252.4,303.7,-1280
21.021332,-87.020841,3775,252.4,303.7,-1280
21.023941,-87.02501,3675,252.4,303.7,-1280
21.026962,-87.029866,3575,252.4,303.7,-1344
21.030206,-87.035014,3475,252.4,303.7,-1280
21.032913,-87.039334,3375,252.4,303.7,-1152
21.036484,-87.045027,3275,252.4,303.7,-1024
21.04096,-87.052104,3175,250.2,304.6,-768
21.0439,-87.055964,3125,250.2,304.6,-768
21.046406,-87.058563,3100,245.4,314.5,-768
21.0504,-87.061806,3025,242.2,322.0,-640
21.053389,-87.063599,3000,238.3,330.3,-320
21.057175,-87.065302,3000,238.3,330.3,-320
21.059022,-87.065989,2975,233.4,340.5,-64
21.062141,-87.066752,2975,229.4,346.4,-192
21.065167,-87.067108,2975,225.9,352.6,128
21.067566,-87.0671,2975,222.1,358.7,64
21.070038,-87.0669,2975,221.3,2.8,64
21.072988,-87.066396,2975,219.6,8.9,-128
21.07592,-87.065531,2975,218.6,15.1,64
21.079179,-87.064158,2975,217.5,21.0,0
21.081848,-87.062605,2975,215.1,26.2,64
21.084859,-87.06075,3000,213.4,30.4,64
21.090445,-87.056783,2975,214.1,32.8,-64
21.099476,-87.045492,2875,204.5,57.8,-960
21.102081,-87.040233,2775,203.4,59.9,-896
21.104095,-87.035589,2700,197.7,64.9,-960
21.106692,-87.029521,2600,196.1,65.9,-960
21.109589,-87.022405,2475,196.1,65.9,-896
21.111694,-87.017112,2375,194.5,67.0,-1024
21.114326,-87.00882,2225,194.5,67.0,-1024
21.115583,-86.998596,2075,185.9,84.4,-576
21.115997,-86.991694,2000,179.3,86.5,-512
21.116089,-86.988048,1975,175.1,88.0,-512
21.115952,-86.985601,1950,171.1,92.0,-640
21.115677,-86.983254,1925,167.1,96.5,-512
21.115082,-86.980807,1900,162.4,101.7,-320
21.114349,-86.97846,1875,158.8,106.8,-384
21.11348,-86.976313,1875,156.2,111.8,-256
21.112198,-86.973716,1825,153.8,117.1,-512
21.110648,-86.970927,1775,149.7,120.5,-704
21.108673,-86.967674,1725,145.3,122.9,-448
21.106738,-86.964518,1675,140.6,123.7,-576
21.103592,-86.959434,1625,135.6,123.6,-320
21.099802,-86.953481,1550,135.9,124.5,-256
21.0978,-86.950277,1525,138.4,123.8,-576
21.095426,-86.946564,1425,139.8,123.9,-960
21.092307,-86.941579,1325,139.0,124.2,-960
21.089401,-86.936912,1225,137.0,123.7,-640
21.086628,-86.932475,1125,133.4,123.7,-768
21.083679,-86.927673,1050,133.7,123.1,-704
21.080658,-86.922829,975,137.0,123.7,-512
21.078644,-86.919633,900,140.1,123.3,-768
21.076218,-86.915688,775,140.1,123.3,-896
21.0737,-86.911593,700,140.1,123.3,-896
21.070084,-86.90595,600,139.0,124.2,-768
21.022711,-86.853516,1075,158.0,121.3,1088
21.019965,-86.848472,1225,168.9,120.2,1280
21.018754,-86.846275,1275,172.5,120.3,1280
21.017078,-86.843129,1375,178.2,119.6,1152
21.014285,-86.837885,1475,182.7,119.5,832
21.01233,-86.83414,1550,197.0,119.2,1024
21.010934,-86.831443,1600,201.9,119.4,1088
21.008789,-86.827943,1675,203.8,119.7,1088
21.007768,-86.826449,1700,213.6,124.5,896
21.000961,-86.81882,1875,231.3,135.9,1536
20.996177,-86.814115,2025,234.1,136.6,1536
20.994594,-86.812567,2075,242.0,137.3,1536
20.99025,-86.808423,2225,250.0,138.1,2240
20.986633,-86.805038,2400,252.2,138.5,2560
20.979584,-86.798466,2750,255.9,139.0,3072
20.976857,-86.795937,2900,256.6,139.1,3200
20.975135,-86.794339,3000,257.9,138.8,3136
20.973358,-86.792679,3100,257.9,138.8,3328
20.971969,-86.791393,3200,257.9,138.5,3392
20.969549,-86.789096,3350,257.9,138.5,3328
20.967636,-86.787284,3450,257.9,138.5,3200
20.962051,-86.782036,3800,257.9,138.5,3200
20.960083,-86.780172,3900,259.3,138.4,3264
20.946533,-86.767224,4675,259.9,138.3,3072
20.943008,-86.763791,4850,264.8,137.8,2688
20.941086,-86.761976,4950,265.5,137.9,2688
20.938751,-86.759769,5050,266.9,137.9,2688
20.936497,-86.757585,5150,267.7,138.0,2560
20.934728,-86.755887,5250,268.3,137.9,2560
20.931981,-86.75319,5375,269.7,137.9,3008
20.93105,-86.752292,5425,269.7,137.9,3136
20.924469,-86.745987,5800,269.7,137.9,3136
20.922684,-86.74427,5900,269.7,137.9,3136
20.920807,-86.742505,6000,271.2,138.1,2944
20.917783,-86.739557,6150,272.0,138.3,2816
20.916,-86.737894,6250,272.6,138.1,2816
20.913965,-86.735962,6350,273.4,138.3,3072
20.912057,-86.734164,6450,273.4,138.3,3200
20.91066,-86.732816,6550,273.4,138.3,3200
20.898834,-86.721562,7175,273.4,138.3,3200
20.895401,-86.718276,7375,275.5,138.1,3008
20.891006,-86.714107,7575,276.9,138.1,2688
20.887198,-86.710494,7750,278.3,138.1,2752
20.88366,-86.707048,7925,279.0,138.2,2752
20.876083,-86.699884,8275,281.2,138.3,2752
20.872115,-86.696161,8475,283.4,138.4,2432
20.867087,-86.691367,8675,286.2,138.4,2432
20.862711,-86.687223,8875,288.3,138.2,2880
20.858615,-86.683327,9075,288.3,138.2,2944
20.854248,-86.679186,9275,288.9,138.1,2944
20.851213,-86.676236,9425,288.9,138.1,2944
20.84642,-86.671731,9675,290.3,138.1,3008
20.837387,-86.663103,10100,291.1,138.2,2944
20.834268,-86.660106,10225,292.5,138.2,2688
20.833244,-86.659157,10275,293.9,138.2,2176
20.830078,-86.656184,10350,296.7,138.1,1472
20.821838,-86.648271,10525,305.2,138.1,1024
20.817649,-86.644276,10575,312.3,138.0,960
20.806662,-86.633739,10750,322.1,137.9,1024
20.801867,-86.629145,10825,331.4,137.9,1024
20.792138,-86.619856,11000,341.3,138.1,1472
20.791579,-86.619307,11000,341.3,138.1,1472
20.768629,-86.597484,11775,342.7,138.1,1600
