lat,lon,alt,gs,track
47.43972,-122.30183,-50.0,0.0,188.4
47.439721,-122.301829,-50.0,0.0,188.4
47.43972,-122.30183,-50.0,0.0,188.4
47.43972,-122.30183,-50.0,0.0,188.4
47.439732,-122.30183,-50.0,0.0,188.4
47.439768,-122.301812,-50.0,0.0,188.4
47.439823,-122.301813,-50.0,1.9,185.6
47.439915,-122.301796,-50.0,2.2,185.6
47.440001,-122.301794,-50.0,2.8,182.8
47.440098,-122.301779,-50.0,3.2,180.0
47.440212,-122.301779,-50.0,3.8,177.2
47.440268,-122.301794,-50.0,3.8,171.6
47.44035,-122.301813,-50.0,2.8,165.9
47.440501,-122.30197,-50.0,1.4,98.4
47.440498,-122.301985,-50.0,1.4,92.8
47.440501,-122.302041,-50.0,1.6,81.6
47.440498,-122.302105,-50.0,1.9,67.5
47.440453,-122.302225,-50.0,0.3,64.7
47.440453,-122.302242,-50.0,0.0,64.7
47.440455,-122.302234,-50.0,0.0,64.7
47.440455,-122.302234,-50.0,0.0,64.7
47.440455,-122.302234,-50.0,0.0,64.7
47.440556,-122.301556,-50.0,8.8,92.8
47.440548,-122.301424,-50.0,8.8,98.4
47.44051,-122.301264,-50.0,9.2,109.7
47.440475,-122.301144,-50.0,9.2,115.3
47.44043,-122.301041,-50.0,9.8,123.8
47.440315,-122.300835,-50.0,10.8,135.0
47.439995,-122.300388,-50.0,12.8,135.0
47.439733,-122.299981,-50.0,13.8,135.0
47.439535,-122.299681,-50.0,12.2,137.8
47.439442,-122.299593,-50.0,11.8,146.2
47.439337,-122.299541,-50.0,11.8,160.3
47.439233,-122.299523,-50.0,11.8,177.2
47.439068,-122.299547,-50.0,13.2,188.4
47.438599,-122.29965,-50.0,15.5,191.2
47.438267,-122.299719,-50.0,14.2,191.2
47.438034,-122.299805,-50.0,12.8,194.1
47.437912,-122.299856,-50.0,13.2,199.7
47.437752,-122.300045,-50.0,13.8,225.0
47.43766,-122.30032,-50.0,14.2,255.9
47.437592,-122.300869,-50.0,15.5,258.8
47.437545,-122.301231,-50.0,16.5,258.8
47.437477,-122.301676,-50.0,17.5,258.8
47.437394,-122.302234,-50.0,18.5,255.9
47.437301,-122.302798,-50.0,19.5,258.8
47.437231,-122.303344,-50.0,20.5,261.6
47.437219,-122.303502,-50.0,20.5,267.2
47.437214,-122.303753,-50.0,19.5,272.8
47.437214,-122.304405,-50.0,14.8,272.8
47.437214,-122.30504,-50.0,11.8,272.8
47.437231,-122.305615,-50.0,11.8,272.8
47.437214,-122.305744,-50.0,10.8,270.0
47.437219,-122.305791,-50.0,10.8,267.2
47.437202,-122.305899,-50.0,11.2,261.6
47.437173,-122.306002,-50.0,11.8,250.3
47.437126,-122.306125,-50.0,12.2,239.1
47.437021,-122.306266,-50.0,12.8,219.4
47.436951,-122.306328,-50.0,13.2,208.1
47.436893,-122.306354,-50.0,13.2,199.7
47.436789,-122.306372,-50.0,13.8,185.6
47.436699,-122.306362,-50.0,14.2,177.2
47.436562,-122.306345,-50.0,14.8,171.6
47.436439,-122.306284,-50.0,15.5,165.9
47.436344,-122.306242,-50.0,15.5,160.3
47.436207,-122.306156,-50.0,16.5,154.7
47.436032,-122.306002,-50.0,16.5,149.1
47.435783,-122.305779,-50.0,16.5,151.9
47.435635,-122.305693,-50.0,17.5,157.5
47.435462,-122.305632,-50.0,17.5,168.8
47.435334,-122.305597,-50.0,18.5,174.4
47.435159,-122.305597,-50.0,18.5,180.0
47.434868,-122.305607,-50.0,18.5,180.0
47.434467,-122.305607,-50.0,17.5,180.0
47.434054,-122.305615,-50.0,17.5,180.0
47.433609,-122.305607,-50.0,17.5,180.0
47.433169,-122.305615,-50.0,15.5,180.0
47.432832,-122.305632,-50.0,14.8,182.8
47.432659,-122.305658,-50.0,14.8,188.4
47.432529,-122.305685,-50.0,14.8,194.1
47.432373,-122.305779,-50.0,14.8,199.7
47.432122,-122.305967,-50.0,15.5,213.8
47.431847,-122.306345,-50.0,14.8,233.4
47.431749,-122.306865,-50.0,14.8,267.2
47.431749,-122.307129,-50.0,15.5,272.8
47.431778,-122.30765,-50.0,12.8,275.6
47.431796,-122.307816,-50.0,8.2,281.2
47.431961,-122.308027,-50.0,6.2,343.1
47.432017,-122.308044,-50.0,5.8,351.6
47.432064,-122.308044,-50.0,2.8,357.2
47.432063,-122.308044,-50.0,0.0,0.0
47.432087,-122.308044,-50.0,3.2,0.0
47.43243,-122.308044,-50.0,26.5,0.0
47.433655,-122.308044,275,56.0,0.0
47.435986,-122.308044,275,80.0,0.0
47.436172,-122.308044,275,86.0,0.0
47.436637,-122.308044,275,91.0,0.0
47.437522,-122.307974,275,95.0,0.6
47.438872,-122.307974,275,107.0,0.5
47.439423,-122.307976,275,111.0,0.5
47.440933,-122.307976,275,118.0,0.0
47.443314,-122.307976,275,133.0,0.4
47.445648,-122.307907,275,144.0,0.4
47.447996,-122.307904,300,148.0,0.4
47.448669,-122.307907,300,151.0,0.4
47.449393,-122.307904,325,152.0,0.4
47.45023,-122.307904,350,152.0,0.4
47.450958,-122.307907,400,152.0,0.4
47.452103,-122.307907,450,152.0,0.4
47.453476,-122.307838,550,152.0,0.8
47.455072,-122.307833,650,151.0,0.8
47.456863,-122.30777,750,151.0,1.1
47.458557,-122.307701,850,151.0,1.1
47.460379,-122.307692,950,150.0,1.1
47.462008,-122.307622,1050,150.0,0.8
47.463963,-122.307692,1150,151.0,359.2
47.46579,-122.30777,1250,151.2,357.0
47.467874,-122.308044,1350,151.6,354.7
47.469727,-122.308319,1450,151.8,354.0
47.472244,-122.308731,1550,153.8,354.0
47.474579,-122.309006,1650,156.6,354.9
47.477091,-122.309312,1725,161.4,356.1
47.479431,-122.309486,1775,166.2,357.2
47.481793,-122.309594,1800,171.1,357.7
47.484192,-122.309692,1850,176.0,358.7
47.48575,-122.309735,1875,179.0,359.0
47.487472,-122.309805,1900,183.0,359.4
47.489319,-122.309761,1925,187.0,359.7
47.491941,-122.309735,1975,191.0,0.3
47.494629,-122.309692,2050,193.0,0.9
47.496969,-122.309664,2150,195.0,1.2
47.500076,-122.309555,2250,197.1,1.5
47.502835,-122.309453,2350,200.1,1.7
47.506393,-122.30928,2450,203.1,1.7
47.508682,-122.309143,2525,204.1,1.7
47.510559,-122.309074,2625,204.1,1.7
47.512482,-122.309006,2700,204.1,1.7
47.51424,-122.30889,2800,204.1,1.7
47.516055,-122.30889,2900,204.1,1.4
47.518158,-122.3088,3000,205.0,1.1
47.520245,-122.308749,3100,205.0,0.8
47.522154,-122.308749,3175,207.0,0.8
47.524384,-122.308731,3275,209.0,0.3
47.527321,-122.308749,3350,213.0,359.7
47.529649,-122.308749,3375,217.0,359.2
47.531937,-122.3088,3425,220.0,359.2
47.533838,-122.308819,3450,224.0,359.2
47.536926,-122.308868,3500,228.0,359.2
47.540263,-122.30896,3550,231.0,359.3
47.541938,-122.30896,3575,235.0,359.3
47.5448,-122.309006,3625,239.0,359.3
47.548176,-122.30903,3700,243.0,359.3
47.55232,-122.309101,3800,247.0,359.3
47.55574,-122.309143,3900,249.0,359.5
47.559036,-122.309212,4000,251.0,359.5
47.562049,-122.309242,4100,252.0,359.8
47.564842,-122.309242,4200,254.0,0.0
47.567917,-122.309212,4300,255.0,0.0
47.571259,-122.309212,4400,257.0,0.0
47.574851,-122.309171,4500,259.0,0.4
47.57783,-122.309101,4600,261.0,1.1
47.581135,-122.30896,4700,262.2,2.0
47.584068,-122.308678,4800,263.5,3.5
47.587001,-122.308256,4900,264.5,6.1
47.59021,-122.307632,5000,265.9,8.4
47.593094,-122.306877,5100,266.7,11.9
47.595566,-122.305984,5200,267.5,13.6
47.598404,-122.304749,5300,268.3,16.7
47.600967,-122.303467,5400,269.0,20.5
47.60376,-122.301777,5500,269.5,24.1
47.606644,-122.299599,5600,270.6,28.0
47.609207,-122.297264,5700,272.1,32.7
47.612549,-122.293694,5800,274.7,38.5
47.614932,-122.290368,5875,276.5,44.6
47.61726,-122.286353,5950,277.1,50.6
47.619029,-122.282551,6025,279.1,57.7
47.620519,-122.278466,6125,279.1,62.7
47.621796,-122.273987,6225,278.7,68.3
47.622711,-122.269592,6325,278.8,74.0
47.623352,-122.26506,6425,279.0,80.3
47.623731,-122.260155,6525,279.0,85.3
47.623824,-122.256352,6625,278.1,88.3
47.623672,-122.251465,6725,278.4,93.1
47.623398,-122.247688,6825,278.0,98.5
47.622665,-122.24247,6925,278.5,103.3
47.621475,-122.236565,7075,279.2,109.0
47.619681,-122.230506,7200,279.7,114.7
47.617767,-122.22551,7325,279.4,120.8
47.615863,-122.221562,7425,280.0,126.9
47.613489,-122.217548,7525,279.4,133.4
47.610535,-122.213562,7675,278.6,139.2
47.607949,-122.210717,7800,278.5,145.7
47.604411,-122.207548,7925,278.4,151.2
47.599915,-122.204636,8075,279.8,156.2
47.597196,-122.203322,8150,281.5,162.9
47.593611,-122.202125,8225,283.2,168.0
47.589468,-122.20128,8325,284.6,173.9
47.584161,-122.200857,8475,285.1,178.2
47.578079,-122.20079,8675,286.0,180.2
47.572266,-122.200859,8875,286.0,180.4
47.566751,-122.200787,9075,286.0,179.4
47.560233,-122.200364,9275,287.5,176.6
47.55368,-122.199348,9450,289.2,172.9
47.54718,-122.197701,9625,291.1,169.3
47.540681,-122.195575,9825,291.8,166.7
47.535141,-122.193512,10025,292.0,165.7
47.528019,-122.190857,10225,293.2,166.4
47.523422,-122.189392,10350,295.0,167.5
47.51857,-122.187881,10425,297.7,168.8
47.506989,-122.184929,10575,306.0,170.8
47.499902,-122.183321,10700,310.4,171.5
47.489474,-122.180997,10875,313.4,171.6
47.479139,-122.178673,11075,317.8,171.1
47.468013,-122.176068,11275,320.9,171.0
47.458005,-122.173744,11475,323.9,171.1
47.447903,-122.17142,11675,325.9,171.2
47.438461,-122.169273,11875,327.8,171.2
47.421927,-122.165504,12250,329.8,171.3
47.406844,-122.162123,12650,330.8,171.3
47.390671,-122.158424,13050,331.8,171.3
47.374191,-122.154785,13425,333.8,171.4
47.357405,-122.150996,13825,334.8,171.4
47.340317,-122.147163,14200,336.7,171.5
47.323792,-122.143524,14575,337.9,171.3
47.306351,-122.13961,14950,339.8,171.4
47.287903,-122.135503,15300,342.0,171.2
47.274445,-122.131989,15575,344.4,168.9
47.261948,-122.127869,15800,346.6,166.5
47.248764,-122.122787,16075,348.9,164.4
47.233623,-122.115995,16375,350.4,162.4
47.215393,-122.107475,16725,352.3,162.5
47.197998,-122.099373,17100,352.3,162.5
47.179483,-122.090783,17450,354.5,162.4
47.159225,-122.081451,17775,357.7,162.4
47.139168,-122.07212,18100,360.9,162.4
47.118942,-122.062775,18425,363.7,162.6
47.098984,-122.053574,18750,365.0,162.5
47.080307,-122.044991,19100,365.9,162.5
47.060495,-122.035851,19450,366.9,162.6
47.039826,-122.026273,19800,367.8,162.6
47.018971,-122.016695,20125,369.1,162.5
46.999008,-122.0075,20475,370.0,162.5
46.97833,-121.998033,20800,371.9,162.6
46.956299,-121.98793,21100,374.2,162.6
46.935654,-121.978455,21425,375.1,162.6
46.9151,-121.969048,21750,375.4,162.5
46.894304,-121.95951,22025,377.3,162.6
46.866652,-121.946938,22300,383.3,162.7
46.841171,-121.935246,22600,385.9,162.5
46.817963,-121.924662,22900,386.8,162.6
46.79687,-121.915077,23225,387.8,162.6
46.772644,-121.904029,23525,389.7,162.7
46.747879,-121.892708,23825,390.9,162.6
46.722931,-121.881386,24125,392.8,162.7
46.697388,-121.869759,24400,396.0,162.7
46.671066,-121.857873,24700,398.2,162.6
46.645248,-121.84615,25000,399.2,162.6
46.620483,-121.834895,25300,400.1,162.7
46.593567,-121.822703,25575,402.3,162.6
46.567749,-121.811047,25850,404.2,162.7
46.541245,-121.799123,26125,406.4,162.7
46.515927,-121.787704,26425,407.4,162.7
46.490742,-121.776306,26725,408.3,162.8
46.464021,-121.76429,27000,410.5,162.7
46.441772,-121.754709,27225,411.5,164.2
46.422916,-121.747604,27400,413.0,166.1
46.401718,-121.740574,27600,413.7,167.6
46.381439,-121.734746,27775,414.0,169.4
46.352692,-121.727109,28050,416.8,169.6
46.325016,-121.719795,28325,417.8,169.7
46.294189,-121.711567,28600,419.9,169.6
46.265854,-121.704064,28875,421.9,169.6
46.237033,-121.696518,29150,422.9,169.6
46.208176,-121.688858,29425,424.1,169.5
46.177185,-121.680685,29675,426.0,169.6
46.14728,-121.67276,29950,427.0,169.6
46.11609,-121.664589,30225,429.0,169.7
46.08085,-121.655388,30475,431.9,169.7
46.045331,-121.645981,30700,435.0,169.7
46.008133,-121.636271,30925,438.2,169.6
45.995054,-121.632797,31050,438.2,169.6
45.971359,-121.626549,31400,434.2,169.5
45.94899,-121.620662,31775,430.0,169.7
45.928665,-121.615303,32050,428.0,169.6
45.912277,-121.611016,32200,428.0,169.6
45.873184,-121.6009,32400,431.9,169.7
45.834595,-121.590852,32600,435.0,169.7
45.795298,-121.580612,32800,437.0,169.7
45.763092,-121.572228,33050,438.2,169.6
45.731094,-121.563922,33300,438.0,169.7
45.701019,-121.556084,33575,437.0,169.7
45.670532,-121.548179,33850,435.0,169.7
45.641164,-121.540581,34125,433.1,169.6
45.611371,-121.532822,34425,430.9,169.7
45.580087,-121.524788,34675,428.8,169.8
45.544556,-121.515656,34925,429.0,169.7
45.529345,-121.51167,35000,429.0,169.7
45.490494,-121.501726,35000,430.9,169.7
45.452179,-121.491852,35000,429.0,169.7
45.413956,-121.481977,35000,428.8,169.8
45.375211,-121.472079,35000,428.8,169.8
45.336945,-121.462231,35000,431.9,169.7
45.298599,-121.452484,35000,437.0,169.7
45.258636,-121.442348,35000,441.9,169.8
45.218656,-121.432086,35000,446.1,169.8
45.178299,-121.421814,35000,448.0,169.8
45.137934,-121.41152,35000,449.2,169.7
45.09776,-121.401404,35000,452.0,169.9
45.0569,-121.391078,35000,454.3,169.7
45.016342,-121.380746,35000,455.3,169.8
44.975374,-121.370321,35000,455.1,169.9
44.935226,-121.360212,35000,455.1,169.9
44.893753,-121.349814,35000,455.3,169.8
44.853195,-121.339613,35000,456.1,169.9
44.811929,-121.329256,35000,456.1,169.9
44.771242,-121.319007,35000,456.1,169.9
44.729811,-121.308624,35000,457.2,169.8
44.689224,-121.298414,35000,457.1,169.9
44.648158,-121.288192,35000,458.0,169.9
44.606781,-121.27788,35000,458.0,169.9
44.565948,-121.267678,35000,458.0,169.9
44.52507,-121.257542,35000,458.2,169.8
44.483875,-121.247261,35000,459.0,170.0
44.443314,-121.237204,35000,460.2,169.9
44.402069,-121.227003,35000,462.0,170.0
44.360512,-121.216714,35000,463.1,169.9
44.319174,-121.206531,35000,463.1,169.9
44.27709,-121.196081,35000,462.2,169.9
44.235845,-121.185965,35000,462.2,169.9
44.194367,-121.175733,35000,463.1,169.9
44.152284,-121.165401,35000,462.0,170.0
44.11084,-121.155246,35000,461.0,170.0
44.069235,-121.145063,35000,461.0,170.0
44.027198,-121.134796,35000,462.0,170.0
43.985068,-121.124464,35000,463.0,170.1
43.943298,-121.114303,35000,463.9,170.1
43.901825,-121.104211,35000,465.1,170.0
43.859936,-121.094055,35000,463.9,170.1
43.818054,-121.083899,35000,462.0,170.0
43.776607,-121.073848,35000,461.0,170.0
43.735362,-121.063777,35000,460.0,170.0
43.693465,-121.053641,35000,460.8,170.1
43.652359,-121.043767,35000,460.8,170.1
43.611557,-121.03395,35000,462.0,170.0
43.570008,-121.023887,35000,462.0,170.0
43.528427,-121.013893,35000,455.7,170.1
43.487457,-121.004057,35000,448.7,170.1
43.446671,-120.994284,35000,447.7,170.1
43.406708,-120.984767,35000,447.7,170.1
43.366296,-120.975037,35000,447.7,170.1
43.326261,-120.965554,35000,445.5,170.2
43.2859,-120.955876,35000,445.7,170.1
43.246216,-120.946442,35000,445.7,170.1
43.205658,-120.936797,35000,446.5,170.2
43.165054,-120.927152,35000,445.7,170.1
43.125366,-120.91738,35000,446.1,169.8
43.084717,-120.907479,35000,447.0,169.8
43.045085,-120.89774,35000,447.0,169.8
43.005376,-120.888062,35000,448.0,169.8
42.964503,-120.878122,35000,450.0,169.9
42.924683,-120.868452,35000,451.0,169.9
42.884108,-120.858568,35000,450.2,169.8
42.844026,-120.848825,35000,449.0,169.9
42.803558,-120.83906,35000,448.8,170.0
42.763118,-120.829297,35000,448.8,170.0
42.723735,-120.81978,35000,450.0,169.9
42.683945,-120.810221,35000,449.8,170.0
42.644177,-120.800618,35000,450.0,169.9
42.604385,-120.791057,35000,450.0,169.9
42.56448,-120.781456,35000,451.0,169.9
42.523727,-120.771644,35000,452.0,169.9
42.483536,-120.762031,35000,452.0,169.9
42.442792,-120.752265,35000,452.0,169.9
42.402832,-120.742742,35000,451.0,169.9
42.362304,-120.733039,35000,451.0,169.9
42.321625,-120.723329,35000,450.8,170.0
42.281158,-120.713716,35000,452.0,169.9
42.240005,-120.703978,35000,452.0,169.9
42.200116,-120.694459,35000,450.8,170.0
42.15915,-120.684751,35000,449.8,170.0
42.118975,-120.675233,35000,449.8,170.0
42.078894,-120.66578,35000,448.8,170.0
42.038859,-120.656327,35000,448.8,170.0
41.998444,-120.646799,35000,447.8,170.0
41.958044,-120.637292,35000,447.7,170.1
41.917963,-120.627839,35000,446.7,170.1
41.877777,-120.618397,35000,445.7,170.1
41.837173,-120.608846,35000,445.7,170.1
41.797348,-120.599546,35000,445.7,170.1
41.757385,-120.590182,35000,445.7,170.1
41.717834,-120.580944,35000,443.7,170.0
41.677893,-120.57163,35000,443.6,170.1
41.638277,-120.562368,35000,443.6,170.1
41.598267,-120.553041,35000,443.7,170.0
41.558716,-120.543865,35000,442.6,170.1
41.51825,-120.534439,35000,444.5,170.2
41.478835,-120.525321,35000,446.7,170.1
41.438102,-120.515868,35000,448.7,170.1
41.397629,-120.506536,35000,448.7,170.1
41.357055,-120.497111,35000,448.7,170.1
41.316182,-120.487685,35000,446.7,170.1
41.276426,-120.478509,35000,446.7,170.1
41.236531,-120.469333,35000,445.5,170.2
41.195844,-120.459969,35000,446.5,170.2
41.155064,-120.450668,35000,447.7,170.1
41.114639,-120.441345,35000,445.5,170.2
41.074715,-120.432191,35000,443.6,170.1
41.034622,-120.422913,35000,442.1,169.7
41.003448,-120.414978,35000,442.8,168.5
40.970904,-120.405724,35000,444.7,167.4
40.932037,-120.393677,35000,444.9,166.7
40.892277,-120.381317,35000,446.1,166.6
40.852847,-120.369082,35000,444.9,166.7
40.812906,-120.35666,35000,442.9,166.7
40.774338,-120.344727,35000,440.5,166.9
40.735474,-120.332703,35000,440.7,166.8
40.696804,-120.32083,35000,440.7,166.8
40.658073,-120.308845,35000,440.7,166.8
40.618503,-120.29661,35000,439.5,166.9
40.578981,-120.2845,35000,438.6,166.8
40.540296,-120.272577,35000,438.6,166.8
40.501471,-120.260717,35000,438.6,166.8
40.46228,-120.248718,35000,439.5,166.9
40.422913,-120.236633,35000,439.5,166.9
40.383316,-120.224487,35000,439.5,166.9
40.344498,-120.212646,35000,439.5,166.9
40.305771,-120.200806,35000,438.3,166.9
40.266266,-120.188782,35000,438.6,166.8
40.227884,-120.177134,35000,439.5,166.9
40.188361,-120.165086,35000,439.5,166.9
40.149396,-120.153288,35000,438.6,166.8
40.110851,-120.141553,35000,438.3,166.9
40.071808,-120.1297,35000,438.6,166.8
40.032394,-120.117798,35000,437.4,166.9
39.993805,-120.10614,35000,436.4,166.9
39.954994,-120.094424,35000,435.2,167.0
39.916403,-120.082764,35000,434.2,167.0
39.877438,-120.071045,35000,434.2,167.0
39.838623,-120.05937,35000,434.2,167.0
39.800262,-120.047846,35000,435.2,167.0
39.762222,-120.036438,35000,435.2,167.0
39.722978,-120.024658,35000,435.2,167.0
39.684769,-120.013215,35000,434.0,167.1
39.64612,-120.001648,35000,434.2,167.0
39.607668,-119.990173,35000,435.2,167.0
39.569262,-119.97876,35000,435.2,167.0
39.530273,-119.967121,35000,436.2,167.0
39.49173,-119.955597,35000,436.2,167.0
39.453278,-119.944193,35000,437.1,167.0
39.414849,-119.9328,35000,438.1,167.1
39.376117,-119.921265,35000,439.1,167.1
39.336594,-119.909607,35000,440.3,167.0
39.297226,-119.897919,35000,439.3,167.0
39.258499,-119.886455,35000,440.1,167.1
39.219589,-119.874991,35000,441.2,167.0
39.179764,-119.863228,35000,442.2,167.1
39.140097,-119.851501,35000,442.2,167.1
39.10104,-119.840027,35000,442.2,167.1
39.061661,-119.828478,35000,443.2,167.1
39.022522,-119.816954,35000,443.2,167.1
38.983246,-119.805431,35000,444.2,167.1
38.943321,-119.793762,35000,444.2,167.1
38.903641,-119.782144,35000,444.2,167.1
38.86395,-119.770508,35000,444.2,167.1
38.824613,-119.759033,35000,445.1,167.1
38.784943,-119.747454,35000,446.1,167.2
38.745438,-119.73599,35000,447.1,167.2
38.70488,-119.724168,35000,448.3,167.1
38.664505,-119.712405,35000,449.3,167.1
38.624345,-119.700745,35000,450.2,167.2
38.583755,-119.688999,35000,452.2,167.2
38.543251,-119.677246,35000,452.2,167.2
38.503216,-119.665649,35000,452.2,167.2
38.462997,-119.65401,35000,453.2,167.2
38.422119,-119.642248,35000,453.2,167.2
38.381836,-119.630594,35000,452.2,167.2
38.342102,-119.619141,35000,451.2,167.2
38.302094,-119.607687,35000,449.8,167.4
38.27809,-119.601467,35000,448.1,169.1
38.237961,-119.591558,35000,448.3,168.9
38.197861,-119.581565,35000,448.5,168.8
38.15799,-119.571514,35000,450.7,168.7
38.117935,-119.561462,35000,451.7,168.8
38.077835,-119.551294,35000,450.7,168.7
38.037735,-119.541184,35000,450.7,168.7
37.997635,-119.531075,35000,450.7,168.7
37.957535,-119.521023,35000,450.7,168.7
37.916611,-119.510738,35000,450.7,168.7
37.876902,-119.500739,35000,451.7,168.8
37.836681,-119.490648,35000,452.6,168.8
37.795576,-119.480379,35000,453.6,168.8
37.755478,-119.470358,35000,453.6,168.8
37.714854,-119.460197,35000,454.6,168.8
37.674354,-119.450106,35000,455.8,168.7
37.632922,-119.439777,35000,456.8,168.8
37.592142,-119.429626,35000,457.7,168.8
37.550618,-119.419237,35000,457.7,168.8
37.509,-119.408908,35000,458.7,168.8
37.467728,-119.398654,35000,459.7,168.8
37.426712,-119.388545,35000,460.7,168.9
37.385696,-119.378376,35000,461.7,168.9
37.344903,-119.368306,35000,463.8,168.8
37.303658,-119.358096,35000,463.8,168.8
37.262695,-119.347989,35000,465.8,168.9
37.220656,-119.337616,35000,465.8,168.9
37.179271,-119.327406,35000,465.8,168.9
37.137653,-119.317196,35000,465.8,168.9
37.095383,-119.306806,35000,466.8,168.9
37.054045,-119.296656,35000,465.8,168.9
37.012427,-119.286446,35000,464.8,168.8
36.970734,-119.276227,35000,465.8,168.9
36.929306,-119.266059,35000,465.8,168.9
36.887009,-119.255774,35000,465.6,169.0
36.844839,-119.245489,35000,466.8,168.9
36.80257,-119.235204,35000,466.8,168.9
36.77124,-119.227548,34975,466.8,168.9
36.765933,-119.226263,34950,467.7,168.9
36.73195,-119.217964,34700,468.7,168.9
36.697222,-119.209549,34425,467.7,168.9
36.663239,-119.201251,34150,466.8,168.9
36.628558,-119.192836,33900,465.6,169.0
36.596649,-119.185123,33625,463.6,168.9
36.562686,-119.176882,33375,463.6,168.9
36.529867,-119.168935,33100,462.6,168.9
36.516861,-119.16584,33025,460.5,169.0
36.504364,-119.16275,33000,458.5,168.9
36.464089,-119.15304,33000,457.4,169.0
36.42366,-119.143124,33000,460.9,168.1
36.400269,-119.136486,33000,463.0,166.4
36.374405,-119.128189,33000,464.1,164.9
36.349384,-119.119263,33000,464.2,163.5
36.30867,-119.103642,33000,465.9,162.8
36.267917,-119.088115,33000,465.9,162.8
36.227142,-119.072514,33000,465.9,162.8
36.186125,-119.056851,33000,466.9,162.8
36.144653,-119.041042,33000,466.9,162.8
36.104519,-119.02582,33000,467.8,162.8
36.063926,-119.010393,33000,468.8,162.9
36.022447,-118.994673,33000,467.8,162.8
35.982376,-118.979473,33000,465.6,162.9
35.942238,-118.964285,33000,465.6,162.9
35.901179,-118.948741,33000,465.6,162.9
35.860725,-118.93343,33000,466.6,162.9
35.8192,-118.917769,33000,467.5,163.0
35.778002,-118.902224,33000,468.5,163.0
35.73674,-118.886719,33000,472.9,162.9
35.695541,-118.871212,33000,473.8,162.9
35.653748,-118.855534,33000,472.6,163.0
35.612369,-118.839988,33000,472.6,163.0
35.57131,-118.82456,33000,473.8,162.9
35.529459,-118.808899,33000,473.6,163.1
35.487991,-118.793392,33000,472.6,163.0
35.446596,-118.777927,33000,472.6,163.0
35.405182,-118.762436,33000,473.6,163.1
35.36412,-118.747101,33000,472.6,163.0
35.321883,-118.73141,33000,472.6,163.0
35.281174,-118.716259,33000,473.6,163.1
35.239197,-118.700638,33000,474.5,163.1
35.19824,-118.685417,33000,474.5,163.1
35.157088,-118.670139,33000,473.6,163.1
35.11734,-118.655371,33000,472.6,163.0
35.110955,-118.65303,32950,473.6,163.1
35.098572,-118.64842,32825,474.5,163.1
35.091589,-118.645821,32750,474.5,163.1
35.086121,-118.643824,32675,475.5,163.1
35.065842,-118.636257,32275,474.1,162.8
35.053742,-118.631229,32025,474.6,159.7
35.042908,-118.625775,31850,474.6,156.1
35.033026,-118.619957,31650,475.9,152.7
35.023017,-118.613148,31450,476.4,149.6
35.013611,-118.605764,31250,477.3,145.8
35.004501,-118.59758,31075,478.3,142.2
34.996017,-118.588943,30875,478.4,138.8
34.988243,-118.580017,30700,477.3,135.4
34.980103,-118.569498,30500,476.6,131.9
34.966324,-118.549711,30100,474.9,130.0
34.951048,-118.527431,29700,471.6,129.7
34.935654,-118.504869,29300,468.0,129.7
34.921161,-118.483658,28900,465.2,129.7
34.906036,-118.461596,28500,461.6,129.7
34.890793,-118.439344,28100,458.0,129.8
34.876471,-118.418484,27700,454.4,129.8
34.861947,-118.397369,27325,449.4,129.9
34.847655,-118.376598,26925,444.4,129.9
34.83341,-118.355942,26550,438.8,129.8
34.819702,-118.336094,26150,433.0,129.9
34.812881,-118.326187,25975,430.2,129.9
34.797958,-118.304537,25600,421.0,129.9
34.784088,-118.28447,25225,413.2,129.9
34.770538,-118.264795,24875,404.0,129.9
34.757721,-118.246298,24525,394.6,130.1
34.744495,-118.227196,24175,386.2,130.0
34.741104,-118.222195,24075,384.8,129.9
34.736526,-118.215637,24000,381.9,129.9
34.723846,-118.197308,23600,379.8,130.0
34.710559,-118.178158,23250,376.2,130.0
34.697433,-118.159192,22875,372.6,130.1
34.684443,-118.14045,22525,369.1,129.9
34.671641,-118.122025,22150,367.0,130.0
34.658607,-118.103313,21800,364.0,130.2
34.646084,-118.085117,21450,363.9,129.2
34.638263,-118.072872,21225,363.8,126.6
34.630861,-118.060112,21000,364.2,124.3
34.624054,-118.047367,20775,364.3,122.0
34.617279,-118.033466,20550,363.2,119.5
34.607772,-118.012505,20200,360.3,118.7
34.598461,-117.991962,19850,358.5,118.8
34.589355,-117.972032,19500,356.3,118.9
34.579559,-117.950508,19175,351.8,118.9
34.569366,-117.928219,18825,347.3,118.9
34.55973,-117.907162,18500,345.6,119.1
34.549861,-117.885532,18150,345.1,118.9
34.540271,-117.86459,17825,342.9,119.0
34.530728,-117.843819,17500,340.6,119.0
34.520998,-117.822533,17175,337.5,119.1
34.511444,-117.801744,16850,335.3,119.1
34.501282,-117.779603,16525,331.7,119.0
34.491486,-117.758191,16200,330.3,119.0
34.482285,-117.73818,15875,329.5,119.1
34.472443,-117.716768,15550,327.2,119.1
34.46318,-117.696705,15225,327.2,119.1
34.453451,-117.675476,14900,328.6,119.1
34.444001,-117.655048,14575,327.2,119.1
34.434448,-117.634259,14250,323.2,119.3
34.425201,-117.614248,13925,319.7,119.2
34.416163,-117.594681,13600,318.3,119.1
34.407715,-117.576356,13250,316.9,119.1
34.398743,-117.557018,12925,316.1,119.2
34.390326,-117.538776,12575,314.7,119.1
34.38176,-117.520135,12225,313.8,119.2
34.376862,-117.509541,12025,312.5,119.1
34.372101,-117.499284,11825,311.6,119.2
34.367469,-117.489223,11625,310.7,119.3
34.362534,-117.4786,11425,309.8,119.4
34.357498,-117.467782,11225,307.6,119.4
34.353084,-117.458382,11025,305.8,119.2
34.347794,-117.446931,10850,303.5,119.2
34.342896,-117.436281,10675,301.3,119.2
34.337997,-117.425799,10500,298.2,119.3
34.333374,-117.415765,10300,296.0,119.3
34.328225,-117.404652,10125,294.6,119.3
34.323989,-117.395439,9925,294.1,119.1
34.319474,-117.385769,9725,293.2,119.2
34.314958,-117.376041,9525,293.2,119.2
34.311081,-117.367784,9325,293.3,119.6
34.307556,-117.360946,9175,293.8,122.8
34.305038,-117.356854,9075,294.1,128.2
34.302109,-117.352874,9000,294.3,133.1
34.298538,-117.348726,8850,294.6,138.0
34.295242,-117.345475,8750,294.9,141.9
34.292038,-117.342897,8650,295.5,148.1
34.288193,-117.340374,8525,296.1,153.5
34.283615,-117.338132,8400,295.7,159.0
34.280502,-117.336843,8350,295.7,161.9
34.271622,-117.333704,8175,294.5,164.6
34.267056,-117.332268,8100,293.7,165.2
34.265985,-117.331982,8100,293.0,165.8
34.253632,-117.328379,8025,289.9,166.6
34.249831,-117.32729,8025,285.7,166.6
34.246536,-117.326361,8025,281.6,166.6
34.243973,-117.325633,8025,278.5,166.7
34.240195,-117.324543,8025,273.6,166.5
34.238333,-117.323971,8025,269.7,166.3
34.235493,-117.32317,8025,265.6,166.3
34.232654,-117.322311,8025,260.7,166.0
34.230423,-117.321653,8025,257.6,166.1
34.228729,-117.321148,8025,254.7,165.9
34.225571,-117.320195,8050,250.3,166.1
34.222824,-117.319355,8050,246.2,166.1
34.218734,-117.318134,8075,241.8,166.4
34.199415,-117.312412,8050,237.0,166.1
34.178467,-117.306182,8050,235.0,166.0
34.167341,-117.302856,8025,231.9,166.0
34.164874,-117.302113,8000,230.9,166.0
34.162779,-117.301483,7975,229.7,166.1
34.155167,-117.299176,7775,228.7,166.1
34.147705,-117.296934,7575,227.0,165.7
34.141458,-117.295017,7375,227.0,165.7
34.135529,-117.293234,7175,227.7,166.0
34.13117,-117.292156,7050,227.2,170.4
34.128067,-117.291777,6975,225.6,175.9
34.124932,-117.291813,6900,224.2,182.3
34.122464,-117.292156,6850,222.2,188.0
34.120044,-117.292786,6775,220.0,194.5
34.117297,-117.29393,6725,218.4,200.9
34.115021,-117.295308,6650,216.9,207.8
34.112782,-117.296963,6575,216.1,214.1
34.109895,-117.299595,6475,214.8,217.2
34.107056,-117.302483,6375,213.3,221.4
34.104821,-117.305031,6275,213.6,223.9
34.102249,-117.3082,6175,212.2,226.1
34.100098,-117.310947,6075,212.3,227.3
34.098221,-117.313413,5975,212.4,227.7
34.095976,-117.316418,5875,212.4,227.7
34.094393,-117.318535,5775,212.4,227.7
34.092361,-117.321148,5675,213.0,227.5
34.090485,-117.323615,5575,214.5,227.5
34.088761,-117.325916,5475,215.1,227.3
34.08696,-117.328155,5375,215.8,227.1
34.08485,-117.330894,5275,217.2,226.7
34.083174,-117.333012,5225,218.6,226.3
34.080707,-117.336102,5150,218.6,226.3
34.076564,-117.341309,5075,215.0,226.1
34.072979,-117.345772,5050,210.0,226.0
34.070047,-117.349434,5025,205.1,226.2
34.067207,-117.352982,5025,200.1,226.0
34.06446,-117.356586,5025,195.7,229.1
34.062653,-117.359488,5000,192.9,234.5
34.060959,-117.362739,4975,192.3,239.7
34.059619,-117.366028,4900,191.9,245.0
34.058734,-117.368774,4850,191.7,249.9
34.058036,-117.37175,4800,190.4,256.3
34.057617,-117.374791,4725,188.9,261.8
34.057431,-117.37793,4675,187.3,266.9
34.057343,-117.382246,4575,185.0,269.1
34.057251,-117.387234,4475,182.1,268.4
34.057105,-117.392178,4375,179.1,268.4
34.057059,-117.396584,4275,177.0,268.7
34.056976,-117.401023,4175,176.0,269.0
34.056931,-117.405003,4075,174.0,269.0
34.056885,-117.408759,3975,174.0,269.0
34.056826,-117.412148,3875,173.0,269.3
34.056826,-117.415924,3775,173.0,270.0
34.056872,-117.419758,3675,173.0,270.7
34.056965,-117.426281,3575,171.0,271.0
34.056965,-117.431202,3475,170.0,270.3
34.057012,-117.43721,3375,167.0,269.7
34.056976,-117.441774,3275,164.0,269.6
34.056919,-117.446308,3175,161.0,269.6
34.056919,-117.451344,3075,159.0,270.0
34.056919,-117.457237,2975,155.0,270.0
34.056931,-117.463186,2875,153.0,270.0
34.056931,-117.468959,2775,148.0,270.0
34.056919,-117.474232,2700,143.0,269.6
34.056885,-117.479385,2600,139.0,269.6
34.056839,-117.485887,2525,137.0,269.2
34.056839,-117.491268,2425,133.0,269.6
34.056826,-117.497234,2325,129.0,270.4
34.056872,-117.503471,2225,125.0,270.5
34.056872,-117.509651,2150,126.0,270.0
34.056872,-117.514973,2050,126.0,270.0
34.056885,-117.5212,1975,126.0,270.0
34.056885,-117.526525,1875,126.0,270.0
34.056885,-117.532747,1800,126.0,270.0
34.056885,-117.537512,1700,126.0,270.5
34.056919,-117.543526,1600,127.0,269.5
34.056872,-117.549706,1525,126.0,269.5
34.056839,-117.553767,1425,126.0,270.0
34.056839,-117.559933,1350,125.0,270.0
34.056826,-117.565384,1250,125.0,270.0
34.056885,-117.571424,1175,127.0,270.5
34.056885,-117.577926,1075,127.0,270.0
34.056919,-117.583752,975,126.0,270.5
34.056885,-117.589809,950,115.0,269.0
34.056872,-117.591648,950,106.0,270.5
34.056919,-117.593594,950,93.0,270.0
34.056919,-117.593994,950,87.0,269.3
34.056872,-117.595596,950,80.0,269.3
34.056885,-117.596143,950,73.0,270.0
34.056885,-117.596759,950,70.0,270.0
34.056919,-117.597256,950,59.0,270.0
34.056919,-117.597713,950,50.0,270.0
34.056896,-117.598157,-50.0,35.5,270.0
34.056896,-117.598443,-50.0,31.5,270.0
34.056896,-117.598833,-50.0,24.5,270.0
34.056885,-117.599226,-50.0,16.5,270.0
34.056908,-117.599422,-50.0,14.2,275.6
34.056942,-117.599576,-50.0,14.2,286.9
34.056999,-117.599702,-50.0,13.2,300.9
34.057079,-117.599814,-50.0,12.8,315.0
34.057171,-117.59987,-50.0,11.8,334.7
34.057233,-117.599888,-50.0,11.8,343.1
34.057285,-117.599898,-50.0,11.2,351.6
34.057408,-117.599902,-50.0,11.2,0.0
34.057792,-117.599902,-50.0,6.8,0.0
34.057885,-117.599902,-50.0,1.9,0.0
34.057972,-117.599898,-50.0,3.2,0.0
34.058372,-117.599912,-50.0,4.8,0.0
34.058647,-117.599912,-50.0,4.8,0.0
34.058739,-117.599898,-50.0,5.2,5.6
34.058784,-117.599884,-50.0,5.8,14.1
34.058862,-117.599831,-50.0,6.8,30.9
34.058921,-117.599759,-50.0,7.2,50.6
34.058945,-117.59966,-50.0,8.2,67.5
34.058967,-117.59953,-50.0,9.2,78.8
34.058979,-117.599416,-50.0,10.2,87.2
34.058979,-117.598987,-50.0,12.2,90.0
34.058979,-117.598472,-50.0,13.8,90.0
34.05899,-117.598119,-50.0,14.2,90.0
34.05899,-117.597771,-50.0,14.8,90.0
34.058979,-117.59746,-50.0,14.2,90.0
34.05899,-117.596955,-50.0,11.8,90.0
34.05899,-117.596583,-50.0,8.8,87.2
34.059002,-117.596507,-50.0,8.2,78.8
34.059025,-117.59644,-50.0,7.8,67.5
34.05906,-117.596383,-50.0,7.2,53.4
34.05913,-117.596326,-50.0,6.8,30.9
34.059177,-117.596312,-50.0,7.2,16.9
34.059311,-117.596297,-50.0,7.8,2.8
34.059549,-117.596283,-50.0,7.8,0.0
34.059794,-117.596297,-50.0,3.2,0.0
34.059828,-117.596297,-50.0,2.8,354.4
34.059852,-117.596312,-50.0,2.8,345.9
34.059872,-117.596325,-50.0,2.8,340.3
34.059906,-117.596339,-50.0,2.8,334.7
34.059952,-117.596367,-50.0,1.4,331.9
34.059963,-117.596381,-50.0,0.0,331.9
34.059968,-117.596383,-50.0,0.0,331.9
34.059968,-117.596383,-50.0,0.0,331.9
34.059968,-117.596383,-50.0,0.0,331.9
34.059963,-117.596381,-50.0,0.0,331.9
34.059887,-117.596326,-50.0,0.0,337.5
34.05984,-117.596312,-50.0,2.2,351.6
34.059803,-117.596297,-50.0,2.2,357.2
34.059746,-117.596297,-50.0,2.2,0.0
34.059631,-117.596297,-50.0,2.2,0.0
34.059597,-117.596297,-50.0,2.2,357.2
34.059483,-117.596283,-50.0,2.2,357.2
34.059437,-117.596283,-50.0,2.2,0.0
34.059322,-117.596283,-50.0,2.2,0.0
34.059305,-117.596283,-50.0,2.8,0.0
34.059247,-117.596283,-50.0,2.2,2.8
34.059212,-117.596283,-50.0,2.2,8.4
34.059196,-117.596297,-50.0,2.2,14.1
34.059162,-117.596297,-50.0,2.2,16.9
34.059118,-117.596312,-50.0,2.2,28.1
34.059093,-117.596325,-50.0,2.2,36.6
34.059071,-117.596353,-50.0,2.2,42.2
34.059049,-117.596369,-50.0,2.2,50.6
34.059013,-117.596423,-50.0,2.2,67.5
34.059002,-117.596465,-50.0,2.2,73.1
34.05899,-117.596483,-50.0,2.2,78.8
34.05899,-117.596526,-50.0,2.2,87.2
34.05899,-117.596563,-50.0,1.4,92.8
34.05899,-117.596689,-50.0,0.2,92.8
34.05899,-117.596698,-50.0,0.0,95.6
34.05899,-117.596689,-50.0,0.0,95.6
34.05899,-117.596689,-50.0,0.0,92.8
34.05899,-117.596698,-50.0,0.0,95.6
34.05899,-117.596698,-50.0,0.0,95.6
34.05899,-117.596689,-50.0,0.0,92.8
34.05899,-117.596698,-50.0,0.0,92.8
34.05899,-117.596698,-50.0,0.0,92.8
34.05899,-117.596698,-50.0,0.0,95.6
34.05899,-117.596689,-50.0,0.0,95.6
34.059002,-117.596689,-50.0,0.0,92.8
34.05899,-117.596669,-50.0,0.0,92.8
34.05899,-117.596535,-50.0,4.8,90.0
34.05899,-117.596169,-50.0,7.8,90.0
34.058979,-117.596073,-50.0,7.8,98.4
34.058933,-117.595947,-50.0,7.2,115.3
34.058842,-117.595849,-50.0,8.2,143.4
34.058796,-117.595821,-50.0,8.8,154.7
34.058676,-117.595782,-50.0,10.2,171.6
34.058572,-117.595782,-50.0,10.8,177.2
34.058362,-117.595768,-50.0,11.8,174.4
34.058281,-117.595739,-50.0,11.8,165.9
34.058052,-117.595484,-50.0,11.8,120.9
34.058013,-117.59531,-50.0,12.2,101.2
34.057995,-117.594966,-50.0,13.8,90.0
34.057995,-117.594447,-50.0,15.5,90.0
34.057995,-117.594111,-50.0,14.8,90.0
34.058001,-117.593608,-50.0,15.5,90.0
34.057995,-117.593074,-50.0,14.2,90.0
34.058001,-117.592535,-50.0,12.8,90.0
34.058006,-117.592149,-50.0,12.8,90.0
34.057995,-117.591631,-50.0,12.8,90.0
34.058001,-117.591105,-50.0,13.2,90.0
34.058006,-117.590664,-50.0,12.2,90.0
34.058006,-117.590313,-50.0,13.2,90.0
34.058001,-117.588959,-50.0,12.8,90.0
34.058001,-117.5878,-50.0,10.8,90.0
34.058006,-117.587735,-50.0,10.2,90.0
34.058001,-117.585411,-50.0,8.2,90.0
34.058006,-117.585241,-50.0,8.2,90.0
34.057995,-117.58461,-50.0,4.8,90.0
34.057995,-117.584218,-50.0,2.8,90.0
34.057995,-117.584204,-50.0,2.8,90.0
34.057995,-117.583181,-50.0,8.2,95.6
34.056931,-117.587679,950,0.0,0.0
34.056872,-117.60006,1000,144.0,269.6
34.056885,-117.601524,1050,144.0,270.4
34.056885,-117.602813,1125,143.0,270.4
34.056919,-117.603893,1200,143.0,270.4
34.056931,-117.605616,1300,140.0,270.4
34.056919,-117.60704,1400,139.0,271.2
34.056965,-117.608585,1500,139.1,271.6
34.057012,-117.610073,1600,138.1,272.1
34.057059,-117.611961,1700,138.1,272.1
34.057114,-117.613912,1800,137.1,272.1
34.057152,-117.61528,1900,137.1,271.7
34.057198,-117.617111,2000,136.1,271.7
34.057245,-117.618313,2075,136.1,272.1
34.057297,-117.620302,2175,136.1,271.7
34.057343,-117.621815,2250,138.1,271.7
34.057388,-117.62344,2300,140.1,271.6
34.057388,-117.62501,2350,144.1,271.6
34.057478,-117.627125,2375,149.1,271.5
34.057524,-117.628841,2400,154.1,271.9
34.057571,-117.630959,2425,159.1,271.8
34.057617,-117.63279,2425,164.1,271.8
34.057664,-117.634277,2450,167.1,272.1
34.05771,-117.635822,2450,170.1,272.0
34.057757,-117.637367,2475,173.1,272.3
34.0578,-117.638351,2475,177.1,271.9
34.057846,-117.639976,2500,179.1,271.9
34.057892,-117.641714,2500,186.1,271.9
34.057943,-117.644405,2525,190.1,272.1
34.05799,-117.645721,2525,194.1,271.8
34.058029,-117.648552,2575,197.1,271.7
34.058176,-117.652874,2675,202.1,271.7
34.058222,-117.656479,2775,205.1,271.7
34.058269,-117.659283,2850,208.1,271.4
34.05835,-117.661332,2900,209.1,271.4
34.058362,-117.663918,3000,209.0,271.1
34.058409,-117.666206,3100,209.0,270.8
34.058409,-117.66861,3200,209.0,270.5
34.058455,-117.670956,3300,210.0,270.5
34.058455,-117.673302,3400,211.0,270.5
34.058455,-117.676277,3500,213.0,270.5
34.058487,-117.679269,3600,214.0,270.8
34.058548,-117.682858,3700,218.0,271.0
34.058641,-117.686291,3800,220.1,271.3
34.058688,-117.689896,3900,223.1,271.5
34.058853,-117.693618,4000,225.3,272.8
34.05906,-117.697449,4100,227.6,274.0
34.059357,-117.70113,4200,231.1,275.7
34.059805,-117.705574,4300,236.0,277.5
34.060272,-117.708977,4350,238.9,278.9
34.06055,-117.710838,4375,242.8,280.2
34.061096,-117.713853,4400,247.3,281.9
34.061737,-117.717105,4425,252.0,283.5
34.062469,-117.720524,4475,255.4,284.7
34.063157,-117.723484,4500,259.9,285.9
34.064529,-117.728932,4575,264.8,286.5
34.065628,-117.733416,4675,268.0,286.5
34.066772,-117.738012,4775,271.2,286.5
34.067917,-117.742721,4875,273.1,286.4
34.068787,-117.746252,4975,275.0,286.3
34.069656,-117.749895,5075,276.2,286.4
34.07048,-117.753315,5175,277.2,286.3
34.071213,-117.756285,5250,277.2,286.3
34.071723,-117.758389,5350,277.2,286.3
34.072467,-117.761478,5450,277.2,286.3
34.073352,-117.765026,5550,277.5,286.5
34.074097,-117.767944,5650,277.7,287.4
34.074981,-117.770977,5750,278.0,288.9
34.075974,-117.77411,5850,278.2,290.9
34.076935,-117.776969,5950,278.4,292.6
34.077988,-117.779828,6050,278.8,294.4
34.079132,-117.782574,6150,278.2,296.5
34.080368,-117.785321,6250,278.8,298.5
34.081604,-117.788011,6350,277.7,299.8
34.082895,-117.790489,6450,278.4,301.6
34.084245,-117.793007,6525,278.5,303.6
34.085409,-117.795067,6625,278.5,305.1
34.087271,-117.798042,6725,279.0,307.3
34.0889,-117.800503,6825,279.4,309.0
34.090623,-117.80302,6925,279.6,310.1
34.095291,-117.809311,7125,282.6,311.7
34.100026,-117.815609,7325,284.6,312.1
34.104681,-117.821789,7525,286.7,312.3
34.108592,-117.826996,7725,286.8,311.8
34.113007,-117.833022,7925,287.9,310.8
34.116806,-117.838515,8125,288.3,309.6
34.121301,-117.845249,8325,289.7,308.4
34.125504,-117.851743,8525,291.2,307.2
34.129669,-117.858582,8725,293.6,305.9
34.133311,-117.864761,8925,293.3,305.4
34.136627,-117.870409,9125,292.7,305.3
34.139922,-117.875919,9325,291.9,305.4
34.143134,-117.881413,9525,291.9,305.4
34.146698,-117.887393,9725,291.9,305.4
34.150497,-117.893839,9925,293.3,305.4
34.154772,-117.901039,10125,294.7,305.5
34.159424,-117.908917,10325,296.9,305.4
34.163635,-117.916092,10525,298.3,305.5
34.168076,-117.923603,10725,299.1,305.3
34.171646,-117.929656,10900,299.1,305.3
34.175022,-117.935371,11100,299.1,305.3
34.178513,-117.941322,11300,299.1,305.3
34.182541,-117.948154,11500,299.9,305.2
34.186567,-117.954941,11700,300.5,305.4
34.190757,-117.962093,11900,301.3,305.3
34.199555,-117.977028,12275,303.5,305.2
34.208817,-117.992772,12650,304.9,305.2
34.217478,-118.007526,13050,306.3,305.3
34.226322,-118.022518,13450,306.3,305.3
34.234726,-118.036773,13825,307.7,305.3
34.243698,-118.052075,14200,309.9,305.3
34.252904,-118.067722,14575,313.5,305.3
34.262028,-118.083286,14950,314.9,305.3
34.271618,-118.099308,15325,317.4,306.5
34.279951,-118.112183,15625,318.8,308.6
34.288513,-118.124608,15925,319.9,310.6
34.299362,-118.139181,16300,321.4,312.2
34.310675,-118.15424,16675,322.1,312.1
34.321941,-118.169289,17050,323.6,312.1
34.333832,-118.185201,17425,325.0,312.1
34.345496,-118.20076,17775,326.4,312.1
34.356436,-118.215408,18150,327.1,312.0
34.363791,-118.22525,18350,328.5,312.0
34.367934,-118.230801,18450,331.4,312.1
34.374545,-118.239613,18525,336.3,312.0
34.386462,-118.255577,18600,346.2,312.1
34.396408,-118.268887,18725,352.6,312.0
34.403,-118.277688,18850,354.8,311.9
34.416907,-118.296318,19175,356.9,312.0
34.431013,-118.315201,19500,359.0,312.0
34.444839,-118.333797,19850,360.4,312.0
34.458758,-118.352394,20200,361.8,312.0
34.471886,-118.370075,20575,360.4,312.0
34.484827,-118.38747,20925,360.4,312.0
34.499072,-118.406639,21275,361.8,312.0
34.513687,-118.426283,21600,364.0,311.9
34.528447,-118.445892,21925,365.7,313.3
34.535662,-118.45459,22025,368.5,316.2
34.543343,-118.462887,22125,371.5,319.1
34.551178,-118.470509,22250,374.2,322.3
34.559647,-118.477908,22375,376.4,325.2
34.568481,-118.484746,22500,379.1,328.1
34.577978,-118.491383,22625,381.4,330.8
34.598923,-118.505149,22925,383.5,331.5
34.620209,-118.519163,23250,385.7,331.5
34.641382,-118.533096,23575,386.2,331.4
34.6614,-118.546314,23900,386.2,331.4
34.680393,-118.558846,24250,386.2,331.4
34.70018,-118.571964,24575,386.2,331.4
34.720367,-118.585305,24900,386.7,331.2
34.742028,-118.599644,25200,388.4,331.4
34.76326,-118.613723,25500,388.9,331.3
34.784484,-118.627853,25825,391.1,331.3
34.805832,-118.64203,26125,392.5,331.2
34.827713,-118.656548,26425,394.7,331.2
34.847626,-118.669776,26750,395.6,331.3
34.867766,-118.683186,27075,396.1,331.2
34.889374,-118.697578,27400,397.0,331.2
34.910408,-118.711567,27725,397.0,331.2
34.932083,-118.725997,28025,398.3,331.2
34.951979,-118.739262,28350,398.3,331.2
34.974289,-118.754135,28675,399.2,331.2
34.996203,-118.768787,28975,400.6,331.2
35.020271,-118.784866,29275,402.8,331.2
35.044876,-118.801276,29550,405.0,331.2
35.068771,-118.817251,29825,407.3,331.2
35.093857,-118.834067,30125,408.6,331.2
35.11853,-118.850602,30400,410.9,331.2
35.143433,-118.867306,30675,412.2,331.1
35.168243,-118.883953,30950,414.5,331.1
35.194519,-118.901554,31225,415.8,331.1
35.221573,-118.919715,31475,418.0,331.1
35.24698,-118.93682,31750,418.9,331.2
35.269867,-118.952179,32050,418.0,331.1
35.29316,-118.96785,32350,417.2,331.0
35.31611,-118.983336,32675,415.8,331.1
35.339061,-118.998764,33000,413.6,331.1
35.359171,-119.012088,33275,412.4,332.6
35.370158,-119.018516,33425,413.1,335.5
35.381836,-119.024448,33575,413.9,338.5
35.393806,-119.029677,33700,415.5,341.5
35.406468,-119.034294,33825,416.3,344.4
35.419037,-119.038034,33950,417.7,347.0
35.423996,-119.039268,33975,418.3,348.6
35.434307,-119.041482,34000,420.7,350.6
35.471832,-119.048538,34000,420.7,351.4
35.509814,-119.055624,34000,417.8,351.3
35.547729,-119.062729,34000,417.9,351.2
35.566515,-119.06626,34025,418.9,351.2
35.577713,-119.068394,34100,418.9,351.2
35.60641,-119.073798,34375,417.9,351.2
35.63443,-119.079094,34675,416.9,351.2
35.662226,-119.084317,34950,416.0,351.1
35.689819,-119.089565,35225,415.0,351.1
35.720901,-119.095459,35475,414.8,351.3
35.752075,-119.101353,35725,415.0,351.1
35.784333,-119.107517,35975,415.0,351.1
35.793961,-119.109364,36000,416.0,351.1
35.832321,-119.116688,36000,424.0,351.2
35.870636,-119.123955,36000,430.1,351.2
35.910004,-119.131451,36000,430.1,351.2
35.948197,-119.138723,36000,430.1,351.2
35.987533,-119.146203,36000,430.1,351.2
36.025772,-119.153481,36000,430.1,351.2
36.064453,-119.160862,36000,429.1,351.1
36.1035,-119.168358,36000,429.1,351.1
36.142731,-119.175854,36000,429.1,351.1
36.181229,-119.183235,36000,430.1,351.2
36.219955,-119.190674,36000,430.1,351.2
36.259094,-119.19817,36000,429.1,351.1
36.297546,-119.205551,36000,428.1,351.1
36.335907,-119.212933,36000,428.1,351.1
36.374222,-119.220314,36000,427.1,351.1
36.412928,-119.227782,36000,426.1,351.1
36.451447,-119.235249,36000,426.1,351.1
36.48946,-119.242567,36000,427.1,351.1
36.527819,-119.249988,36000,427.1,351.1
36.566736,-119.257527,36000,427.1,351.1
36.605095,-119.264948,36000,427.1,351.1
36.643361,-119.27237,36000,427.1,351.1
36.681931,-119.279823,36000,426.1,351.1
36.719753,-119.287213,36000,426.1,351.1
36.75824,-119.294701,36000,426.1,351.1
36.796844,-119.302232,36000,426.1,351.1
36.835901,-119.309829,36000,425.2,351.1
36.873934,-119.317255,36000,425.2,351.1
36.912506,-119.324789,36000,425.2,351.1
36.95028,-119.332183,36000,426.1,351.1
36.989244,-119.339765,36000,425.2,351.1
37.027324,-119.347229,36000,424.2,351.0
37.065765,-119.354767,36000,425.2,351.1
37.103623,-119.362216,36000,425.2,351.1
37.14161,-119.369679,36000,424.2,351.0
37.180248,-119.377262,36000,423.2,351.0
37.218142,-119.384726,36000,423.2,351.0
37.255737,-119.392168,36000,424.2,351.0
37.294115,-119.399713,36000,424.2,351.0
37.332458,-119.407303,36000,423.2,351.0
37.370973,-119.414938,36000,423.2,351.0
37.408773,-119.422402,36000,423.2,351.0
37.447128,-119.429977,36000,423.2,351.0
37.485031,-119.437516,36000,424.2,351.0
37.523758,-119.445229,36000,423.2,351.0
37.561325,-119.452674,36000,423.2,351.0
37.599518,-119.460306,36000,423.2,351.0
37.637903,-119.467959,36000,423.2,351.0
37.676542,-119.475602,36000,422.2,351.0
37.714005,-119.483097,36000,422.2,351.0
37.751953,-119.490694,36000,423.2,351.0
37.789993,-119.498291,36000,423.2,351.0
37.828069,-119.505934,36000,421.2,351.0
37.866211,-119.513543,36000,421.2,351.0
37.903623,-119.5211,36000,420.2,351.0
37.941843,-119.528742,36000,418.2,350.9
37.979364,-119.536325,36000,418.2,350.9
38.017227,-119.543931,36000,417.3,350.9
38.054672,-119.551528,36000,418.2,350.9
38.092209,-119.559066,36000,419.2,350.9
38.129883,-119.566663,36000,421.4,350.9
38.167947,-119.574359,36000,422.3,350.9
38.20598,-119.582062,36000,423.3,350.9
38.244525,-119.589824,36000,423.3,350.9
38.283257,-119.597705,36000,423.3,350.9
38.321337,-119.605467,36000,423.3,350.9
38.359184,-119.61317,36000,422.3,350.9
38.397682,-119.620992,36000,422.3,350.9
38.435028,-119.628575,36000,420.4,350.8
38.473526,-119.636396,36000,420.4,350.8
38.511409,-119.644165,36000,420.4,350.8
38.549256,-119.651855,36000,420.2,351.0
38.587383,-119.659668,36000,419.4,350.8
38.624904,-119.667358,36000,418.4,350.8
38.662425,-119.675049,36000,418.2,350.9
38.700073,-119.68279,36000,417.4,350.8
38.737886,-119.690552,36000,418.4,350.8
38.775454,-119.698242,36000,419.4,350.8
38.813324,-119.706076,36000,418.4,350.8
38.851287,-119.713867,36000,418.4,350.8
38.888947,-119.72166,36000,418.4,350.8
38.926392,-119.729422,36000,418.4,350.8
38.96427,-119.737183,36000,418.4,350.8
39.001373,-119.744886,36000,416.4,350.7
39.039276,-119.752708,36000,415.3,350.9
39.076492,-119.76047,36000,414.3,350.8
39.113935,-119.768188,36000,413.3,350.8
39.150758,-119.775879,36000,412.3,350.8
39.187581,-119.783508,36000,411.3,350.8
39.224404,-119.791199,36000,411.3,350.8
39.261566,-119.798922,36000,410.3,350.7
39.298325,-119.806625,36000,410.3,350.7
39.33522,-119.814327,36000,410.3,350.7
39.372114,-119.822021,36000,410.3,350.7
39.409332,-119.829851,36000,411.3,350.8
39.446597,-119.837646,36000,412.3,350.8
39.48356,-119.845398,36000,413.5,350.7
39.521314,-119.853333,36000,413.3,350.8
39.55823,-119.861084,36000,412.3,350.8
39.595239,-119.868896,36000,412.3,350.8
39.632355,-119.876722,36000,411.3,350.8
39.669722,-119.884583,36000,411.3,350.8
39.706741,-119.892426,36000,410.3,350.7
39.744232,-119.900307,36000,410.3,350.7
39.781128,-119.908129,36000,410.3,350.7
39.818024,-119.915951,36000,410.3,350.7
39.854954,-119.923767,36000,410.3,350.7
39.891266,-119.931475,36000,410.3,350.7
39.928116,-119.939331,36000,409.4,350.7
39.96491,-119.94717,36000,409.4,350.7
40.001907,-119.955078,36000,409.4,350.7
40.039068,-119.962963,36000,409.4,350.7
40.076403,-119.970953,36000,410.5,350.6
40.113179,-119.978818,36000,410.5,350.6
40.15036,-119.986755,36000,410.5,350.6
40.186981,-119.994629,36000,410.5,350.6
40.224159,-120.002601,36000,410.5,350.6
40.261368,-120.010559,36000,410.5,350.6
40.298813,-120.018616,36000,411.5,350.6
40.335233,-120.026446,36000,410.5,350.6
40.37233,-120.034424,36000,410.5,350.6
40.40918,-120.042419,36000,410.5,350.6
40.446533,-120.050476,36000,410.5,350.6
40.483429,-120.058411,36000,410.5,350.6
40.521011,-120.066589,36000,411.5,350.6
40.558079,-120.074636,36000,411.5,350.6
40.595739,-120.082814,36000,411.5,350.6
40.63326,-120.090929,36000,412.6,350.5
40.669785,-120.098877,36000,412.5,350.6
40.706635,-120.106873,36000,411.7,350.5
40.743869,-120.115024,36000,413.6,350.5
40.781296,-120.123169,36000,414.6,350.6
40.818771,-120.131378,36000,414.6,350.6
40.855682,-120.139404,36000,415.6,350.6
40.892807,-120.147522,36000,416.6,350.6
40.93045,-120.155785,36000,416.6,350.6
40.968201,-120.164062,36000,416.6,350.6
41.005371,-120.172241,36000,415.8,350.5
41.042175,-120.180317,36000,415.6,350.6
41.079324,-120.188495,36000,415.6,350.6
41.116882,-120.196777,36000,416.8,350.5
41.154692,-120.205099,36000,417.7,350.5
41.19198,-120.213339,36000,417.7,350.5
41.229408,-120.221641,36000,418.7,350.5
41.267628,-120.23013,36000,418.7,350.5
41.305056,-120.23837,36000,418.7,350.5
41.34288,-120.246765,36000,417.7,350.5
41.381058,-120.255249,36000,416.8,350.5
41.41832,-120.263526,36000,417.7,350.5
41.455326,-120.271805,36000,419.7,350.5
41.492941,-120.280173,36000,420.9,350.4
41.531021,-120.288682,36000,420.9,350.4
41.568741,-120.297109,36000,420.9,350.4
41.605876,-120.305403,36000,419.9,350.4
41.643444,-120.313834,36000,420.9,350.4
41.681534,-120.32239,36000,421.8,350.5
41.719697,-120.330952,36000,422.8,350.5
41.757156,-120.339369,36000,422.8,350.5
41.795391,-120.348007,36000,423.8,350.5
41.833237,-120.356502,36000,424.0,350.4
41.871271,-120.365061,36000,422.8,350.5
41.909317,-120.373702,36000,424.0,350.4
41.947998,-120.382441,36000,425.0,350.4
41.986581,-120.391186,36000,426.0,350.4
42.024948,-120.399857,36000,426.0,350.4
42.063345,-120.408559,36000,425.0,350.4
42.101471,-120.417246,36000,425.0,350.4
42.140063,-120.426061,36000,425.0,350.4
42.17775,-120.434626,36000,426.0,350.4
42.216176,-120.443435,36000,426.0,350.4
42.254837,-120.452229,36000,427.1,350.3
42.292662,-120.460872,36000,426.9,350.4
42.331055,-120.469645,36000,425.0,350.4
42.368958,-120.478384,36000,425.0,350.4
42.406906,-120.487061,36000,425.0,350.4
42.444901,-120.4958,36000,425.0,350.4
42.462662,-120.500232,36000,424.4,348.6
42.476776,-120.504626,36000,423.2,346.2
42.491114,-120.509927,36000,422.1,343.6
42.505219,-120.516123,36000,421.5,341.2
42.519424,-120.523265,36000,420.4,338.8
42.533066,-120.531006,36000,420.5,336.3
42.56839,-120.552404,36000,421.7,335.9
42.603118,-120.573418,36000,422.1,335.8
42.638033,-120.594624,36000,422.1,335.8
42.673692,-120.616214,36000,423.0,335.9
42.709076,-120.637748,36000,424.3,335.8
42.744186,-120.659096,36000,425.2,335.9
42.779388,-120.680507,36000,426.1,335.9
42.814636,-120.701997,36000,425.2,335.9
42.850571,-120.723905,36000,425.2,335.9
42.885681,-120.745367,36000,425.2,335.9
42.920837,-120.766829,36000,425.2,335.9
42.956357,-120.788596,36000,425.2,335.9
42.99155,-120.810176,36000,426.6,335.8
43.027313,-120.832108,36000,427.9,335.7
43.062607,-120.853825,36000,427.9,335.7
43.097992,-120.875606,36000,427.9,335.7
43.133674,-120.897609,36000,429.2,335.6
43.169845,-120.919909,36000,429.2,335.6
43.205612,-120.942035,36000,429.2,335.6
43.241536,-120.964246,36000,429.2,335.6
43.277115,-120.9863,36000,428.3,335.6
43.312854,-121.008453,36000,429.2,335.6
43.348068,-121.030373,36000,429.2,335.6
43.384003,-121.052665,36000,428.3,335.6
43.419086,-121.074502,36000,427.4,335.5
43.454792,-121.096802,36000,426.1,335.6
43.489892,-121.118709,36000,425.1,335.5
43.52583,-121.141205,36000,425.6,335.4
43.561203,-121.163358,36000,426.5,335.5
43.596124,-121.185216,36000,427.4,335.5
43.631653,-121.207495,36000,427.4,335.5
43.667256,-121.22988,36000,427.8,335.4
43.702881,-121.252335,36000,427.8,335.4
43.738574,-121.274806,36000,428.7,335.5
43.773861,-121.297106,36000,429.1,335.4
43.809631,-121.319722,36000,429.1,335.4
43.845108,-121.342142,36000,430.0,335.4
43.880585,-121.364625,36000,431.4,335.3
43.916885,-121.38762,36000,432.3,335.4
43.952807,-121.410435,36000,431.4,335.3
43.988892,-121.433418,36000,431.4,335.3
44.024323,-121.455965,36000,431.8,335.2
44.060074,-121.478768,36000,432.7,335.3
44.095956,-121.501726,36000,433.6,335.3
44.131615,-121.524484,36000,434.0,335.2
44.167694,-121.547624,36000,434.0,335.2
44.203817,-121.570755,36000,434.9,335.3
44.240067,-121.593999,36000,434.9,335.3
44.276413,-121.61741,36000,434.0,335.2
44.312517,-121.640625,36000,435.3,335.1
44.348269,-121.663669,36000,434.4,335.1
44.383928,-121.686647,36000,433.1,335.1
44.420013,-121.710009,36000,432.2,335.1
44.455897,-121.733272,36000,432.2,335.1
44.491417,-121.756249,36000,433.1,335.1
44.527176,-121.779458,36000,432.2,335.1
44.562698,-121.802543,36000,432.6,335.0
44.597928,-121.825517,36000,433.5,335.0
44.633926,-121.848973,36000,433.5,335.0
44.670273,-121.872711,36000,434.8,335.0
44.706535,-121.896325,36000,435.8,335.0
44.742599,-121.919926,36000,436.2,334.9
44.778737,-121.943687,36000,437.1,335.0
44.814722,-121.967267,36000,438.0,335.0
44.851405,-121.991384,36000,438.4,334.9
44.887297,-122.014964,36000,437.5,334.8
44.923599,-122.038879,36000,438.4,334.9
44.959534,-122.062618,36000,437.5,334.8
44.996063,-122.086748,36000,435.3,334.9
45.032168,-122.110625,36000,434.4,334.8
45.068069,-122.134421,36000,433.0,334.9
45.103546,-122.157963,36000,432.1,334.8
45.139709,-122.181963,36000,432.1,334.8
45.175186,-122.205636,36000,433.5,334.7
45.2108,-122.229374,36000,433.5,334.7
45.246368,-122.253113,36000,434.4,334.8
45.281799,-122.27672,36000,433.5,334.7
45.297729,-122.287445,36000,434.8,334.7
45.30245,-122.290627,35975,434.8,334.7
45.331421,-122.310006,35700,435.7,334.7
45.360626,-122.329559,35450,435.7,334.7
45.391365,-122.350181,35200,433.5,334.7
45.398673,-122.355138,35125,433.9,334.6
45.405842,-122.359962,35025,433.9,334.6
45.414185,-122.365526,34875,433.9,334.6
45.433494,-122.378518,34500,433.9,334.6
45.454788,-122.392862,34125,433.0,334.6
45.475708,-122.406921,33750,431.7,334.6
45.496628,-122.421047,33400,431.7,334.6
45.517639,-122.435172,33025,433.0,334.6
45.538605,-122.449363,32650,433.0,334.6
45.559616,-122.463595,32300,435.2,334.5
45.580506,-122.477715,31925,435.2,334.5
45.601408,-122.491859,31550,435.2,334.5
45.622543,-122.506142,31175,436.1,334.6
45.643678,-122.520493,30800,436.1,334.6
45.664766,-122.534775,30425,435.2,334.5
45.685761,-122.548988,30050,432.1,334.5
45.70657,-122.563133,29700,428.5,334.6
45.721094,-122.572403,29450,427.4,336.9
45.735013,-122.580231,29200,427.6,339.3
45.748467,-122.586823,28975,426.9,342.0
45.763229,-122.593086,28725,427.5,344.5
45.777469,-122.598083,28500,429.1,346.9
45.792319,-122.602341,28275,430.3,349.4
45.814338,-122.607765,27900,431.1,350.4
45.837479,-122.613451,27525,430.2,350.2
45.860658,-122.619164,27150,427.3,350.2
45.883347,-122.624772,26800,424.2,350.2
45.906093,-122.630356,26425,422.2,350.2
45.928298,-122.635849,26075,419.2,350.1
45.95018,-122.641252,25700,417.1,350.2
45.97243,-122.646767,25350,415.1,350.1
45.99472,-122.652305,25000,414.1,350.1
46.016887,-122.657822,24625,412.0,350.2
46.03894,-122.663358,24275,409.0,350.1
46.060832,-122.668808,23925,406.1,350.1
46.081879,-122.674077,23575,403.9,350.2
46.102962,-122.679314,23225,400.8,350.2
46.120697,-122.683187,22950,399.8,352.1
46.14174,-122.687073,22600,398.2,352.8
46.163387,-122.691124,22250,395.4,352.4
46.18522,-122.695312,21900,392.5,352.4
46.206985,-122.699533,21550,388.5,352.3
46.229305,-122.703896,21200,385.5,352.2
46.250793,-122.708108,20850,383.5,352.2
46.27327,-122.712596,20500,384.7,352.1
46.29485,-122.716873,20150,386.1,352.7
46.313095,-122.719697,19850,386.7,354.7
46.332962,-122.72184,19550,386.7,356.4
46.352966,-122.723113,19225,386.2,358.2
46.374688,-122.723877,18875,385.1,358.7
46.396055,-122.724632,18525,384.1,358.7
46.418866,-122.725388,18175,386.1,358.5
46.44072,-122.726262,17825,389.1,358.5
46.462764,-122.727036,17475,391.1,358.5
46.484597,-122.727859,17125,391.1,358.5
46.506058,-122.728615,16775,388.1,358.5
46.527832,-122.729343,16450,383.1,358.6
46.548248,-122.73008,16100,378.1,358.5
46.568717,-122.730812,15725,373.1,358.6
46.590225,-122.731554,15400,367.1,358.6
46.611145,-122.732358,15050,364.1,358.4
46.632261,-122.733147,14725,360.1,358.6
46.653351,-122.733899,14375,358.1,358.6
46.673676,-122.734636,14050,356.1,358.5
46.694408,-122.735413,13725,355.1,358.5
46.715103,-122.736176,13400,354.1,358.5
46.728836,-122.736645,13175,353.1,358.5
46.744266,-122.737198,12850,351.1,358.7
46.747696,-122.737315,12825,348.1,358.5
46.758837,-122.737404,12675,342.1,1.3
46.766378,-122.736649,12600,340.5,5.4
46.772278,-122.735372,12525,338.5,9.4
46.778202,-122.73349,12450,338.8,13.8
46.784068,-122.730881,12375,339.0,18.8
46.789934,-122.727585,12300,339.2,23.1
46.795566,-122.723534,12200,339.9,26.6
46.800201,-122.719563,12100,341.5,32.2
46.806381,-122.713199,11975,341.8,36.4
46.81563,-122.702728,11775,340.9,38.5
46.825034,-122.691605,11575,340.3,39.4
46.833801,-122.68091,11400,339.2,40.2
46.842584,-122.669907,11225,336.6,41.3
46.851336,-122.658371,11025,332.0,42.4
46.860646,-122.645737,10875,325.4,43.3
46.869724,-122.633197,10725,319.7,43.5
46.878891,-122.620537,10550,312.7,43.4
46.88768,-122.608452,10400,307.0,43.4
46.89624,-122.596573,10250,302.8,43.4
46.904871,-122.584604,10100,300.6,43.5
46.913544,-122.572678,9950,299.2,43.5
46.920838,-122.562138,9775,299.8,45.5
46.928101,-122.551011,9600,298.5,46.6
46.935196,-122.540131,9425,297.8,46.5
46.942795,-122.528458,9250,297.8,46.2
46.950348,-122.516991,9075,296.3,46.2
46.957947,-122.505455,8900,294.9,46.0
46.965546,-122.493988,8725,293.5,46.0
46.972977,-122.48291,8550,292.1,44.3
46.978729,-122.475243,8450,291.9,41.4
46.984429,-122.468543,8325,292.1,38.0
46.990265,-122.462265,8200,292.4,34.8
46.996951,-122.456008,8075,292.8,31.7
47.006215,-122.44812,7900,293.0,29.9
47.0159,-122.43988,7725,293.5,30.1
47.025534,-122.431781,7550,292.1,30.0
47.034845,-122.423894,7375,290.7,29.9
47.044876,-122.415436,7200,289.9,30.0
47.054304,-122.407485,7025,289.9,30.0
47.059424,-122.403118,6925,289.0,30.1
47.065247,-122.39827,6825,288.5,29.9
47.070282,-122.394012,6725,287.1,29.9
47.076233,-122.389,6625,284.0,30.0
47.083008,-122.383232,6525,280.4,30.0
47.089451,-122.377765,6450,276.0,30.0
47.095871,-122.372383,6350,271.5,30.1
47.102485,-122.366779,6250,267.4,29.8
47.110336,-122.360229,6150,263.8,29.8
47.116544,-122.3553,6050,261.2,27.4
47.122421,-122.351234,5975,259.2,23.9
47.12888,-122.347553,5875,258.0,20.9
47.134374,-122.344877,5800,255.6,17.3
47.141327,-122.342102,5725,252.7,14.2
47.14769,-122.339767,5625,249.6,14.1
47.154327,-122.337296,5525,245.7,14.4
47.159745,-122.335299,5475,241.6,14.4
47.164074,-122.333679,5425,237.2,14.1
47.16925,-122.331734,5350,233.1,14.2
47.174408,-122.329806,5300,229.0,14.2
47.179669,-122.327834,5225,224.8,14.2
47.183853,-122.326309,5150,220.7,14.2
47.188202,-122.324661,5100,216.6,14.2
47.191589,-122.323425,5075,212.2,13.9
47.195171,-122.32227,5025,207.7,12.2
47.199097,-122.321228,4975,203.7,9.3
47.203949,-122.320335,4900,201.1,6.0
47.208755,-122.319786,4825,201.4,3.7
47.213,-122.319594,4725,201.1,1.4
47.217469,-122.319594,4625,201.0,359.7
47.222357,-122.319665,4525,200.0,359.7
47.227707,-122.319649,4425,200.0,0.3
47.232599,-122.319594,4325,200.0,0.3
47.238185,-122.319594,4225,200.0,0.0
47.243352,-122.319594,4125,201.0,0.0
47.248566,-122.319665,4025,201.0,359.7
47.254525,-122.319665,3925,201.0,359.7
47.259201,-122.319649,3825,200.0,0.6
47.263835,-122.319524,3725,198.0,1.2
47.269608,-122.319312,3625,196.1,1.5
47.274811,-122.319168,3525,194.0,0.9
47.27916,-122.319031,3425,190.0,0.9
47.282181,-122.318962,3400,185.0,0.9
47.285017,-122.31889,3350,180.0,0.6
47.288275,-122.31889,3275,176.0,0.3
47.291611,-122.318893,3200,171.0,0.0
47.294724,-122.318893,3150,166.0,0.0
47.29834,-122.318893,3075,161.0,359.6
47.303498,-122.31896,2975,158.0,359.3
47.308805,-122.31896,2875,158.0,0.0
47.314453,-122.318962,2775,158.0,0.0
47.319512,-122.31896,2675,157.0,0.0
47.324615,-122.318962,2575,155.0,0.0
47.329971,-122.318893,2475,153.0,0.4
47.334874,-122.31889,2375,151.0,0.0
47.340414,-122.31889,2275,149.0,0.4
47.34586,-122.31889,2175,147.0,0.0
47.350143,-122.318819,2075,143.0,0.0
47.353541,-122.318819,2000,138.0,0.0
47.356754,-122.318819,1950,133.0,0.4
47.360571,-122.318749,1875,128.0,0.0
47.36554,-122.318756,1775,124.0,0.0
47.370529,-122.318756,1700,122.0,0.5
47.37442,-122.318687,1600,121.0,0.5
47.379456,-122.318687,1525,119.0,0.5
47.384125,-122.318619,1425,120.0,0.5
47.388977,-122.31855,1350,120.0,0.5
47.393417,-122.318481,1250,120.0,0.0
47.398185,-122.318467,1175,121.0,0.5
47.402573,-122.318413,1075,121.0,0.5
47.407516,-122.318344,975,120.0,0.5
47.41243,-122.318256,900,120.0,0.5
47.416899,-122.318256,800,120.0,359.5
47.421554,-122.318256,725,121.0,0.9
47.426193,-122.318138,625,122.0,0.0
47.431,-122.318207,550,122.0,359.5
47.435257,-122.318138,450,121.0,0.5
47.439972,-122.318069,375,121.0,0.5
47.443248,-122.318045,325,121.0,0.5
47.445389,-122.318045,300,117.0,0.5
47.447018,-122.318045,300,111.0,0.0
47.447571,-122.318069,325,106.0,0.5
47.448555,-122.318045,325,101.0,1.1
47.450743,-122.317974,325,97.0,1.2
47.451096,-122.318001,325,73.0,0.0
47.451874,-122.318001,325,69.0,0.0
47.452789,-122.318001,325,61.0,0.9
47.453908,-122.317974,350,56.0,1.0
47.454941,-122.317932,350,51.0,0.0
47.455072,-122.317904,350,46.0,0.0
47.455212,-122.317939,-50.0,43.5,0.0
47.455514,-122.317939,-50.0,39.5,0.0
47.456085,-122.317915,-50.0,34.5,2.8
47.456492,-122.317886,-50.0,32.5,2.8
47.456853,-122.317834,-50.0,31.5,5.6
47.457264,-122.31776,-50.0,29.5,8.4
47.457656,-122.317657,-50.0,28.5,11.2
47.457928,-122.317554,-50.0,27.5,14.1
47.458157,-122.317451,-50.0,26.5,16.9
47.458319,-122.317376,-50.0,25.5,19.7
47.458575,-122.317217,-50.0,24.5,22.5
47.458717,-122.317108,-50.0,24.5,25.3
47.459017,-122.316883,-50.0,23.5,30.9
47.459198,-122.316696,-50.0,22.5,33.8
47.459343,-122.316548,-50.0,21.5,39.4
47.459483,-122.316355,-50.0,20.5,45.0
47.459611,-122.316143,-50.0,19.5,47.8
47.459716,-122.315932,-50.0,19.5,53.4
47.459809,-122.315721,-50.0,18.5,56.2
47.459896,-122.315495,-50.0,17.5,61.9
47.459976,-122.31522,-50.0,17.5,67.5
47.460033,-122.314962,-50.0,17.5,73.1
47.460076,-122.314717,-50.0,16.5,75.9
47.4601,-122.314471,-50.0,14.2,81.6
47.460114,-122.31419,-50.0,11.8,87.2
47.460102,-122.313967,-50.0,10.8,95.6
47.460079,-122.313829,-50.0,10.8,109.7
47.460056,-122.313761,-50.0,10.8,115.3
47.460022,-122.313692,-50.0,10.8,123.8
47.459953,-122.313606,-50.0,10.8,137.8
47.45989,-122.313555,-50.0,10.8,146.2
47.459797,-122.313502,-50.0,11.2,160.3
47.459702,-122.313469,-50.0,11.8,174.4
47.459496,-122.313469,-50.0,13.2,180.0
47.459049,-122.313486,-50.0,15.5,180.0
47.458614,-122.313469,-50.0,17.5,180.0
47.458179,-122.313485,-50.0,19.5,180.0
47.457784,-122.313485,-50.0,20.5,180.0
47.457353,-122.313485,-50.0,21.5,180.0
47.456932,-122.313486,-50.0,22.5,180.0
47.45652,-122.313486,-50.0,22.5,180.0
47.456097,-122.313503,-50.0,22.5,180.0
47.455689,-122.313502,-50.0,22.5,180.0
47.455281,-122.313502,-50.0,22.5,180.0
47.454884,-122.313503,-50.0,22.5,180.0
47.454513,-122.313502,-50.0,23.5,180.0
47.454083,-122.31352,-50.0,23.5,180.0
47.453751,-122.31352,-50.0,23.5,180.0
47.453361,-122.31352,-50.0,24.5,180.0
47.45295,-122.31352,-50.0,24.5,180.0
47.452523,-122.31352,-50.0,24.5,180.0
47.452114,-122.313538,-50.0,24.5,180.0
47.451714,-122.313538,-50.0,24.5,180.0
47.451371,-122.313538,-50.0,24.5,180.0
47.451057,-122.313538,-50.0,24.5,180.0
47.450638,-122.313538,-50.0,24.5,180.0
47.4501,-122.313555,-50.0,25.5,180.0
47.449695,-122.313555,-50.0,26.5,180.0
47.448962,-122.313555,-50.0,26.5,180.0
47.44852,-122.313555,-50.0,25.5,180.0
47.448086,-122.313572,-50.0,25.5,180.0
47.447708,-122.313572,-50.0,25.5,180.0
47.447309,-122.313573,-50.0,24.5,180.0
47.446902,-122.31359,-50.0,23.5,180.0
47.446484,-122.313589,-50.0,24.5,180.0
47.446134,-122.313573,-50.0,24.5,180.0
47.445645,-122.31359,-50.0,26.5,180.0
47.445214,-122.31359,-50.0,25.5,180.0
47.444924,-122.31359,-50.0,26.5,180.0
47.444607,-122.313589,-50.0,26.5,180.0
47.44419,-122.313608,-50.0,25.5,180.0
47.443886,-122.313606,-50.0,24.5,180.0
47.443445,-122.313608,-50.0,21.5,180.0
47.443061,-122.313608,-50.0,17.5,180.0
47.442736,-122.313608,-50.0,13.2,180.0
47.442627,-122.313589,-50.0,11.2,171.6
47.44249,-122.313503,-50.0,10.2,154.7
47.44241,-122.3134,-50.0,9.8,140.6
47.442352,-122.313332,-50.0,9.2,129.4
47.442318,-122.313229,-50.0,9.2,120.9
47.442282,-122.313097,-50.0,8.2,112.5
47.442249,-122.312937,-50.0,7.2,106.9
47.442204,-122.312696,-50.0,2.2,106.9
47.4422,-122.312692,-50.0,0.0,106.9
47.442192,-122.312696,-50.0,0.0,106.9
47.442192,-122.312696,-50.0,0.0,106.9
47.442189,-122.312657,-50.0,0.0,106.9
47.442165,-122.312534,-50.0,4.8,106.9
47.442101,-122.31225,-50.0,9.8,109.7
47.44202,-122.311993,-50.0,11.8,112.5
47.441963,-122.311821,-50.0,12.2,118.1
47.441851,-122.311566,-50.0,12.8,123.8
47.441746,-122.311354,-50.0,12.2,126.6
47.441608,-122.311134,-50.0,12.8,132.2
47.441437,-122.310911,-50.0,14.8,140.6
47.441322,-122.310774,-50.0,15.5,143.4
47.441185,-122.310637,-50.0,15.5,146.2
47.440908,-122.310404,-50.0,15.5,149.1
47.440578,-122.310122,-50.0,15.5,149.1
47.440235,-122.30983,-50.0,12.8,149.1
47.439919,-122.309559,-50.0,8.2,149.1
47.439674,-122.309366,-50.0,3.2,149.1
47.439663,-122.309349,-50.0,0.0,149.1
47.439663,-122.309349,-50.0,0.0,149.1
47.439663,-122.309347,-50.0,0.0,146.2
47.439663,-122.309347,-50.0,0.0,146.2
47.439663,-122.309347,-50.0,0.0,146.2
47.439663,-122.309365,-50.0,0.0,146.2
47.439663,-122.309349,-50.0,0.0,146.2
47.439663,-122.309349,-50.0,0.0,146.2
47.439663,-122.309349,-50.0,0.0,146.2
47.439663,-122.309365,-50.0,0.0,146.2
47.43957,-122.309259,-50.0,4.8,146.2
47.43948,-122.30916,-50.0,7.2,143.4
47.439395,-122.309048,-50.0,9.2,137.8
47.439314,-122.308925,-50.0,11.2,132.2
47.439244,-122.308784,-50.0,12.2,126.6
47.439174,-122.308643,-50.0,12.8,120.9
47.439137,-122.308491,-50.0,13.2,115.3
47.439081,-122.308291,-50.0,13.8,109.7
47.439058,-122.308115,-50.0,13.8,104.1
47.439034,-122.307941,-50.0,14.2,95.6
47.439023,-122.307639,-50.0,15.5,90.0
47.439022,-122.307375,-50.0,15.5,90.0
47.439023,-122.307111,-50.0,13.8,84.4
47.439058,-122.306935,-50.0,12.8,75.9
47.439068,-122.30686,-50.0,12.2,70.3
47.439105,-122.306759,-50.0,11.8,59.1
47.439163,-122.306671,-50.0,11.2,50.6
47.439217,-122.306602,-50.0,10.8,42.2
47.439337,-122.306477,-50.0,10.2,28.1
47.43943,-122.306425,-50.0,9.8,19.7
47.439675,-122.306301,-50.0,7.8,22.5
47.439743,-122.306242,-50.0,7.8,30.9
47.439789,-122.30619,-50.0,7.2,39.4
47.439861,-122.306055,-50.0,6.8,56.2
47.439884,-122.305984,-50.0,7.2,64.7
47.439896,-122.305896,-50.0,7.2,73.1
47.439915,-122.305779,-50.0,7.8,81.6
47.439919,-122.305632,-50.0,8.2,87.2
47.439915,-122.305246,-50.0,9.2,90.0
47.439919,-122.304682,-50.0,7.8,90.0
47.439919,-122.304347,-50.0,3.2,90.0
47.439919,-122.304259,-50.0,0.0,90.0
47.439926,-122.304182,-50.0,0.0,78.8
47.439972,-122.304096,-50.0,3.8,47.8
47.440018,-122.304062,-50.0,3.8,33.8
47.440063,-122.304028,-50.0,4.2,25.3
47.440109,-122.303993,-50.0,4.8,19.7
47.440187,-122.303977,-50.0,6.2,16.9
47.440235,-122.303959,-50.0,6.8,14.1
47.44042,-122.303889,-50.0,4.8,14.1
47.440501,-122.303854,-50.0,1.1,11.2
47.440521,-122.303856,-50.0,0.0,11.2
47.440521,-122.303856,-50.0,0.0,0.0
47.44051,-122.303856,-50.0,0.0,11.2
47.440521,-122.303856,-50.0,0.0,11.2
47.440513,-122.303854,-50.0,0.0,11.2
47.440521,-122.303839,-50.0,0.0,11.2
47.440513,-122.303854,-50.0,0.0,11.2
47.440513,-122.303854,-50.0,0.0,11.2
47.44043,-122.303873,-50.0,0.0,8.4
47.440395,-122.30389,-50.0,1.6,5.6
47.440373,-122.303889,-50.0,1.9,2.8
47.44035,-122.303889,-50.0,1.9,0.0
47.440292,-122.30389,-50.0,1.9,357.2
47.440268,-122.303889,-50.0,1.9,354.4
47.440233,-122.303889,-50.0,1.6,351.6
47.440175,-122.303872,-50.0,1.6,348.8
47.440132,-122.303856,-50.0,1.6,351.6
47.440129,-122.303854,-50.0,1.6,351.6
47.440094,-122.303854,-50.0,1.6,354.4
47.440075,-122.303839,-50.0,1.6,0.0
47.440059,-122.303837,-50.0,1.4,5.6
47.440018,-122.303839,-50.0,1.1,16.9
47.439989,-122.303854,-50.0,0.9,30.9
47.439972,-122.303873,-50.0,0.9,42.2
47.43996,-122.30389,-50.0,0.8,47.8
47.439942,-122.303889,-50.0,0.9,56.2
47.439942,-122.303907,-50.0,0.9,61.9
47.439931,-122.303925,-50.0,0.8,67.5
47.439926,-122.303942,-50.0,0.8,70.3
47.439926,-122.303959,-50.0,0.8,75.9
47.439915,-122.303976,-50.0,0.8,78.8
47.439908,-122.304013,-50.0,0.8,81.6
47.439926,-122.30389,-50.0,2.2,81.6
47.439931,-122.303784,-50.0,2.2,81.6
47.439949,-122.303667,-50.0,2.2,81.6
47.439954,-122.303555,-50.0,2.2,78.8
47.439966,-122.303502,-50.0,2.2,78.8
47.439989,-122.303396,-50.0,1.9,75.9
47.440001,-122.303308,-50.0,1.4,75.9
47.440006,-122.303272,-50.0,0.0,73.1
47.440006,-122.303272,-50.0,0.0,73.1
47.440006,-122.303272,-50.0,0.0,73.1
47.440001,-122.303273,-50.0,0.0,73.1
47.440001,-122.303273,-50.0,0.0,73.1
47.440012,-122.303273,-50.0,0.0,73.1
47.440018,-122.303238,-50.0,0.0,73.1
47.440059,-122.303079,-50.0,5.2,67.5
47.440121,-122.302912,-50.0,7.2,59.1
47.440164,-122.302798,-50.0,8.2,56.2
47.440303,-122.302534,-50.0,8.8,50.6
47.440396,-122.302358,-50.0,8.8,53.4
47.440556,-122.301607,-50.0,9.8,90.0
47.440544,-122.30147,-50.0,9.8,98.4
47.440475,-122.301144,-50.0,10.8,115.3
47.440373,-122.300949,-50.0,11.2,126.6
47.440105,-122.300544,-50.0,11.2,137.8
47.43988,-122.300217,-50.0,11.2,135.0
47.439582,-122.299752,-50.0,11.8,135.0
47.439407,-122.299576,-50.0,11.8,151.9
47.439256,-122.299523,-50.0,11.8,168.8
47.439221,-122.299365,-50.0,12.2,182.8
47.439011,-122.299593,-50.0,12.8,188.4
47.438599,-122.29965,-50.0,13.2,191.2
47.438358,-122.299719,-50.0,13.2,191.2
47.438072,-122.299788,-50.0,11.8,191.2
47.437952,-122.29984,-50.0,11.8,199.7
47.437638,-122.300544,-50.0,14.2,255.9
47.437603,-122.300783,-50.0,14.8,258.8
47.437557,-122.301178,-50.0,14.2,261.6
47.437511,-122.301453,-50.0,14.2,258.8
47.437417,-122.302094,-50.0,14.8,258.8
47.437363,-122.302465,-50.0,14.8,258.8
47.437283,-122.302929,-50.0,14.8,255.9
47.437248,-122.303169,-50.0,14.2,258.8
47.437219,-122.303467,-50.0,14.2,264.4
47.437214,-122.303959,-50.0,14.2,272.8
47.437225,-122.304594,-50.0,13.8,270.0
47.437219,-122.30521,-50.0,12.8,270.0
47.437225,-122.305744,-50.0,10.8,270.0
47.437219,-122.305879,-50.0,10.8,264.4
47.437196,-122.305984,-50.0,10.8,253.1
47.437157,-122.306087,-50.0,10.2,244.7
47.437126,-122.306161,-50.0,10.8,236.2
47.437079,-122.306231,-50.0,10.8,227.8
47.437019,-122.306293,-50.0,10.8,216.6
47.436951,-122.306345,-50.0,11.2,205.3
47.436893,-122.306372,-50.0,11.2,199.7
47.436812,-122.306389,-50.0,11.2,188.4
47.436684,-122.306372,-50.0,11.8,174.4
47.436539,-122.306345,-50.0,12.2,168.8
47.43637,-122.306266,-50.0,12.2,160.3
47.436253,-122.306178,-50.0,11.8,154.7
47.436102,-122.306055,-50.0,11.8,149.1
47.43576,-122.305761,-50.0,12.2,151.9
47.435671,-122.305703,-50.0,12.2,157.5
47.435543,-122.305658,-50.0,12.2,165.9
47.435463,-122.305641,-50.0,12.8,171.6
47.435257,-122.305607,-50.0,13.8,177.2
47.434973,-122.305597,-50.0,15.5,180.0
47.434582,-122.305607,-50.0,17.5,180.0
47.434147,-122.305607,-50.0,17.5,180.0
47.433786,-122.305615,-50.0,16.5,180.0
47.433735,-122.305607,-50.0,16.5,180.0
47.433323,-122.305607,-50.0,15.5,180.0
47.432936,-122.305615,-50.0,13.2,180.0
47.432751,-122.305641,-50.0,13.8,185.6
47.432576,-122.305685,-50.0,14.8,191.2
47.432316,-122.305813,-50.0,15.5,202.5
47.432236,-122.305864,-50.0,15.5,205.3
47.432156,-122.305933,-50.0,15.5,210.9
47.431973,-122.306139,-50.0,15.5,219.4
47.431819,-122.306407,-50.0,14.2,236.2
47.431714,-122.306935,-50.0,13.8,264.4
47.431721,-122.307186,-50.0,14.2,270.0
47.431721,-122.307547,-50.0,13.8,270.0
47.431726,-122.30778,-50.0,8.8,275.6
47.431755,-122.307907,-50.0,7.8,289.7
47.431938,-122.308062,-50.0,7.2,351.6
47.432005,-122.308062,-50.0,5.8,0.0
47.432168,-122.308062,-50.0,6.8,2.8
47.43225,-122.308062,-50.0,9.8,2.8
47.43235,-122.308044,-50.0,18.5,2.8
47.433517,-122.308044,325,51.0,0.0
47.433929,-122.308044,325,61.0,0.9
47.437271,-122.307976,325,96.0,0.6
47.437568,-122.307974,325,102.0,0.6
47.438461,-122.307976,325,106.0,0.5
47.438965,-122.307974,325,108.0,0.5
47.43943,-122.307974,325,113.0,0.5
47.439972,-122.307976,325,118.0,0.5
47.442032,-122.307976,350,130.0,0.4
47.443314,-122.307976,350,137.0,0.0
47.445419,-122.307976,350,145.0,0.0
47.446793,-122.307976,375,148.0,0.0
47.448166,-122.307907,450,149.0,0.0
47.448834,-122.307904,500,149.0,0.4
47.449539,-122.307907,525,149.0,0.4
47.45023,-122.307904,575,148.0,0.4
47.451581,-122.307904,675,148.0,0.8
47.452835,-122.307838,775,146.0,0.8
47.453888,-122.307838,850,145.0,0.8
47.455072,-122.307833,950,143.0,0.8
47.456143,-122.307763,1050,141.0,0.4
47.457047,-122.30777,1150,141.0,0.4
47.458328,-122.30777,1250,139.0,0.0
47.459541,-122.307763,1350,138.0,0.0
47.460892,-122.30777,1450,137.0,0.0
47.462055,-122.307763,1550,136.0,0.4
47.463265,-122.307763,1650,137.0,0.8
47.465195,-122.307701,1750,138.0,1.2
47.466896,-122.307622,1825,140.0,1.2
47.468628,-122.307564,1900,144.0,0.8
47.469922,-122.307551,1925,148.0,0.8
47.471272,-122.307551,1975,151.0,0.8
47.472839,-122.307495,2000,154.0,0.7
47.473926,-122.307481,2025,158.0,0.7
47.475415,-122.307481,2050,162.0,0.7
47.476456,-122.307495,2075,166.0,0.7
47.477692,-122.307426,2075,170.0,0.7
47.479558,-122.307411,2100,174.0,0.7
47.480347,-122.307426,2125,176.0,0.6
47.481674,-122.307358,2125,180.0,0.6
47.484055,-122.307358,2175,184.0,0.6
47.485794,-122.307289,2225,188.0,0.6
47.488312,-122.307289,2275,192.0,0.6
47.491336,-122.307199,2375,196.0,0.6
47.493617,-122.307199,2475,198.0,0.6
47.496178,-122.307129,2575,199.0,0.6
47.498154,-122.307083,2675,200.0,0.6
47.500397,-122.307083,2775,201.0,0.6
47.502274,-122.307083,2875,202.0,0.6
47.50415,-122.307014,2975,203.0,0.3
47.506027,-122.307014,3050,203.0,0.0
47.507769,-122.307058,3150,204.0,359.4
47.509631,-122.307129,3250,206.0,358.9
47.512161,-122.30722,3325,209.1,358.4
47.514705,-122.30734,3400,213.2,357.9
47.5177,-122.307564,3475,218.2,357.6
47.520218,-122.307701,3525,222.2,357.4
47.521866,-122.307838,3525,226.2,357.5
47.522945,-122.307904,3550,229.2,357.5
47.524475,-122.307976,3550,232.3,357.3
47.526672,-122.308113,3575,237.3,357.3
47.529327,-122.308319,3600,240.3,357.4
47.531158,-122.308456,3625,245.2,357.4
47.53299,-122.308525,3625,248.2,357.5
47.535095,-122.308678,3650,252.2,357.5
47.537935,-122.30889,3725,256.2,357.5
47.542264,-122.309312,3800,260.8,355.4
47.545616,-122.309875,3900,263.2,352.6
47.548279,-122.310516,4000,264.2,349.8
47.551388,-122.311566,4100,265.4,347.4
47.553856,-122.312552,4200,266.5,343.9
47.556556,-122.31389,4300,266.3,340.5
47.558883,-122.315228,4400,266.5,338.0
47.560699,-122.316355,4500,266.4,336.3
47.562468,-122.317622,4575,266.5,333.7
47.56419,-122.31896,4675,266.6,331.8
47.566332,-122.320791,4775,266.7,329.6
47.568237,-122.322533,4875,266.2,328.5
47.569885,-122.324112,4950,266.6,327.6
47.571259,-122.325348,5050,266.0,327.0
47.573408,-122.327482,5150,266.3,326.5
47.575241,-122.32933,5250,267.4,326.1
47.576889,-122.330978,5350,267.9,326.0
47.579361,-122.33345,5450,268.5,325.8
47.581375,-122.33551,5550,268.2,325.5
47.583435,-122.337639,5650,269.6,325.4
47.585279,-122.339524,5750,270.2,325.2
47.587555,-122.341827,5850,270.8,325.1
47.589615,-122.343956,5950,271.3,324.9
47.591629,-122.346085,6050,270.9,324.3
47.593231,-122.34787,6150,271.0,323.5
47.595566,-122.350685,6250,270.7,320.5
47.596963,-122.352483,6325,271.4,318.7
47.59836,-122.354384,6425,271.7,316.8
47.600129,-122.35706,6525,271.6,313.8
47.60213,-122.36037,6625,271.6,310.7
47.603667,-122.363328,6725,271.8,306.3
47.605179,-122.366753,6825,271.6,302.5
47.606553,-122.3703,6925,272.2,299.0
47.608109,-122.375404,7075,271.7,292.5
47.609207,-122.380486,7200,270.9,286.3
47.609998,-122.385935,7350,270.5,280.4
47.61037,-122.390935,7500,270.4,275.7
47.610443,-122.395729,7650,270.0,270.9
47.610214,-122.400879,7800,268.9,265.3
47.609672,-122.406288,7975,268.7,259.3
47.608612,-122.412346,8150,268.1,254.2
47.607344,-122.417485,8300,268.5,248.6
47.605774,-122.422508,8450,268.8,243.2
47.603853,-122.427204,8600,268.5,237.3
47.601608,-122.431641,8750,268.9,231.3
47.599011,-122.435866,8900,270.1,225.3
47.595753,-122.440162,9075,271.8,220.1
47.592913,-122.443261,9200,273.0,214.9
47.589841,-122.446007,9325,274.9,209.2
47.586365,-122.448463,9450,276.8,203.4
47.582718,-122.450303,9550,278.9,197.5
47.579227,-122.451571,9675,280.5,192.4
47.575882,-122.452309,9775,281.7,186.3
47.571871,-122.452627,9900,284.0,181.0
47.567123,-122.452416,10075,284.6,176.2
47.561142,-122.451553,10275,286.6,174.0
47.556649,-122.450796,10400,288.1,173.0
47.552628,-122.449974,10500,290.9,171.9
47.542683,-122.447486,10675,298.4,170.2
47.533035,-122.444962,10875,304.8,169.8
47.524063,-122.442627,11075,307.6,170.1
47.515916,-122.440514,11275,309.4,170.3
47.508514,-122.438683,11475,310.4,170.4
47.501358,-122.436928,11675,312.2,170.6
47.493803,-122.435021,11875,313.2,170.6
47.48007,-122.431711,12275,314.2,170.7
47.467163,-122.428619,12675,313.0,170.8
47.45517,-122.425735,13075,313.0,170.8
47.442875,-122.422837,13475,313.0,170.8
47.429993,-122.41983,13875,312.9,171.0
47.41745,-122.416878,14275,311.9,171.0
47.404312,-122.413788,14675,312.9,171.0
47.39003,-122.410492,15075,312.9,171.0
47.375656,-122.407127,15475,314.8,171.1
47.359779,-122.403471,15850,317.8,171.1
47.342514,-122.399506,16225,321.9,171.1
47.333384,-122.397414,16400,324.9,171.1
47.31308,-122.392708,16700,333.1,171.0
47.294174,-122.388382,17050,337.0,171.1
47.276871,-122.384399,17425,339.2,171.0
47.259832,-122.380442,17800,340.2,171.0
47.243179,-122.376572,18175,340.2,171.0
47.226517,-122.372726,18550,341.1,171.1
47.208717,-122.36861,18925,343.1,171.1
47.188843,-122.364075,19275,346.1,171.2
47.169427,-122.359596,19625,348.2,171.1
47.150294,-122.355229,19975,351.2,171.1
47.131674,-122.350933,20325,352.3,171.0
47.111563,-122.346356,20675,354.3,171.1
47.098984,-122.343475,20875,356.3,171.1
47.093719,-122.342308,20950,357.3,171.1
47.086099,-122.34051,20975,358.2,171.2
47.053931,-122.333116,21000,359.4,171.0
47.021857,-122.325721,21000,359.2,171.2
46.990723,-122.318619,20975,359.4,171.0
46.988113,-122.318069,20975,360.4,171.1
46.969299,-122.314087,20800,369.0,172.7
46.955334,-122.311988,20650,369.5,174.9
46.940437,-122.310509,20500,367.6,176.7
46.925766,-122.30983,20350,365.1,178.9
46.899673,-122.309898,20100,363.0,180.2
46.872849,-122.309898,19825,362.0,179.8
46.845428,-122.309853,19550,361.0,180.0
46.81847,-122.30983,19300,359.0,180.0
46.793015,-122.309853,19025,357.0,180.2
46.765869,-122.309853,18750,355.0,180.0
46.739471,-122.30983,18500,353.0,180.0
46.714325,-122.309853,18225,352.0,180.0
46.687637,-122.309853,17950,351.0,180.0
46.661682,-122.309786,17700,349.0,179.8
46.637149,-122.309761,17425,344.0,180.0
46.611603,-122.309786,17175,340.0,180.0
46.587204,-122.309786,16900,338.0,180.2
46.562302,-122.309853,16625,334.0,180.0
46.537125,-122.309853,16350,331.0,180.0
46.512389,-122.30983,16100,330.0,180.0
46.488461,-122.30983,15825,331.0,180.0
46.463654,-122.309786,15575,332.0,180.0
46.440262,-122.309853,15300,334.0,180.2
46.415451,-122.309853,15050,336.0,180.0
46.39183,-122.309853,14775,336.0,180.2
46.366974,-122.30992,14525,335.0,180.0
46.343032,-122.309898,14250,334.0,180.0
46.31813,-122.309853,14000,334.0,180.0
46.294385,-122.309898,13725,334.0,180.0
46.27684,-122.309987,13550,332.1,181.2
46.2692,-122.310722,13450,329.4,185.2
46.261093,-122.312198,13425,327.2,188.1
46.256631,-122.313332,13400,327.4,190.4
46.250427,-122.315279,13325,327.2,192.9
46.24369,-122.317863,13225,326.6,196.0
46.236241,-122.321365,13075,326.1,199.2
46.222961,-122.328677,12800,323.9,201.2
46.205517,-122.338463,12475,322.0,201.3
46.188034,-122.348238,12125,321.6,201.1
46.177213,-122.354324,11925,322.0,201.3
46.167204,-122.359955,11725,321.1,201.4
46.156637,-122.36586,11525,321.1,201.4
46.146561,-122.371484,11350,317.6,201.2
46.134659,-122.378116,11200,309.9,201.2
46.123352,-122.384399,11050,303.6,201.2
46.1119,-122.390785,10900,297.9,201.1
46.101013,-122.396806,10750,291.6,201.1
46.090485,-122.402634,10600,286.2,201.1
46.080012,-122.408432,10450,282.7,200.9
46.069519,-122.414089,10300,281.0,200.6
46.05835,-122.420118,10150,280.7,200.4
46.047638,-122.42588,10000,280.7,200.4
46.036926,-122.431574,9850,280.7,200.4
46.027967,-122.436378,9650,279.7,200.5
46.018749,-122.441391,9475,278.8,200.6
46.009323,-122.446445,9300,278.8,200.6
46.000408,-122.451279,9125,278.8,200.6
45.991516,-122.456025,8950,277.9,200.6
45.982113,-122.461098,8775,277.5,200.5
45.972988,-122.465973,8600,276.6,200.5
45.963399,-122.471191,8425,277.5,200.5
45.954274,-122.476067,8250,276.6,200.5
45.945523,-122.48053,8075,276.7,198.1
45.940635,-122.482384,8000,277.0,193.8
45.935607,-122.483757,7900,277.4,190.2
45.931229,-122.484563,7825,278.3,185.6
45.925598,-122.484898,7725,279.1,181.2
45.920664,-122.484581,7650,279.6,176.1
45.915665,-122.483692,7550,280.2,171.4
45.907815,-122.481491,7400,279.9,168.2
45.898319,-122.478539,7225,277.6,167.5
45.88831,-122.47538,7050,275.8,167.2
45.883118,-122.473643,6950,274.9,167.2
45.877417,-122.471809,6850,273.9,167.1
45.872269,-122.470093,6750,272.9,167.1
45.866616,-122.468239,6650,271.7,167.2
45.861216,-122.466522,6550,271.7,167.2
45.855515,-122.464667,6450,271.7,167.2
45.850708,-122.463126,6350,271.7,167.2
45.844803,-122.46125,6250,271.7,167.2
45.839447,-122.459508,6150,271.5,167.4
45.834045,-122.457767,6050,271.5,167.4
45.828351,-122.455948,5950,270.5,167.4
45.823792,-122.454484,5850,270.5,167.4
45.819133,-122.452995,5750,270.5,167.4
45.814911,-122.451671,5650,270.5,167.4
45.811219,-122.450455,5550,270.5,167.4
45.808044,-122.44946,5450,271.3,167.6
45.803741,-122.44812,5350,271.3,167.6
45.800512,-122.44709,5250,271.3,167.6
45.796371,-122.445775,5150,271.3,167.6
45.792598,-122.444618,5050,271.5,167.4
45.788498,-122.443297,4950,272.5,167.5
45.784561,-122.442024,4850,272.5,167.5
45.780624,-122.440818,4750,272.5,167.5
45.777191,-122.439679,4650,273.4,167.5
45.773465,-122.438507,4550,273.4,167.5
45.770021,-122.437408,4450,273.4,167.5
45.765552,-122.436035,4350,273.4,167.5
45.761353,-122.434722,4250,273.4,167.5
45.75666,-122.43322,4150,272.5,167.5
45.752238,-122.431847,4050,272.5,167.5
45.747574,-122.430368,3950,271.5,167.4
45.743546,-122.429095,3850,270.5,167.4
45.739151,-122.427688,3750,270.5,167.4
45.735106,-122.426353,3650,269.5,167.4
45.730637,-122.424911,3575,269.5,167.4
45.726867,-122.423744,3525,268.3,167.5
45.72156,-122.422028,3475,265.2,167.6
45.717453,-122.420788,3475,261.3,167.4
45.71346,-122.419487,3475,257.2,167.4
45.708525,-122.417908,3475,253.1,167.4
45.706197,-122.417221,3475,248.9,167.5
45.701868,-122.415779,3475,244.8,167.5
45.698593,-122.414759,3475,240.7,167.5
45.694094,-122.413307,3475,236.6,167.6
45.690491,-122.412214,3475,232.4,167.6
45.686371,-122.410874,3475,228.3,167.6
45.666046,-122.40451,3475,225.2,167.7
45.646088,-122.398213,3475,225.4,167.4
45.630317,-122.39312,3475,226.3,166.5
45.62645,-122.391514,3475,226.7,161.5
45.623567,-122.389824,3475,227.0,156.4
45.620262,-122.387421,3475,227.9,150.9
45.617702,-122.385086,3475,229.4,145.5
45.61496,-122.382001,3475,229.8,139.6
45.612581,-122.3787,3475,230.5,134.6
45.609834,-122.374168,3475,230.9,129.6
45.606125,-122.367129,3475,231.6,126.6
45.599945,-122.354602,3475,230.8,124.6
45.595276,-122.345157,3475,230.6,127.1
45.592987,-122.341405,3475,229.9,133.1
45.590981,-122.338737,3475,228.9,138.7
45.588821,-122.336381,3475,228.9,144.8
45.586512,-122.334412,3475,227.4,151.1
45.583649,-122.33263,3475,224.9,158.3
45.581065,-122.331459,3475,223.8,163.9
45.578179,-122.330635,3450,221.9,170.7
45.575638,-122.330285,3400,220.3,177.1
45.572872,-122.330429,3375,219.7,184.4
45.570328,-122.330955,3350,218.7,190.5
45.567581,-122.331893,3300,216.1,196.7
45.563329,-122.334137,3225,214.3,201.1
45.557785,-122.33752,3150,210.4,204.1
45.552342,-122.341072,3075,206.2,204.9
45.546753,-122.344889,2975,202.6,205.4
45.541915,-122.348238,2925,198.1,206.1
45.537277,-122.351532,2875,193.2,206.4
45.53476,-122.353494,2850,188.8,210.9
45.532883,-122.355339,2800,187.0,217.2
45.531394,-122.357215,2775,184.7,222.6
45.529953,-122.359576,2775,181.8,230.4
45.528694,-122.362105,2750,179.5,237.3
45.52739,-122.365592,2700,176.7,242.7
45.525575,-122.371283,2650,172.8,246.1
45.523247,-122.378987,2600,168.1,247.2
45.52078,-122.387427,2525,164.5,247.5
45.51915,-122.393385,2475,167.3,250.8
45.518646,-122.396393,2450,168.6,256.6
45.518509,-122.398093,2425,169.6,265.3
45.5186,-122.400317,2425,171.1,271.7
45.518778,-122.401897,2400,174.0,280.6
45.519196,-122.403913,2400,175.0,286.3
45.519836,-122.406006,2400,175.0,293.9
45.520966,-122.409065,2375,176.5,299.9
45.523154,-122.413888,2350,176.7,303.7
45.527069,-122.422093,2275,174.5,303.8
45.53009,-122.428894,2200,172.7,301.0
45.532196,-122.43406,2100,171.9,299.2
45.534576,-122.440338,2000,167.8,298.1
45.536728,-122.446093,1900,164.2,298.0
45.538422,-122.450605,1850,159.3,298.5
45.539978,-122.45466,1775,154.4,298.2
45.541868,-122.459642,1700,149.4,297.9
45.544373,-122.4663,1600,145.9,298.7
45.546896,-122.472771,1500,143.3,299.2
45.549271,-122.478801,1400,141.9,299.1
45.551788,-122.485232,1300,139.2,298.8
45.554437,-122.492134,1200,138.3,299.0
45.557144,-122.499032,1100,140.5,298.9
45.559604,-122.505455,1000,140.5,298.9
45.562211,-122.512115,900,139.7,299.1
45.565005,-122.519257,800,137.8,298.6
45.567535,-122.525761,700,138.3,299.0
45.570007,-122.532058,600,137.0,298.8
45.572571,-122.538623,500,138.3,299.0
45.575013,-122.544868,400,137.4,299.2
45.577713,-122.551804,300,137.8,298.6
45.58046,-122.558876,200,138.3,299.0
45.583008,-122.565352,100,140.5,298.9
45.586698,-122.574875,0,140.5,298.9
45.589508,-122.5821,0,109.7,298.9
45.589737,-122.582636,-25,103.0,299.0
45.593628,-122.592617,-50.0,37.5,298.1
45.59428,-122.594325,-50.0,19.5,298.1
45.59444,-122.594794,-50.0,15.5,289.7
45.594472,-122.595114,-50.0,14.2,270.0
45.594257,-122.595766,-50.0,16.5,225.0
45.593971,-122.596101,-50.0,14.2,219.4
34.125687,-116.0839,-50.0,0.0,263.0
45.587873,-122.581055,-50.0,24.5,118.1
45.585371,-122.574617,-50.0,26.5,118.1
45.584556,-122.569313,0,0.0,0.0
45.589417,-122.581832,0,145.9,298.7
45.590652,-122.58498,25,153.1,298.9
45.590927,-122.585717,25,155.3,298.9
45.59166,-122.587526,100,155.8,299.2
45.591934,-122.588263,125,155.8,299.2
45.592484,-122.58967,175,155.4,299.7
45.593216,-122.591411,275,154.5,299.9
45.593727,-122.592659,375,153.7,300.1
45.594379,-122.594376,475,152.3,299.9
45.595124,-122.596092,575,150.6,300.3
45.595734,-122.597641,675,150.6,300.3
45.596466,-122.599383,775,148.9,300.7
45.597061,-122.600723,875,148.5,301.2
45.597931,-122.602733,975,149.3,302.4
45.598663,-122.604273,1075,148.1,303.1
45.599639,-122.606392,1175,150.0,303.6
45.600617,-122.608452,1275,151.2,304.2
45.601639,-122.610637,1375,152.8,303.8
45.603058,-122.613652,1475,155.9,303.5
45.604065,-122.615796,1575,158.1,303.4
45.605272,-122.618408,1650,163.1,303.5
45.606483,-122.621086,1700,167.8,302.8
45.607407,-122.623164,1750,171.4,302.9
45.608391,-122.625275,1800,175.6,303.1
45.609276,-122.627266,1825,179.5,302.7
45.610533,-122.630081,1900,183.9,302.6
45.611938,-122.633213,1950,187.8,302.2
45.6129,-122.635357,2000,192.3,302.0
45.61441,-122.638907,2100,196.7,301.9
45.615933,-122.642303,2200,200.3,301.9
45.617386,-122.645606,2300,202.3,302.3
45.618393,-122.647884,2400,203.6,302.4
45.6194,-122.650161,2500,203.6,302.4
45.620355,-122.652328,2600,204.5,302.2
45.621414,-122.654717,2700,204.5,302.2
45.622124,-122.656311,2775,204.5,302.2
45.622962,-122.658234,2875,205.3,302.1
45.62384,-122.66021,2975,205.3,302.1
45.624847,-122.662487,3075,206.2,301.9
45.625755,-122.664619,3175,206.2,301.9
45.626733,-122.666885,3275,207.9,301.6
45.627943,-122.669701,3375,209.2,301.7
45.6292,-122.672585,3475,211.0,301.4
45.630224,-122.675056,3575,213.2,301.4
45.631248,-122.677391,3650,213.2,301.4
45.632272,-122.679794,3750,213.5,301.0
45.633224,-122.682116,3850,214.4,300.9
45.634186,-122.684393,3950,215.2,300.7
45.635239,-122.686939,4050,216.1,300.6
45.636292,-122.689417,4150,216.1,300.6
45.637299,-122.691896,4250,216.1,300.6
45.638185,-122.694008,4350,216.1,300.6
45.639084,-122.696183,4450,216.1,300.6
45.639908,-122.698126,4550,216.6,300.8
45.640961,-122.700605,4650,216.3,301.2
45.641785,-122.702547,4750,216.8,301.4
45.6427,-122.70472,4850,216.8,301.4
45.643771,-122.707191,4950,216.8,301.4
45.644842,-122.709595,5050,218.2,301.5
45.645767,-122.711859,5150,218.7,301.7
45.647141,-122.714941,5250,220.1,301.8
45.647736,-122.71628,5275,221.7,302.5
45.649031,-122.719002,5350,225.5,304.0
45.65126,-122.72318,5450,230.2,307.8
45.653268,-122.726624,5550,234.0,310.8
45.655609,-122.730147,5650,237.6,315.0
45.657532,-122.732693,5750,238.5,317.5
45.659319,-122.734863,5850,239.9,320.1
45.661461,-122.737198,5950,241.4,323.1
45.663649,-122.739326,6050,243.2,326.6
45.665771,-122.741201,6150,244.4,329.2
45.669022,-122.743612,6250,247.8,334.2
45.671585,-122.745153,6350,250.3,337.9
45.674698,-122.746627,6450,252.9,343.9
45.678126,-122.747704,6550,255.7,349.0
45.681702,-122.748368,6650,259.6,353.6
45.685295,-122.748734,6750,262.3,357.2
45.68874,-122.748802,6850,265.0,0.6
45.692697,-122.748528,6950,268.4,3.0
45.699554,-122.747699,7150,272.2,5.5
45.706558,-122.746627,7350,276.5,6.0
45.713242,-122.745622,7550,279.6,6.2
45.718918,-122.744684,7750,281.9,6.7
45.724091,-122.743813,7950,282.3,7.3
45.729055,-122.742828,8150,283.4,7.5
45.734781,-122.741798,8325,285.3,7.2
45.740433,-122.740799,8500,289.0,6.8
45.748398,-122.739593,8700,292.3,5.5
45.753799,-122.739057,8850,293.6,3.5
45.759888,-122.738722,9050,295.1,1.5
45.766064,-122.738571,9250,295.0,1.0
45.771557,-122.738434,9450,296.0,1.0
45.777609,-122.738365,9650,297.0,0.6
45.783371,-122.73832,9850,297.0,0.0
45.788688,-122.738365,10050,297.0,359.8
45.793945,-122.738387,10250,297.0,359.8
45.799347,-122.738387,10450,298.0,359.8
45.805389,-122.738387,10650,299.0,359.8
45.810149,-122.738434,10775,301.0,359.8
45.817841,-122.738387,10950,305.0,0.0
45.828003,-122.738387,11150,311.0,0.2
45.838825,-122.738365,11350,316.0,0.0
45.849439,-122.738297,11525,322.0,0.4
45.859955,-122.738186,11725,326.0,0.5
45.869659,-122.738052,11925,329.0,0.5
45.883163,-122.737784,12225,333.0,0.9
45.889613,-122.73761,12400,333.1,1.0
45.897308,-122.737449,12650,332.0,0.9
45.908607,-122.737129,13050,329.1,1.4
45.919235,-122.736712,13450,327.2,1.9
45.925964,-122.736377,13700,327.2,1.9
45.934982,-122.735975,13925,328.2,1.8
45.950775,-122.735104,14325,331.3,2.2
45.96936,-122.734301,14675,337.1,1.5
45.980995,-122.733902,14875,339.1,1.2
45.985703,-122.733832,14925,340.1,1.0
45.989189,-122.733696,14950,341.1,1.0
46.009066,-122.733215,14975,344.1,1.0
46.040634,-122.732224,14975,346.1,1.3
46.054688,-122.731755,14975,349.1,1.3
46.061829,-122.731487,15025,350.1,1.5
46.080643,-122.730817,15250,352.1,1.5
46.101517,-122.730013,15575,354.1,1.5
46.119232,-122.72941,15950,356.1,1.5
46.124237,-122.729233,16025,357.1,1.4
46.128985,-122.728958,16075,360.2,1.8
46.138249,-122.72834,16150,365.5,3.0
46.153839,-122.726664,16250,374.5,5.1
46.163452,-122.725257,16325,379.1,6.1
46.177643,-122.722778,16525,383.0,7.2
46.198999,-122.718521,16875,386.7,7.9
46.202584,-122.717834,16900,387.6,7.9
46.211103,-122.716118,16950,387.6,7.9
46.233215,-122.711861,16975,388.5,7.7
46.26813,-122.705063,16975,388.5,7.7
46.303574,-122.698126,16975,388.6,7.8
46.338409,-122.69136,16975,389.5,7.7
46.373474,-122.684661,16975,389.4,7.5
46.408951,-122.677761,16975,386.5,7.7
46.443864,-122.671005,16975,383.4,7.6
46.478668,-122.664229,16975,383.4,7.6
46.51346,-122.65741,16975,383.4,7.6
46.534103,-122.653377,16975,382.4,7.7
46.539436,-122.652328,16925,382.4,7.7
46.547164,-122.650818,16850,382.4,7.7
46.556241,-122.649101,16725,382.3,7.5
46.56514,-122.647348,16550,382.3,7.5
46.584219,-122.643677,16150,379.4,7.7
46.60405,-122.639711,15775,374.4,7.7
46.623001,-122.636027,15400,370.3,7.6
46.642922,-122.632141,15025,367.3,7.7
46.662689,-122.628323,14650,364.2,7.6
46.681793,-122.624588,14275,361.3,7.8
46.7005,-122.620887,13900,359.2,7.7
46.719779,-122.617104,13550,356.2,7.7
46.737981,-122.613533,13175,352.2,7.7
46.756602,-122.609825,12825,349.2,7.7
46.77513,-122.606186,12475,349.2,7.7
46.787018,-122.603871,12250,351.0,7.5
46.806041,-122.600212,12025,352.2,7.7
46.818604,-122.597708,11850,351.3,7.8
46.832529,-122.594925,11675,349.2,7.7
46.845936,-122.592316,11500,348.1,7.6
46.85907,-122.589737,11325,348.2,7.8
46.872345,-122.587097,11150,348.2,7.8
46.884109,-122.584534,11000,348.4,10.1
46.891045,-122.58221,10900,349.7,14.2
46.897236,-122.579463,10825,349.1,18.5
46.903335,-122.575942,10750,348.1,23.2
46.908737,-122.57206,10675,348.0,27.4
46.912366,-122.56904,10600,346.8,30.1
46.917766,-122.563829,10450,346.2,34.9
46.921555,-122.559425,10350,345.6,40.2
46.927309,-122.551645,10225,343.0,43.9
46.933547,-122.54256,10050,339.4,45.5
46.935782,-122.53925,10025,338.0,45.7
46.93895,-122.534363,9975,333.1,46.1
46.942337,-122.529282,9950,328.2,46.2
46.945221,-122.524818,9950,323.2,46.4
46.949295,-122.51857,9950,318.3,46.3
46.955338,-122.509438,9950,313.3,46.2
46.961339,-122.500869,9975,310.6,43.0
46.964081,-122.497284,9975,308.8,41.6
46.966925,-122.493756,9950,307.3,40.1
46.970091,-122.490094,9900,305.3,38.5
46.975956,-122.483896,9800,304.0,34.7
46.981729,-122.478614,9675,303.2,31.0
46.987793,-122.473732,9550,301.9,27.4
46.99467,-122.469036,9375,301.3,24.1
47.002863,-122.464107,9175,301.2,21.6
47.011963,-122.4589,8975,300.8,21.5
47.020752,-122.453888,8775,299.9,21.5
47.029212,-122.448965,8575,297.7,21.5
47.036335,-122.444881,8375,296.7,21.5
47.043777,-122.440567,8175,295.8,21.6
47.051331,-122.436172,7975,294.0,21.8
47.059387,-122.431503,7775,292.3,21.5
47.068405,-122.426353,7575,289.7,21.2
47.075867,-122.422028,7375,287.8,21.4
47.083786,-122.417496,7175,286.9,21.5
47.089916,-122.413964,7025,284.7,21.4
47.093674,-122.411797,6925,284.7,21.4
47.097271,-122.409738,6825,283.7,21.5
47.100952,-122.407608,6725,282.8,21.6
47.105558,-122.404949,6625,281.9,21.6
47.109468,-122.402696,6550,279.7,21.6
47.11496,-122.399506,6450,276.1,21.5
47.120132,-122.396553,6350,273.5,21.2
47.124598,-122.394034,6250,272.6,21.3
47.128834,-122.391569,6150,271.1,21.6
47.132558,-122.389386,6050,270.2,21.7
47.135817,-122.387484,5950,270.2,21.7
47.139634,-122.38523,5850,269.6,22.0
47.143172,-122.383118,5750,268.3,21.9
47.146431,-122.381287,5650,267.0,21.8
47.150299,-122.378975,5550,265.7,21.6
47.153739,-122.376991,5450,264.4,21.5
47.157211,-122.374992,5350,263.1,21.4
47.160416,-122.373207,5250,262.2,21.5
47.163895,-122.371147,5150,262.2,21.5
47.166183,-122.369843,5100,261.3,21.6
47.169148,-122.368117,5025,259.0,21.5
47.172363,-122.366272,5000,255.9,21.5
47.176084,-122.364103,4975,251.8,21.7
47.181015,-122.361191,4950,247.7,21.8
47.18866,-122.356728,4850,243.3,21.7
47.195251,-122.352882,4750,240.1,21.8
47.202386,-122.34875,4650,237.5,21.5
47.209695,-122.344525,4550,234.4,21.5
47.216538,-122.340581,4450,232.5,21.7
47.223754,-122.336355,4350,229.3,21.8
47.231156,-122.332059,4250,225.8,21.6
47.238418,-122.327834,4150,223.6,21.5
47.246017,-122.323631,4050,221.7,19.5
47.250641,-122.321571,4000,221.0,15.5
47.254851,-122.320228,3950,220.4,11.5
47.259476,-122.319168,3850,220.2,8.1
47.263916,-122.318687,3775,219.5,3.9
47.268402,-122.31855,3675,219.0,0.5
47.274445,-122.31855,3575,216.0,359.5
47.280175,-122.318679,3475,213.0,359.2
47.284923,-122.318749,3375,211.0,359.5
47.289532,-122.318819,3275,208.0,359.5
47.294467,-122.31889,3175,204.0,359.4
47.300629,-122.318962,3100,199.0,359.7
47.305127,-122.31896,3000,196.0,359.7
47.308548,-122.318962,2950,192.0,0.0
47.312027,-122.318962,2875,187.0,0.0
47.315555,-122.31896,2800,183.0,0.0
47.318436,-122.318962,2725,178.0,0.0
47.323242,-122.318962,2625,173.0,0.0
47.328496,-122.31896,2525,170.0,0.3
47.333105,-122.31896,2450,165.0,0.3
47.336084,-122.31896,2400,160.0,0.4
47.339767,-122.318893,2325,155.0,0.4
47.343486,-122.31889,2250,150.0,0.0
47.347961,-122.318893,2150,147.0,0.0
47.352983,-122.318819,2050,144.0,0.4
47.356476,-122.318756,2000,139.0,0.4
47.360711,-122.318749,1900,136.0,0.4
47.366111,-122.318749,1825,133.0,0.4
47.370068,-122.318679,1725,133.0,0.0
47.375002,-122.318679,1625,133.0,0.0
47.380051,-122.318619,1525,132.0,0.4
47.385406,-122.318619,1425,133.0,0.4
47.390579,-122.318481,1325,133.0,0.9
47.395752,-122.318481,1250,133.0,0.0
47.400978,-122.318467,1150,132.0,0.0
47.405727,-122.318538,1050,134.0,359.1
47.410987,-122.318538,950,137.0,0.0
47.416672,-122.31855,850,137.0,0.4
47.42188,-122.318327,750,137.0,1.2
47.427155,-122.318275,650,138.0,0.4
47.431889,-122.318256,550,138.0,0.4
47.436172,-122.318186,450,137.0,0.4
47.441116,-122.318069,350,137.0,0.4
47.443634,-122.318069,325,134.0,0.4
47.445786,-122.318001,325,129.0,0.4
47.447065,-122.318045,325,126.0,0.4
47.448944,-122.318001,350,123.0,0.5
47.449127,-122.318001,350,110.0,0.5
47.450272,-122.318001,350,105.0,0.6
47.451813,-122.317974,325,94.0,0.6
47.452881,-122.318001,350,88.0,0.6
47.453613,-122.317932,350,81.0,0.7
47.453955,-122.317974,350,79.0,0.7
47.454437,-122.317932,350,75.0,0.0
47.454712,-122.317932,350,70.0,0.0
47.455212,-122.317974,350,65.0,0.0
47.455351,-122.317974,350,59.0,1.0
47.455863,-122.317904,350,54.0,2.1
47.456468,-122.317904,375,49.1,3.5
47.456795,-122.317846,-50.0,44.5,5.6
47.457202,-122.317781,-50.0,41.5,8.4
47.457676,-122.317657,-50.0,38.5,14.1
47.457996,-122.31752,-50.0,37.5,16.9
47.458328,-122.317383,-50.0,36.5,19.7
47.458563,-122.317235,-50.0,36.5,22.5
47.458738,-122.317129,-50.0,36.5,25.3
47.458878,-122.317022,-50.0,35.5,28.1
47.459061,-122.316851,-50.0,34.5,30.9
47.459192,-122.316724,-50.0,33.5,36.6
47.459301,-122.31661,-50.0,33.5,39.4
47.459553,-122.316267,-50.0,32.5,47.8
47.459669,-122.316073,-50.0,32.5,50.6
47.459759,-122.315889,-50.0,32.5,56.2
47.459844,-122.315703,-50.0,32.5,61.9
47.459908,-122.315512,-50.0,32.5,64.7
47.459972,-122.315298,-50.0,31.5,67.5
47.46003,-122.315052,-50.0,31.5,73.1
47.460068,-122.314842,-50.0,30.5,78.8
47.460111,-122.3144,-50.0,30.5,84.4
47.460125,-122.314121,-50.0,30.5,87.2
47.460123,-122.31352,-50.0,27.5,90.0
47.460125,-122.31292,-50.0,25.5,92.8
47.460111,-122.312323,-50.0,25.5,90.0
47.460111,-122.311724,-50.0,23.5,90.0
47.460111,-122.311161,-50.0,19.5,90.0
47.460102,-122.310585,-50.0,14.8,90.0
47.4601,-122.310157,-50.0,10.2,90.0
47.460102,-122.309744,-50.0,5.2,90.0
47.460111,-122.309435,-50.0,1.6,90.0
47.460114,-122.309383,-50.0,0.6,90.0
47.460102,-122.30928,-50.0,0.0,90.0
47.460114,-122.308971,-50.0,10.8,90.0
47.460102,-122.308319,-50.0,15.5,90.0
47.4601,-122.307657,-50.0,15.5,90.0
47.4601,-122.307041,-50.0,13.8,90.0
47.460079,-122.306826,-50.0,11.8,95.6
47.460065,-122.306671,-50.0,11.8,101.2
47.46003,-122.306566,-50.0,11.2,115.3
47.459983,-122.30646,-50.0,11.2,126.6
47.459913,-122.306372,-50.0,11.8,137.8
47.459832,-122.306301,-50.0,12.8,149.1
47.459747,-122.306242,-50.0,13.8,157.5
47.459644,-122.306208,-50.0,15.5,168.8
47.459518,-122.306178,-50.0,16.5,174.4
47.459343,-122.306178,-50.0,18.5,180.0
47.458924,-122.306196,-50.0,21.5,180.0
47.458505,-122.306213,-50.0,22.5,180.0
47.458063,-122.306213,-50.0,23.5,180.0
47.457676,-122.306208,-50.0,24.5,180.0
47.457241,-122.306208,-50.0,25.5,180.0
47.456818,-122.306225,-50.0,26.5,180.0
47.456375,-122.306231,-50.0,27.5,180.0
47.455936,-122.306225,-50.0,28.5,180.0
47.455491,-122.306231,-50.0,27.5,180.0
47.455049,-122.306231,-50.0,26.5,180.0
47.454641,-122.306231,-50.0,26.5,180.0
47.454208,-122.306242,-50.0,27.5,180.0
47.453862,-122.306249,-50.0,29.5,180.0
47.453466,-122.306249,-50.0,29.5,180.0
47.453018,-122.306259,-50.0,26.5,180.0
47.452629,-122.306259,-50.0,27.5,180.0
47.452217,-122.306259,-50.0,28.5,180.0
47.451828,-122.306259,-50.0,29.5,180.0
47.451406,-122.306266,-50.0,30.5,180.0
47.450958,-122.306276,-50.0,31.5,180.0
47.450603,-122.306276,-50.0,32.5,180.0
47.450226,-122.306276,-50.0,28.5,180.0
47.449791,-122.306276,-50.0,25.5,180.0
47.44939,-122.306276,-50.0,26.5,180.0
47.448944,-122.306293,-50.0,27.5,180.0
47.448543,-122.306284,-50.0,28.5,180.0
47.448109,-122.306293,-50.0,26.5,180.0
47.447717,-122.306301,-50.0,23.5,180.0
47.447274,-122.306301,-50.0,24.5,180.0
47.446902,-122.306301,-50.0,24.5,180.0
47.446471,-122.306319,-50.0,23.5,180.0
47.446049,-122.306311,-50.0,22.5,180.0
47.445622,-122.306319,-50.0,22.5,180.0
47.445226,-122.306319,-50.0,23.5,180.0
47.444813,-122.306328,-50.0,24.5,180.0
47.444366,-122.306328,-50.0,24.5,180.0
47.444027,-122.306319,-50.0,24.5,180.0
47.443623,-122.306328,-50.0,25.5,180.0
47.443213,-122.306337,-50.0,25.5,180.0
47.442817,-122.306337,-50.0,26.5,180.0
47.442421,-122.306337,-50.0,27.5,180.0
47.442072,-122.306337,-50.0,25.5,180.0
47.441723,-122.306345,-50.0,25.5,180.0
47.441316,-122.306354,-50.0,25.5,180.0
47.44092,-122.306354,-50.0,22.5,180.0
47.440533,-122.306362,-50.0,18.5,180.0
47.440327,-122.306345,-50.0,14.8,174.4
47.440224,-122.306311,-50.0,14.2,163.1
47.440129,-122.306249,-50.0,14.2,154.7
47.440047,-122.306161,-50.0,14.8,146.2
47.439995,-122.306087,-50.0,14.8,137.8
47.43996,-122.306019,-50.0,14.8,129.4
47.439915,-122.305933,-50.0,14.2,120.9
47.439884,-122.305808,-50.0,14.2,109.7
47.439869,-122.30571,-50.0,13.8,101.2
47.439861,-122.305544,-50.0,13.2,92.8
47.439873,-122.305368,-50.0,12.2,84.4
47.439915,-122.304783,-50.0,10.8,84.4
47.439919,-122.304541,-50.0,11.2,87.2
47.439926,-122.303942,-50.0,11.8,87.2
47.439942,-122.30366,-50.0,12.2,81.6
47.439983,-122.303427,-50.0,11.2,78.8
47.440036,-122.30315,-50.0,10.8,73.1
47.440086,-122.302946,-50.0,10.8,67.5
47.440175,-122.302727,-50.0,10.8,56.2
47.440384,-122.302362,-50.0,9.8,50.6
47.440544,-122.301865,-50.0,8.8,75.9
47.440556,-122.301762,-50.0,9.2,81.6
47.440556,-122.301641,-50.0,9.2,87.2
47.440544,-122.30147,-50.0,9.8,95.6
47.440533,-122.30135,-50.0,10.2,101.2
47.440475,-122.301144,-50.0,9.8,115.3
47.440431,-122.30102,-50.0,9.2,120.9
47.440258,-122.300749,-50.0,8.2,135.0
47.440121,-122.300543,-50.0,5.2,132.2
47.440098,-122.300457,-50.0,4.8,112.5
47.440094,-122.300403,-50.0,4.8,101.2
47.440121,-122.300268,-50.0,4.8,75.9
47.440132,-122.300217,-50.0,4.2,70.3
47.440152,-122.300157,-50.0,4.2,61.9
47.440201,-122.300045,-50.0,3.8,59.1
47.440326,-122.299734,-50.0,1.6,59.1
47.440338,-122.299717,-50.0,0.0,59.1
47.440361,-122.299702,-50.0,0.0,59.1
47.440303,-122.29984,-50.0,1.4,59.1
47.440281,-122.299891,-50.0,1.6,59.1
47.440269,-122.299925,-50.0,1.4,56.2
47.440233,-122.299998,-50.0,1.6,53.4
47.440201,-122.300062,-50.0,1.9,56.2
47.440155,-122.300165,-50.0,1.4,70.3
47.44014,-122.300192,-50.0,1.6,73.1
47.44014,-122.300227,-50.0,1.6,78.8
47.440132,-122.300303,-50.0,1.6,87.2
47.440129,-122.300386,-50.0,1.9,90.0
47.440117,-122.300439,-50.0,1.9,95.6
47.440121,-122.300474,-50.0,1.6,98.4
47.440129,-122.300562,-50.0,0.8,126.6
47.440082,-122.300421,-50.0,4.2,132.2
47.439983,-122.300303,-50.0,5.8,135.0
47.439697,-122.299942,-50.0,8.8,135.0
47.439514,-122.299685,-50.0,10.2,137.8
47.439434,-122.299599,-50.0,10.8,146.2
47.439372,-122.299558,-50.0,10.8,154.7
47.439302,-122.299523,-50.0,10.8,165.9
47.439314,-122.299541,-50.0,11.2,174.4
47.439,-122.299558,-50.0,13.2,191.2
47.438702,-122.299633,-50.0,14.8,191.2
47.438301,-122.299717,-50.0,16.5,191.2
47.43808,-122.299787,-50.0,15.5,191.2
47.437878,-122.299873,-50.0,15.5,202.5
47.437763,-122.300011,-50.0,15.5,222.2
47.43758,-122.300869,-50.0,17.5,261.6
47.437487,-122.301636,-50.0,17.5,258.8
47.437386,-122.302259,-50.0,16.5,258.8
47.437266,-122.303062,-50.0,16.5,258.8
47.437237,-122.303358,-50.0,16.5,261.6
47.437219,-122.30359,-50.0,16.5,264.4
47.437214,-122.303701,-50.0,16.5,267.2
47.437214,-122.303976,-50.0,16.5,272.8
47.437225,-122.304646,-50.0,15.5,270.0
47.437225,-122.305298,-50.0,15.5,270.0
47.437219,-122.305685,-50.0,14.2,270.0
47.437214,-122.305847,-50.0,13.8,261.6
47.437184,-122.305984,-50.0,13.2,253.1
47.437157,-122.30607,-50.0,13.2,244.7
47.437045,-122.306249,-50.0,13.8,222.2
47.43694,-122.306337,-50.0,13.8,208.1
47.436882,-122.306362,-50.0,13.8,196.9
47.436789,-122.306389,-50.0,13.8,185.6
47.436684,-122.306372,-50.0,14.2,174.4
47.436567,-122.306354,-50.0,14.8,168.8
47.436401,-122.306276,-50.0,14.2,163.1
47.436287,-122.306208,-50.0,13.2,157.5
47.436114,-122.30609,-50.0,11.2,151.9
47.436047,-122.306036,-50.0,11.8,149.1
47.436024,-122.306019,-50.0,11.8,149.1
47.435863,-122.305847,-50.0,11.2,143.4
47.435741,-122.305756,-50.0,9.2,149.1
47.43568,-122.30571,-50.0,5.2,157.5
47.435648,-122.305703,-50.0,1.6,160.3
47.435612,-122.305676,-50.0,0.0,160.3
47.435532,-122.305632,-50.0,3.8,163.1
47.435427,-122.305615,-50.0,5.2,168.8
47.435357,-122.305597,-50.0,6.2,174.4
47.435241,-122.305597,-50.0,7.8,180.0
47.434973,-122.305597,-50.0,8.2,180.0
47.434628,-122.305607,-50.0,7.2,180.0
47.434341,-122.305607,-50.0,6.2,180.0
47.434123,-122.305615,-50.0,1.6,180.0
47.434088,-122.305615,-50.0,0.0,180.0
47.433964,-122.305624,-50.0,4.8,180.0
47.433666,-122.305607,-50.0,6.8,180.0
47.433437,-122.305607,-50.0,4.8,180.0
47.433204,-122.305615,-50.0,0.3,180.0
47.432971,-122.305615,-50.0,3.2,180.0
47.432843,-122.305632,-50.0,3.8,182.8
47.432751,-122.305641,-50.0,2.8,185.6
47.432622,-122.305668,-50.0,5.2,188.4
47.432533,-122.305693,-50.0,5.8,191.2
47.432465,-122.305727,-50.0,0.5,196.9
47.432459,-122.30572,-50.0,0.0,196.9
47.432465,-122.305727,-50.0,0.0,196.9
47.432465,-122.305725,-50.0,0.0,196.9
47.432448,-122.30572,-50.0,0.0,196.9
47.432401,-122.305756,-50.0,0.0,199.7
47.432293,-122.305813,-50.0,5.8,202.5
47.432203,-122.305896,-50.0,5.8,208.1
47.432121,-122.305967,-50.0,2.2,210.9
47.43211,-122.305984,-50.0,0.5,213.8
47.432087,-122.306002,-50.0,1.4,213.8
47.432052,-122.306037,-50.0,3.2,216.6
47.431982,-122.306125,-50.0,4.8,219.4
47.431935,-122.306196,-50.0,5.8,222.2
47.431881,-122.306276,-50.0,6.2,227.8
47.431801,-122.306448,-50.0,5.2,241.9
47.431773,-122.306583,-50.0,2.2,255.9
47.431755,-122.306757,-50.0,4.8,261.6
47.431749,-122.306882,-50.0,6.8,267.2
47.431749,-122.307323,-50.0,10.8,270.0
47.431744,-122.307564,-50.0,11.8,272.8
47.43187,-122.307993,-50.0,8.8,317.8
47.43195,-122.308044,-50.0,8.8,334.7
47.432005,-122.308044,-50.0,8.2,348.8
47.432052,-122.308062,-50.0,6.2,357.2
47.432098,-122.308044,-50.0,2.2,0.0
47.432098,-122.308062,-50.0,0.0,0.0
47.432413,-122.308044,-50.0,24.5,0.0
47.432692,-122.308044,-50.0,34.5,0.0
47.432957,-122.308044,-50.0,42.5,0.0
47.43338,-122.308044,325,42.5,90.0
47.433751,-122.308044,325,56.0,0.0
47.434077,-122.308044,325,63.0,0.0
47.434525,-122.308044,325,70.0,0.8
47.435148,-122.308044,325,72.0,0.8
47.435715,-122.308044,325,79.0,0.7
47.437225,-122.307976,325,95.0,0.6
47.437941,-122.307974,325,101.0,0.6
47.438232,-122.307976,325,106.0,0.5
47.43924,-122.307976,325,113.0,0.0
47.441025,-122.307976,325,115.0,0.0
47.441299,-122.307976,325,126.0,0.4
47.442875,-122.307974,350,129.0,0.4
47.443268,-122.307976,350,134.0,0.4
47.444179,-122.307974,325,141.0,0.0
47.447342,-122.307907,375,145.0,0.4
47.448368,-122.307904,425,151.0,0.4
47.449539,-122.307907,475,150.0,0.4
47.450556,-122.307904,525,150.0,0.4
47.451906,-122.307904,625,149.0,0.4
47.453536,-122.307833,725,148.0,0.8
47.455078,-122.307838,825,148.0,1.2
47.456562,-122.307763,925,148.0,1.2
47.457958,-122.307692,1025,148.0,1.2
47.459355,-122.307692,1100,148.0,1.2
47.460526,-122.307632,1200,147.0,1.2
47.462055,-122.307622,1300,147.0,0.8
47.463405,-122.307622,1400,147.0,0.0
47.465313,-122.307622,1500,148.1,358.5
47.466989,-122.307763,1600,149.2,356.9
47.468898,-122.308044,1700,150.7,354.7
47.471054,-122.308388,1775,154.8,354.1
47.472794,-122.308662,1825,157.8,354.2
47.474764,-122.30889,1875,162.8,354.4
47.476626,-122.309101,1925,167.6,355.2
47.478424,-122.30928,1950,172.3,356.7
47.480942,-122.309418,2000,177.1,358.1
47.484493,-122.309523,2100,182.0,358.7
47.48696,-122.309594,2175,186.0,359.7
47.489136,-122.309555,2275,187.0,0.0
47.491653,-122.309555,2375,188.0,0.6
47.494222,-122.309453,2475,191.0,0.6
47.496918,-122.309418,2575,194.0,0.6
47.499622,-122.309383,2675,196.0,0.6
47.502183,-122.309312,2775,197.0,0.9
47.504091,-122.309312,2875,198.0,1.2
47.506393,-122.309212,2975,199.0,0.9
47.508886,-122.309171,3075,201.0,0.6
47.510702,-122.309171,3175,202.0,0.3
47.512936,-122.309171,3275,203.0,0.0
47.515411,-122.309143,3375,205.0,0.0
47.51829,-122.309171,3475,208.0,0.0
47.521225,-122.309212,3575,212.0,359.7
47.523411,-122.309171,3625,215.0,359.7
47.525665,-122.309212,3675,218.0,359.7
47.527313,-122.309212,3700,222.0,359.7
47.529373,-122.309212,3750,226.0,359.8
47.532394,-122.30928,3800,230.0,359.8
47.534088,-122.30928,3825,234.0,359.8
47.537935,-122.309312,3900,238.0,359.3
47.540635,-122.309383,3975,241.0,359.3
47.542776,-122.309383,4050,242.0,359.5
47.545057,-122.309383,4150,243.0,359.5
47.547501,-122.309418,4250,243.0,359.8
47.550038,-122.309453,4350,243.0,359.8
47.551854,-122.309453,4425,243.0,359.8
47.554135,-122.309453,4525,244.0,0.0
47.555951,-122.309453,4625,244.0,0.0
47.558697,-122.309383,4725,245.0,0.5
47.560318,-122.309349,4800,245.0,0.7
47.562103,-122.309349,4900,245.1,1.2
47.564392,-122.30928,5000,245.1,1.2
47.566635,-122.309212,5100,246.1,1.4
47.568924,-122.309074,5200,246.1,1.4
47.570987,-122.30896,5300,247.2,2.3
47.573268,-122.308749,5400,247.5,3.5
47.576248,-122.308319,5500,249.6,6.4
47.578761,-122.307833,5600,252.2,9.1
47.581741,-122.306946,5700,254.8,12.2
47.584766,-122.30572,5800,257.2,15.3
47.587466,-122.304312,5875,261.6,19.9
47.590585,-122.30227,5950,265.7,25.4
47.593414,-122.299942,6050,269.4,30.6
47.596756,-122.296646,6150,272.6,36.2
47.599091,-122.293762,6250,274.2,41.3
47.601288,-122.290466,6350,276.5,46.0
47.60348,-122.286706,6450,278.5,50.5
47.605296,-122.283114,6550,280.5,54.7
47.607056,-122.278862,6650,282.3,58.6
47.608648,-122.27424,6750,285.3,63.8
47.610091,-122.269311,6850,286.8,67.0
47.611221,-122.264374,6950,288.7,71.6
47.612,-122.259773,7050,289.8,75.8
47.612698,-122.253887,7175,289.8,80.7
47.613024,-122.248183,7350,288.6,86.2
47.61307,-122.241281,7525,288.0,90.8
47.612698,-122.234873,7725,286.6,96.0
47.612,-122.228041,7900,285.2,99.9
47.611221,-122.222282,8075,284.8,101.6
47.610306,-122.21624,8275,282.1,102.9
47.609206,-122.209872,8475,281.6,104.2
47.608337,-122.205048,8600,282.1,104.6
47.607903,-122.202407,8675,283.3,104.7
47.607205,-122.198674,8750,283.6,104.9
47.606735,-122.196053,8800,286.0,105.2
47.606087,-122.192618,8825,287.5,105.5
47.604598,-122.184941,8900,292.2,105.9
47.603248,-122.177899,8975,296.6,106.1
47.60213,-122.172406,9000,300.3,106.4
47.599319,-122.158562,9050,303.6,107.2
47.598633,-122.155334,9100,305.2,107.5
47.597534,-122.150459,9150,307.4,108.8
47.596573,-122.146614,9200,307.9,110.7
47.594915,-122.140714,9325,307.7,113.6
47.593425,-122.136066,9450,307.3,115.7
47.592448,-122.133249,9525,305.5,117.5
47.591051,-122.129657,9650,304.9,119.3
47.58891,-122.124798,9850,301.2,123.9
47.586411,-122.119904,10050,298.9,128.5
47.583277,-122.114798,10250,295.7,133.6
47.580065,-122.110361,10450,295.2,137.6
47.577877,-122.107826,10550,294.5,141.3
47.575012,-122.104866,10650,294.9,145.5
47.572942,-122.102966,10725,294.2,148.2
47.571213,-122.101639,10775,295.4,151.3
47.56929,-122.100197,10800,295.6,153.7
47.565628,-122.098,10850,298.7,159.6
47.561462,-122.096146,10900,300.3,164.9
47.557663,-122.094841,10950,302.2,168.4
47.554916,-122.094154,11000,302.3,170.3
47.552124,-122.093536,11075,302.4,171.4
47.549332,-122.093056,11150,301.3,172.9
47.543747,-122.0923,11350,301.0,175.4
47.538345,-122.091888,11550,298.3,177.3
47.533652,-122.091628,11725,296.2,178.1
47.529556,-122.091476,11900,293.1,178.6
47.52113,-122.091135,12300,290.1,178.2
47.517242,-122.090927,12450,289.2,178.0
47.51445,-122.09079,12575,290.2,178.0
47.511795,-122.090584,12625,291.2,177.8
47.509305,-122.090431,12700,291.2,177.6
47.506605,-122.09029,12750,293.3,177.3
47.499436,-122.089797,12850,298.3,177.3
47.488861,-122.088799,12950,307.8,175.9
47.470807,-122.086698,13275,316.9,175.7
47.45256,-122.08461,13625,322.9,175.7
47.435898,-122.082687,14000,326.9,175.8
47.420105,-122.080971,14375,330.0,175.5
47.412689,-122.080078,14475,333.1,175.4
47.402421,-122.07881,14600,338.2,175.2
47.385849,-122.076979,14800,345.0,175.7
47.382477,-122.076576,14850,346.1,175.5
47.380216,-122.076275,14900,346.1,175.4
47.378494,-122.076096,14925,346.1,175.4
47.375095,-122.075641,15025,345.2,175.2
47.369064,-122.074928,15225,343.2,175.1
47.358057,-122.073529,15625,340.2,175.1
47.351679,-122.072754,15825,339.2,175.3
47.34614,-122.07212,15950,340.2,175.3
47.340507,-122.071416,16075,341.1,175.5
47.321823,-122.069366,16425,343.9,175.8
47.303329,-122.067238,16775,347.1,175.4
47.284607,-122.064697,17150,350.0,173.9
47.271057,-122.062019,17425,351.6,171.8
47.255456,-122.058246,17775,352.5,169.9
47.237487,-122.053035,18150,355.2,168.5
47.217469,-122.047049,18500,358.1,168.6
47.203131,-122.042753,18700,361.2,168.5
47.197731,-122.041133,18750,363.2,168.6
47.177994,-122.03524,18850,372.4,168.5
47.158859,-122.02961,18925,381.4,168.7
47.134653,-122.0224,19025,390.9,168.5
47.114777,-122.016563,19125,397.7,168.7
47.087357,-122.008392,19400,403.0,168.6
47.060402,-122.000427,19675,406.0,168.6
47.035264,-121.993033,19975,409.1,168.6
47.009628,-121.985458,20275,411.3,168.5
46.981449,-121.977117,20550,414.2,168.6
46.955566,-121.96946,20850,415.2,168.6
46.924982,-121.960426,21125,420.3,168.6
46.89044,-121.950355,21375,425.4,168.6
46.858552,-121.940964,21625,430.3,168.7
46.828013,-121.932037,21900,433.6,168.6
46.798462,-121.923322,22175,435.6,168.6
46.771778,-121.915558,22475,435.6,168.6
46.747101,-121.908316,22800,435.6,168.6
46.719498,-121.90021,23100,435.6,168.6
46.693222,-121.892574,23400,435.6,168.6
46.668386,-121.885345,23725,434.6,168.6
46.644132,-121.878273,24050,433.4,168.7
46.617458,-121.870514,24375,432.4,168.7
46.589992,-121.86248,24675,432.4,168.7
46.557312,-121.85305,24950,434.4,168.7
46.525331,-121.843803,25225,436.6,168.6
46.490753,-121.833757,25475,438.5,168.7
46.45816,-121.824378,25750,440.5,168.7
46.424964,-121.814758,26000,442.4,168.8
46.392005,-121.805283,26250,443.6,168.7
46.358068,-121.795464,26500,446.8,168.6
46.324551,-121.785851,26750,448.5,168.8
46.290521,-121.776031,27000,450.7,168.7
46.257841,-121.766693,27250,451.7,168.8
46.228374,-121.758179,27525,451.7,168.8
46.196594,-121.749081,27800,452.6,168.8
46.159607,-121.738497,28050,454.8,168.7
46.121521,-121.727645,28275,457.7,168.8
46.083783,-121.716843,28500,459.9,168.7
46.042328,-121.705136,28700,462.6,168.9
46.018524,-121.69837,28825,463.8,168.8
46.01307,-121.696793,28875,463.8,168.8
46.009323,-121.695758,28925,462.8,168.8
46.006413,-121.694939,28975,461.9,168.8
46.000168,-121.693145,29125,460.9,168.7
45.999298,-121.692877,29125,459.9,168.7
45.996002,-121.691939,29200,458.9,168.7
45.992706,-121.691001,29300,455.8,168.7
45.985977,-121.689059,29525,452.8,168.7
45.974625,-121.685776,29925,444.6,168.7
45.966378,-121.683403,30225,440.7,168.6
45.963593,-121.682628,30300,438.5,168.7
45.959656,-121.681489,30425,437.5,168.7
45.954895,-121.680149,30550,436.6,168.6
45.949759,-121.678665,30650,434.4,168.7
45.937934,-121.675232,30875,433.2,168.8
45.912889,-121.668228,31225,432.2,168.8
45.887053,-121.660881,31525,432.2,168.8
45.858051,-121.652641,31825,432.2,168.8
45.8302,-121.644845,32125,432.2,168.8
45.800745,-121.636505,32400,433.2,168.8
45.771286,-121.628232,32675,433.2,168.8
45.743346,-121.620369,32975,433.2,168.8
45.716217,-121.61269,33275,431.3,168.8
45.691269,-121.605656,33600,429.1,168.9
45.668884,-121.599359,33950,425.0,168.9
45.642933,-121.592079,34250,424.0,168.9
45.609136,-121.582603,34500,425.0,168.9
45.574768,-121.573032,34725,426.9,168.9
45.542566,-121.563989,34975,428.1,168.8
45.536728,-121.562413,35000,429.1,168.9
45.528946,-121.560189,35000,429.9,169.0
45.489487,-121.549268,35000,437.1,168.9
45.450812,-121.538466,35000,437.1,168.9
45.411804,-121.527557,35000,435.2,168.9
45.37279,-121.516694,35000,435.2,168.9
45.333267,-121.505708,35000,437.1,168.9
45.29435,-121.494989,35000,438.1,168.9
45.254883,-121.484004,35000,435.2,168.9
45.216568,-121.47341,35000,432.0,168.9
45.178207,-121.462817,35000,429.9,169.0
45.139796,-121.452183,35000,426.9,168.9
45.101856,-121.441799,35000,425.8,169.0
45.063963,-121.431416,35000,426.8,169.1
45.026023,-121.421032,35000,426.0,168.9
44.988129,-121.410582,35000,422.8,169.0
44.950974,-121.40043,35000,420.7,169.0
44.91304,-121.390016,35000,422.6,169.1
44.87538,-121.379834,35000,425.8,169.0
44.83786,-121.369498,35000,422.8,169.0
44.799313,-121.359,35000,420.7,169.0
44.761792,-121.348884,35000,418.5,169.1
44.723694,-121.338501,35000,415.6,169.0
44.686707,-121.32843,35000,415.6,169.0
44.648987,-121.318229,35000,417.5,169.1
44.611404,-121.308092,35000,420.7,169.0
44.574005,-121.298022,35000,422.6,169.1
44.536377,-121.28782,35000,423.6,169.1
44.498611,-121.277749,35000,424.6,169.1
44.460709,-121.267482,35000,424.6,169.1
44.423035,-121.257346,35000,424.6,169.1
44.385223,-121.24721,35000,425.8,169.0
44.347321,-121.237074,35000,426.6,169.2
44.309372,-121.226872,35000,426.8,169.1
44.271332,-121.216736,35000,427.6,169.2
44.233292,-121.206534,35000,428.7,169.1
44.195068,-121.196398,35000,429.7,169.1
44.156427,-121.186131,35000,430.7,169.2
44.118118,-121.175942,35000,431.7,169.2
44.078979,-121.16553,35000,432.7,169.2
44.039612,-121.155055,35000,432.7,169.2
44.000849,-121.144802,35000,432.7,169.2
43.961929,-121.134487,35000,432.7,169.2
43.923805,-121.124464,35000,432.7,169.2
43.884469,-121.114066,35000,433.6,169.2
43.845877,-121.10393,35000,434.6,169.3
43.807099,-121.093728,35000,435.6,169.3
43.767746,-121.083388,35000,436.8,169.2
43.728928,-121.073168,35000,437.7,169.2
43.689555,-121.062927,35000,438.7,169.2
43.650358,-121.05266,35000,438.7,169.2
43.610733,-121.042317,35000,438.7,169.2
43.571405,-121.031996,35000,439.7,169.2
43.532208,-121.021794,35000,439.7,169.2
43.49263,-121.01153,35000,439.7,169.2
43.453491,-121.00131,35000,438.7,169.2
43.413712,-120.990963,35000,437.6,169.3
43.37471,-120.98087,35000,438.7,169.2
43.336689,-120.971048,35000,440.7,169.3
43.296467,-120.96065,35000,441.7,169.3
43.256744,-120.950403,35000,442.7,169.3
43.216232,-120.939927,35000,443.6,169.4
43.17659,-120.929707,35000,444.6,169.4
43.137131,-120.919935,35000,442.7,170.0
43.098015,-120.910492,35000,442.7,170.0
43.057468,-120.900617,35000,443.9,169.9
43.017294,-120.890874,35000,443.9,169.9
42.977724,-120.881195,35000,443.9,169.9
42.937969,-120.871582,35000,445.9,169.9
42.897887,-120.861838,35000,447.0,169.8
42.858627,-120.852292,35000,447.0,169.8
42.818283,-120.842547,35000,446.9,169.9
42.77755,-120.832683,35000,446.9,169.9
42.737654,-120.823038,35000,448.0,169.8
42.698044,-120.813467,35000,448.0,169.8
42.657491,-120.803684,35000,446.9,169.9
42.617432,-120.794054,35000,445.9,169.9
42.577235,-120.784394,35000,445.9,169.9
42.53734,-120.774813,35000,447.8,170.0
42.497212,-120.765232,35000,448.8,170.0
42.456386,-120.755459,35000,448.8,170.0
42.415559,-120.745686,35000,447.8,170.0
42.375478,-120.736105,35000,448.8,170.0
42.356624,-120.731634,35050,449.8,170.0
42.322222,-120.723458,35300,451.0,169.9
42.28894,-120.715526,35550,449.8,170.0
42.258499,-120.708285,35825,448.8,170.0
42.227907,-120.700975,36100,446.9,169.9
42.197433,-120.693741,36375,445.9,169.9
42.160812,-120.685064,36600,446.7,170.1
42.122839,-120.676064,36825,447.8,170.0
42.091507,-120.668647,37000,448.8,170.0
42.051178,-120.659096,37000,449.8,170.0
42.010555,-120.649492,37000,448.8,170.0
41.97052,-120.640103,37000,449.8,170.0
41.930299,-120.630585,37000,450.8,170.0
41.889633,-120.621081,37000,451.8,170.1
41.848739,-120.611487,37000,451.8,170.1
41.80917,-120.602161,37000,451.8,170.1
41.767925,-120.592517,37000,452.8,170.1
41.727173,-120.583004,37000,452.8,170.1
41.687157,-120.57361,37000,452.8,170.1
41.64647,-120.564156,37000,452.8,170.1
41.60582,-120.554664,37000,453.8,170.1
41.564678,-120.545122,37000,453.8,170.1
41.52388,-120.535625,37000,452.8,170.1
41.482773,-120.526074,37000,451.8,170.1
41.442012,-120.516634,37000,452.8,170.1
41.402023,-120.50741,37000,451.6,170.2
41.361374,-120.498047,37000,451.8,170.1
41.321182,-120.48877,37000,451.8,170.1
41.280807,-120.47937,37000,451.6,170.2
41.239746,-120.469971,37000,450.6,170.2
41.199103,-120.460593,37000,449.6,170.1
41.158044,-120.451168,37000,451.6,170.2
41.117249,-120.441833,37000,452.6,170.2
41.076205,-120.432441,37000,453.6,170.2
41.035518,-120.423015,37000,453.3,169.7
41.001954,-120.414401,37000,453.0,168.5
40.969973,-120.405287,37000,454.1,167.3
40.929337,-120.3927,37000,454.1,166.8
40.889282,-120.380249,37000,455.3,166.7
40.849136,-120.367737,37000,455.0,166.8
40.808258,-120.355103,37000,454.1,166.8
40.76761,-120.342553,37000,453.1,166.7
40.727463,-120.330078,37000,452.1,166.7
40.688052,-120.317896,37000,451.9,166.8
40.64772,-120.305481,37000,451.9,166.8
40.607849,-120.293213,37000,452.9,166.9
40.567296,-120.280755,37000,452.9,166.9
40.526871,-120.268311,37000,454.1,166.8
40.486771,-120.256042,37000,455.0,166.8
40.446579,-120.243652,37000,455.0,166.8
40.405946,-120.231254,37000,456.0,166.8
40.366104,-120.219055,37000,454.8,166.9
40.325958,-120.206787,37000,455.0,166.8
40.286167,-120.194674,37000,454.8,166.9
40.245899,-120.18244,37000,454.8,166.9
40.20498,-120.169955,37000,455.8,166.9
40.16478,-120.157776,37000,455.8,166.9
40.123513,-120.145236,37000,454.8,166.9
40.083432,-120.133126,37000,453.8,166.9
40.043071,-120.120891,37000,453.8,166.9
40.001953,-120.108398,37000,453.8,166.9
39.962396,-120.096484,37000,452.6,167.0
39.921936,-120.084268,37000,453.6,167.0
39.881607,-120.072148,37000,454.8,166.9
39.840336,-120.059753,37000,456.8,167.0
39.8004,-120.047727,37000,456.8,167.0
39.760071,-120.035606,37000,455.8,166.9
39.719833,-120.023545,37000,455.8,166.9
39.679172,-120.011353,37000,455.8,166.9
39.639175,-119.999423,37000,454.6,167.0
39.598451,-119.987244,37000,453.6,167.0
39.557764,-119.975098,37000,454.6,167.0
39.517044,-119.963001,37000,455.6,167.1
39.476669,-119.950999,37000,455.8,166.9
39.435937,-119.938843,37000,454.6,167.0
39.395669,-119.926941,37000,453.4,167.1
39.355774,-119.9151,37000,452.6,167.0
39.315216,-119.903054,37000,452.6,167.0
39.275611,-119.891357,37000,452.4,167.1
39.235809,-119.879578,37000,452.6,167.0
39.196243,-119.867885,37000,452.4,167.1
39.155646,-119.855896,37000,452.4,167.1
39.115311,-119.844062,37000,451.4,167.1
39.075439,-119.832299,37000,451.4,167.1
39.035522,-119.820596,37000,451.2,167.2
38.994781,-119.808655,37000,451.4,167.1
38.954773,-119.796892,37000,453.4,167.1
38.914673,-119.785189,37000,454.4,167.2
38.874051,-119.773315,37000,455.3,167.2
38.833282,-119.761426,37000,455.3,167.2
38.792221,-119.749424,37000,454.6,167.0
38.752075,-119.737721,37000,453.4,167.1
38.712282,-119.726135,37000,451.2,167.2
38.672058,-119.714435,37000,450.0,167.3
38.63237,-119.702911,37000,449.3,167.1
38.591766,-119.691149,37000,449.3,167.1
38.552469,-119.679749,37000,448.1,167.2
38.512853,-119.668274,37000,448.1,167.2
38.473237,-119.656799,37000,448.1,167.2
38.433014,-119.645173,37000,448.1,167.2
38.392887,-119.63365,37000,448.1,167.2
38.353225,-119.622245,37000,446.9,167.3
38.313842,-119.610901,37000,444.0,167.2
38.285771,-119.603199,37000,442.6,168.7
38.246109,-119.593428,37000,440.3,168.9
38.206492,-119.583554,37000,439.3,168.8
38.16669,-119.573523,37000,437.3,168.8
38.128189,-119.563858,37000,436.4,168.8
38.089371,-119.554041,37000,435.4,168.7
38.049911,-119.544106,37000,434.4,168.7
38.010973,-119.534295,37000,431.5,168.6
37.972275,-119.52453,37000,430.3,168.7
37.933417,-119.514771,37000,429.3,168.7
37.895337,-119.505217,37000,429.3,168.7
37.856419,-119.495485,37000,428.3,168.7
37.818558,-119.485961,37000,428.3,168.7
37.779602,-119.476201,37000,428.3,168.7
37.741516,-119.466676,37000,428.1,168.8
37.70343,-119.457151,37000,427.1,168.8
37.664997,-119.447539,37000,426.2,168.8
37.627057,-119.438105,37000,427.1,168.8
37.588531,-119.428516,37000,427.1,168.8
37.549576,-119.418815,37000,427.1,168.8
37.511627,-119.409407,37000,426.2,168.8
37.473541,-119.39994,37000,424.0,168.9
37.435587,-119.390518,37000,423.0,168.8
37.397275,-119.381024,37000,424.0,168.9
37.358683,-119.37153,37000,425.0,168.9
37.320789,-119.362156,37000,426.0,168.9
37.282242,-119.352664,37000,426.2,168.8
37.244537,-119.343348,37000,426.2,168.8
37.206116,-119.333847,37000,423.0,168.8
37.168238,-119.32448,37000,422.0,168.8
37.130624,-119.315225,37000,421.9,168.9
37.092916,-119.305971,37000,420.9,168.9
37.055349,-119.296775,37000,419.9,168.9
37.017288,-119.287447,37000,421.9,168.9
36.979282,-119.278146,37000,423.0,168.8
36.941621,-119.268892,37000,421.9,168.9
36.904312,-119.259806,37000,420.9,168.9
36.866684,-119.250631,37000,419.9,168.9
36.829376,-119.241486,37000,420.9,168.9
36.79149,-119.232282,37000,420.9,168.9
36.753783,-119.223165,37000,422.6,169.1
36.715424,-119.213874,37000,423.8,169.0
36.677902,-119.20475,37000,423.8,169.0
36.639777,-119.195466,37000,423.8,169.0
36.602116,-119.186349,37000,421.9,168.9
36.564331,-119.17717,37000,419.7,169.0
36.526154,-119.167957,37000,420.7,169.0
36.488571,-119.158859,37000,421.9,168.9
36.4511,-119.149826,37000,422.8,169.0
36.412509,-119.140534,37000,421.9,168.9
36.374894,-119.131418,37000,420.9,168.9
36.337006,-119.122353,37000,420.7,169.0
36.299107,-119.113185,37000,419.7,169.0
36.26154,-119.104186,37000,419.7,169.0
36.223709,-119.095058,37000,419.7,169.0
36.186544,-119.086187,37000,420.7,169.0
36.149185,-119.077263,37000,421.7,169.1
36.11142,-119.068222,37000,424.8,169.0
36.073841,-119.059247,37000,424.8,169.0
36.035855,-119.050189,37000,423.8,169.0
35.997757,-119.041042,37000,421.7,169.1
35.960175,-119.032116,37000,421.7,169.1
35.952347,-119.030228,36975,422.8,169.0
35.932741,-119.025119,36825,426.5,167.3
35.919707,-119.02097,36700,428.2,164.7
35.906672,-119.016061,36600,429.8,162.1
35.895453,-119.011036,36500,431.4,159.1
35.883224,-119.004707,36400,432.9,156.2
35.870911,-118.99744,36275,434.2,153.3
35.859934,-118.990115,36175,436.6,150.5
35.846108,-118.979771,36050,437.0,148.1
35.818688,-118.958675,35775,436.2,148.0
35.790939,-118.937416,35525,436.2,148.0
35.764252,-118.916931,35250,436.2,148.0
35.736384,-118.895562,35000,437.6,148.0
35.708918,-118.874525,34725,437.0,148.1
35.680614,-118.852903,34450,437.0,148.1
35.652603,-118.831558,34200,440.6,148.1
35.625366,-118.810787,33925,445.1,148.1
35.59726,-118.789387,33650,447.3,148.2
35.569016,-118.767872,33400,447.3,148.2
35.541504,-118.746986,33125,445.1,148.1
35.527225,-118.736085,33025,443.7,148.2
35.516922,-118.728275,33000,442.9,148.1
35.483002,-118.702469,33000,441.5,148.1
35.448761,-118.676548,33000,443.2,148.3
35.414149,-118.650298,33000,443.7,148.2
35.379776,-118.624249,33000,441.5,148.1
35.345159,-118.598055,33000,441.0,148.3
35.310883,-118.572121,33000,440.1,148.2
35.276871,-118.546486,33000,438.7,148.2
35.243088,-118.521023,33000,438.2,148.3
35.210995,-118.496819,32975,438.7,148.2
35.205139,-118.492425,32950,438.7,148.2
35.197076,-118.486347,32850,439.6,148.3
35.18898,-118.480262,32725,438.7,148.2
35.182846,-118.47561,32625,438.7,148.2
35.165747,-118.462772,32225,437.4,148.3
35.147415,-118.448985,31825,436.0,148.3
35.128235,-118.434579,31425,436.0,148.3
35.109467,-118.420454,31025,436.8,148.4
35.090195,-118.405992,30625,440.4,148.4
35.071571,-118.392048,30250,444.0,148.4
35.053574,-118.378582,29850,447.1,148.4
35.034283,-118.364124,29450,448.5,148.4
35.015442,-118.350052,29050,447.6,148.3
34.996536,-118.33587,28675,444.0,148.4
34.97721,-118.321438,28275,439.1,148.4
34.958908,-118.307732,27875,436.0,148.3
34.94046,-118.293887,27500,433.2,148.4
34.922372,-118.280411,27100,431.0,148.4
34.903748,-118.266477,26725,428.3,148.5
34.885735,-118.253059,26350,424.7,148.5
34.867067,-118.239098,25950,421.0,148.5
34.84854,-118.225307,25575,418.8,148.5
34.830152,-118.211632,25200,416.6,148.4
34.811966,-118.198093,24800,415.2,148.5
34.793747,-118.184528,24425,414.4,148.4
34.778595,-118.173205,24150,413.0,148.5
34.773684,-118.169632,24075,412.1,148.4
34.769485,-118.166479,24025,411.6,148.5
34.762344,-118.161154,24000,410.8,148.4
34.75264,-118.153923,23925,410.2,148.6
34.749709,-118.151779,23900,410.2,148.6
34.745499,-118.148654,23825,410.8,148.4
34.742249,-118.146244,23775,410.8,148.4
34.737885,-118.142967,23650,410.8,148.4
34.724385,-118.132954,23250,409.4,148.5
34.711761,-118.123599,22850,408.9,148.6
34.700775,-118.115471,22550,408.0,148.5
34.695336,-118.111382,22400,407.2,148.5
34.691162,-118.108296,22325,405.8,148.5
34.672991,-118.094845,21975,400.0,148.5
34.660034,-118.084978,21725,399.7,146.4
34.651857,-118.07785,21550,401.2,142.9
34.644196,-118.070293,21375,401.3,139.2
34.637425,-118.06263,21225,402.4,135.9
34.631012,-118.054486,21075,402.2,132.0
34.625042,-118.045807,20900,402.0,128.6
34.620026,-118.037446,20750,402.2,124.9
34.614987,-118.027954,20600,401.1,121.2
34.607071,-118.011045,20325,398.4,119.1
34.596552,-117.9879,19950,393.4,118.7
34.586125,-117.964954,19575,388.9,118.7
34.575897,-117.942492,19225,385.8,118.8
34.565826,-117.920408,18850,386.3,118.9
34.555389,-117.897594,18475,387.6,119.0
34.545066,-117.875061,18100,389.9,119.0
34.534917,-117.852859,17750,388.5,118.9
34.524994,-117.831172,17375,385.4,119.0
34.514946,-117.809372,17025,383.2,119.0
34.504798,-117.78717,16675,377.7,118.8
34.495193,-117.766039,16325,371.5,119.0
34.485626,-117.745243,15975,366.2,119.1
34.475936,-117.724171,15625,358.1,119.1
34.465942,-117.702419,15300,348.7,119.0
34.456284,-117.681455,14950,343.4,119.1
34.447083,-117.6615,14600,338.9,119.1
34.437698,-117.641097,14275,333.9,119.0
34.428266,-117.620659,13950,329.9,119.2
34.41893,-117.600403,13600,326.4,119.2
34.409821,-117.580616,13250,322.8,119.1
34.400893,-117.561264,12900,319.7,119.2
34.391602,-117.541211,12550,316.1,119.2
34.382645,-117.521839,12225,312.5,119.1
34.377365,-117.510382,12025,311.6,119.2
34.37245,-117.499809,11825,310.2,119.1
34.367569,-117.489194,11650,308.9,119.1
34.362674,-117.478638,11450,308.5,119.3
34.357693,-117.467823,11275,307.1,119.2
34.352619,-117.456951,11075,306.3,119.3
34.347405,-117.445736,10875,305.8,119.2
34.342424,-117.434864,10700,304.4,119.1
34.337489,-117.424278,10500,303.5,119.2
34.332508,-117.413521,10325,304.0,119.3
34.327341,-117.402363,10125,303.5,119.2
34.32208,-117.39109,9925,303.5,119.2
34.317169,-117.380508,9750,304.4,119.1
34.312546,-117.370531,9550,304.0,119.3
34.308472,-117.362347,9425,304.0,122.6
34.305176,-117.356854,9300,303.0,127.6
34.301644,-117.352066,9225,301.4,132.9
34.298385,-117.348347,9125,300.3,138.2
34.294601,-117.344803,9050,298.6,144.1
34.291077,-117.34211,8975,297.6,149.7
34.287415,-117.33987,8900,296.1,154.8
34.282511,-117.337589,8800,293.9,159.9
34.275202,-117.334785,8650,292.3,163.3
34.265533,-117.33163,8450,290.1,165.6
34.256058,-117.328884,8275,288.6,166.8
34.246573,-117.326202,8100,286.0,166.4
34.241592,-117.324736,8025,285.0,166.4
34.238892,-117.323971,8000,284.0,166.4
34.235307,-117.322884,7975,279.9,166.4
34.230057,-117.321373,7950,275.8,166.4
34.225662,-117.320083,7950,271.6,166.4
34.220922,-117.318707,7950,266.8,166.1
34.216733,-117.317448,7950,262.7,166.1
34.212708,-117.316272,7950,258.5,166.1
34.207934,-117.314816,7975,254.4,166.1
34.204468,-117.313805,7975,250.5,165.9
34.19957,-117.312292,7975,246.2,166.1
34.195312,-117.311003,7975,242.1,166.1
34.174324,-117.304745,7950,238.9,166.2
34.171298,-117.303886,7925,237.0,166.1
34.168121,-117.302875,7875,236.0,166.0
34.160265,-117.300568,7700,235.0,166.0
34.151688,-117.297942,7525,232.1,165.8
34.14346,-117.295475,7350,233.1,165.8
34.1353,-117.293122,7150,234.8,167.2
34.131454,-117.292281,7050,235.3,171.9
34.12793,-117.292001,6975,236.2,177.6
34.125071,-117.292099,6900,237.5,183.9
34.121796,-117.292674,6800,238.1,189.2
34.119141,-117.293514,6725,239.2,195.0
34.116878,-117.294502,6675,239.9,202.3
34.114288,-117.296093,6600,241.3,209.0
34.111478,-117.298164,6500,241.3,214.0
34.108429,-117.300913,6400,241.8,217.4
34.105473,-117.303829,6300,242.6,220.3
34.103302,-117.306182,6200,242.8,222.5
34.101059,-117.308873,6100,243.3,224.3
34.098723,-117.31184,6000,241.9,226.7
34.096436,-117.31487,5900,239.3,227.7
34.093695,-117.318535,5800,235.2,228.4
34.090809,-117.322426,5700,230.9,228.2
34.087876,-117.32626,5600,227.2,227.7
34.085495,-117.329388,5500,225.0,227.2
34.083128,-117.332497,5400,222.1,226.8
34.080614,-117.335701,5300,219.3,226.9
34.078147,-117.338905,5200,216.5,226.9
34.0754,-117.342396,5100,214.3,226.7
34.071716,-117.347045,5000,212.2,226.5
34.069519,-117.349791,4950,211.5,226.3
34.06842,-117.351136,4900,211.5,226.3
34.066695,-117.353382,4800,212.2,226.5
34.064833,-117.355843,4700,213.3,228.6
34.062878,-117.358818,4600,213.0,233.4
34.061155,-117.362137,4500,212.1,239.1
34.060043,-117.364757,4450,209.8,244.3
34.058899,-117.368233,4375,208.8,249.8
34.058222,-117.37112,4325,207.1,256.0
34.057757,-117.374268,4275,206.2,261.6
34.05748,-117.37821,4175,206.3,266.9
34.057384,-117.38205,4075,206.1,268.6
34.057291,-117.386284,3975,206.0,268.9
34.057251,-117.390654,3875,206.0,268.9
34.057152,-117.395496,3775,206.0,268.9
34.057105,-117.399731,3675,206.1,268.6
34.056965,-117.404709,3575,205.1,268.6
34.056872,-117.409286,3475,205.1,268.6
34.056793,-117.413131,3425,204.1,268.3
34.056733,-117.416496,3375,201.1,268.6
34.056733,-117.419586,3375,197.0,269.4
34.056733,-117.423019,3350,192.0,270.3
34.056747,-117.424453,3350,188.0,270.9
34.056779,-117.427139,3350,183.0,270.9
34.056826,-117.429943,3350,178.0,270.6
34.056839,-117.434543,3350,178.0,270.3
34.056872,-117.440186,3300,175.0,270.0
34.056872,-117.442932,3250,172.0,270.0
34.056872,-117.446651,3150,168.0,270.3
34.056931,-117.451695,3050,164.0,271.0
34.056965,-117.456894,2950,159.0,270.4
34.056965,-117.463188,2850,157.0,270.0
34.056976,-117.46924,2750,155.0,269.6
34.056976,-117.47434,2675,150.0,270.4
34.056965,-117.479038,2600,145.0,269.6
34.056931,-117.483981,2500,140.0,269.6
34.056919,-117.490425,2425,137.0,270.4
34.056919,-117.494659,2325,136.0,270.4
34.056931,-117.501077,2250,135.0,269.6
34.056885,-117.506178,2150,133.0,270.0
34.056885,-117.511447,2050,132.0,270.0
34.056839,-117.517669,1975,134.0,269.6
34.056872,-117.523842,1875,137.0,269.6
34.056885,-117.530393,1775,136.0,270.0
34.056885,-117.53611,1675,134.0,270.4
34.056885,-117.542613,1575,132.0,269.6
34.056872,-117.548046,1475,131.0,270.0
34.056885,-117.55444,1400,133.0,270.0
34.056885,-117.560942,1300,132.0,270.0
34.056919,-117.566414,1200,132.0,270.0
34.056885,-117.572713,1100,132.0,270.0
34.056872,-117.578144,1000,131.0,270.0
34.056931,-117.583531,925,131.0,270.4
34.056885,-117.588968,875,131.0,270.4
34.056872,-117.589989,875,123.0,270.0
34.056872,-117.592564,900,113.0,270.5
34.056919,-117.595768,900,101.0,270.0
34.056885,-117.596255,900,87.0,270.0
34.056885,-117.597488,900,80.0,270.0
34.056885,-117.598273,900,71.0,270.0
34.056885,-117.59945,900,68.0,270.0
34.056872,-117.599602,900,62.0,270.9
34.056919,-117.600231,900,60.0,271.0
34.056919,-117.600346,900,53.0,270.0
34.056896,-117.600515,-50.0,49.5,270.0
34.056931,-117.601426,-50.0,36.5,275.6
34.057,-117.601948,-50.0,28.5,284.1
34.057105,-117.602348,-50.0,20.5,289.7
34.057198,-117.602577,-50.0,15.5,298.1
34.057262,-117.602687,-50.0,15.5,306.6
34.057468,-117.602855,-50.0,13.2,337.5
34.05756,-117.602869,-50.0,12.8,348.8
34.05764,-117.602863,-50.0,11.8,2.8
34.057697,-117.602841,-50.0,11.8,11.2
34.057823,-117.602757,-50.0,11.8,36.6
34.057931,-117.602563,-50.0,11.8,61.9
34.057972,-117.602407,-50.0,11.8,75.9
34.05799,-117.602248,-50.0,12.2,84.4
34.05799,-117.602005,-50.0,12.8,90.0
34.05799,-117.601504,-50.0,13.8,90.0
34.05799,-117.601204,-50.0,14.8,90.0
34.057995,-117.600669,-50.0,12.2,90.0
34.058001,-117.600346,-50.0,11.2,87.2
34.058013,-117.600245,-50.0,10.8,78.8
34.058041,-117.600165,-50.0,10.8,70.3
34.058075,-117.600109,-50.0,10.8,59.1
34.058132,-117.600038,-50.0,10.8,47.8
34.05835,-117.599912,-50.0,10.8,14.1
34.05863,-117.599902,-50.0,10.8,0.0
34.0587,-117.599888,-50.0,10.2,5.6
34.058773,-117.59987,-50.0,10.2,14.1
34.05883,-117.599828,-50.0,10.2,25.3
34.058897,-117.599759,-50.0,10.2,42.2
34.058967,-117.599559,-50.0,10.8,73.1
34.058979,-117.599444,-50.0,11.2,84.4
34.058979,-117.59923,-50.0,12.2,90.0
34.058979,-117.598833,-50.0,13.8,90.0
34.058979,-117.5984,-50.0,14.2,90.0
34.05899,-117.597782,-50.0,12.8,90.0
34.058979,-117.597376,-50.0,11.8,90.0
34.058979,-117.597141,-50.0,12.2,90.0
34.058979,-117.596675,-50.0,9.2,90.0
34.059002,-117.596483,-50.0,7.2,78.8
34.059059,-117.596381,-50.0,6.8,59.1
34.059142,-117.596326,-50.0,5.8,30.9
34.059177,-117.596312,-50.0,5.8,19.7
34.059247,-117.596297,-50.0,6.2,8.4
34.059305,-117.596283,-50.0,6.2,2.8
34.059471,-117.596283,-50.0,5.8,0.0
34.059805,-117.596297,-50.0,2.8,0.0
34.05984,-117.596297,-50.0,2.2,354.4
34.059852,-117.596312,-50.0,2.2,345.9
34.059875,-117.596326,-50.0,2.2,340.3
34.059906,-117.596339,-50.0,2.2,331.9
34.059968,-117.596383,-50.0,0.0,331.9
34.059968,-117.596383,-50.0,0.0,331.9
34.059963,-117.596381,-50.0,0.0,331.9
34.059963,-117.596381,-50.0,0.0,331.9
34.059933,-117.596369,-50.0,0.0,331.9
34.059852,-117.596312,-50.0,2.2,345.9
34.059826,-117.596311,-50.0,1.9,351.6
34.059805,-117.596297,-50.0,2.2,354.4
34.059746,-117.596297,-50.0,2.8,0.0
34.059514,-117.596297,-50.0,2.2,0.0
34.059386,-117.596297,-50.0,2.2,0.0
34.059357,-117.596297,-50.0,2.2,2.8
34.059322,-117.596297,-50.0,2.2,5.6
34.059277,-117.596297,-50.0,2.2,11.2
34.059242,-117.596311,-50.0,2.2,14.1
34.0592,-117.596326,-50.0,2.2,19.7
34.059151,-117.596339,-50.0,2.2,22.5
34.059116,-117.596353,-50.0,2.2,30.9
34.059095,-117.596383,-50.0,2.2,39.4
34.059082,-117.596395,-50.0,2.2,45.0
34.059025,-117.596455,-50.0,2.2,61.9
34.059013,-117.596493,-50.0,2.2,70.3
34.05899,-117.596549,-50.0,1.6,87.2
34.05899,-117.596591,-50.0,1.6,90.0
34.05899,-117.596669,-50.0,0.0,90.0
34.05899,-117.596669,-50.0,0.0,90.0
34.05899,-117.596661,-50.0,0.0,90.0
34.05899,-117.596577,-50.0,0.0,90.0
34.05899,-117.596423,-50.0,4.8,90.0
34.05899,-117.596169,-50.0,6.2,90.0
34.058979,-117.596097,-50.0,6.8,92.8
34.058956,-117.596003,-50.0,6.8,106.9
34.058899,-117.595891,-50.0,7.2,129.4
34.058807,-117.595835,-50.0,8.2,151.9
34.058681,-117.595792,-50.0,9.2,171.6
34.05859,-117.595792,-50.0,9.8,177.2
34.058235,-117.595722,-50.0,10.2,157.5
34.058118,-117.595625,-50.0,10.2,137.8
34.058006,-117.595316,-50.0,11.2,98.4
34.058001,-117.594852,-50.0,12.8,90.0
34.057995,-117.594363,-50.0,13.2,90.0
34.057995,-117.593859,-50.0,14.8,90.0
34.057995,-117.593368,-50.0,14.2,90.0
34.057995,-117.59285,-50.0,13.2,90.0
34.058001,-117.592378,-50.0,13.8,90.0
34.058001,-117.592006,-50.0,13.8,90.0
34.057995,-117.591701,-50.0,13.2,90.0
34.058001,-117.591162,-50.0,12.2,90.0
34.058001,-117.590747,-50.0,12.2,90.0
34.058001,-117.590404,-50.0,13.2,90.0
34.057995,-117.589851,-50.0,14.2,90.0
34.058001,-117.589445,-50.0,15.5,90.0
34.058001,-117.589273,-50.0,14.8,90.0
34.058001,-117.588959,-50.0,13.8,90.0
34.056885,-117.588856,900,0.0,0.0
34.056872,-117.603149,900,157.0,269.3
34.056885,-117.603598,900,157.0,269.3
34.056872,-117.604523,925,160.0,269.6
34.056885,-117.605392,950,160.0,270.0
34.056885,-117.606849,1025,159.0,270.0
34.056885,-117.60825,1075,157.0,270.0
34.056885,-117.609595,1150,156.0,270.0
34.056872,-117.61116,1250,154.0,270.0
34.056872,-117.612877,1350,152.0,269.6
34.056872,-117.614193,1450,151.0,270.0
34.056885,-117.616378,1550,150.0,270.0
34.056872,-117.618542,1650,151.0,270.4
34.056885,-117.621086,1750,152.0,270.8
34.056965,-117.624035,1850,154.1,271.5
34.057059,-117.626438,1950,154.1,272.2
34.057114,-117.628653,2050,154.1,272.2
34.057159,-117.630335,2150,154.1,272.2
34.057245,-117.632618,2250,154.1,272.2
34.057343,-117.635548,2350,155.1,272.2
34.05748,-117.638687,2450,158.2,272.9
34.057617,-117.642059,2550,161.4,273.9
34.05785,-117.645664,2650,164.4,274.2
34.05799,-117.647953,2725,168.5,274.4
34.058176,-117.650242,2750,172.7,275.0
34.058315,-117.652187,2800,175.7,275.2
34.058455,-117.654247,2800,180.6,274.8
34.058624,-117.656848,2825,183.5,274.4
34.05867,-117.657745,2825,188.5,274.3
34.058807,-117.659426,2825,192.5,274.2
34.058899,-117.661612,2825,197.5,274.1
34.05899,-117.663406,2825,200.4,273.7
34.059107,-117.665863,2850,203.2,272.8
34.059247,-117.669582,2950,206.1,272.0
34.059311,-117.673496,3050,209.0,270.8
34.05934,-117.676048,3125,210.0,270.8
34.059357,-117.679101,3225,210.0,270.5
34.059386,-117.681255,3325,209.0,270.5
34.059433,-117.684002,3425,210.1,271.4
34.059479,-117.686348,3525,210.1,271.6
34.05954,-117.689358,3625,212.0,271.1
34.059572,-117.692928,3725,214.0,270.8
34.059665,-117.696304,3825,216.1,272.1
34.059906,-117.700065,3925,218.7,274.5
34.060178,-117.703171,3975,221.2,276.0
34.060364,-117.705173,4000,224.6,276.9
34.060829,-117.708664,4050,229.5,278.5
34.061295,-117.711754,4075,233.8,280.4
34.061621,-117.713871,4100,237.7,281.4
34.062286,-117.717273,4125,241.9,282.7
34.063157,-117.721367,4200,246.2,284.8
34.064301,-117.726353,4275,250.4,285.8
34.065353,-117.730725,4375,253.3,285.6
34.06595,-117.733269,4450,254.5,285.7
34.066416,-117.735329,4525,254.3,285.5
34.067067,-117.738075,4625,254.3,285.5
34.067579,-117.74025,4700,253.6,285.8
34.068091,-117.742538,4800,252.6,285.9
34.068743,-117.745285,4900,252.9,286.1
34.069395,-117.747917,5000,254.1,286.2
34.070186,-117.751236,5100,255.1,286.2
34.07103,-117.75466,5200,256.3,286.3
34.072048,-117.758789,5300,258.2,286.2
34.073044,-117.762956,5400,259.5,286.3
34.073957,-117.766685,5500,260.7,286.5
34.075121,-117.771034,5600,261.8,288.0
34.076019,-117.774054,5700,262.9,290.0
34.077216,-117.777615,5800,263.7,292.3
34.078426,-117.780933,5900,264.1,294.1
34.080093,-117.784928,6000,264.3,297.2
34.081558,-117.788011,6100,264.8,300.1
34.083023,-117.790926,6200,265.3,301.6
34.084524,-117.793579,6300,265.7,304.1
34.08634,-117.796555,6400,265.8,306.7
34.087921,-117.799054,6500,266.1,308.6
34.090018,-117.801991,6600,266.7,310.4
34.091973,-117.80468,6700,267.2,311.2
34.093928,-117.807312,6800,267.7,311.7
34.09593,-117.810001,6900,267.7,312.0
34.097931,-117.812691,7000,268.3,312.1
34.102112,-117.818224,7200,269.0,312.3
34.106311,-117.823792,7400,269.7,312.1
34.11064,-117.829571,7600,269.9,311.5
34.114746,-117.83532,7800,271.7,310.4
34.118637,-117.841037,8000,272.2,309.2
34.12279,-117.847366,8200,272.2,307.8
34.126923,-117.853985,8400,273.8,306.5
34.13118,-117.861104,8600,275.3,305.5
34.134847,-117.867279,8800,276.9,305.3
34.139236,-117.874725,9000,278.3,305.4
34.143723,-117.882348,9200,281.1,305.4
34.148254,-117.890027,9400,282.5,305.5
34.152351,-117.896976,9600,284.1,305.3
34.156815,-117.904489,9800,285.5,305.3
34.160637,-117.910995,10000,286.1,305.5
34.164825,-117.918053,10200,286.9,305.4
34.16954,-117.926069,10400,289.1,305.3
34.173798,-117.933468,10600,289.6,304.7
34.177629,-117.940121,10800,289.9,304.5
34.1814,-117.946644,11000,290.4,304.6
34.185031,-117.952938,11200,290.2,304.9
34.18927,-117.960205,11400,292.1,305.1
34.194108,-117.968388,11600,294.1,305.3
34.199615,-117.977806,11800,296.3,305.2
34.204788,-117.986606,12000,297.7,305.3
34.214401,-118.002917,12350,301.3,305.3
34.223969,-118.019116,12700,304.1,305.4
34.23349,-118.035316,13075,306.3,305.3
34.241499,-118.048897,13475,305.5,305.4
34.249645,-118.062744,13875,304.9,305.2
34.25798,-118.076907,14275,304.9,305.2
34.266311,-118.091125,14675,304.1,305.4
34.274551,-118.104485,15025,303.2,307.4
34.282974,-118.117265,15350,304.9,309.3
34.291449,-118.129177,15625,307.5,311.3
34.30275,-118.144226,16000,310.1,312.1
34.313096,-118.158016,16375,310.1,312.1
34.323669,-118.17214,16775,310.8,312.0
34.335115,-118.18737,17150,311.5,312.1
34.344681,-118.200167,17400,315.1,312.0
34.357972,-118.217926,17725,320.1,312.0
34.369812,-118.233742,18075,320.7,312.1
34.381574,-118.249512,18425,322.1,312.1
34.393585,-118.265648,18775,322.9,312.0
34.406342,-118.282732,19100,325.7,312.0
34.419342,-118.300165,19425,329.3,311.9
34.43227,-118.31749,19750,330.7,311.9
34.444473,-118.333796,20100,330.7,311.9
34.457291,-118.351004,20425,332.1,312.0
34.471094,-118.36956,20750,335.7,311.9
34.485489,-118.388952,21050,339.2,312.0
34.500562,-118.409214,21350,342.7,311.9
34.515598,-118.429356,21650,347.0,312.0
34.529797,-118.448296,21975,348.2,312.4
34.53598,-118.455823,22125,350.1,315.8
34.543017,-118.463573,22275,351.5,318.9
34.550308,-118.470677,22400,353.3,321.9
34.557724,-118.477179,22550,354.6,324.9
34.564957,-118.482784,22700,355.7,328.1
34.574066,-118.489118,22875,355.9,330.9
34.590866,-118.500217,23225,355.3,331.4
34.610001,-118.512829,23525,357.5,331.4
34.629868,-118.525945,23850,359.8,331.4
34.651657,-118.54035,24150,363.4,331.4
34.673364,-118.554668,24450,367.0,331.3
34.692169,-118.567088,24775,367.0,331.3
34.710931,-118.579502,25100,367.0,331.3
34.729413,-118.591747,25425,367.0,331.3
34.748795,-118.604587,25750,368.3,331.3
34.768889,-118.617897,26075,368.3,331.3
34.788986,-118.631268,26375,370.6,331.3
34.809762,-118.645077,26700,371.9,331.2
34.830093,-118.658566,27000,374.1,331.2
34.849936,-118.671513,27275,374.8,332.7
34.859992,-118.677292,27425,376.8,335.5
34.869721,-118.682156,27550,378.7,338.8
34.880676,-118.68676,27700,380.4,341.6
34.891275,-118.690567,27825,383.8,344.6
34.901702,-118.693542,27925,385.8,347.7
34.916199,-118.69685,28075,387.8,350.0
34.943115,-118.702567,28375,390.8,350.1
34.971438,-118.708591,28650,394.9,350.1
34.998596,-118.714394,28925,397.0,350.0
35.026602,-118.720436,29200,400.2,349.9
35.05309,-118.726101,29500,402.1,350.0
35.082779,-118.732499,29775,405.3,349.9
35.107556,-118.737831,30075,405.3,349.9
35.132788,-118.743267,30400,405.3,349.9
35.158401,-118.748866,30700,406.3,349.9
35.189209,-118.755512,30950,410.4,349.9
35.223146,-118.762894,31200,413.3,350.0
35.252151,-118.769131,31475,415.3,350.0
35.282872,-118.775765,31750,416.4,349.9
35.31639,-118.783069,32000,419.6,349.8
35.344299,-118.789101,32275,419.6,349.8
35.372159,-118.795166,32575,418.4,350.0
35.393573,-118.799841,32800,417.4,349.9
35.415985,-118.804722,33150,414.5,349.9
35.439972,-118.809929,33475,411.4,349.9
35.463959,-118.815136,33800,408.4,349.9
35.4776,-118.818132,33975,407.4,349.8
35.510742,-118.825378,34225,409.4,349.9
35.545898,-118.833103,34450,411.4,349.9
35.57927,-118.840397,34700,412.5,349.8
35.609802,-118.847065,34950,412.5,349.8
35.63974,-118.853645,35225,411.5,349.8
35.6689,-118.860054,35500,409.4,349.9
35.693975,-118.865525,35800,406.4,349.8
35.709337,-118.868915,35950,405.4,349.8
35.715042,-118.870125,36000,405.4,349.8
35.734222,-118.874359,36000,409.4,349.9
35.771027,-118.882484,36000,414.5,349.9
35.808105,-118.89061,36000,411.5,349.8
35.845551,-118.898849,36000,411.5,349.8
35.883087,-118.907089,36000,413.5,349.8
35.920358,-118.915314,36000,413.5,349.8
35.957016,-118.923454,36000,413.5,349.8
35.994644,-118.931751,36000,415.6,349.7
36.031769,-118.939991,36000,415.6,349.7
36.06958,-118.948345,36000,414.5,349.9
36.106381,-118.956513,36000,415.6,349.7
36.143829,-118.964825,36000,417.6,349.8
36.181563,-118.973168,36000,417.6,349.8
36.218445,-118.981361,36000,416.6,349.8
36.255661,-118.989601,36000,416.6,349.8
36.292831,-118.997898,36000,416.6,349.8
36.33078,-119.006367,36000,415.6,349.7
36.368637,-119.014778,36000,415.6,349.7
36.405716,-119.023075,36000,415.6,349.7
36.443187,-119.031431,36000,415.6,349.7
36.480242,-119.039729,36000,414.7,349.7
36.517136,-119.048023,36000,415.6,349.7
36.55426,-119.05632,36000,418.8,349.7
36.591797,-119.064789,36000,418.8,349.7
36.629349,-119.073214,36000,417.6,349.8
36.666321,-119.081497,36000,415.6,349.7
36.703903,-119.089966,36000,414.7,349.7
36.741307,-119.0984,36000,414.7,349.7
36.778409,-119.106757,36000,416.8,349.6
36.815791,-119.115172,36000,416.8,349.6
36.853317,-119.123646,36000,414.7,349.7
36.890213,-119.132002,36000,412.7,349.7
36.926492,-119.14022,36000,410.7,349.6
36.963082,-119.14852,36000,409.7,349.6
37.000417,-119.156998,36000,409.7,349.6
37.037384,-119.165429,36000,410.7,349.6
37.074875,-119.173902,36000,412.7,349.7
37.111633,-119.182259,36000,411.7,349.6
37.149216,-119.190849,36000,413.9,349.6
37.18689,-119.19944,36000,414.7,349.7
37.223542,-119.20781,36000,413.7,349.7
37.261002,-119.216328,36000,413.7,349.7
37.297806,-119.224743,36000,413.9,349.6
37.335526,-119.233392,36000,414.8,349.6
37.372183,-119.241784,36000,414.8,349.6
37.409592,-119.250339,36000,414.8,349.6
37.446899,-119.25892,36000,413.9,349.6
37.484514,-119.267578,36000,412.9,349.5
37.52129,-119.276057,36000,411.7,349.6
37.558066,-119.284535,36000,409.7,349.6
37.594894,-119.292999,36000,409.7,349.6
37.631851,-119.301552,36000,408.8,349.6
37.668209,-119.309971,36000,409.7,349.6
37.705124,-119.318478,36000,409.7,349.6
37.741699,-119.326951,36000,409.7,349.6
37.778677,-119.335526,36000,410.9,349.5
37.815453,-119.344064,36000,410.7,349.6
37.852478,-119.352664,36000,411.9,349.5
37.889969,-119.361371,36000,411.9,349.5
37.926636,-119.369903,36000,410.9,349.5
37.964081,-119.37861,36000,410.7,349.6
38.000312,-119.387054,36000,409.9,349.5
38.036545,-119.395499,36000,409.7,349.6
38.072983,-119.404031,36000,409.9,349.5
38.109943,-119.412669,36000,408.9,349.4
38.146683,-119.42127,36000,407.8,349.5
38.183356,-119.429865,36000,407.8,349.5
38.219713,-119.438404,36000,406.8,349.5
38.256582,-119.447061,36000,404.8,349.5
38.292297,-119.455456,36000,402.9,349.4
38.328506,-119.463959,36000,403.8,349.4
38.364853,-119.47252,36000,403.8,349.4
38.400569,-119.480976,36000,403.8,349.4
38.436553,-119.489441,36000,403.8,349.4
38.472931,-119.498052,36000,403.8,349.4
38.509644,-119.50671,36000,403.8,349.4
38.546448,-119.515427,36000,404.8,349.5
38.582122,-119.523865,36000,403.8,349.4
38.618107,-119.53241,36000,402.9,349.4
38.654045,-119.540955,36000,403.8,349.4
38.690822,-119.549683,36000,404.8,349.5
38.727645,-119.558411,36000,404.8,349.5
38.763723,-119.567017,36000,403.8,349.4
38.799707,-119.575623,36000,403.8,349.4
38.835739,-119.584229,36000,403.8,349.4
38.87177,-119.592773,36000,403.8,349.4
38.908081,-119.601467,36000,403.8,349.4
38.944061,-119.610125,36000,402.9,349.4
38.979632,-119.618652,36000,401.9,349.4
39.015384,-119.627197,36000,400.9,349.4
39.051453,-119.635859,36000,399.9,349.3
39.0874,-119.644531,36000,399.9,349.3
39.123322,-119.653174,36000,398.9,349.3
39.15937,-119.661865,36000,398.9,349.3
39.195681,-119.670593,36000,397.9,349.3
39.2314,-119.679207,36000,398.9,349.3
39.267325,-119.687927,36000,399.9,349.3
39.303223,-119.696582,36000,397.9,349.3
39.338608,-119.70518,36000,394.8,349.3
39.374405,-119.713838,36000,394.8,349.3
39.410431,-119.722555,36000,397.0,349.3
39.446318,-119.731262,36000,397.0,349.3
39.481512,-119.739868,36000,395.8,349.4
39.516752,-119.748413,36000,394.8,349.3
39.552597,-119.757141,36000,393.8,349.3
39.587651,-119.765686,36000,391.9,349.3
39.622658,-119.774292,36000,390.9,349.2
39.657761,-119.782861,36000,391.9,349.3
39.692596,-119.791339,36000,390.9,349.2
39.72757,-119.799937,36000,389.9,349.2
39.752106,-119.806446,36000,388.7,347.8
39.773487,-119.812927,36000,388.1,346.3
39.798157,-119.821253,36000,388.4,344.9
39.832608,-119.833374,36000,388.4,344.9
39.866821,-119.845316,36000,387.4,344.9
39.900435,-119.857056,36000,387.4,344.9
39.934558,-119.869017,36000,388.4,344.9
39.968765,-119.880981,36000,388.4,344.9
40.002385,-119.8928,36000,387.4,344.9
40.036973,-119.904972,36000,388.4,344.9
40.07135,-119.917053,36000,389.6,344.8
40.105545,-119.929077,36000,390.6,344.9
40.140831,-119.941489,36000,391.5,344.9
40.174759,-119.953491,36000,390.6,344.9
40.209356,-119.965709,36000,391.5,344.9
40.24427,-119.978007,36000,391.8,344.8
40.2789,-119.990295,36000,391.8,344.8
40.312888,-120.002289,36000,391.8,344.8
40.347197,-120.014461,36000,392.7,344.8
40.381646,-120.026696,36000,394.7,344.9
40.416467,-120.039118,36000,397.8,344.9
40.451288,-120.051478,36000,399.1,344.7
40.486313,-120.063965,36000,396.9,344.8
40.521698,-120.076538,36000,395.9,344.8
40.556351,-120.088928,36000,392.7,344.8
40.591232,-120.101379,36000,390.8,344.7
40.62529,-120.113586,36000,390.8,344.7
40.659795,-120.125885,36000,390.8,344.7
40.694151,-120.138245,36000,390.8,344.7
40.729065,-120.150729,36000,389.9,344.7
40.763095,-120.162964,36000,389.9,344.7
40.797869,-120.175511,36000,389.9,344.7
40.831604,-120.187622,36000,388.9,344.6
40.865616,-120.19989,36000,389.9,344.7
40.899673,-120.212158,36000,388.9,344.6
40.93428,-120.22467,36000,388.9,344.6
40.968902,-120.237184,36000,394.9,344.7
41.004089,-120.249939,36000,401.3,344.7
41.039566,-120.262756,36000,406.6,344.6
41.075272,-120.275696,36000,410.7,344.6
41.11203,-120.289062,36000,415.8,344.7
41.148268,-120.302228,36000,419.9,344.7
41.185044,-120.315586,36000,423.1,344.6
41.222146,-120.329132,36000,425.3,344.6
41.259993,-120.342927,36000,424.3,344.6
41.297516,-120.356628,36000,424.3,344.6
41.334641,-120.370178,36000,424.3,344.6
41.372044,-120.383876,36000,423.1,344.6
41.40896,-120.397381,36000,422.1,344.6
41.446152,-120.411093,36000,421.2,344.6
41.482956,-120.424576,36000,421.2,344.6
41.520267,-120.438325,36000,422.1,344.6
41.557043,-120.451802,36000,421.4,344.5
41.593773,-120.465407,36000,420.2,344.5
41.630951,-120.479133,36000,420.2,344.5
41.667977,-120.492809,36000,420.2,344.5
41.704753,-120.506414,36000,421.4,344.5
41.742368,-120.520339,36000,421.4,344.5
41.779724,-120.534189,36000,420.5,344.4
41.816391,-120.54786,36000,419.5,344.4
41.853561,-120.561655,36000,418.3,344.5
41.889892,-120.575207,36000,418.5,344.3
41.926388,-120.588812,36000,419.2,344.5
41.963118,-120.602481,36000,420.5,344.4
42.0005,-120.616469,36000,420.5,344.4
42.036667,-120.630008,36000,420.5,344.4
42.073959,-120.643999,36000,420.5,344.4
42.110962,-120.657848,36000,420.5,344.4
42.148024,-120.671784,36000,419.5,344.4
42.184614,-120.685517,36000,418.5,344.3
42.220871,-120.699172,36000,417.6,344.3
42.257701,-120.713047,36000,418.5,344.3
42.294662,-120.727012,36000,419.5,344.4
42.331833,-120.741057,36000,418.5,344.3
42.368408,-120.754852,36000,419.5,344.4
42.405364,-120.768873,36000,418.8,344.2
42.442001,-120.782733,36000,418.5,344.3
42.47915,-120.796849,36000,418.5,344.3
42.51574,-120.810774,36000,417.6,344.3
42.552475,-120.824765,36000,418.8,344.2
42.589188,-120.838748,36000,418.8,344.2
42.625671,-120.852668,36000,420.7,344.3
42.66243,-120.866713,36000,421.7,344.3
42.69928,-120.880821,36000,422.0,344.2
42.736351,-120.89496,36000,422.0,344.2
42.773919,-120.909395,36000,422.0,344.2
42.810333,-120.923384,36000,422.0,344.2
42.847518,-120.937631,36000,421.0,344.1
42.884491,-120.951872,36000,418.8,344.2
42.921707,-120.966243,36000,417.9,344.2
42.958282,-120.980359,36000,417.9,344.2
42.994949,-120.994524,36000,417.9,344.2
43.03219,-121.008911,36000,420.0,344.1
43.069336,-121.023347,36000,422.2,344.0
43.106674,-121.037816,36000,425.1,344.2
43.144567,-121.052529,36000,427.1,344.2
43.182312,-121.067164,36000,427.6,344.0
43.219749,-121.081696,36000,426.1,344.2
43.257038,-121.096279,36000,427.3,344.1
43.294931,-121.111058,36000,428.6,344.0
43.333151,-121.126033,36000,429.5,344.0
43.370911,-121.140747,36000,430.5,344.1
43.408845,-121.155657,36000,430.5,344.1
43.44711,-121.170632,36000,429.8,343.9
43.48494,-121.185459,36000,429.5,344.0
43.522476,-121.200278,36000,428.6,344.0
43.560379,-121.21516,36000,427.6,344.0
43.597595,-121.229851,36000,427.6,344.0
43.634903,-121.244606,36000,426.6,343.9
43.67233,-121.259373,36000,426.6,343.9
43.709665,-121.274152,36000,427.6,344.0
43.747559,-121.289259,36000,428.2,343.7
43.765274,-121.296919,36000,426.6,341.7
43.783905,-121.305989,36000,425.2,339.8
43.801745,-121.315547,36000,423.9,338.0
43.819715,-121.326207,36000,422.6,336.0
43.85495,-121.348529,36000,422.4,335.4
43.889648,-121.370438,36000,422.4,335.4
43.924876,-121.392844,36000,422.4,335.4
43.959366,-121.414767,36000,420.6,335.3
43.994522,-121.437059,36000,420.6,335.3
44.029129,-121.459159,36000,420.6,335.3
44.064114,-121.481454,36000,420.2,335.4
44.098749,-121.503557,36000,418.4,335.3
44.133616,-121.525923,36000,417.5,335.2
44.167925,-121.547895,36000,417.5,335.2
44.203026,-121.57042,36000,418.4,335.3
44.237091,-121.592233,36000,417.9,335.1
44.271737,-121.614566,36000,416.5,335.2
44.306185,-121.63674,36000,416.5,335.2
44.340215,-121.658645,36000,415.6,335.1
44.374741,-121.680908,36000,415.6,335.1
44.40889,-121.703012,36000,415.6,335.1
44.443328,-121.725233,36000,413.4,335.1
44.476959,-121.747022,36000,411.2,335.1
44.510829,-121.768977,36000,408.9,335.1
44.5448,-121.791033,36000,410.3,335.1
44.578982,-121.813325,36000,413.8,335.0
44.613197,-121.835632,36000,417.9,335.1
44.647934,-121.858324,36000,419.2,335.0
44.683044,-121.881213,36000,418.3,335.0
44.717331,-121.903578,36000,417.0,335.0
44.752063,-121.926337,36000,417.0,335.0
44.786139,-121.948644,36000,417.4,334.9
44.820786,-121.971457,36000,417.8,334.8
44.855118,-121.994019,36000,418.3,335.0
44.88945,-122.01658,36000,418.3,335.0
44.924469,-122.039664,36000,417.8,334.8
44.958522,-122.062125,36000,418.7,334.8
44.993088,-122.084917,36000,418.7,334.8
45.028152,-122.108132,36000,417.8,334.8
45.062054,-122.130588,36000,417.8,334.8
45.09613,-122.153255,36000,417.8,334.8
45.130234,-122.175882,36000,417.8,334.8
45.164612,-122.19877,36000,417.8,334.8
45.199356,-122.221919,36000,416.9,334.7
45.234238,-122.245135,36000,416.9,334.7
45.268932,-122.268319,36000,417.8,334.8
45.303314,-122.291369,36000,418.2,334.7
45.337601,-122.314322,36000,418.2,334.7
45.372232,-122.337587,36000,419.1,334.7
45.406448,-122.360491,36000,421.4,334.7
45.44057,-122.383475,36000,421.8,334.6
45.475342,-122.406921,36000,421.8,334.6
45.509857,-122.430202,36000,421.8,334.6
45.544556,-122.453548,36000,421.8,334.6
45.579249,-122.477028,36000,420.9,334.5
45.613312,-122.500104,36000,420.9,334.5
45.647781,-122.523417,36000,420.9,334.5
45.682549,-122.547066,36000,420.0,334.5
45.715851,-122.569573,36000,419.8,335.5
45.728403,-122.577072,36000,421.3,338.1
45.741577,-122.584007,36000,422.8,340.7
45.755217,-122.590187,36000,425.2,343.2
45.769135,-122.595632,36000,426.1,345.7
45.783188,-122.600053,36000,427.9,348.3
45.801773,-122.604809,36000,430.1,350.4
45.828816,-122.611473,35975,430.4,350.1
45.836243,-122.613317,35950,431.4,350.1
45.848415,-122.616348,35800,433.5,350.0
45.855148,-122.618073,35725,433.5,350.0
45.860425,-122.61937,35625,434.5,350.1
45.879684,-122.624102,35225,435.3,350.2
45.898956,-122.628859,34825,436.3,350.2
45.919464,-122.63395,34425,437.3,350.3
45.940247,-122.639041,34025,439.3,350.3
45.961258,-122.644199,33625,440.4,350.2
45.981647,-122.649239,33225,439.4,350.2
46.002409,-122.654457,32825,439.6,350.0
46.023218,-122.659607,32425,439.4,350.2
46.043655,-122.664698,32025,439.4,350.2
46.064789,-122.669975,31625,437.5,350.1
46.085412,-122.675125,31225,434.4,350.2
46.106035,-122.680206,30825,431.1,350.4
46.124496,-122.684125,30475,427.8,352.3
46.144043,-122.687676,30075,424.3,352.8
46.165109,-122.691673,29700,419.6,352.5
46.184738,-122.695446,29300,415.7,352.4
46.205795,-122.699533,28900,411.7,352.3
46.225814,-122.703415,28500,407.7,352.2
46.245784,-122.707329,28125,404.8,352.2
46.266083,-122.711323,27725,401.8,352.1
46.285726,-122.715225,27350,401.6,352.3
46.305744,-122.718658,26950,404.3,353.9
46.326506,-122.721336,26575,407.2,355.6
46.346512,-122.722979,26200,408.4,357.3
46.366974,-122.72385,25800,409.1,358.7
46.387117,-122.724564,25400,409.1,358.6
46.407507,-122.72525,25025,408.1,358.6
46.428409,-122.726006,24625,406.1,358.6
46.448914,-122.726731,24225,402.1,358.6
46.468872,-122.727401,23850,398.1,358.7
46.488973,-122.728134,23450,393.1,358.5
46.50927,-122.728889,23075,390.1,358.5
46.529114,-122.729611,22700,387.1,358.5
46.54856,-122.730331,22325,385.1,358.5
46.568298,-122.731018,21950,384.1,358.5
46.587341,-122.731688,21575,382.1,358.5
46.606934,-122.732425,21200,380.1,358.6
46.627094,-122.733147,20825,379.2,358.3
46.646599,-122.733902,20450,381.1,358.5
46.665732,-122.734657,20075,384.1,358.5
46.68561,-122.735344,19700,384.1,358.7
46.704836,-122.735962,19325,382.1,358.6
46.721688,-122.73658,19000,379.1,358.5
46.732162,-122.736992,18775,377.1,358.5
46.735977,-122.737181,18700,376.1,358.5
46.73854,-122.737267,18650,374.1,358.6
46.753784,-122.737516,18500,367.0,0.0
46.760326,-122.737061,18425,364.0,4.2
46.766844,-122.736031,18350,363.3,7.8
46.774106,-122.734039,18225,362.1,12.1
46.781228,-122.731293,18125,362.5,16.8
46.787888,-122.72787,18025,364.0,20.9
46.794113,-122.723917,17900,365.4,25.4
46.800018,-122.719228,17750,366.0,30.0
46.805435,-122.714127,17625,367.5,34.5
46.813339,-122.705562,17425,367.2,37.6
46.827827,-122.688583,17075,364.5,39.3
46.84291,-122.670525,16700,362.4,39.4
46.857946,-122.652672,16325,360.0,38.7
46.872005,-122.636578,16000,357.1,37.8
46.888367,-122.618065,15750,347.8,37.8
46.906769,-122.597191,15450,339.1,38.0
46.922379,-122.579544,15200,331.6,36.7
46.928925,-122.573021,15100,327.6,32.9
46.935502,-122.56735,15000,324.6,29.3
46.942858,-122.561857,14900,322.9,25.7
46.949561,-122.557561,14775,321.1,22.3
46.956894,-122.553658,14675,318.8,18.7
46.970696,-122.54749,14450,318.6,16.8
46.98941,-122.539391,14150,318.3,16.6
47.008543,-122.531081,13825,319.0,16.4
47.027481,-122.522896,13525,317.3,16.7
47.046524,-122.514587,13225,315.1,16.6
47.065756,-122.506362,12900,313.2,15.4
47.075857,-122.5027,12750,310.8,12.8
47.086258,-122.499687,12575,310.3,10.6
47.097015,-122.497147,12425,308.2,8.2
47.116404,-122.493615,12100,305.3,7.0
47.127869,-122.491516,11925,305.4,7.2
47.138889,-122.48953,11750,304.4,7.2
47.150527,-122.487347,11575,304.4,7.2
47.161423,-122.485405,11400,303.4,7.2
47.172546,-122.483345,11225,303.4,7.2
47.183762,-122.481285,11050,302.3,7.0
47.195543,-122.479107,10875,301.3,7.1
47.206375,-122.477303,10700,300.7,6.1
47.218048,-122.475586,10525,299.4,5.6
47.228989,-122.474007,10350,298.5,5.8
47.241211,-122.472221,10175,298.5,5.8
47.250961,-122.470779,10000,297.5,5.8
47.262718,-122.468966,9825,297.6,6.0
47.273483,-122.467346,9650,296.6,6.0
47.284882,-122.46563,9475,295.5,5.8
47.296096,-122.463895,9300,292.5,5.9
47.307175,-122.462205,9125,288.6,6.0
47.318115,-122.460548,8975,285.5,5.8
47.327658,-122.459106,8800,281.6,6.1
47.333338,-122.458191,8725,277.5,6.0
47.340879,-122.457064,8600,273.2,5.5
47.347137,-122.45636,8500,268.7,4.3
47.357685,-122.455515,8350,264.2,2.2
47.368149,-122.455261,8175,263.0,0.2
47.378448,-122.455261,8025,262.0,359.8
47.388828,-122.455303,7875,262.0,359.8
47.398558,-122.455374,7700,260.0,0.0
47.408798,-122.45533,7550,259.0,0.0
47.418823,-122.45533,7400,258.0,0.0
47.429096,-122.455374,7250,257.0,0.0
47.439151,-122.455374,7100,257.0,0.0
47.444092,-122.455399,7000,256.0,0.0
47.450975,-122.455374,6900,256.0,0.0
47.456863,-122.455399,6800,256.0,0.0
47.463312,-122.455444,6700,254.0,0.0
47.469635,-122.455399,6600,252.0,0.0
47.476765,-122.455444,6500,251.0,0.0
47.482817,-122.455444,6400,249.0,0.0
47.488998,-122.455399,6300,248.0,0.0
47.495665,-122.455374,6200,246.0,0.0
47.504425,-122.455399,6100,242.0,0.0
47.513588,-122.455444,6000,238.0,0.0
47.52099,-122.455444,5900,236.0,0.0
47.527313,-122.455399,5800,235.0,359.8
47.532721,-122.455444,5700,235.0,359.8
47.538028,-122.455444,5600,235.0,359.8
47.54425,-122.455467,5500,235.0,359.8
47.550132,-122.455515,5400,234.0,359.8
47.556015,-122.455536,5300,233.0,0.0
47.561444,-122.455515,5200,233.0,0.0
47.566704,-122.455515,5100,233.0,0.0
47.571871,-122.455515,5000,233.0,0.0
47.577621,-122.455536,4900,233.0,0.0
47.582997,-122.455515,4800,233.0,0.0
47.588837,-122.455536,4700,233.0,0.0
47.594263,-122.455515,4600,233.0,359.8
47.599849,-122.455585,4500,234.0,359.8
47.604401,-122.455536,4400,234.0,359.8
47.609161,-122.455605,4300,235.0,359.8
47.613768,-122.455585,4200,235.0,359.8
47.618774,-122.455605,4100,235.0,0.0
47.623581,-122.455605,4025,236.0,0.0
47.62619,-122.455605,4000,236.0,0.0
47.632278,-122.455605,3950,236.0,0.0
47.65416,-122.455605,3950,237.0,0.0
47.675497,-122.455656,3950,238.0,0.0
47.697376,-122.455585,3950,234.0,0.2
47.701492,-122.45533,3950,234.7,4.4
47.704605,-122.454712,3950,234.8,10.3
47.707711,-122.453543,3950,234.8,16.6
47.710373,-122.452034,3950,233.2,22.2
47.712982,-122.450043,3950,230.6,29.3
47.715625,-122.447486,3950,228.4,35.9
47.717627,-122.444951,3950,225.1,42.5
47.719437,-122.442078,3975,221.7,48.5
47.721025,-122.439035,3975,219.5,54.6
47.722549,-122.435211,3975,216.1,61.5
47.723585,-122.431711,3975,213.2,68.2
47.72433,-122.428471,3975,210.3,72.9
47.724838,-122.424843,3950,205.5,79.3
47.725447,-122.418471,3950,201.4,83.2
47.725913,-122.411992,3925,197.0,84.2
47.726532,-122.402733,3925,192.9,84.3
47.72699,-122.394218,3950,191.3,87.0
47.72699,-122.390099,3950,190.3,93.0
47.726658,-122.385794,3950,187.8,98.0
47.726166,-122.382545,3950,185.8,104.3
47.725479,-122.37973,3950,183.7,111.4
47.72447,-122.37685,3950,181.2,118.7
47.723352,-122.374455,3950,178.6,126.8
47.722049,-122.372272,3975,176.8,134.1
47.720559,-122.370371,3975,175.1,141.5
47.718744,-122.368469,3975,173.6,147.2
47.715546,-122.365791,3950,171.8,151.5
47.70932,-122.361053,3950,172.2,153.4
47.695514,-122.350933,3950,170.8,153.6
47.681625,-122.340591,3950,169.0,153.3
47.667801,-122.330292,3950,172.2,153.4
47.653564,-122.319923,3950,172.2,154.2
47.65101,-122.318327,3950,171.0,158.4
47.648804,-122.317245,3950,169.9,163.6
47.646867,-122.316636,3950,168.5,170.1
47.644547,-122.316353,3925,167.3,176.6
47.642491,-122.316284,3900,167.0,178.6
47.638687,-122.316284,3800,166.0,181.0
47.634531,-122.316425,3700,165.0,181.4
47.629317,-122.316707,3600,166.1,181.7
47.623856,-122.316765,3500,168.0,180.3
47.619141,-122.316765,3400,168.0,180.0
47.614094,-122.316777,3300,167.0,180.0
47.609024,-122.316833,3200,167.0,180.0
47.603899,-122.316777,3100,168.0,179.7
47.598872,-122.316848,3000,169.0,181.4
47.593891,-122.317129,2900,170.1,182.4
47.588974,-122.317314,2800,170.0,181.4
47.583984,-122.317451,2700,170.0,181.0
47.578857,-122.31752,2600,169.0,180.0
47.573454,-122.317481,2500,168.0,179.7
47.570251,-122.317451,2475,163.0,180.0
47.56723,-122.317451,2400,158.0,180.4
47.563889,-122.317451,2325,153.0,179.2
47.559723,-122.317383,2225,149.0,180.0
47.554001,-122.317314,2125,147.0,179.2
47.549107,-122.31727,2025,149.0,180.0
47.544033,-122.31727,1925,144.0,180.0
47.540497,-122.317245,1850,139.0,179.6
47.536514,-122.317245,1775,134.0,180.0
47.531511,-122.31727,1675,130.0,180.4
47.526483,-122.31727,1600,130.0,180.4
47.522415,-122.317314,1500,131.0,180.4
47.51738,-122.317383,1425,129.0,180.9
47.512665,-122.317451,1325,128.0,180.4
47.507629,-122.317451,1250,128.0,180.4
47.50383,-122.31752,1150,127.0,180.0
47.498831,-122.317552,1075,127.0,180.9
47.495224,-122.317589,975,128.0,180.4
47.490189,-122.317589,875,127.0,180.9
47.48497,-122.317795,800,130.0,181.3
47.47998,-122.317863,700,126.0,180.0
47.474899,-122.317795,625,126.0,179.1
47.470917,-122.317863,525,126.0,180.4
47.466105,-122.317904,450,126.0,180.4
47.461496,-122.317904,350,123.0,180.5
47.45961,-122.317932,350,119.0,180.5
47.458237,-122.317904,350,114.0,180.5
47.457446,-122.317974,350,109.0,180.5
47.456701,-122.317974,350,104.0,181.1
47.455444,-122.317974,350,96.0,180.0
47.454606,-122.317974,325,91.0,179.4
47.454141,-122.317974,325,86.0,180.0
47.453613,-122.318001,325,81.0,180.0
47.452977,-122.317974,325,76.0,180.0
47.452512,-122.317974,350,71.0,180.8
47.452139,-122.317974,350,69.0,180.8
47.451508,-122.318001,350,62.0,180.0
47.450958,-122.318001,350,56.0,177.9
47.450134,-122.317863,350,51.2,174.4
47.449486,-122.317693,350,47.7,170.3
47.448898,-122.317434,-50.0,43.5,160.3
47.448648,-122.317288,-50.0,42.5,154.7
47.448368,-122.317094,-50.0,39.5,151.9
47.448147,-122.3169,-50.0,36.5,149.1
47.447984,-122.316777,-50.0,33.5,149.1
47.447833,-122.316636,-50.0,29.5,149.1
47.44767,-122.316513,-50.0,25.5,149.1
47.447496,-122.316355,-50.0,21.5,149.1
47.447333,-122.316196,-50.0,20.5,143.4
47.447227,-122.316078,-50.0,20.5,137.8
47.44709,-122.315889,-50.0,20.5,135.0
47.446907,-122.315563,-50.0,18.5,126.6
47.446809,-122.315333,-50.0,17.5,120.9
47.44669,-122.314997,-50.0,16.5,118.1
47.446609,-122.314774,-50.0,15.5,112.5
47.446541,-122.314436,-50.0,13.8,104.1
47.446472,-122.314035,-50.0,11.2,104.1
47.446413,-122.313855,-50.0,9.8,120.9
47.446343,-122.313749,-50.0,9.8,135.0
47.44625,-122.313661,-50.0,10.2,151.9
47.446129,-122.313606,-50.0,10.8,168.8
47.44598,-122.313589,-50.0,11.8,177.2
47.445599,-122.31359,-50.0,13.8,180.0
47.445168,-122.31359,-50.0,15.5,180.0
47.444744,-122.313606,-50.0,16.5,180.0
47.444377,-122.313608,-50.0,16.5,180.0
47.443958,-122.313608,-50.0,16.5,180.0
47.443574,-122.313608,-50.0,15.5,180.0
47.443166,-122.313626,-50.0,15.5,180.0
47.442753,-122.313623,-50.0,13.2,180.0
47.442616,-122.313606,-50.0,11.8,171.6
47.442513,-122.313555,-50.0,11.8,157.5
47.442445,-122.313485,-50.0,12.2,146.2
47.442387,-122.3134,-50.0,12.8,135.0
47.442329,-122.31328,-50.0,12.8,123.8
47.442284,-122.313126,-50.0,13.2,112.5
47.442238,-122.312937,-50.0,13.2,106.9
47.44213,-122.312376,-50.0,14.2,109.7
47.442049,-122.312076,-50.0,14.8,112.5
47.441967,-122.31183,-50.0,15.5,118.1
47.441874,-122.311619,-50.0,15.5,120.9
47.44177,-122.31139,-50.0,15.5,126.6
47.441653,-122.311214,-50.0,15.5,132.2
47.441528,-122.311014,-50.0,15.5,135.0
47.441444,-122.310914,-50.0,15.5,140.6
47.441299,-122.31074,-50.0,15.5,146.2
47.440955,-122.310439,-50.0,15.5,149.1
47.440567,-122.310104,-50.0,15.5,149.1
47.440247,-122.309847,-50.0,15.5,151.9
47.439896,-122.309559,-50.0,14.8,149.1
47.43956,-122.309246,-50.0,14.2,146.2
47.439477,-122.309154,-50.0,14.8,140.6
47.439342,-122.308989,-50.0,15.5,135.0
47.439217,-122.308748,-50.0,14.8,126.6
47.439091,-122.308353,-50.0,12.8,109.7
47.439056,-122.308199,-50.0,12.2,104.1
47.439034,-122.307976,-50.0,10.8,98.4
47.439022,-122.307753,-50.0,8.8,92.8
47.439023,-122.307622,-50.0,4.8,90.0
47.439022,-122.307529,-50.0,0.0,90.0
47.439022,-122.307478,-50.0,0.0,90.0
47.439011,-122.307305,-50.0,6.2,90.0
47.439011,-122.30698,-50.0,9.2,92.8
47.438988,-122.306847,-50.0,9.8,101.2
47.438965,-122.306757,-50.0,9.8,109.7
47.43893,-122.306671,-50.0,9.8,118.1
47.438896,-122.306585,-50.0,9.8,126.6
47.438848,-122.30653,-50.0,10.2,137.8
47.438802,-122.306477,-50.0,10.2,143.4
47.438747,-122.306431,-50.0,10.2,154.7
47.438667,-122.306414,-50.0,10.8,165.9
47.438546,-122.306389,-50.0,11.2,174.4
47.438358,-122.306379,-50.0,12.2,180.0
47.438026,-122.306379,-50.0,14.2,180.0
47.437626,-122.306372,-50.0,10.8,177.2
47.437568,-122.306354,-50.0,10.2,171.6
47.4375,-122.306328,-50.0,10.2,163.1
47.43744,-122.306284,-50.0,9.8,151.9
47.437363,-122.30619,-50.0,10.2,137.8
47.437312,-122.306108,-50.0,10.8,129.4
47.437283,-122.306019,-50.0,10.8,118.1
47.437248,-122.305916,-50.0,10.8,109.7
47.437242,-122.305808,-50.0,10.8,101.2
47.437225,-122.305641,-50.0,11.2,92.8
47.437219,-122.305104,-50.0,11.2,90.0
47.437219,-122.30447,-50.0,12.2,90.0
47.437207,-122.303907,-50.0,13.2,92.8
47.437207,-122.303572,-50.0,11.8,90.0
47.437214,-122.303358,-50.0,11.8,84.4
47.437242,-122.303167,-50.0,12.2,78.8
47.437328,-122.302603,-50.0,13.2,75.9
47.437475,-122.301706,-50.0,11.2,75.9
47.437533,-122.301301,-50.0,10.8,78.8
47.437615,-122.300685,-50.0,9.8,78.8
47.43766,-122.30032,-50.0,9.2,78.8
47.437763,-122.299994,-50.0,8.2,53.4
47.437832,-122.299908,-50.0,7.8,39.4
47.437894,-122.299858,-50.0,7.8,28.1
47.438045,-122.299787,-50.0,7.8,14.1
47.438173,-122.299752,-50.0,7.8,8.4
47.438473,-122.299685,-50.0,3.2,8.4
47.438732,-122.299611,-50.0,3.2,8.4
47.438805,-122.299599,-50.0,2.2,8.4
47.438976,-122.299558,-50.0,4.2,8.4
47.439186,-122.299505,-50.0,6.8,8.4
47.439302,-122.299523,-50.0,7.2,2.8
47.4394,-122.29953,-50.0,7.8,348.8
47.439457,-122.299582,-50.0,8.8,334.7
47.439686,-122.299891,-50.0,10.8,315.0
47.439983,-122.300337,-50.0,9.8,315.0
47.440198,-122.30065,-50.0,7.8,315.0
47.440361,-122.300896,-50.0,4.8,315.0
47.440418,-122.300989,-50.0,3.2,309.4
47.440443,-122.301055,-50.0,1.6,306.6
47.440466,-122.30109,-50.0,1.1,303.8
47.440478,-122.301143,-50.0,0.8,300.9
47.440498,-122.301195,-50.0,2.2,298.1
47.44051,-122.301229,-50.0,2.2,295.3
47.440533,-122.301315,-50.0,3.2,292.5
47.440567,-122.301521,-50.0,4.2,281.2
47.440544,-122.302139,-50.0,5.2,281.2
47.440693,-122.302345,-50.0,5.8,334.7
47.440908,-122.302393,-50.0,4.2,357.2
47.441048,-122.302397,-50.0,3.8,0.0
47.441164,-122.302393,-50.0,2.8,0.0
47.441219,-122.302397,-50.0,0.8,357.2
47.441254,-122.302414,-50.0,0.9,351.6
47.441414,-122.302465,-50.0,2.8,351.6
47.441437,-122.302465,-50.0,3.2,351.6
47.441998,-122.302826,-50.0,3.2,303.8
47.442089,-122.303101,-50.0,1.1,298.1
47.44146,-122.3025,-50.0,1.9,351.6
47.441345,-122.302465,-50.0,0.2,351.6
47.441351,-122.302463,-50.0,0.0,351.6
47.441345,-122.302465,-50.0,0.0,351.6
47.441339,-122.302463,-50.0,0.0,351.6
47.441351,-122.302463,-50.0,0.0,351.6
47.441339,-122.302463,-50.0,0.0,351.6
47.441345,-122.302465,-50.0,0.0,351.6
47.441351,-122.302463,-50.0,0.0,351.6
47.441339,-122.302463,-50.0,0.0,351.6
47.441269,-122.302446,-50.0,0.0,354.4
47.441219,-122.302448,-50.0,2.2,354.4
47.441139,-122.302431,-50.0,2.2,351.6
47.441071,-122.30241,-50.0,2.2,348.8
47.440978,-122.302393,-50.0,2.2,351.6
47.440943,-122.302375,-50.0,2.2,357.2
47.440908,-122.302375,-50.0,2.2,0.0
47.440784,-122.30238,-50.0,2.2,354.4
47.440739,-122.30238,-50.0,2.2,348.8
47.440704,-122.30238,-50.0,2.2,343.1
47.440687,-122.302358,-50.0,2.2,337.5
47.440578,-122.302259,-50.0,2.2,303.8
47.440556,-122.302191,-50.0,2.2,286.9
47.440548,-122.302164,-50.0,2.2,281.2
47.440533,-122.302105,-50.0,2.2,270.0
47.440544,-122.30195,-50.0,1.6,267.2
47.440544,-122.301899,-50.0,0.9,267.2
47.440464,-122.302191,-50.0,6.2,241.9
47.440338,-122.302465,-50.0,9.2,230.6
47.440201,-122.302723,-50.0,11.8,233.4
47.440121,-122.302895,-50.0,12.8,239.1
47.440075,-122.303015,-50.0,13.2,241.9
47.440036,-122.303185,-50.0,13.8,247.5
47.439989,-122.303361,-50.0,14.2,253.1
47.43996,-122.303598,-50.0,15.5,258.8
47.439938,-122.303856,-50.0,15.5,264.4
47.439919,-122.304189,-50.0,16.5,267.2
47.439919,-122.304734,-50.0,18.5,270.0
47.439915,-122.305075,-50.0,18.5,270.0
47.439926,-122.305126,-50.0,18.5,270.0
47.439926,-122.305676,-50.0,15.5,272.8
47.439949,-122.305847,-50.0,15.5,281.2
47.439983,-122.305967,-50.0,15.5,289.7
47.440012,-122.306055,-50.0,15.5,300.9
47.440063,-122.306156,-50.0,15.5,309.4
47.440178,-122.306276,-50.0,15.5,329.1
47.44028,-122.306319,-50.0,15.5,343.1
47.440431,-122.306354,-50.0,16.5,357.2
47.440769,-122.306354,-50.0,17.5,0.0
47.441162,-122.306345,-50.0,19.5,0.0
47.441494,-122.306345,-50.0,20.5,0.0
47.441874,-122.306337,-50.0,21.5,0.0
47.442284,-122.306345,-50.0,23.5,0.0
47.442684,-122.306328,-50.0,24.5,0.0
47.443073,-122.306337,-50.0,24.5,0.0
47.443434,-122.306337,-50.0,24.5,0.0
47.443841,-122.306319,-50.0,24.5,0.0
47.444286,-122.306328,-50.0,24.5,0.0
47.444667,-122.306319,-50.0,24.5,0.0
47.444958,-122.306319,-50.0,24.5,0.0
47.445366,-122.306319,-50.0,24.5,0.0
47.445692,-122.306319,-50.0,24.5,0.0
47.44625,-122.306301,-50.0,25.5,0.0
47.446634,-122.306301,-50.0,25.5,0.0
47.447065,-122.306301,-50.0,25.5,0.0
47.447594,-122.306293,-50.0,25.5,0.0
47.447983,-122.306293,-50.0,25.5,0.0
47.448345,-122.306284,-50.0,25.5,0.0
47.448671,-122.306284,-50.0,25.5,0.0
47.44895,-122.306284,-50.0,23.5,0.0
47.449334,-122.306284,-50.0,22.5,0.0
47.449699,-122.306276,-50.0,22.5,0.0
47.450044,-122.306284,-50.0,22.5,0.0
47.450489,-122.306276,-50.0,19.5,0.0
47.450859,-122.306266,-50.0,15.5,0.0
47.451266,-122.306266,-50.0,16.5,0.0
47.451702,-122.306259,-50.0,16.5,0.0
47.452148,-122.306259,-50.0,13.8,0.0
47.452593,-122.306249,-50.0,12.2,0.0
47.45303,-122.306259,-50.0,11.8,0.0
47.453454,-122.306249,-50.0,11.8,0.0
47.453885,-122.306231,-50.0,12.2,0.0
47.454323,-122.306225,-50.0,13.2,0.0
47.454769,-122.306231,-50.0,13.8,0.0
47.455177,-122.306231,-50.0,13.8,0.0
47.455593,-122.306225,-50.0,13.8,0.0
47.455959,-122.306225,-50.0,14.2,2.8
47.456352,-122.306213,-50.0,15.5,0.0
47.456783,-122.306213,-50.0,17.5,0.0
47.457207,-122.306208,-50.0,18.5,0.0
47.457642,-122.306208,-50.0,20.5,0.0
47.458086,-122.306213,-50.0,20.5,0.0
47.458517,-122.306196,-50.0,21.5,0.0
47.458958,-122.30619,-50.0,20.5,0.0
47.459393,-122.30619,-50.0,20.5,0.0
47.45982,-122.306196,-50.0,20.5,0.0
47.460217,-122.30619,-50.0,20.5,0.0
47.46064,-122.30619,-50.0,20.5,0.0
47.461052,-122.306173,-50.0,19.5,0.0
47.461496,-122.306178,-50.0,18.5,0.0
47.461927,-122.306178,-50.0,17.5,0.0
47.462299,-122.306156,-50.0,17.5,0.0
47.462734,-122.306156,-50.0,17.5,0.0
47.463149,-122.306161,-50.0,17.5,0.0
47.463318,-122.306173,-50.0,15.5,357.2
47.463444,-122.306208,-50.0,14.2,345.9
47.463521,-122.306266,-50.0,13.2,334.7
47.463603,-122.306354,-50.0,13.2,323.4
47.463673,-122.306448,-50.0,13.8,312.2
47.463718,-122.306585,-50.0,13.8,298.1
47.463754,-122.306706,-50.0,14.2,286.9
47.463764,-122.306808,-50.0,14.2,278.4
47.463741,-122.3071,-50.0,13.2,255.9
47.463673,-122.307529,-50.0,8.8,258.8
47.463661,-122.307692,-50.0,4.2,261.6
47.463649,-122.307728,-50.0,3.2,250.3
47.463638,-122.307753,-50.0,2.8,239.1
47.463615,-122.30777,-50.0,2.8,227.8
47.463603,-122.307763,-50.0,2.8,219.4
47.463581,-122.307787,-50.0,3.2,208.1
47.463558,-122.307787,-50.0,3.2,196.9
47.463544,-122.30778,-50.0,2.8,185.6
47.463521,-122.30778,-50.0,0.6,180.0
47.463498,-122.30778,-50.0,3.2,180.0
47.463478,-122.307787,-50.0,7.2,180.0
47.463428,-122.30778,-50.0,12.2,180.0
47.463405,-122.30778,-50.0,14.8,180.0
47.463318,-122.307787,-50.0,20.5,180.0
47.463253,-122.30778,-50.0,23.5,180.0
47.463207,-122.30778,-50.0,25.5,180.0
47.463078,-122.307787,-50.0,30.5,180.0
47.462986,-122.30778,-50.0,33.5,180.0
47.462746,-122.307787,-50.0,40.5,180.0
47.462613,-122.307763,400,40.5,126.0
47.462494,-122.30777,400,40.5,126.0
47.462402,-122.30777,400,46.0,180.0
47.462128,-122.30777,400,51.0,180.0
47.461869,-122.307763,400,57.0,180.0
47.461578,-122.30777,400,62.0,180.9
47.461263,-122.307763,400,66.0,180.9
47.460938,-122.30777,400,69.0,180.8
47.460472,-122.307833,400,75.0,180.8
47.460068,-122.307838,400,83.0,180.0
47.459494,-122.307833,400,88.0,180.6
47.459106,-122.307838,400,92.0,180.6
47.457962,-122.307838,400,105.0,180.6
47.456887,-122.307833,400,108.0,180.5
47.456422,-122.307833,400,113.0,180.5
47.455584,-122.307833,400,117.0,180.5
47.455072,-122.307833,400,121.0,180.5
47.4543,-122.307838,400,128.0,180.4
47.452931,-122.307904,375,133.0,180.4
47.451581,-122.307904,375,136.0,180.4
47.451233,-122.307838,375,143.0,180.0
47.450556,-122.307904,375,146.0,180.0
47.44931,-122.307907,375,151.0,180.4
47.447717,-122.307904,400,155.0,180.7
47.447021,-122.307907,425,155.0,180.4
47.446274,-122.307904,475,155.0,180.4
47.445282,-122.307907,525,156.0,180.4
47.444272,-122.307904,575,155.0,180.0
47.442782,-122.307904,675,155.0,179.6
47.441711,-122.307904,775,155.0,180.4
47.440109,-122.307907,875,154.0,180.0
47.43869,-122.307907,975,154.0,180.0
47.436996,-122.307976,1075,154.0,180.7
47.435623,-122.308044,1175,153.1,181.5
47.433838,-122.308113,1275,153.2,183.0
47.43219,-122.30825,1375,153.3,183.7
47.430353,-122.308467,1475,153.5,184.5
47.42863,-122.308678,1575,153.5,184.5
47.426861,-122.30889,1675,155.4,184.1
47.42458,-122.30903,1750,159.3,183.2
47.421834,-122.309242,1825,164.1,182.1
47.420425,-122.30928,1850,169.1,181.7
47.418823,-122.309349,1850,174.1,181.6
47.416763,-122.309418,1875,179.0,181.3
47.41499,-122.309453,1900,183.0,180.9
47.413268,-122.309523,1925,187.0,180.9
47.410801,-122.309523,1975,191.0,180.6
47.408112,-122.309555,2050,195.0,180.0
47.405182,-122.309555,2125,199.0,180.0
47.402375,-122.309523,2225,202.0,180.0
47.400558,-122.309555,2300,204.0,179.7
47.397629,-122.309486,2400,205.0,180.0
47.395951,-122.309523,2500,205.0,180.3
47.394042,-122.309594,2575,206.0,180.6
47.392133,-122.309594,2675,207.0,180.6
47.389984,-122.309624,2775,209.0,180.6
47.387013,-122.309664,2875,212.0,180.3
47.383667,-122.309692,2975,216.0,180.5
47.380417,-122.309692,3075,220.0,180.3
47.377029,-122.309761,3175,224.0,180.5
47.373885,-122.309805,3275,226.0,180.5
47.371045,-122.309805,3375,228.0,180.5
47.368286,-122.30983,3475,230.0,180.5
47.365723,-122.309898,3575,232.0,180.5
47.362014,-122.309946,3675,235.0,180.5
47.358719,-122.309967,3750,239.0,180.5
47.355927,-122.310036,3850,242.0,180.5
47.352191,-122.310016,3950,246.0,179.8
47.34874,-122.309898,4050,248.1,178.6
47.345116,-122.309594,4150,251.4,176.6
47.341997,-122.309171,4250,253.0,174.8
47.33844,-122.308525,4350,255.1,172.6
47.336105,-122.307976,4450,257.1,171.1
47.333267,-122.30722,4550,258.7,169.1
47.330219,-122.306213,4650,260.3,167.4
47.327426,-122.305157,4750,262.4,165.4
47.324539,-122.30396,4850,263.7,164.4
47.32196,-122.302895,4950,264.8,163.6
47.319419,-122.301777,5050,265.1,163.3
47.317045,-122.30072,5125,265.4,163.1
47.314911,-122.299736,5225,265.7,162.9
47.312531,-122.298637,5325,266.7,163.0
47.310242,-122.297607,5425,267.0,162.8
47.307907,-122.296577,5525,267.9,162.9
47.305527,-122.295479,5600,267.9,162.9
47.303777,-122.294664,5700,267.9,162.9
47.301031,-122.293396,5800,267.9,162.9
47.298656,-122.29234,5900,268.9,162.9
47.296748,-122.291495,5975,268.9,162.9
47.294374,-122.290368,6075,269.2,162.7
47.291999,-122.289311,6175,269.2,162.7
47.289579,-122.288255,6275,270.1,162.8
47.287205,-122.287128,6375,270.1,162.8
47.284973,-122.28614,6475,270.1,162.8
47.282456,-122.284945,6575,271.1,162.8
47.27957,-122.283677,6675,271.1,162.8
47.277374,-122.282707,6775,272.0,162.9
47.274729,-122.281494,6875,272.0,162.9
47.271749,-122.280156,6975,273.3,162.8
47.266251,-122.277626,7175,275.2,162.9
47.260158,-122.274874,7375,277.1,163.0
47.253983,-122.272133,7575,278.4,162.9
47.248077,-122.269386,7775,280.3,163.0
47.242035,-122.266708,7975,281.5,162.9
47.23637,-122.264099,8175,283.4,163.0
47.229538,-122.261078,8375,285.6,162.9
47.222946,-122.258057,8575,287.8,162.8
47.217004,-122.255366,8775,288.8,162.9
47.210347,-122.252409,8975,290.7,163.0
47.204498,-122.249748,9175,290.7,163.0
47.198988,-122.247268,9375,292.0,162.9
47.193695,-122.244873,9575,292.0,162.9
47.188522,-122.242538,9775,290.7,163.0
47.183579,-122.240295,9975,290.7,163.0
47.178459,-122.238042,10150,290.7,163.0
47.174103,-122.236015,10325,291.7,163.1
47.171494,-122.234848,10400,292.9,162.9
47.16893,-122.233749,10475,293.9,163.0
47.165771,-122.232307,10525,295.8,163.1
47.158581,-122.229098,10600,302.1,163.1
47.148514,-122.224617,10700,311.6,163.0
47.137894,-122.219879,10875,317.9,163.0
47.129974,-122.216309,11025,320.1,162.9
47.12146,-122.212532,11225,322.3,162.9
47.114502,-122.209373,11425,322.3,162.9
47.107681,-122.206284,11625,322.3,162.9
47.100111,-122.2029,11825,322.0,163.0
47.086166,-122.196602,12225,322.3,162.9
47.072479,-122.190422,12625,323.3,162.9
47.056961,-122.183487,13025,325.2,163.0
47.041595,-122.176631,13400,328.3,163.0
47.025209,-122.169377,13800,331.5,163.0
47.009334,-122.162264,14200,333.7,162.9
46.991821,-122.154442,14550,336.6,163.1
46.985229,-122.151489,14675,338.8,163.0
46.965729,-122.142838,14900,348.3,163.0
46.945724,-122.133911,15225,353.6,162.9
46.924255,-122.124298,15550,360.6,163.1
46.904388,-122.11544,15875,363.8,163.1
46.88562,-122.107063,16225,366.0,163.0
46.867815,-122.099093,16600,366.9,163.1
46.848915,-122.090721,16950,369.2,163.0
46.829407,-122.082088,17325,371.1,163.1
46.810789,-122.073624,17650,373.5,161.4
46.803015,-122.069298,17800,376.1,157.3
46.795761,-122.064403,17950,377.5,153.2
46.788723,-122.058723,18075,379.4,149.2
46.782113,-122.052406,18200,382.0,145.0
46.775921,-122.04554,18325,385.3,140.9
46.770401,-122.03841,18425,388.3,136.6
46.764563,-122.02961,18525,390.8,132.3
46.759232,-122.020256,18650,393.1,128.2
46.749945,-122.002007,18875,395.3,125.9
46.737609,-121.976738,19225,396.2,125.1
46.724574,-121.949821,19575,397.3,125.4
46.711772,-121.923592,19925,398.7,125.4
46.6978,-121.894985,20250,401.5,125.5
46.690731,-121.880608,20375,404.3,125.5
46.672028,-121.842599,20625,412.1,125.6
46.656921,-121.811851,20950,414.3,125.6
46.642828,-121.783241,21300,414.9,125.7
46.627652,-121.752617,21625,416.3,125.7
46.612337,-121.721649,21950,417.1,125.6
46.598325,-121.693291,22275,418.5,125.7
46.582764,-121.661928,22600,420.5,125.8
46.56611,-121.628471,22900,422.7,125.8
46.550143,-121.596268,23200,422.7,125.8
46.535156,-121.566266,23525,423.3,125.9
46.519638,-121.535049,23825,425.5,125.8
46.502838,-121.501353,24125,428.3,125.9
46.486878,-121.469444,24450,429.1,125.8
46.472717,-121.441062,24775,428.3,125.9
46.45784,-121.411319,25100,429.7,125.9
46.441164,-121.378052,25400,432.5,126.0
46.423553,-121.342922,25675,433.9,126.0
46.40799,-121.311973,26000,433.9,126.0
46.391214,-121.278557,26300,435.2,126.0
46.375526,-121.247452,26525,438.0,126.1
46.352188,-121.201172,26700,445.2,126.1
46.330719,-121.158566,26950,450.2,126.1
46.319824,-121.136996,27100,451.6,126.1
46.304347,-121.106415,27450,450.0,126.2
46.287369,-121.072953,27750,450.8,126.2
46.268692,-121.036109,28025,453.6,126.2
46.263009,-121.02491,28150,453.6,126.2
46.248413,-120.996183,28500,451.4,126.3
46.237777,-120.975334,28700,452.8,126.3
46.218201,-120.936763,28975,455.0,126.2
46.201218,-120.903469,29250,455.6,126.3
46.18508,-120.871788,29575,454.2,126.3
46.170137,-120.842606,29900,453.4,126.4
46.165203,-120.832924,29975,454.2,126.3
46.140244,-120.784227,30125,462.0,126.4
46.121071,-120.74675,30325,464.8,126.4
46.103622,-120.712749,30625,463.4,126.4
46.087553,-120.681381,30950,459.8,126.4
46.078988,-120.664764,31150,459.0,126.5
46.060638,-120.629079,31450,460.4,126.5
46.042165,-120.593216,31725,460.4,126.5
46.022799,-120.555725,32000,461.8,126.6
46.001633,-120.514794,32250,464.6,126.6
45.981171,-120.475203,32525,464.6,126.6
45.962128,-120.438426,32800,463.8,126.7
45.943009,-120.401573,33100,463.8,126.7
45.923309,-120.363665,33375,463.8,126.7
45.903625,-120.325768,33650,463.0,126.8
45.884445,-120.288905,33950,461.6,126.7
45.865585,-120.252797,34250,459.4,126.8
45.848236,-120.21957,34550,457.2,126.8
45.829605,-120.183932,34850,455.8,126.8
45.821045,-120.167519,34975,455.0,126.9
45.816422,-120.158744,35000,455.8,126.8
45.791202,-120.11071,35000,464.2,126.9
45.765381,-120.061541,35000,471.4,126.9
45.739436,-120.012108,35000,477.8,126.9
45.713227,-119.962395,35000,482.8,126.9
45.686554,-119.911886,35000,486.2,127.1
45.660004,-119.861644,35000,486.2,127.1
45.63295,-119.81053,35000,486.2,127.1
45.60611,-119.759972,35000,486.8,127.2
45.579529,-119.709915,35000,486.8,127.2
45.552901,-119.659859,35000,486.8,127.2
45.526087,-119.609628,35000,488.2,127.2
45.499273,-119.559386,35000,488.0,127.3
45.471771,-119.5081,35000,488.0,127.3
45.445039,-119.458231,35000,488.8,127.3
45.418272,-119.408458,35000,488.6,127.4
45.391113,-119.357954,35000,488.6,127.4
45.363602,-119.307011,35000,488.6,127.4
45.336685,-119.25718,35000,489.2,127.5
45.309174,-119.206303,35000,489.2,127.5
45.281874,-119.155973,35000,489.2,127.5
45.255157,-119.106707,35000,490.6,127.6
45.22764,-119.056091,35000,491.2,127.6
45.2005,-119.006385,35000,491.2,127.6
45.173035,-118.955972,35000,491.2,127.6
45.145569,-118.905833,35000,491.9,127.7
45.118103,-118.855658,35000,493.3,127.8
45.09087,-118.806018,35000,493.3,127.8
45.06308,-118.755471,35000,492.5,127.8
45.035202,-118.704856,35000,493.1,127.9
45.007736,-118.65509,35000,493.1,127.9
44.980448,-118.605719,35000,492.3,128.0
44.952563,-118.555343,35000,493.1,127.9
44.924652,-118.505009,35000,493.7,128.0
44.89684,-118.454992,35000,495.1,128.0
44.868759,-118.404497,35000,494.3,128.1
44.840744,-118.354209,35000,493.5,128.2
44.813465,-118.305337,35000,492.1,128.1
44.785255,-118.25496,35000,492.7,128.2
44.773384,-118.233791,34975,493.5,128.2
44.770591,-118.228834,34975,493.5,128.2
44.764399,-118.217714,34900,492.7,128.2
44.760086,-118.210079,34800,491.3,128.2
44.75709,-118.204785,34750,489.9,128.2
44.754297,-118.199761,34675,489.9,128.2
44.751251,-118.194318,34550,488.5,128.2
44.739773,-118.173836,34175,487.7,128.3
44.724737,-118.14704,33775,483.5,128.2
44.709503,-118.119965,33400,482.7,128.3
44.694245,-118.092845,33025,485.6,128.3
44.679162,-118.066049,32625,488.4,128.4
44.663681,-118.038679,32225,489.0,128.4
44.648251,-118.011385,31825,489.0,128.4
44.633075,-117.984522,31425,488.4,128.4
44.617946,-117.957793,31050,486.2,128.4
44.602707,-117.930777,30650,482.0,128.3
44.587547,-117.903934,30275,478.4,128.4
44.57254,-117.877481,29875,474.0,128.5
44.557846,-117.85165,29500,471.2,128.4
44.54274,-117.825034,29125,467.6,128.5
44.528275,-117.799595,28750,463.2,128.6
44.513901,-117.774353,28375,457.6,128.5
44.499563,-117.749187,28000,451.2,128.5
44.484741,-117.723214,27625,445.4,128.6
44.470093,-117.697514,27275,440.4,128.6
44.455618,-117.672216,26900,437.6,128.6
44.441116,-117.646899,26525,435.4,128.7
44.426514,-117.621395,26150,434.0,128.6
44.411906,-117.595915,25775,431.2,128.6
44.397263,-117.570321,25400,429.0,128.7
44.382477,-117.54449,25025,426.8,128.7
44.368333,-117.519948,24675,424.0,128.7
44.354416,-117.495706,24300,423.2,128.8
44.340448,-117.471514,23950,421.8,128.7
44.326218,-117.446725,23600,420.4,128.7
44.312119,-117.422267,23250,417.6,128.7
44.298318,-117.398362,22900,415.4,128.8
44.284399,-117.374245,22525,413.2,128.8
44.27048,-117.350196,22175,412.5,128.9
44.256654,-117.326348,21825,412.5,128.9
44.242996,-117.30266,21450,409.6,128.9
44.228806,-117.278399,21100,406.8,129.9
44.2164,-117.258584,20800,405.1,131.8
44.20405,-117.240132,20525,402.4,133.7
44.19017,-117.220608,20200,398.8,135.4
44.174489,-117.19999,19850,396.2,136.8
44.159034,-117.179653,19500,392.6,136.6
44.142563,-117.158012,19150,389.1,136.7
44.126168,-117.136557,18800,385.6,136.8
44.110382,-117.115982,18450,382.7,136.8
44.094606,-117.095424,18100,381.3,136.8
44.07915,-117.075217,17800,380.6,136.7
44.061786,-117.052525,17500,379.2,136.7
44.045746,-117.031541,17175,376.4,136.7
44.030782,-117.012046,16825,371.4,136.9
44.015001,-116.991512,16500,364.4,136.9
43.999466,-116.971563,16150,360.4,138.0
43.984726,-116.953998,15850,359.0,139.7
43.968309,-116.934945,15525,358.5,140.1
43.951721,-116.915801,15200,358.5,140.1
43.935379,-116.896831,14875,357.7,140.0
43.919104,-116.877986,14550,354.9,140.0
43.902578,-116.858695,14225,352.0,139.8
43.886191,-116.839665,13900,350.7,140.1
43.870317,-116.821289,13575,347.9,140.1
43.854538,-116.802872,13250,339.8,139.6
43.838425,-116.783965,12950,332.8,139.8
43.822952,-116.766208,12625,326.9,140.7
43.807159,-116.748515,12300,320.0,141.1
43.792557,-116.732227,12025,313.5,140.8
43.7845,-116.723093,11850,310.5,140.6
43.775665,-116.713129,11675,308.3,140.5
43.766645,-116.702859,11500,307.7,140.7
43.757428,-116.692396,11325,307.5,140.4
43.748886,-116.682661,11150,306.9,140.6
43.739924,-116.67245,10975,305.5,140.6
43.731491,-116.662796,10800,304.0,140.3
43.722336,-116.652513,10625,302.8,140.9
43.713436,-116.642565,10450,301.7,141.5
43.704684,-116.633017,10275,301.1,141.6
43.695513,-116.623012,10100,300.5,141.8
43.686808,-116.61353,9925,301.1,141.6
43.677497,-116.603394,9750,301.3,141.9
43.668594,-116.593812,9575,300.7,142.0
43.659528,-116.584102,9400,298.6,142.2
43.65065,-116.574586,9225,295.0,142.2
43.641559,-116.564876,9075,290.8,142.3
43.632431,-116.555169,8900,287.2,142.2
43.623276,-116.545332,8750,283.5,141.9
43.61467,-116.535943,8600,281.3,141.8
43.6059,-116.526424,8425,277.7,141.7
43.597321,-116.5171,8275,275.5,141.6
43.590912,-116.509754,8150,276.4,138.8
43.586721,-116.50419,8075,280.0,134.7
43.582352,-116.497618,8000,281.5,130.8
43.578295,-116.490522,7900,284.8,127.2
43.575302,-116.484652,7825,289.0,124.6
43.573686,-116.481236,7800,293.8,122.8
43.569992,-116.472452,7700,298.6,119.1
43.564376,-116.458086,7550,300.2,118.0
43.556946,-116.438854,7425,300.2,118.0
43.550903,-116.423205,7275,299.3,118.1
43.545848,-116.410152,7175,297.1,118.1
43.54216,-116.400657,7150,295.7,118.0
43.529415,-116.367907,7125,294.8,118.1
43.516617,-116.335187,7125,295.3,118.3
43.503937,-116.302675,7150,292.6,118.1
43.500916,-116.294946,7125,288.1,118.2
43.499063,-116.290218,7125,283.6,118.2
43.496595,-116.283875,7125,279.6,117.9
43.494095,-116.277317,7125,275.1,117.5
43.491475,-116.270207,7125,270.1,116.8
43.489197,-116.263903,7100,267.4,116.2
43.487045,-116.257835,7025,265.7,115.9
43.484711,-116.251128,6925,264.4,115.3
43.482193,-116.243783,6825,263.9,115.1
43.47965,-116.236202,6725,261.7,115.1
43.476811,-116.227831,6625,259.5,115.1
43.474344,-116.220703,6525,255.9,115.0
43.471481,-116.212165,6450,251.0,115.2
43.469193,-116.205459,6375,246.1,115.0
43.46727,-116.199838,6275,242.5,114.9
43.4648,-116.192387,6175,238.0,114.8
43.463264,-116.187483,6125,233.1,111.4
43.462054,-116.182447,6075,229.1,106.2
43.461262,-116.177935,6000,225.0,100.8
43.460843,-116.173423,5950,221.3,96.2
43.460632,-116.168667,5900,217.1,91.3
43.46077,-116.163813,5875,214.4,86.5
43.461169,-116.159167,5825,211.3,81.6
43.461914,-116.154066,5775,209.8,76.5
43.462892,-116.149488,5700,208.1,71.2
43.464195,-116.145107,5650,206.4,66.3
43.465668,-116.141201,5600,203.7,60.9
43.467453,-116.137241,5550,201.4,56.5
43.469238,-116.133856,5500,199.4,51.9
43.471344,-116.130534,5450,196.7,47.1
43.474064,-116.126927,5400,194.7,42.3
43.476578,-116.124115,5350,191.8,37.6
43.479355,-116.121464,5300,189.4,32.9
43.48233,-116.119165,5250,187.0,28.1
43.485376,-116.117249,5200,184.5,23.6
43.488419,-116.115716,5125,182.8,18.8
43.491382,-116.114567,5075,180.2,13.8
43.494361,-116.113783,5025,179.0,8.7
43.497945,-116.113259,4950,177.6,4.5
43.501419,-116.113161,4875,176.0,0.0
43.504669,-116.113416,4825,174.6,355.4
43.507874,-116.114055,4750,173.1,351.0
43.510515,-116.114829,4700,171.2,345.8
43.513494,-116.116071,4650,168.6,341.7
43.515822,-116.117379,4625,164.7,338.3
43.518475,-116.119014,4550,160.6,333.8
43.521315,-116.121172,4500,158.6,329.7
43.523941,-116.123572,4425,158.1,325.3
43.52623,-116.125999,4375,157.1,320.9
43.528381,-116.128682,4300,157.0,316.5
43.530439,-116.131635,4250,154.3,312.4
43.532394,-116.134905,4200,151.0,308.0
43.534058,-116.138135,4125,146.7,304.5
43.535294,-116.140946,4100,143.9,300.5
43.536444,-116.14406,4050,142.7,296.2
43.538589,-116.150463,3950,140.0,294.9
43.540924,-116.157234,3850,140.5,295.3
43.542984,-116.163366,3750,138.7,294.7
43.545336,-116.170153,3675,138.2,295.3
43.546918,-116.174861,3575,137.3,295.5
43.549118,-116.181186,3475,138.2,295.3
43.551248,-116.187613,3375,137.4,294.5
43.553375,-116.193833,3275,138.7,294.7
43.555573,-116.200285,3175,139.6,295.5
43.557579,-116.20612,3075,136.9,295.1
43.559488,-116.211744,2975,134.7,295.0
43.560242,-116.214018,2975,130.2,295.0
43.560745,-116.215423,2975,126.1,295.4
43.56107,-116.216452,2975,121.7,295.3
43.561386,-116.217403,2975,117.2,295.2
43.561752,-116.218425,2975,113.2,295.7
43.562001,-116.219068,2975,106.5,295.6
43.562234,-116.219722,2975,101.6,295.0
43.562347,-116.220086,2975,97.5,295.5
43.562513,-116.220572,2975,92.6,294.9
43.562607,-116.220834,2975,89.5,295.1
43.562759,-116.221299,2975,82.8,295.0
43.562943,-116.22181,2975,75.2,295.2
43.563034,-116.22213,2975,66.2,295.0
43.563212,-116.2226,2975,58.6,295.2
43.563309,-116.222896,2975,54.1,295.1
43.563363,-116.223057,-50.0,45.5,295.3
43.563398,-116.223188,2975,45.5,296.0
43.563421,-116.223254,-50.0,39.5,295.3
43.563491,-116.223433,-50.0,34.5,295.3
43.563549,-116.223599,-50.0,27.5,295.3
43.563584,-116.223695,-50.0,24.5,295.3
43.563629,-116.223806,-50.0,19.5,298.1
43.563698,-116.223966,-50.0,17.5,303.8
43.563747,-116.224038,-50.0,17.5,309.4
43.563812,-116.22411,-50.0,16.5,320.6
43.563892,-116.224174,-50.0,17.5,329.1
43.56395,-116.224206,-50.0,17.5,340.3
43.564041,-116.224237,-50.0,17.5,348.8
43.56412,-116.224234,-50.0,17.5,357.2
43.564282,-116.224234,-50.0,17.5,2.8
43.564705,-116.22419,-50.0,18.5,2.8
43.565117,-116.224158,-50.0,18.5,2.8
43.565539,-116.22412,-50.0,19.5,2.8
43.565975,-116.224078,-50.0,18.5,2.8
43.566412,-116.224038,-50.0,15.5,2.8
43.566513,-116.224014,-50.0,14.2,8.4
43.566582,-116.223982,-50.0,13.8,19.7
43.566628,-116.223934,-50.0,13.8,28.1
43.566685,-116.22387,-50.0,13.8,42.2
43.566726,-116.223809,-50.0,13.8,53.4
43.566753,-116.223726,-50.0,13.8,64.7
43.566776,-116.223615,-50.0,14.2,75.9
43.566773,-116.223531,-50.0,14.2,84.4
43.566765,-116.223407,-50.0,14.2,95.6
43.566742,-116.223263,-50.0,14.2,104.1
43.566703,-116.223106,-50.0,14.8,112.5
43.566529,-116.2226,-50.0,15.5,115.3
43.566354,-116.222076,-50.0,15.5,115.3
43.566216,-116.221635,-50.0,15.5,112.5
43.566193,-116.221523,-50.0,15.5,104.1
43.566179,-116.221357,-50.0,14.8,95.6
43.566191,-116.221243,-50.0,14.8,84.4
43.566203,-116.221128,-50.0,15.5,75.9
43.566261,-116.220932,-50.0,14.8,61.9
43.566424,-116.220556,-50.0,14.8,64.7
43.566444,-116.220469,-50.0,14.8,70.3
43.566456,-116.220357,-50.0,14.8,78.8
43.566459,-116.220262,-50.0,14.8,90.0
43.566444,-116.220134,-50.0,14.8,101.2
43.56641,-116.21999,-50.0,14.8,109.7
43.56633,-116.219766,-50.0,15.5,115.3
43.566156,-116.219232,-50.0,15.5,115.3
43.56597,-116.218676,-50.0,16.5,115.3
43.565807,-116.218218,-50.0,14.2,112.5
43.565784,-116.218071,-50.0,13.8,104.1
43.565781,-116.217882,-50.0,13.8,90.0
43.565795,-116.217793,-50.0,13.8,81.6
43.565819,-116.217711,-50.0,13.2,70.3
43.565849,-116.217627,-50.0,13.2,59.1
43.565884,-116.217579,-50.0,13.2,47.8
43.565941,-116.217515,-50.0,13.2,39.4
43.565987,-116.217483,-50.0,13.2,28.1
43.566051,-116.217466,-50.0,13.2,19.7
43.566145,-116.217433,-50.0,13.8,8.4
43.566238,-116.217435,-50.0,14.2,2.8
43.56641,-116.217435,-50.0,14.8,357.2
43.566799,-116.217483,-50.0,15.5,354.4
43.567039,-116.217515,-50.0,16.5,354.4
43.56746,-116.217564,-50.0,16.5,354.4
43.567715,-116.217611,-50.0,13.8,351.6
43.567806,-116.217642,-50.0,13.2,343.1
43.56789,-116.217711,-50.0,12.8,331.9
43.56796,-116.217777,-50.0,12.2,320.6
43.567972,-116.217809,-50.0,12.2,315.0
43.568012,-116.217898,-50.0,12.2,300.9
43.56803,-116.217989,-50.0,12.2,286.9
43.568012,-116.218138,-50.0,12.2,261.6
43.567966,-116.218265,-50.0,12.2,236.2
43.567898,-116.218361,-50.0,12.8,225.0
43.567879,-116.218398,-50.0,12.8,222.2
43.567681,-116.218594,-50.0,2.2,213.8
43.567715,-116.218569,-50.0,2.2,210.9
43.567751,-116.218545,-50.0,2.8,205.3
43.56776,-116.218537,-50.0,2.2,205.3
43.567774,-116.218529,-50.0,2.2,202.5
43.567797,-116.218512,-50.0,2.2,196.9
43.56782,-116.218496,-50.0,2.2,194.1
43.567844,-116.218496,-50.0,2.2,188.4
43.567867,-116.21848,-50.0,2.2,182.8
43.56789,-116.21848,-50.0,2.2,177.2
43.567909,-116.218489,-50.0,2.2,171.6
43.567932,-116.218489,-50.0,2.8,168.8
43.567972,-116.218496,-50.0,2.8,157.5
43.567989,-116.218505,-50.0,2.8,151.9
43.568007,-116.218512,-50.0,2.8,146.2
43.568024,-116.218537,-50.0,2.8,140.6
43.568042,-116.218561,-50.0,2.2,132.2
43.568053,-116.218578,-50.0,2.2,123.8
43.568069,-116.218601,-50.0,2.2,115.3
43.568088,-116.218643,-50.0,2.8,109.7
43.568111,-116.218758,-50.0,2.2,106.9
43.568123,-116.21879,-50.0,0.0,106.9
43.568123,-116.21879,-50.0,0.0,106.9
43.568127,-116.218792,-50.0,0.0,106.9
43.568115,-116.218792,-50.0,0.0,106.9
43.568115,-116.218792,-50.0,0.0,106.9
43.568115,-116.218792,-50.0,0.0,106.9
43.568115,-116.218792,-50.0,0.0,106.9
43.568111,-116.218758,-50.0,0.0,104.1
43.5681,-116.218627,-50.0,3.8,101.2
43.568088,-116.218512,-50.0,4.2,98.4
43.568076,-116.218333,-50.0,4.8,95.6
43.568047,-116.218106,-50.0,5.8,98.4
43.56803,-116.218006,-50.0,6.8,104.1
43.568007,-116.217924,-50.0,6.8,109.7
43.567972,-116.217842,-50.0,7.2,118.1
43.567925,-116.21776,-50.0,7.8,129.4
43.567886,-116.217722,-50.0,7.8,135.0
43.567829,-116.217674,-50.0,8.2,146.2
43.567785,-116.217646,-50.0,8.8,154.7
43.567704,-116.217613,-50.0,9.2,165.9
43.567576,-116.217581,-50.0,9.8,171.6
43.56728,-116.217547,-50.0,10.2,174.4
43.566843,-116.217499,-50.0,10.8,174.4
43.566399,-116.217451,-50.0,11.2,174.4
43.566133,-116.217417,-50.0,9.8,177.2
43.56604,-116.217433,-50.0,9.8,185.6
43.565975,-116.217467,-50.0,9.8,196.9
43.565918,-116.217515,-50.0,9.8,208.1
43.565865,-116.217581,-50.0,10.2,219.4
43.565819,-116.217662,-50.0,10.8,230.6
43.565784,-116.217744,-50.0,10.8,239.1
43.565758,-116.21793,-50.0,11.2,264.4
43.565772,-116.218038,-50.0,11.8,275.6
43.565792,-116.218169,-50.0,12.2,286.9
43.565838,-116.218313,-50.0,13.2,292.5
43.566005,-116.218807,-50.0,10.8,295.3
43.566067,-116.219,-50.0,8.2,295.3
43.566078,-116.219016,-50.0,8.2,295.3
43.566168,-116.219281,-50.0,3.2,295.3
43.566181,-116.219335,-50.0,0.0,295.3
43.566273,-116.219591,-50.0,3.8,295.3
43.566353,-116.21983,-50.0,0.0,295.3
43.566376,-116.219894,-50.0,0.0,295.3
43.566444,-116.220086,-50.0,7.8,292.5
43.566482,-116.220262,-50.0,8.2,281.2
43.566479,-116.220341,-50.0,8.2,272.8
43.566467,-116.220421,-50.0,7.8,261.6
43.566447,-116.220491,-50.0,7.2,250.3
43.56641,-116.220565,-50.0,7.2,236.2
43.566376,-116.220629,-50.0,7.8,225.0
43.566273,-116.220752,-50.0,8.2,219.4
