lat,lon,alt,gs,track
19.08847,72.841513,1225,153.0,269.6
19.088516,72.839208,1325,154.0,270.0
19.088466,72.830666,1500,165.0,269.6
19.088425,72.825132,1575,181.0,269.7
19.088419,72.821278,1625,189.0,269.4
19.088379,72.818903,1650,192.0,269.1
19.088287,72.812625,1725,195.0,269.1
19.088233,72.811141,1750,208.0,268.9
19.088186,72.807096,1825,215.1,268.7
19.088104,72.80414,1900,218.1,268.7
19.088,72.800504,1950,224.1,268.7
19.087954,72.796908,2025,229.1,268.8
19.087875,72.792909,2075,234.1,268.8
19.087784,72.789132,2125,238.1,268.6
19.087721,72.786671,2175,243.1,268.6
19.087646,72.783639,2200,248.1,268.6
19.087535,72.778981,2275,253.1,268.6
19.087418,72.773339,2400,258.0,268.9
19.087302,72.767045,2600,261.0,268.9
19.087302,72.765348,2675,261.0,268.9
19.087234,72.762696,2775,261.0,268.9
19.087209,72.760653,2850,261.0,268.9
19.087162,72.758007,2950,261.0,268.9
19.087116,72.75546,3050,261.0,268.9
19.087069,72.753612,3150,261.0,268.9
19.087051,72.75122,3225,261.0,268.9
19.087006,72.748914,3325,261.0,269.1
19.087006,72.747149,3400,262.0,269.1
19.08696,72.744598,3500,262.0,269.3
19.08693,72.741777,3600,263.0,270.0
19.086976,72.73918,3700,263.1,271.3
19.087116,72.736633,3800,263.5,273.5
19.087302,72.734236,3875,263.1,275.2
19.087601,72.732288,3975,263.9,278.5
19.08814,72.729442,4075,263.8,280.9
19.088699,72.727236,4175,264.4,284.5
19.089569,72.72444,4275,264.4,289.7
19.09053,72.722037,4375,264.7,293.4
19.091354,72.720222,4450,266.1,296.1
19.092819,72.717574,4550,266.1,299.7
19.094467,72.715024,4650,267.4,304.6
19.096007,72.712913,4750,268.3,308.5
19.097683,72.710965,4850,269.1,312.0
19.099219,72.709317,4950,269.4,314.9
19.101562,72.707078,5050,270.7,318.9
19.103073,72.705803,5150,270.8,320.8
19.105038,72.704224,5250,271.8,323.7
19.107651,72.70237,5350,272.9,326.7
19.109647,72.701078,5450,273.4,328.5
19.112254,72.699579,5550,274.7,331.8
19.114609,72.698397,5650,276.0,334.9
19.117584,72.697122,5750,277.2,338.0
19.120056,72.696239,5850,278.6,341.4
19.122868,72.695385,5950,280.5,344.3
19.12619,72.694669,6050,282.0,349.2
19.129028,72.694277,6150,284.2,352.9
19.132132,72.694136,6250,285.6,356.4
19.13553,72.694186,6350,287.3,2.8
19.138458,72.694522,6450,288.5,5.8
19.142373,72.695185,6550,291.5,10.1
19.145772,72.695934,6650,292.4,12.0
19.149857,72.696975,6750,294.7,13.9
19.153034,72.697832,6850,295.7,14.7
19.156572,72.69888,6950,296.4,15.3
19.162949,72.700702,7150,297.9,15.6
19.168167,72.702223,7325,297.7,15.4
19.173005,72.703624,7525,296.7,15.4
19.177381,72.704923,7675,296.4,15.3
19.18309,72.706539,7825,298.6,15.3
19.190089,72.708518,8025,301.3,15.0
19.198792,72.710953,8225,304.9,14.6
19.206988,72.713212,8425,307.8,14.5
19.21637,72.715759,8625,310.9,14.5
19.227191,72.718706,8825,313.1,14.6
19.237107,72.721452,9000,314.4,14.7
19.246902,72.724146,9175,316.5,14.8
19.256744,72.726893,9350,317.8,14.9
19.26709,72.729836,9550,318.7,14.9
19.275009,72.732043,9700,318.7,14.9
19.281611,72.733887,9875,319.7,14.9
19.288547,72.735834,10075,320.9,15.0
19.293594,72.737241,10225,320.9,15.0
19.296554,72.738081,10300,322.3,14.6
19.30256,72.73958,10400,325.2,13.7
19.309479,72.741067,10475,330.3,11.2
19.320099,72.742833,10575,338.6,8.3
19.334152,72.744893,10725,347.2,7.8
19.347977,72.746855,10875,355.3,7.8
19.361355,72.748818,11000,364.6,8.0
19.378207,72.751365,11175,373.8,8.1
19.389426,72.753063,11300,378.9,8.2
19.394714,72.753868,11400,378.9,8.2
19.401483,72.754911,11525,380.0,8.3
19.4095,72.756124,11725,381.0,8.3
19.418015,72.757448,11925,381.0,8.3
19.435318,72.760097,12325,382.0,8.3
19.452301,72.762647,12725,382.0,8.3
19.4599,72.763824,12925,381.0,8.3
19.472987,72.765897,13325,378.0,8.4
19.487744,72.768194,13725,377.0,8.4
19.50292,72.770491,14125,374.8,8.1
19.507296,72.77114,14225,374.8,8.1
19.514145,72.772211,14350,374.9,8.3
19.516746,72.772589,14400,376.9,8.2
19.522286,72.773438,14475,376.9,8.2
19.541838,72.776434,14675,385.9,8.2
19.546646,72.777165,14725,386.9,8.2
19.55478,72.778381,14875,387.9,8.1
19.567954,72.780379,15175,387.1,8.3
19.577728,72.781922,15350,389.1,8.3
19.601844,72.785622,15700,394.1,8.3
19.622606,72.788768,16075,395.1,8.3
19.633779,72.790516,16250,396.1,8.3
19.660081,72.794561,16575,403.2,8.3
19.684891,72.798353,16875,407.3,8.3
19.708282,72.801982,17225,409.3,8.3
19.734145,72.805947,17675,410.4,8.4
19.753326,72.808947,18000,410.4,8.4
19.779099,72.81292,18475,407.3,8.3
19.799365,72.816034,18800,407.3,8.3
19.819941,72.819181,19150,406.3,8.4
19.847168,72.823415,19550,406.3,8.4
19.873709,72.82752,19850,410.3,8.3
19.909332,72.832979,20175,416.3,8.3
19.942795,72.838178,20575,419.5,8.4
19.948658,72.839056,20650,419.5,8.4
19.97077,72.842502,21000,418.5,8.4
19.991043,72.845682,21375,415.5,8.4
20.012009,72.848969,21750,414.4,8.3
20.035106,72.852539,22125,413.4,8.4
20.061172,72.856571,22450,415.4,8.3
20.089966,72.860985,22700,418.3,8.2
20.126907,72.866233,22975,427.3,7.1
20.157166,72.86996,23250,431.7,6.4
20.185423,72.873263,23600,433.7,6.3
20.209991,72.876238,23950,432.8,6.5
20.238007,72.879671,24300,435.0,6.7
20.27124,72.883889,24625,439.2,6.9
20.299243,72.887496,24925,442.2,6.9
20.327128,72.891091,25225,444.3,7.0
20.353057,72.894437,25550,445.3,7.0
20.382111,72.898162,25875,447.3,6.9
20.410583,72.901791,26200,448.3,6.9
20.438644,72.905372,26525,450.3,6.9
20.471766,72.909618,26825,453.2,6.8
20.505656,72.913963,27150,456.3,6.9
20.538009,72.918107,27475,458.3,6.9
20.569885,72.922194,27775,460.4,7.0
20.599924,72.926098,28100,461.4,7.0
20.628571,72.929747,28425,461.3,6.8
20.657323,72.933438,28750,462.3,6.8
20.686977,72.937234,29050,463.4,6.9
20.723846,72.941978,29325,467.4,6.9
20.758295,72.946222,29525,472.3,5.7
20.769104,72.947159,29575,473.0,3.8
20.786831,72.94797,29650,475.3,2.2
20.828751,72.94917,29875,482.2,1.5
20.869554,72.950467,30125,486.2,1.8
20.902542,72.951622,30425,487.3,2.0
20.936357,72.952914,30775,487.3,2.0
20.973552,72.954262,31125,488.3,2.0
21.00769,72.955546,31400,490.3,2.0
21.04217,72.956848,31675,491.3,2.0
21.076386,72.958069,31975,492.3,2.0
21.105194,72.959556,32150,493.9,3.5
21.124512,72.961254,32275,495.3,5.6
21.146261,72.96402,32375,497.4,7.6
21.167815,72.967682,32525,498.1,9.7
21.192032,72.97269,32675,500.1,11.5
21.212505,72.977651,32825,500.9,13.5
21.233917,72.983626,32950,501.7,15.3
21.256171,72.990519,33000,503.0,17.0
21.278562,72.998403,33000,503.1,18.9
21.306564,73.009294,33000,503.7,20.5
21.350532,73.026581,33000,504.2,19.9
21.392441,73.042603,33025,504.2,19.6
21.434885,73.058777,33000,503.2,19.6
21.475204,73.074263,33025,503.9,19.8
21.479599,73.075961,33050,503.9,19.8
21.488513,73.079376,33125,503.9,19.8
21.518818,73.091075,33450,503.0,19.9
21.550827,73.103477,33725,503.0,19.9
21.590555,73.118846,33950,506.1,19.9
21.633728,73.135587,34125,510.6,19.9
21.670898,73.149969,34300,511.5,19.9
21.71228,73.166049,34550,515.0,20.0
21.747025,73.179482,34825,515.6,19.8
21.78128,73.1928,35100,515.9,20.0
21.812051,73.204753,35400,514.1,20.0
21.843381,73.216909,35700,512.8,20.0
21.873826,73.22876,36000,510.6,19.9
21.904266,73.240606,36325,509.6,20.0
21.934995,73.252563,36625,507.4,19.9
21.963364,73.263578,36950,505.5,20.0
21.991333,73.274514,37300,502.0,19.9
22.018616,73.285101,37650,498.9,19.9
22.046036,73.295787,37975,495.7,19.9
22.075012,73.307073,38300,493.8,20.0
22.104446,73.318583,38600,491.6,20.0
22.135941,73.330844,38875,491.6,20.0
22.151556,73.336945,38975,491.6,20.0
22.186523,73.350619,39000,492.5,19.9
22.228694,73.367106,39000,490.7,20.0
22.269608,73.383079,39000,490.7,20.0
22.312069,73.399709,39000,491.6,20.0
22.354943,73.416494,39000,491.6,20.0
22.396774,73.432867,39000,492.9,20.0
22.438877,73.449402,39000,493.8,20.0
22.481369,73.466076,39000,493.8,20.0
22.524628,73.483054,39000,495.1,20.1
22.566971,73.499684,39000,495.1,20.1
22.608793,73.516134,39000,495.1,20.1
22.651978,73.533092,39000,494.8,20.0
22.694092,73.549622,39000,495.1,20.1
22.735973,73.566132,39000,494.2,20.1
22.778824,73.58298,39000,495.1,20.1
22.820984,73.599659,39025,496.4,20.1
22.863876,73.616588,39000,498.3,20.1
22.906634,73.633474,39000,498.3,20.1
22.949295,73.650346,39000,499.5,20.1
22.991455,73.667025,39000,499.5,20.1
23.033478,73.683605,39000,498.3,20.1
23.07613,73.700511,39000,498.6,20.2
23.117981,73.717092,39000,498.3,20.1
23.161194,73.734242,39000,497.3,20.1
23.203491,73.751021,39000,497.3,20.1
23.246279,73.768005,39000,496.4,20.1
23.286758,73.78408,39000,495.4,20.2
23.29248,73.786327,39025,495.4,20.2
23.325371,73.799438,39300,494.2,20.1
23.359497,73.812944,39575,493.2,20.2
23.394058,73.826727,39825,491.3,20.2
23.426948,73.839823,40100,490.1,20.2
23.461121,73.853443,40350,489.1,20.2
23.494354,73.866677,40625,486.9,20.2
23.528915,73.88046,40875,485.0,20.3
23.541779,73.885603,40950,485.0,20.3
23.582712,73.90192,41000,489.1,20.2
23.625261,73.918918,41000,494.5,20.2
23.668488,73.936157,41000,496.7,20.3
23.711014,73.953196,41000,497.7,20.2
23.753586,73.970235,41000,497.7,20.2
23.796021,73.987223,41000,497.7,20.2
23.837997,74.004059,41000,497.7,20.2
23.879948,74.020852,41000,496.7,20.3
23.921938,74.037746,41000,496.7,20.3
23.964203,74.054718,41000,495.8,20.3
24.007324,74.072062,41000,495.8,20.3
24.049445,74.088998,41000,496.7,20.3
24.09256,74.106293,41000,497.7,20.2
24.135566,74.123512,41000,498.6,20.2
24.178619,74.140828,41000,499.0,20.3
24.221512,74.158071,41000,499.0,20.3
24.264542,74.175415,41000,498.0,20.3
24.307114,74.192607,41000,497.1,20.4
24.349707,74.209848,41000,495.8,20.3
24.392761,74.227244,41000,494.9,20.3
24.434897,74.24431,41000,494.9,20.3
24.477539,74.261525,41000,493.9,20.4
24.520432,74.27892,41000,493.9,20.4
24.562546,74.29601,41000,493.0,20.4
24.605759,74.313558,41000,493.9,20.4
24.646774,74.330241,41000,494.9,20.3
24.690079,74.347839,41000,495.2,20.5
24.731295,74.364589,41000,495.2,20.5
24.774216,74.38207,41000,494.9,20.3
24.816439,74.399259,41000,495.2,20.5
24.85815,74.416256,41000,494.9,20.3
24.900233,74.433409,41000,493.9,20.4
24.941199,74.450148,41000,493.0,20.4
24.983917,74.467621,41000,493.9,20.4
25.026031,74.484812,41000,493.0,20.4
25.067635,74.501815,41000,493.9,20.4
25.104784,74.517051,41000,494.3,20.5
25.147333,74.534515,41000,495.2,20.5
25.189819,74.551951,41000,496.1,20.4
25.231613,74.569143,41000,496.5,20.5
25.275351,74.587166,41000,496.8,20.6
25.317627,74.604594,41000,497.8,20.6
25.360794,74.622447,41000,497.8,20.6
25.390228,74.634603,41000,498.7,20.5
25.433629,74.652566,41000,499.6,20.5
25.475189,74.669698,41000,500.0,20.6
25.518082,74.687449,41000,500.9,20.6
25.561229,74.705269,41000,501.9,20.5
25.604196,74.723096,41000,502.2,20.6
25.646699,74.740768,41000,502.2,20.6
25.68813,74.757973,41000,503.2,20.6
25.731857,74.776154,41000,502.2,20.6
25.774658,74.793905,41000,502.2,20.6
25.81708,74.811557,41000,501.3,20.7
25.859815,74.82936,41000,500.4,20.7
25.902736,74.847265,41000,499.1,20.6
25.942072,74.863639,41000,499.1,20.6
25.968049,74.87452,41000,500.0,20.6
25.996399,74.886336,41000,500.0,20.6
26.039087,74.904151,41000,500.4,20.7
26.04982,74.908672,41000,500.4,20.7
26.086212,74.923856,41000,500.0,20.6
26.091878,74.926177,41000,499.1,20.6
26.1427,74.947487,41000,499.4,20.8
26.184494,74.965003,41000,498.1,20.7
26.224272,74.981637,41000,499.1,20.6
26.251645,74.993098,41000,499.1,20.6
26.281718,75.005669,41000,499.1,20.6
26.324592,75.023522,41000,500.0,20.6
26.363525,75.039834,41000,501.3,20.7
26.394048,75.052625,41000,501.3,20.7
26.433884,75.069321,41000,502.2,20.6
26.472748,75.085645,41000,502.2,20.6
26.508753,75.10069,41000,502.2,20.6
26.541046,75.114199,41000,501.3,20.7
26.583935,75.13217,41000,500.9,20.6
26.596619,75.137467,41000,501.3,20.7
26.633606,75.152981,41000,501.3,20.7
26.6742,75.170042,41000,502.2,20.6
26.716562,75.187842,41000,502.6,20.7
26.757807,75.205166,41000,503.5,20.7
26.791511,75.219322,41000,503.5,20.7
26.83136,75.236085,41000,503.5,20.7
26.870682,75.252616,41000,504.4,20.7
26.913757,75.270754,41000,504.4,20.7
26.957004,75.28899,41000,505.7,20.7
26.999926,75.307107,41000,504.8,20.8
27.039185,75.323665,40975,504.1,20.6
27.046478,75.326702,40950,503.2,20.6
27.051865,75.328951,40900,503.2,20.6
27.058594,75.331801,40825,502.8,20.5
27.067566,75.335532,40675,503.2,20.6
27.071569,75.337213,40600,503.2,20.6
27.086746,75.343565,40275,504.1,20.6
27.097137,75.347918,40000,504.7,20.4
27.108578,75.352636,39700,506.6,20.3
27.121994,75.358178,39300,510.3,20.2
27.134537,75.363309,38975,513.1,20.1
27.150787,75.36989,38600,514.1,20.0
27.162643,75.374762,38375,514.1,20.0
27.171799,75.378493,38225,514.1,20.0
27.197205,75.388909,37850,511.6,20.2
27.22454,75.400173,37525,506.6,20.3
27.254013,75.412436,37225,499.6,20.5
27.280542,75.423572,36875,495.9,20.7
27.304184,75.433632,36500,493.1,20.8
27.328491,75.443996,36125,492.5,20.9
27.352745,75.454471,35750,490.8,21.4
27.366012,75.460862,35550,491.4,24.5
27.377197,75.467213,35375,492.1,27.9
27.38859,75.474807,35175,493.6,31.2
27.396698,75.481049,35050,494.5,35.6
27.40654,75.489703,34925,495.4,39.2
27.409259,75.49229,34875,495.3,40.2
27.413452,75.49644,34775,495.0,40.6
27.415404,75.498469,34725,495.5,42.4
27.41992,75.503276,34600,497.2,43.9
27.427322,75.511624,34350,498.6,45.7
27.434398,75.520072,34075,502.3,46.8
27.443475,75.531006,33675,505.9,47.2
27.452408,75.541733,33275,510.8,46.9
27.4617,75.552771,32900,513.5,46.4
27.472366,75.565157,32500,517.0,45.9
27.479828,75.573707,32250,518.3,45.5
27.483091,75.577434,32150,519.0,45.5
27.48621,75.581025,32075,519.0,45.5
27.490959,75.586413,31975,519.0,45.3
27.50473,75.601951,31725,516.9,45.2
27.525407,75.625393,31400,512.0,45.3
27.543961,75.646414,31025,509.1,45.3
27.564377,75.669734,30700,504.9,45.6
27.584156,75.69242,30350,500.0,45.7
27.60287,75.71397,29975,497.8,45.7
27.62056,75.734306,29575,496.4,45.7
27.638947,75.7555,29200,493.6,45.7
27.657755,75.777089,28800,490.8,45.7
27.676208,75.798357,28450,487.9,45.7
27.693135,75.817812,28075,486.5,45.7
27.70887,75.835929,27675,486.5,45.7
27.725116,75.854574,27275,486.5,45.7
27.742172,75.874225,26900,484.4,45.6
27.759476,75.894021,26500,484.4,45.6
27.773391,75.909981,26175,484.4,45.6
27.779709,75.917289,26050,483.0,45.6
27.794107,75.933855,25850,479.5,45.8
27.797831,75.938134,25775,478.8,45.8
27.811844,75.954342,25425,479.5,45.7
27.830045,75.975318,25075,476.6,45.7
27.842614,75.989896,24825,474.5,45.9
27.848511,75.996733,24750,472.4,45.7
27.867599,76.018706,24600,463.2,45.8
27.873871,76.025961,24525,461.8,45.8
27.879902,76.032944,24425,459.7,45.9
27.889755,76.044358,24200,459.0,46.0
27.903923,76.060779,23800,459.7,45.9
27.918869,76.078094,23425,460.4,45.8
27.922714,76.082602,23325,459.7,45.7
27.932274,76.093633,23200,456.8,45.7
27.956039,76.120887,22950,447.6,45.6
27.966476,76.132983,22775,444.1,45.7
27.985576,76.155019,22450,439.9,45.7
27.992233,76.16272,22350,437.7,45.8
27.995407,76.166417,22275,436.3,45.8
28.010295,76.183615,21950,434.9,45.7
28.028549,76.204764,21625,430.7,46.0
28.04686,76.226208,21300,425.7,46.0
28.065353,76.247705,21000,420.1,46.0
28.079407,76.264079,20775,416.5,45.9
28.087013,76.272906,20575,415.1,45.9
28.101608,76.289908,20200,414.4,45.8
28.117355,76.30813,19825,413.0,45.8
28.133752,76.327192,19475,410.2,45.8
28.148392,76.344153,19100,409.5,45.9
28.164988,76.363382,18750,407.3,45.8
28.181282,76.382392,18500,402.4,45.9
28.196365,76.399949,18350,393.2,46.0
28.215032,76.42176,18200,383.3,45.8
28.225754,76.434526,18125,376.6,47.8
28.231512,76.442279,18075,373.6,51.4
28.236328,76.449738,18025,371.4,55.2
28.241135,76.458294,17975,367.5,58.7
28.248177,76.472276,17875,363.1,60.8
28.262934,76.50195,17675,353.4,60.3
28.275787,76.527117,17400,347.3,59.7
28.287003,76.54872,17075,346.4,59.7
28.29729,76.568568,16750,346.4,59.7
28.307465,76.588229,16425,346.4,59.7
28.318588,76.609779,16125,345.9,59.8
28.329504,76.630985,15900,340.6,59.7
28.343903,76.6589,15750,330.7,59.9
28.349242,76.669868,15700,325.6,62.6
28.353758,76.680531,15650,321.3,65.3
28.364227,76.707018,15550,311.5,65.7
28.370842,76.723507,15450,306.5,65.5
28.379641,76.745103,15150,305.1,65.2
28.388489,76.766756,14850,305.1,65.2
28.397461,76.788571,14550,304.2,65.1
28.406845,76.811547,14275,302.0,65.1
28.416091,76.834232,14000,299.3,65.3
28.425476,76.857235,13725,298.0,65.4
28.434402,76.879155,13450,296.2,65.2
28.442859,76.899989,13150,296.2,65.2
28.451331,76.920884,12875,294.9,65.3
28.4599,76.941957,12600,294.0,65.3
28.464087,76.952604,12475,293.6,67.4
28.466135,76.959175,12375,293.8,71.8
28.467133,76.963665,12300,294.2,76.4
28.467819,76.968049,12250,294.9,82.0
28.46809,76.972692,12200,295.4,86.9
28.467957,76.977345,12125,295.5,93.5
28.467345,76.98244,12075,295.6,98.9
28.466228,76.988041,12025,294.4,103.8
28.463947,76.996927,12000,293.9,107.0
28.458221,77.018684,12000,291.9,105.7
28.454217,77.035864,12000,290.8,104.1
28.450058,77.055465,12000,281.4,103.2
28.449326,77.059056,11975,279.2,103.0
28.447654,77.067315,11900,278.2,103.1
28.444839,77.081029,11750,276.1,103.0
28.441881,77.095588,11600,274.1,103.1
28.438889,77.109921,11450,273.4,103.3
28.435913,77.124129,11300,271.4,103.4
28.433441,77.135855,11150,271.6,103.6
28.430786,77.148109,11000,271.6,103.6
28.428177,77.16031,10850,272.6,103.6
28.425588,77.172331,10675,272.6,103.6
28.423141,77.183814,10525,272.9,103.8
28.420029,77.198023,10375,269.9,103.9
28.417007,77.21202,10275,260.5,103.8
28.41449,77.222689,10200,252.9,106.1
28.411972,77.231616,10150,247.0,108.7
28.408127,77.243658,10050,238.3,110.6
28.404313,77.255052,10025,233.3,110.8
28.399887,77.268008,9900,231.4,111.0
28.395701,77.280525,9775,231.0,110.8
28.391791,77.292103,9650,231.0,110.8
28.387894,77.303713,9525,230.1,110.9
28.383957,77.315333,9400,229.5,111.2
28.380479,77.325439,9250,228.6,111.3
28.377045,77.335405,9100,228.6,111.3
28.37352,77.345968,8950,229.7,109.9
28.370796,77.355275,8825,229.6,107.5
28.367844,77.366356,8675,229.7,106.7
28.364791,77.378001,8550,228.7,106.8
28.361664,77.389597,8425,226.8,106.9
28.358972,77.399651,8275,225.9,107.0
28.355804,77.411358,8125,225.9,107.0
28.353292,77.420924,7975,224.4,105.8
28.35228,77.425883,7900,224.8,101.8
28.351868,77.429739,7850,224.2,95.9
28.351803,77.433095,7800,224.0,89.7
28.352051,77.436289,7750,223.0,84.6
28.3526,77.439563,7700,222.8,78.1
28.353287,77.442204,7675,222.3,71.7
28.354431,77.445321,7625,220.1,65.3
28.355896,77.448226,7575,219.9,58.8
28.35759,77.450867,7525,218.0,52.1
28.359437,77.453129,7500,216.4,46.1
28.361532,77.455229,7450,215.2,39.5
28.36372,77.456952,7400,213.8,34.1
28.366013,77.458367,7350,212.0,27.5
28.368393,77.459476,7325,210.4,20.6
28.371094,77.460321,7275,208.6,14.4
28.373496,77.460776,7225,207.9,7.7
28.376196,77.460938,7175,206.1,1.4
28.378849,77.460722,7125,205.5,356.1
28.380898,77.460291,7100,203.8,349.0
28.383505,77.45943,7025,203.1,342.8
28.385693,77.458406,7000,203.0,337.1
28.388206,77.456898,6950,201.8,331.3
28.390823,77.454987,6875,201.6,325.9
28.393936,77.452293,6800,202.3,321.8
28.397703,77.448659,6725,202.6,318.6
28.402824,77.443435,6625,201.0,317.4
28.408457,77.437511,6525,200.3,317.2
28.413437,77.432274,6425,199.5,317.0
28.418106,77.427362,6325,199.5,317.0
28.422546,77.422661,6225,199.5,317.0
28.426071,77.418911,6125,199.5,317.0
28.430243,77.414515,6025,200.2,316.8
28.434952,77.409562,5925,199.5,316.6
28.440671,77.403475,5825,197.4,316.9
28.44621,77.397605,5750,194.6,316.9
28.450679,77.392865,5650,193.8,316.7
28.45546,77.387748,5550,193.1,316.9
28.460129,77.382836,5450,193.2,317.3
28.464971,77.377786,5350,193.2,317.3
28.470978,77.371533,5300,188.3,317.6
28.475876,77.366409,5200,185.3,316.8
28.478851,77.362976,5150,184.7,313.0
28.480637,77.360599,5100,184.1,309.0
28.482335,77.35786,5050,183.6,304.1
28.483841,77.354948,4975,183.1,299.1
28.485314,77.351505,4925,183.9,294.8
28.486588,77.347976,4825,184.2,291.0
28.487823,77.343697,4725,185.3,287.3
28.488876,77.339419,4625,186.8,284.3
28.489783,77.335133,4525,188.0,283.2
28.490707,77.33044,4425,189.7,282.8
28.491599,77.325924,4325,190.5,282.4
28.492809,77.319677,4225,190.5,282.4
28.494345,77.311922,4125,187.5,282.6
28.495743,77.304822,4025,185.6,282.8
28.497511,77.296466,3950,182.1,283.6
28.499268,77.288501,3900,177.3,284.0
28.500824,77.281635,3850,173.2,284.0
28.502426,77.274452,3775,169.3,284.4
28.504074,77.267004,3700,167.6,283.5
28.505081,77.262198,3600,168.8,283.7
28.506226,77.256916,3500,169.0,284.0
28.507334,77.251659,3400,169.5,283.3
28.508926,77.244186,3325,167.8,283.8
28.510453,77.236903,3250,165.2,282.9
28.511756,77.230655,3150,163.7,283.8
28.512955,77.225277,3050,161.0,284.4
28.514084,77.220208,2950,159.6,283.8
28.514648,77.217513,2925,159.4,283.4
28.515472,77.213657,2900,155.5,283.8
28.516178,77.210245,2875,151.1,283.4
28.516663,77.208005,2875,147.0,283.4
28.517578,77.203727,2800,142.1,283.8
28.518739,77.19845,2725,138.0,283.8
28.52005,77.192213,2625,138.0,283.8
28.521378,77.186138,2550,139.7,283.2
28.522568,77.180328,2450,140.9,283.5
28.523906,77.174324,2375,137.0,283.9
28.524994,77.169448,2275,136.8,283.5
28.52623,77.163585,2175,139.0,283.7
28.527491,77.157575,2100,136.6,283.1
28.528561,77.152566,2000,133.6,283.4
28.529772,77.146696,1900,133.9,283.8
28.531075,77.140772,1825,135.8,283.6
28.532332,77.134956,1750,135.8,283.6
28.53331,77.130378,1650,133.6,283.4
28.53452,77.124777,1550,134.9,283.7
28.535706,77.119058,1475,133.6,283.4
28.536848,77.113737,1375,135.8,283.6
28.538132,77.107702,1300,136.8,283.5
28.539361,77.102105,1225,135.8,283.6
28.540432,77.097204,1125,134.6,283.3
28.541549,77.091711,1025,136.8,283.5
28.542297,77.088371,1000,132.7,283.5
28.543179,77.084117,975,128.8,283.9
28.543396,77.083247,975,117.2,283.3
28.543598,77.08234,950,111.1,283.5
28.54468,77.077143,-50.0,75.0,284.1
28.544815,77.076539,-50.0,71.0,284.1
28.544983,77.075743,-50.0,61.5,284.1
28.545041,77.075474,-50.0,57.5,284.1
28.545192,77.074773,-50.0,47.5,284.1
28.545262,77.074464,-50.0,41.5,284.1
28.545367,77.074019,-50.0,34.5,286.9
28.545704,77.073144,-50.0,32.5,295.3
28.545948,77.072697,-50.0,32.5,300.9
28.546349,77.072089,-50.0,32.5,309.4
28.546705,77.07165,-50.0,33.5,312.2
28.546989,77.071337,-50.0,30.5,315.0
28.547334,77.070936,-50.0,23.5,315.0
28.547694,77.070519,-50.0,14.2,315.0
28.547859,77.070307,-50.0,11.2,312.2
28.547939,77.070135,-50.0,11.2,303.8
28.548009,77.069859,-50.0,7.8,292.5
28.548055,77.069644,-50.0,5.8,286.9
28.548102,77.069428,-50.0,6.2,284.1
28.548134,77.069263,-50.0,6.2,281.2
28.548171,77.068971,-50.0,6.8,281.2
28.548214,77.068801,-50.0,5.8,284.1
28.548288,77.068742,-50.0,6.2,298.1
28.54834,77.068735,-50.0,6.2,306.6
28.548369,77.068742,-50.0,6.2,312.2
28.548439,77.068769,-50.0,5.2,326.2
28.548489,77.068801,-50.0,4.8,340.3
28.548512,77.068828,-50.0,4.2,345.9
28.548544,77.068849,-50.0,3.8,354.4
28.548579,77.06889,-50.0,3.8,2.8
28.548626,77.068933,-50.0,4.8,8.4
28.548843,77.068986,-50.0,8.8,11.2
28.549141,77.069065,-50.0,12.2,14.1
28.549754,77.06924,-50.0,14.8,14.1
28.550197,77.069348,-50.0,15.5,14.1
28.550534,77.069455,-50.0,16.5,14.1
28.550789,77.069514,-50.0,17.5,14.1
28.551086,77.069594,-50.0,18.5,14.1
28.551487,77.069712,-50.0,15.5,14.1
28.55207,77.069913,-50.0,8.8,22.5
28.552128,77.070161,-50.0,9.2,53.4
28.551989,77.070842,-50.0,9.2,101.2
28.551814,77.071461,-50.0,10.8,106.9
28.551762,77.07172,-50.0,11.2,104.1
28.55167,77.072102,-50.0,12.2,104.1
28.551558,77.072565,-50.0,13.2,104.1
28.5515,77.072821,-50.0,13.8,104.1
28.551337,77.073562,-50.0,14.8,104.1
28.551281,77.073793,-50.0,15.5,104.1
28.551174,77.074248,-50.0,15.5,104.1
28.551046,77.074773,-50.0,16.5,104.1
28.550903,77.075404,-50.0,17.5,104.1
28.55086,77.075595,-50.0,17.5,104.1
28.550045,77.079136,-50.0,22.5,104.1
28.549871,77.079876,-50.0,23.5,104.1
28.548901,77.084092,-50.0,27.5,104.1
28.548812,77.084481,-50.0,25.5,104.1
28.548637,77.085215,-50.0,21.5,104.1
28.548637,77.085248,-50.0,21.5,104.1
28.548534,77.085677,-50.0,19.5,104.1
28.548474,77.085975,-50.0,17.5,104.1
28.548358,77.086433,-50.0,15.5,104.1
28.548203,77.087129,-50.0,9.8,104.1
28.548168,77.087314,-50.0,9.2,101.2
28.550802,77.087214,-50.0,10.2,329.1
28.550972,77.087103,-50.0,7.2,329.1
28.551167,77.086958,-50.0,7.2,326.2
28.551178,77.086945,-50.0,7.8,326.2
28.551006,77.086403,-50.0,6.8,233.4
28.550938,77.086403,-50.0,6.8,222.2
28.550652,77.086377,-50.0,6.2,199.7
28.550491,77.086337,-50.0,3.8,196.9
28.550359,77.086298,-50.0,1.9,196.9
28.550331,77.086284,-50.0,2.2,194.1
28.550194,77.086245,-50.0,1.1,194.1
28.550194,77.086245,-50.0,0.0,194.1
28.550197,77.086258,-50.0,0.0,194.1
28.550197,77.086258,-50.0,0.0,194.1
28.550274,77.086284,-50.0,0.0,194.1
28.550394,77.086325,-50.0,2.8,194.1
28.550476,77.086352,-50.0,2.8,191.2
28.550537,77.086377,-50.0,2.8,188.4
28.550581,77.086393,-50.0,2.8,185.6
28.55064,77.086416,-50.0,2.8,180.0
28.550709,77.086443,-50.0,2.2,177.2
28.550755,77.086446,-50.0,2.2,171.6
28.55093,77.086473,-50.0,2.8,154.7
28.551086,77.086469,-50.0,2.2,137.8
28.551337,77.08646,-50.0,1.9,104.1
28.551086,77.08705,-50.0,1.9,123.8
28.550995,77.087103,-50.0,1.9,132.2
28.550949,77.087129,-50.0,1.9,137.8
28.550892,77.087169,-50.0,2.2,140.6
28.550869,77.087182,-50.0,2.2,140.6
28.550812,77.087222,-50.0,2.2,143.4
28.550755,77.087254,-50.0,2.2,146.2
28.550663,77.087314,-50.0,2.2,146.2
28.550592,77.087362,-50.0,2.2,149.1
28.55048,77.087433,-50.0,2.2,149.1
28.55015,77.087645,-50.0,2.2,149.1
28.549801,77.087874,-50.0,3.2,149.1
28.549393,77.088008,-50.0,5.2,171.6
28.549187,77.087948,-50.0,6.8,185.6
28.54874,77.088635,-50.0,8.8,109.7
28.548707,77.088803,-50.0,8.8,104.1
28.54866,77.089058,-50.0,9.8,104.1
28.548393,77.090216,-50.0,10.8,104.1
28.548283,77.090695,-50.0,10.8,104.1
28.548225,77.090972,-50.0,10.8,104.1
28.548206,77.091024,-50.0,10.8,104.1
28.548113,77.091441,-50.0,10.8,104.1
28.548009,77.091899,-50.0,10.8,104.1
28.547892,77.092384,-50.0,10.8,104.1
28.547791,77.092847,-50.0,11.2,104.1
28.547688,77.093309,-50.0,11.2,104.1
28.547573,77.093771,-50.0,11.8,104.1
28.547462,77.094242,-50.0,12.2,104.1
28.547379,77.09463,-50.0,12.8,104.1
28.547264,77.095118,-50.0,13.2,104.1
28.547161,77.095567,-50.0,13.8,104.1
28.547054,77.096033,-50.0,14.2,104.1
28.546973,77.096356,-50.0,14.8,104.1
28.546875,77.096822,-50.0,14.8,104.1
28.546761,77.097284,-50.0,15.5,104.1
28.546659,77.097756,-50.0,15.5,104.1
28.546543,77.098248,-50.0,15.5,104.1
28.546429,77.098776,-50.0,16.5,104.1
28.546321,77.099223,-50.0,16.5,104.1
28.546223,77.099634,-50.0,16.5,104.1
28.546112,77.100125,-50.0,16.5,104.1
28.546017,77.100519,-50.0,16.5,104.1
28.545925,77.100902,-50.0,16.5,104.1
28.545868,77.101179,-50.0,16.5,104.1
28.545762,77.10162,-50.0,16.5,104.1
28.545693,77.101903,-50.0,16.5,104.1
28.545605,77.102302,-50.0,16.5,104.1
28.545437,77.103047,-50.0,17.5,104.1
28.54533,77.103477,-50.0,17.5,104.1
28.545238,77.10386,-50.0,17.5,104.1
28.545134,77.104353,-50.0,17.5,104.1
28.545018,77.104838,-50.0,18.5,104.1
28.544913,77.105282,-50.0,18.5,104.1
28.54482,77.105726,-50.0,18.5,104.1
28.544701,77.106197,-50.0,18.5,104.1
28.544599,77.106682,-50.0,18.5,104.1
28.544495,77.107108,-50.0,18.5,104.1
28.544403,77.107491,-50.0,18.5,104.1
28.544296,77.107988,-50.0,15.5,104.1
28.544209,77.108336,-50.0,13.2,104.1
28.544121,77.108715,-50.0,10.8,104.1
28.544017,77.10916,-50.0,8.2,104.1
28.543947,77.109496,-50.0,6.2,104.1
28.543865,77.109846,-50.0,4.8,104.1
28.543831,77.109921,-50.0,4.8,109.7
28.543774,77.109987,-50.0,4.8,115.3
28.543636,77.110053,-50.0,5.2,135.0
28.543598,77.110062,-50.0,5.2,140.6
28.543545,77.110053,-50.0,5.8,149.1
28.543516,77.110048,-50.0,5.8,154.7
28.543412,77.110021,-50.0,5.2,168.8
28.543295,77.109967,-50.0,5.2,180.0
28.543213,77.109947,-50.0,5.8,185.6
28.543144,77.109914,-50.0,5.8,191.2
28.542961,77.109855,-50.0,6.8,194.1
28.542597,77.109739,-50.0,1.9,194.1
28.542583,77.109736,-50.0,0.0,194.1
28.542583,77.109736,-50.0,0.0,194.1
28.542572,77.109736,-50.0,0.0,194.1
28.542503,77.10971,-50.0,0.0,194.1
28.542399,77.109685,-50.0,4.2,194.1
28.542155,77.109617,-50.0,6.8,194.1
28.54191,77.10955,-50.0,6.8,194.1
28.541656,77.109472,-50.0,6.2,194.1
28.541462,77.109406,-50.0,5.8,196.9
28.541386,77.109362,-50.0,5.2,202.5
28.54134,77.109294,-50.0,5.2,208.1
28.541317,77.109254,-50.0,5.2,216.6
28.541305,77.109187,-50.0,5.2,222.2
28.541302,77.109142,-50.0,5.2,230.6
28.541305,77.109092,-50.0,5.2,236.2
28.541317,77.109038,-50.0,5.2,244.7
28.541328,77.108985,-50.0,5.2,253.1
28.541348,77.108944,-50.0,4.8,261.6
28.541382,77.108891,-50.0,4.8,270.0
28.541416,77.108825,-50.0,4.8,275.6
28.541445,77.108742,-50.0,6.2,281.2
28.541473,77.108574,-50.0,10.2,281.2
28.541491,77.108459,-50.0,13.2,281.2
28.541515,77.108352,-50.0,17.5,281.2
28.541526,77.108284,-50.0,20.5,281.2
28.541565,77.108085,-50.0,27.5,284.1
28.541619,77.107854,-50.0,33.5,284.1
28.541666,77.107665,-50.0,38.5,284.1
28.541702,77.107452,-50.0,43.5,284.1
28.541759,77.107194,-50.0,47.5,284.1
28.541794,77.107073,-50.0,49.5,284.1
28.541922,77.106453,-50.0,59.5,284.1
28.542,77.106105,-50.0,63.5,284.1
28.54208,77.105761,-50.0,68.5,284.1
28.542155,77.105403,-50.0,73.0,284.1
28.542236,77.105053,-50.0,77.0,284.1
28.542376,77.10438,-50.0,83.0,284.1
28.542583,77.103437,-50.0,93.0,284.1
28.542618,77.103266,1075,93.0,0.0
28.543086,77.101135,1075,110.1,283.7
28.543272,77.100274,1050,116.2,283.4
28.543784,77.09785,1050,124.7,283.9
28.5439,77.097191,1050,132.9,283.9
28.544128,77.096188,1050,136.8,283.5
28.544266,77.095607,1050,139.0,283.7
28.544495,77.094603,1050,145.0,283.6
28.544724,77.093494,1025,147.0,283.4
28.544855,77.092734,1025,150.1,283.5
28.545135,77.091434,1000,155.2,283.4
28.54532,77.09058,1000,158.2,283.2
28.545739,77.088533,1050,164.5,283.4
28.545914,77.087737,1075,166.6,283.5
28.546097,77.086892,1100,166.6,283.5
28.546251,77.08611,1150,166.4,283.2
28.546646,77.084198,1250,165.4,283.3
28.54715,77.081821,1350,164.7,283.7
28.547607,77.079761,1450,163.7,283.8
28.548067,77.077655,1550,162.7,283.9
28.548431,77.075958,1650,162.7,283.9
28.548798,77.074215,1750,160.6,283.7
28.549164,77.072578,1850,159.6,283.8
28.54953,77.070993,1950,158.6,283.9
28.549896,77.069197,2050,156.4,283.7
28.550262,77.06756,2150,155.5,283.8
28.550674,77.065699,2250,154.5,283.9
28.551086,77.063599,2350,155.0,283.0
28.551315,77.062331,2400,155.1,281.5
28.55159,77.060429,2450,157.8,278.8
28.551744,77.058321,2500,161.4,274.3
28.551698,77.055628,2525,166.1,267.9
28.551498,77.053722,2550,170.8,261.6
28.550953,77.051374,2575,174.6,256.8
28.550534,77.050027,2575,179.0,250.8
28.550162,77.049112,2600,181.6,247.7
28.54953,77.0477,2600,185.2,243.0
28.548889,77.046538,2625,190.1,237.9
28.547881,77.045019,2650,192.4,233.7
28.546646,77.043527,2650,196.9,228.3
28.545685,77.042524,2675,201.1,222.2
28.543396,77.04057,2725,206.0,216.3
28.54184,77.03946,2750,210.3,212.2
28.538942,77.037695,2825,215.2,208.0
28.537267,77.036725,2850,219.1,206.0
28.535032,77.035594,2875,222.9,204.4
28.53273,77.034495,2925,227.3,202.5
28.529938,77.033281,2975,231.8,201.2
28.527537,77.032255,3000,234.8,200.4
28.524902,77.031221,3025,239.7,199.5
28.521423,77.029847,3100,243.8,198.7
28.518631,77.028791,3125,248.6,198.3
28.515472,77.027629,3175,252.4,198.0
28.512405,77.026573,3225,257.1,197.7
28.509567,77.025516,3250,260.9,197.4
28.506271,77.024354,3300,265.0,197.3
28.503525,77.023403,3325,268.2,197.4
28.499908,77.022083,3375,272.6,197.5
28.495193,77.020393,3450,277.3,197.9
28.491486,77.019072,3500,280.5,197.9
28.48819,77.017857,3575,281.8,198.0
28.485082,77.016691,3675,283.3,198.3
28.481776,77.015399,3775,283.7,198.5
28.478983,77.014322,3875,284.0,198.7
28.47605,77.013245,3975,284.0,198.7
28.472931,77.012006,4075,284.3,198.9
28.470337,77.010991,4175,284.6,199.1
28.467206,77.009744,4275,284.0,199.3
28.464386,77.008614,4375,283.7,199.8
28.461852,77.00759,4475,283.7,199.8
28.459305,77.006554,4575,284.1,200.0
28.456238,77.005287,4675,284.4,200.2
28.453629,77.004177,4750,285.4,200.1
28.45015,77.002751,4850,286.6,200.2
28.447632,77.001695,4950,287.6,200.1
28.444153,77.000269,5050,288.9,200.2
28.440216,76.998579,5150,290.1,200.4
28.4366,76.997047,5250,291.4,200.5
28.43285,76.995473,5375,292.7,200.6
28.428635,76.993666,5475,293.7,200.5
28.425867,76.992511,5575,294.0,200.7
28.422795,76.991218,5675,294.9,200.6
28.419891,76.989969,5775,294.0,200.7
28.417395,76.988902,5875,294.0,200.7
28.414136,76.987502,5975,293.7,200.5
28.411102,76.986219,6075,294.9,200.6
28.408539,76.985163,6175,294.9,200.6
28.406479,76.984265,6225,295.9,200.6
28.404053,76.983261,6275,295.9,200.6
28.401489,76.982152,6325,295.9,200.6
28.3937,76.978885,6425,294.9,200.6
28.385227,76.975223,6525,294.4,200.9
28.378189,76.972222,6625,294.9,200.6
28.370563,76.968976,6725,295.3,200.8
28.363174,76.965831,6825,295.3,200.8
28.35562,76.962567,6925,296.2,200.8
28.349258,76.95981,6975,297.2,200.7
28.323871,76.948996,7000,299.0,200.6
28.298309,76.938154,7000,295.9,200.6
28.272629,76.92722,7000,296.2,200.8
28.261688,76.922519,7025,296.2,200.8
28.259171,76.921463,7050,296.6,200.9
28.256696,76.920346,7075,296.7,201.6
28.250656,76.917343,7200,297.0,205.1
28.245477,76.91426,7300,296.8,209.2
28.241893,76.911729,7375,296.8,212.6
28.236969,76.90773,7500,297.0,217.1
28.229141,76.900652,7675,297.1,219.3
28.221456,76.89358,7850,297.1,219.3
28.213806,76.88655,8025,296.6,218.8
28.205768,76.879308,8200,296.1,218.4
28.195899,76.87053,8350,294.3,218.0
28.185516,76.861408,8500,292.9,217.9
28.175766,76.852851,8650,292.9,217.9
28.165695,76.843978,8800,292.1,218.1
28.157214,76.836494,9000,291.4,217.9
28.148928,76.829224,9200,293.5,218.1
28.143219,76.824171,9325,298.5,218.1
28.136581,76.818308,9475,303.5,218.0
28.130173,76.812603,9625,307.7,218.1
28.123672,76.806899,9775,312.7,218.1
28.118902,76.802619,9875,316.9,218.2
28.110168,76.794909,10050,324.1,218.1
28.101677,76.787379,10250,330.5,218.1
28.092636,76.779433,10425,336.3,218.0
28.083289,76.771168,10625,341.9,218.1
28.073932,76.762929,10800,346.3,218.0
28.065125,76.755189,10975,347.1,217.9
28.055265,76.746503,11175,347.7,218.0
28.046082,76.738393,11350,349.1,218.0
28.036644,76.730077,11525,351.9,218.1
28.02713,76.721702,11725,354.1,218.0
28.018116,76.713759,11875,355.5,218.0
28.011645,76.708051,11925,356.9,218.1
27.999821,76.697657,11975,357.7,218.0
27.973985,76.674876,12000,359.1,218.0
27.948486,76.652509,12000,358.3,218.1
27.922119,76.629328,12000,356.3,217.9
27.910813,76.619445,12000,356.3,217.9
27.906601,76.61575,12050,356.3,217.9
27.885498,76.597198,12325,359.2,217.8
27.864494,76.578933,12575,357.2,217.6
27.844011,76.56108,12850,357.7,218.0
27.822178,76.541854,13100,359.5,218.3
27.802277,76.524025,13375,358.1,219.3
27.792151,76.514229,13500,356.3,221.7
27.782455,76.504021,13650,356.4,224.1
27.762498,76.481746,13925,359.9,225.1
27.757796,76.476411,13950,359.9,225.1
27.734802,76.450126,14000,361.4,225.8
27.718366,76.430934,14000,361.5,226.9
27.707752,76.417624,14000,360.1,229.1
27.696394,76.402201,14000,358.9,230.8
27.675166,76.373203,14000,356.6,230.5
27.661433,76.354664,14000,355.8,230.4
27.659431,76.351864,14025,354.4,230.4
27.642719,76.32931,14300,354.9,230.0
27.625681,76.306651,14575,354.0,229.7
27.608231,76.283569,14850,355.0,230.3
27.60152,76.274009,14950,354.8,232.9
27.594955,76.263618,15075,354.2,235.8
27.58816,76.25172,15175,354.7,238.4
27.575963,76.228638,15450,358.6,239.5
27.565201,76.208012,15775,358.0,240.0
27.55413,76.186383,16100,355.2,240.1
27.543777,76.166088,16425,354.7,240.3
27.533414,76.145501,16750,356.0,240.6
27.5224,76.123387,17075,357.2,240.9
27.511551,76.101414,17425,360.3,240.9
27.500734,76.07953,17750,363.9,240.9
27.496778,76.071554,17850,364.8,241.0
27.491409,76.060733,17950,366.2,240.9
27.487979,76.05386,17975,366.7,240.8
27.472058,76.022063,18000,366.3,240.6
27.455625,75.989263,18000,365.3,240.8
27.44031,75.958311,18000,365.7,241.1
27.423737,75.924665,18000,368.8,241.1
27.407364,75.891793,18000,370.7,240.6
27.391011,75.859222,18000,369.9,240.5
27.387845,75.852937,18000,371.2,240.5
27.386215,75.849765,18000,371.6,240.7
27.385099,75.847497,18025,371.6,240.7
27.383423,75.844116,18050,372.5,240.8
27.371552,75.820348,18400,376.1,240.7
27.359774,75.796949,18725,380.2,240.5
27.349114,75.775927,19050,383.8,240.5
27.334717,75.747416,19325,383.8,240.5
27.321601,75.721259,19600,384.5,240.9
27.307755,75.693106,19850,386.2,241.4
27.300374,75.677842,19975,385.7,241.5
27.297999,75.673036,20000,385.7,241.5
27.296265,75.669371,20000,387.1,241.4
27.279694,75.635117,20000,388.4,241.7
27.271744,75.618527,20025,388.4,241.7
27.268951,75.612769,20075,387.5,241.6
27.254892,75.58393,20325,385.8,241.2
27.240321,75.554616,20600,391.2,240.9
27.225238,75.524139,20875,397.8,241.3
27.221741,75.516962,20925,398.7,241.4
27.211349,75.495404,21000,395.5,241.9
27.195145,75.460631,21000,394.0,242.6
27.190697,75.450985,21025,394.9,242.7
27.189114,75.447552,21050,395.8,242.8
27.186951,75.442856,21100,397.2,242.7
27.175735,75.418603,21425,397.6,242.6
27.167979,75.402286,21650,399.3,240.9
27.161648,75.390455,21800,399.8,238.0
27.15541,75.380102,21950,400.4,234.8
27.150101,75.372274,22075,401.4,231.5
27.143463,75.363672,22200,402.1,227.8
27.138651,75.35813,22300,403.1,225.2
27.132413,75.351686,22400,404.6,221.3
27.126343,75.346363,22500,404.6,217.3
27.118515,75.340611,22625,406.3,211.6
27.111465,75.336263,22750,407.5,207.9
27.102402,75.331645,22875,408.7,204.1
27.091727,75.326967,23025,409.5,201.5
27.071274,75.318586,23325,411.5,199.9
27.047882,75.309206,23650,413.1,199.7
27.020096,75.298324,23925,418.1,199.1
26.990707,75.287078,24200,423.8,198.9
26.96283,75.276558,24450,422.5,198.4
26.953079,75.273242,24550,423.1,196.3
26.945134,75.270978,24625,425.2,193.7
26.918226,75.264429,24850,429.0,192.4
26.904877,75.261115,24975,431.6,192.7
26.893833,75.258672,25075,434.4,190.6
26.881531,75.256659,25175,437.4,188.1
26.87186,75.255661,25250,440.7,185.1
26.861526,75.255104,25325,443.5,182.6
26.84905,75.254974,25425,446.0,179.9
26.840763,75.255186,25500,447.1,178.7
26.819163,75.256189,25750,443.5,177.3
26.798996,75.257384,26025,442.8,176.6
26.770844,75.259302,26375,443.8,176.6
26.769026,75.259411,26400,443.8,176.6
26.728912,75.262359,26825,449.0,176.2
26.707901,75.264691,27025,451.2,174.4
26.699753,75.265987,27125,454.7,171.8
26.687886,75.268232,27225,457.1,169.9
26.672241,75.271791,27375,459.7,168.2
26.65123,75.277284,27575,462.8,166.5
26.619919,75.285575,27925,463.1,166.9
26.608375,75.288514,28025,463.8,167.0
26.589706,75.293245,28150,467.5,167.3
26.558304,75.30107,28375,472.4,167.4
26.5439,75.304624,28525,472.1,167.5
26.516527,75.311332,28875,472.1,167.5
26.492294,75.317291,29150,472.1,167.5
26.459427,75.325323,29450,473.9,167.7
26.42603,75.333305,29725,476.6,167.9
26.396439,75.3403,30050,476.4,168.0
26.366592,75.347296,30375,477.2,168.1
26.337479,75.354085,30700,478.2,168.2
26.305481,75.361443,31025,477.9,168.3
26.280258,75.367247,31375,476.0,168.2
26.254391,75.373236,31750,473.1,168.2
26.229996,75.378856,32125,471.1,168.1
26.203929,75.384803,32500,467.9,168.8
26.180746,75.389398,32800,465.4,170.5
26.153229,75.39404,33125,461.7,171.8
26.127274,75.398082,33500,459.3,172.1
26.101639,75.402072,33825,456.7,171.8
26.072139,75.406829,34150,456.0,171.6
26.041718,75.41197,34425,454.3,171.3
26.010727,75.4171,34700,453.3,172.1
25.991185,75.419611,34850,452.4,174.0
25.97303,75.421195,35000,452.0,176.2
25.954102,75.422127,35150,451.2,178.2
25.935183,75.422252,35250,451.0,180.1
25.917539,75.421724,35375,451.4,182.3
25.897293,75.420365,35475,452.3,184.3
25.878063,75.418343,35575,452.7,186.2
25.857468,75.415442,35700,453.7,188.2
25.838168,75.411899,35800,453.3,190.3
25.818604,75.407511,35900,454.5,192.3
25.800339,75.40273,36000,454.8,194.1
25.782119,75.397304,36100,455.5,195.9
25.763809,75.391083,36225,456.3,198.0
25.745224,75.384013,36325,457.1,199.8
25.71373,75.370687,36525,458.7,201.1
25.679855,75.356598,36775,459.7,200.4
25.647676,75.343513,37025,460.0,200.1
25.615997,75.33076,37300,461.3,200.2
25.583341,75.317446,37575,460.7,200.3
25.550674,75.304057,37825,461.0,200.4
25.519983,75.291483,38100,461.0,200.4
25.487583,75.278217,38350,459.7,200.4
25.45752,75.26591,38625,459.7,200.4
25.423279,75.251923,38900,458.8,200.4
25.390823,75.238647,39175,457.9,200.4
25.361618,75.226695,39400,457.5,200.3
25.321624,75.210329,39600,459.7,200.4
25.282745,75.194448,39775,462.0,200.4
25.24292,75.178223,39975,463.8,200.3
25.201613,75.161357,40000,470.5,200.4
25.162322,75.145396,40000,475.5,200.3
25.121496,75.128761,40000,482.2,200.4
25.079361,75.111593,40000,484.1,200.3
25.039238,75.095284,40000,485.4,200.4
24.998199,75.078532,40000,485.7,200.5
24.95577,75.061237,40000,486.3,200.3
24.916214,75.045115,40000,486.3,200.3
24.874024,75.027967,40000,486.3,200.3
24.834595,75.011954,40000,487.2,200.3
24.79321,74.995163,40000,487.2,200.3
24.752151,74.978485,40000,487.2,200.3
24.71077,74.9617,40000,487.2,200.3
24.669427,74.944896,40000,487.2,200.3
24.626646,74.927587,40000,487.2,200.3
24.586258,74.911296,40000,487.2,200.3
24.544464,74.894358,40000,487.2,200.3
24.503096,74.87763,40000,486.3,200.3
24.462616,74.861298,40000,486.0,200.2
24.421397,74.844671,40000,486.3,200.3
24.378941,74.82757,40000,486.0,200.2
24.339157,74.811503,40000,486.0,200.2
24.296494,74.794362,40000,486.0,200.2
24.253967,74.777222,40000,486.9,200.2
24.213913,74.761149,40000,488.2,200.2
24.174362,74.745229,40000,489.5,200.3
24.130958,74.727812,40000,491.3,200.2
24.087804,74.710503,40000,491.3,200.2
24.046652,74.693972,40000,491.3,200.2
24.004486,74.677124,40000,490.4,200.3
23.962159,74.660132,40000,490.1,200.2
23.921054,74.643704,40000,490.1,200.2
23.878555,74.626719,40000,489.1,200.2
23.838237,74.610642,40000,489.1,200.2
23.797644,74.594421,40000,487.8,200.1
23.757385,74.578349,40000,489.1,200.2
23.71506,74.561462,40000,489.1,200.2
23.672884,74.544672,40000,490.1,200.2
23.630768,74.527893,40000,490.1,200.2
23.590626,74.51192,40000,491.0,200.1
23.548031,74.494923,40000,492.3,200.2
23.506805,74.478566,40000,491.9,200.1
23.464097,74.461619,40000,491.9,200.1
23.421548,74.444733,40000,491.9,200.1
23.380234,74.428378,40000,491.0,200.1
23.338545,74.411825,40000,491.0,200.1
23.3004,74.396717,40000,491.0,200.1
23.257964,74.379883,40000,491.0,200.1
23.215439,74.363059,40000,490.7,200.0
23.173645,74.34658,40000,490.7,200.0
23.131574,74.329987,40000,490.7,200.0
23.090469,74.313761,40000,491.0,200.1
23.048355,74.297141,40000,491.0,200.1
23.006241,74.280512,40000,491.6,200.0
22.964033,74.263865,40000,492.9,200.1
22.922182,74.247437,40000,493.8,200.0
22.879807,74.230724,40000,493.8,200.0
22.838608,74.214544,40000,493.8,200.0
22.795793,74.197744,40000,494.8,200.0
22.753693,74.181186,40000,494.8,200.0
22.710695,74.164276,40000,494.8,200.0
22.669006,74.147927,40000,494.8,200.0
22.62625,74.131215,40000,494.8,200.0
22.584045,74.114668,40000,494.8,200.0
22.54185,74.098155,40000,493.8,200.0
22.499022,74.08137,40000,493.8,200.0
22.455775,74.064484,40000,493.5,199.9
22.412888,74.047752,40000,493.5,199.9
22.370259,74.031118,40000,492.5,199.9
22.327152,74.014282,40000,491.6,200.0
22.285812,73.998163,40000,489.4,199.9
22.244195,73.981984,40000,488.1,199.9
22.201309,73.965304,40000,489.4,199.9
22.160262,73.94928,40000,490.3,199.9
22.116875,73.932444,40000,491.3,199.9
22.074932,73.916117,40000,491.6,200.0
22.032852,73.899786,40000,492.5,199.9
21.989868,73.883107,40000,493.5,199.9
21.947704,73.86673,40000,492.5,199.9
21.905685,73.850497,40000,489.0,199.8
21.862793,73.833918,40000,485.9,199.9
21.822327,73.818237,40000,486.2,200.0
21.781094,73.802236,40000,487.2,199.9
21.738693,73.785828,40000,488.1,199.9
21.696762,73.769598,40000,485.9,199.9
21.65531,73.753611,40000,484.9,199.9
21.612625,73.737138,40000,485.9,199.9
21.571097,73.72111,40000,484.6,199.8
21.530317,73.705444,40000,484.6,199.8
21.490952,73.690247,40000,483.7,199.8
21.483672,73.687439,39950,483.7,199.8
21.451271,73.674978,39675,484.6,199.8
21.416357,73.661448,39425,489.2,200.6
21.410771,73.659108,39375,489.5,201.9
21.400576,73.654327,39300,490.5,204.3
21.392429,73.649902,39225,490.8,208.1
21.38242,73.643697,39100,491.7,211.1
21.374451,73.638012,39000,492.4,214.7
21.367767,73.632718,38900,492.0,217.6
21.359253,73.625128,38775,492.6,221.1
21.350811,73.616536,38650,493.6,224.5
21.341454,73.605804,38500,494.3,228.1
21.331375,73.593068,38350,495.0,230.3
21.312744,73.568748,38025,496.0,230.7
21.294708,73.545427,37700,494.1,230.1
21.284288,73.532817,37525,492.5,227.3
21.27563,73.523458,37350,490.8,224.2
21.265366,73.513766,37150,488.6,220.6
21.258224,73.507824,37025,487.8,216.9
21.248932,73.500982,36850,486.5,213.9
21.240203,73.49528,36675,485.5,211.3
21.231126,73.490092,36500,483.5,207.2
21.221489,73.485311,36350,482.1,204.1
21.211121,73.480907,36200,480.5,200.9
21.198898,73.476562,36000,478.2,197.5
21.188344,73.473511,35850,476.4,194.6
21.174146,73.470103,35625,475.2,191.9
21.149551,73.464677,35275,472.1,191.9
21.125359,73.459015,34900,469.7,192.8
21.10064,73.452861,34525,467.6,193.4
21.074112,73.44605,34200,463.0,193.6
21.049118,73.439658,33850,460.8,193.6
21.024713,73.433466,33450,459.4,193.3
21.000506,73.427374,33100,457.0,193.1
20.981461,73.422661,32775,457.0,193.1
20.960657,73.417536,32375,457.7,193.0
20.95166,73.415304,32225,457.7,193.0
20.932679,73.410645,31925,455.6,192.9
20.928536,73.409646,31850,456.5,192.9
20.923695,73.408447,31725,456.8,193.0
20.914719,73.40623,31500,457.7,193.0
20.901993,73.40314,31125,461.9,193.0
20.888168,73.399756,30725,466.0,193.0
20.873279,73.396113,30350,467.9,193.0
20.854611,73.391518,29950,468.9,192.9
20.835106,73.386774,29550,469.9,192.9
20.827652,73.384993,29350,469.9,192.9
20.814331,73.381707,28975,473.0,192.9
20.802109,73.378716,28625,475.2,193.0
20.797911,73.377686,28525,476.2,193.0
20.789252,73.375538,28350,476.4,193.1
20.776171,73.372342,28125,475.2,193.0
20.751663,73.366307,27750,471.1,193.0
20.726715,73.360176,27375,467.9,193.0
20.702637,73.354291,27000,464.8,192.9
20.679482,73.348672,26600,461.6,192.9
20.656036,73.342961,26200,459.7,192.9
20.638412,73.338694,25900,457.5,192.9
20.612819,73.332442,25575,452.4,192.9
20.586656,73.32605,25250,446.3,192.9
20.563889,73.320498,24875,442.2,192.9
20.540896,73.314864,24500,439.1,192.9
20.520172,73.309855,24100,438.1,192.9
20.499464,73.304776,23700,437.1,193.0
20.477398,73.299383,23300,435.2,193.0
20.454208,73.293719,22925,431.1,193.0
20.442251,73.290794,22700,431.1,193.0
20.425958,73.286799,22325,432.0,193.0
20.411201,73.283203,22000,433.0,192.9
20.392673,73.278709,21600,433.0,192.9
20.384899,73.276761,21475,432.0,193.0
20.380896,73.275812,21425,431.1,193.0
20.369351,73.272966,21300,427.9,193.0
20.342816,73.266524,21050,418.7,193.0
20.316284,73.260073,20750,410.2,192.8
20.305993,73.257585,20600,408.3,192.9
20.3004,73.256247,20475,408.3,192.9
20.284515,73.252422,20100,408.3,192.9
20.268379,73.248496,19725,410.2,192.8
20.249199,73.243902,19350,409.2,192.9
20.240799,73.241877,19200,408.3,192.9
20.220886,73.236972,18825,406.5,193.1
20.198737,73.231567,18525,401.2,193.0
20.181792,73.227423,18300,396.1,193.0
20.157398,73.22143,17925,392.0,193.0
20.135333,73.216087,17550,388.9,192.9
20.113313,73.210743,17200,384.7,192.9
20.097244,73.206809,16900,383.8,192.9
20.079346,73.202444,16500,384.0,193.1
20.064514,73.198814,16175,383.8,192.9
20.056778,73.197,16050,383.3,192.7
20.045487,73.194713,15925,379.4,189.7
20.037048,73.193468,15825,377.9,187.1
20.024771,73.192266,15625,376.0,184.3
20.004707,73.190918,15275,373.8,183.8
19.982502,73.18922,14900,371.0,184.2
19.972586,73.188421,14725,369.1,184.5
19.952801,73.186673,14325,369.1,184.5
19.945129,73.186013,14150,367.3,184.8
19.928467,73.184542,13775,368.2,184.7
19.908737,73.182874,13400,368.2,184.7
19.906947,73.182678,13375,366.2,184.5
19.896985,73.181879,13175,364.2,184.6
19.869659,73.179582,12450,350.0,184.4
19.834698,73.176686,11375,347.1,184.5
19.823619,73.175737,11075,347.1,184.5
19.805191,73.174144,10850,0.0,0.0
19.799132,73.173639,10825,331.0,184.5
19.779208,73.171942,10700,321.1,184.6
19.766052,73.170858,10625,312.0,184.6
19.758911,73.170221,10600,308.9,184.5
19.712769,73.166395,10300,284.9,184.6
19.697416,73.1651,10150,279.9,184.7
19.68615,73.164101,10050,277.0,184.8
19.662048,73.16203,10000,278.0,184.8
19.635956,73.159823,10000,278.9,184.5
19.610875,73.157709,10000,279.9,184.5
19.58606,73.155605,10000,279.9,184.5
19.563531,73.153714,10000,279.9,184.5
19.558364,73.153315,9925,279.9,184.5
19.545959,73.15227,9775,276.9,184.6
19.534607,73.151289,9625,274.9,184.6
19.523804,73.150406,9475,271.9,184.6
19.513441,73.149769,9375,269.2,182.1
19.502734,73.149669,9300,265.0,180.2
19.490982,73.149572,9225,260.0,180.7
19.477112,73.149327,9125,255.1,181.4
19.46489,73.148984,9050,251.1,181.6
19.456647,73.14877,9025,246.1,181.6
19.447756,73.148521,9000,241.1,181.7
19.44278,73.148346,9000,237.1,181.4
19.436874,73.148199,9000,233.1,181.5
19.431198,73.148052,9000,229.1,181.5
19.424201,73.147872,9000,226.1,181.5
19.416962,73.147659,9000,222.1,181.3
19.398239,73.147169,9000,220.1,181.3
19.382117,73.146823,9000,220.1,181.3
19.36629,73.146473,9000,219.1,181.3
19.3459,73.145974,9000,218.1,181.3
19.329803,73.14555,9000,219.1,181.3
19.30957,73.145109,9000,219.1,181.3
19.290363,73.144676,9000,220.1,181.3
19.271072,73.144275,9000,221.1,181.3
19.250702,73.143785,9000,220.1,181.3
19.242274,73.143677,9000,221.0,179.5
19.237885,73.14403,9000,220.6,175.8
19.235367,73.144471,9000,221.1,170.4
19.231986,73.145375,9000,222.7,164.9
19.228775,73.146678,9000,223.9,156.3
19.226214,73.148121,9000,223.9,156.3
19.22438,73.149327,9000,226.6,147.4
19.221838,73.151467,9000,227.7,141.4
19.21962,73.15379,9000,229.8,135.2
19.218246,73.155507,9000,229.9,133.1
19.216415,73.158204,9000,233.3,124.2
19.214493,73.16203,9025,234.8,115.5
19.212936,73.166591,9025,237.5,107.1
19.21225,73.170024,9025,238.7,101.4
19.211884,73.173409,9025,240.1,95.5
19.211792,73.17694,9000,241.2,92.4
19.211876,73.18163,9000,242.0,89.3
19.212341,73.188711,9000,243.6,86.0
19.212481,73.191118,8975,243.6,86.0
19.212574,73.192516,8975,243.7,85.8
19.212936,73.197686,8875,245.7,85.8
19.213531,73.206515,8675,248.6,86.1
19.214127,73.215931,8500,251.6,86.1
19.214809,73.226374,8325,253.6,86.2
19.21546,73.236561,8150,254.6,86.2
19.216065,73.246898,8000,255.5,86.4
19.216764,73.258684,7850,254.4,86.6
19.21756,73.272923,7675,254.4,86.8
19.218155,73.28592,7550,252.2,87.5
19.218658,73.299408,7450,247.2,87.7
19.219025,73.308825,7400,243.2,87.9
19.219254,73.316329,7350,239.2,87.8
19.219528,73.324421,7275,235.1,88.1
19.219836,73.332991,7225,230.1,88.0
19.220032,73.341931,7150,226.0,90.0
19.219757,73.346296,7125,221.9,95.2
19.219138,73.34982,7100,218.7,101.9
19.218201,73.352966,7075,215.7,108.1
19.216827,73.356007,7050,213.4,112.6
19.215833,73.35776,7025,210.6,121.8
19.214035,73.360225,7000,208.8,127.8
19.213348,73.36101,7000,208.8,127.8
19.212524,73.361893,7000,207.2,135.6
19.210373,73.363756,7000,205.1,141.7
19.207993,73.365326,7000,203.9,147.0
19.20639,73.36616,7000,201.7,153.8
19.203543,73.367298,7000,201.5,158.1
19.20061,73.368097,7000,199.9,166.1
19.197327,73.36871,7000,199.4,171.1
19.193253,73.369152,7000,198.8,174.8
19.185471,73.369642,7000,199.3,177.1
19.167651,73.370594,6975,201.2,177.1
19.150241,73.371493,6975,199.3,177.1
19.138824,73.372045,7000,199.1,178.0
19.135437,73.371996,7000,199.2,182.3
19.13283,73.371743,7000,198.7,184.9
19.130223,73.371144,7000,198.2,193.1
19.128021,73.370329,6975,197.1,200.2
19.12587,73.369299,6975,195.9,207.4
19.122914,73.367298,7000,195.5,213.5
19.120743,73.365473,7000,195.1,220.2
19.118166,73.362904,7000,195.2,225.0
19.115559,73.359958,7000,194.7,227.7
19.109647,73.352767,7000,195.8,229.6
19.102478,73.343878,6975,195.3,230.2
19.100372,73.340852,7000,194.6,233.8
19.098568,73.337735,7000,194.3,238.7
19.097488,73.335457,7000,193.7,244.6
19.09639,73.332416,7000,193.6,250.1
19.095681,73.329645,7000,193.1,255.6
19.0952,73.326825,7000,192.8,260.1
19.094742,73.322509,7000,192.9,264.4
19.094513,73.317947,6975,192.1,267.9
19.094421,73.313828,6950,191.0,269.1
19.094378,73.31012,6900,191.0,269.4
19.094378,73.304876,6800,191.0,270.0
19.094378,73.299882,6700,191.0,270.0
19.094376,73.294503,6600,191.0,269.7
19.09433,73.289795,6500,192.0,269.4
19.094238,73.284901,6400,192.0,268.8
19.094147,73.279642,6300,192.1,268.5
19.094009,73.274345,6200,193.0,268.8
19.093959,73.26957,6100,193.0,269.1
19.093872,73.264144,6000,193.0,269.4
19.093826,73.259435,5900,194.0,269.4
19.093826,73.256787,5850,194.0,269.4
19.093781,73.253059,5750,194.0,269.4
19.093643,73.245604,5525,196.0,269.1
19.093597,73.24325,5475,202.0,268.9
19.093552,73.238885,5350,204.0,269.2
19.093506,73.234324,5250,208.0,269.5
19.09346,73.225937,5150,205.0,269.7
19.093493,73.216986,5050,200.0,270.0
19.093447,73.209595,4950,196.0,269.1
19.093214,73.198908,4850,191.0,268.8
19.093028,73.187772,4675,189.0,269.1
19.092957,73.184101,4625,189.0,269.1
19.092888,73.178833,4525,189.0,269.1
19.092749,73.169195,4350,189.0,269.1
19.092682,73.164924,4250,189.0,269.1
19.092609,73.158808,4125,189.0,269.1
19.092499,73.151142,4025,191.0,269.1
19.09219,73.127946,3825,191.0,269.1
19.092097,73.120655,3725,190.0,269.1
19.092004,73.113015,3625,186.0,269.1
19.091904,73.10651,3575,184.0,269.4
19.091678,73.087197,3375,175.0,269.4
19.091583,73.081741,3325,171.0,269.0
19.091492,73.074812,3250,167.0,269.3
19.091399,73.067422,3175,164.0,269.3
19.091352,73.059731,3100,164.0,269.3
19.091171,73.043829,3075,161.0,268.9
19.091026,73.035861,3000,163.0,269.0
19.090897,73.028232,2925,165.0,269.0
19.090793,73.021379,2825,166.0,269.0
19.090714,73.016657,2725,166.0,269.0
19.090668,73.010821,2625,167.0,269.3
19.090576,73.006946,2525,167.0,269.3
19.09053,73.001208,2425,167.0,269.3
19.090485,72.995911,2325,167.0,269.3
19.090421,72.990218,2225,167.0,269.3
19.090347,72.984581,2125,167.0,269.0
19.090281,72.979581,2025,165.0,269.0
19.090188,72.972839,1925,161.0,269.3
19.090118,72.967807,1850,158.0,269.3
19.090027,72.960892,1750,152.0,268.9
19.089955,72.956659,1675,146.0,268.8
19.089909,72.954762,1625,145.0,268.8
19.089844,72.950445,1550,144.0,268.8
19.089769,72.943376,1425,140.0,269.2
19.089752,72.940783,1375,135.0,269.1
19.089676,72.935436,1275,133.0,269.1
19.089615,72.929846,1175,132.0,269.1
19.089569,72.927835,1150,131.0,269.1
19.089386,72.91523,925,135.0,269.1
19.08935,72.910817,850,133.0,269.1
19.088974,72.886195,450,130.0,269.0
19.088605,72.859768,-50.0,60.5,270.0
19.09037,72.862468,-50.0,6.2,90.0
19.090363,72.862664,-50.0,4.2,90.0
