lat,lon,alt,gs,track
40.575605,-122.406282,-50.0,0.0,354.4
40.575623,-122.406296,-50.0,0.0,348.8
40.57564,-122.406297,-50.0,0.0,337.5
40.575668,-122.406326,-50.0,2.2,320.6
40.57571,-122.406406,-50.0,3.2,289.7
40.575714,-122.406448,-50.0,3.2,281.2
40.575714,-122.406494,-50.0,3.8,275.6
40.57571,-122.406547,-50.0,3.8,270.0
40.57571,-122.406609,-50.0,3.2,264.4
40.575699,-122.406828,-50.0,4.2,264.4
40.57568,-122.406921,-50.0,4.8,255.9
40.575645,-122.406982,-50.0,4.2,230.6
40.575611,-122.407013,-50.0,4.2,213.8
40.575588,-122.407028,-50.0,4.8,202.5
40.575536,-122.407046,-50.0,5.2,194.1
40.575501,-122.407062,-50.0,5.8,185.6
40.575462,-122.407059,-50.0,6.2,180.0
40.575348,-122.407043,-50.0,7.2,174.4
40.574954,-122.406999,-50.0,10.2,174.4
40.574535,-122.406937,-50.0,12.2,174.4
40.5741,-122.406876,-50.0,12.8,174.4
40.573654,-122.406799,-50.0,13.8,174.4
40.573219,-122.406738,-50.0,14.2,174.4
40.572784,-122.406662,-50.0,14.8,174.4
40.572347,-122.406609,-50.0,15.5,174.4
40.571928,-122.406547,-50.0,15.5,174.4
40.571555,-122.406484,-50.0,15.5,174.4
40.571148,-122.406418,-50.0,13.8,171.6
40.570759,-122.406357,-50.0,10.2,174.4
40.570644,-122.406357,-50.0,9.2,177.2
40.570601,-122.40636,-50.0,9.2,185.6
40.570564,-122.406372,-50.0,8.2,194.1
40.570518,-122.406403,-50.0,7.2,213.8
40.570496,-122.406433,-50.0,6.8,225.0
40.570473,-122.4065,-50.0,6.8,241.9
40.57045,-122.40657,-50.0,6.8,255.9
40.570438,-122.406693,-50.0,6.2,261.6
40.570427,-122.406765,-50.0,5.2,264.4
40.570438,-122.406815,-50.0,3.2,286.9
40.57045,-122.40683,-50.0,2.8,298.1
40.570461,-122.406843,-50.0,2.8,312.2
40.570473,-122.406859,-50.0,2.8,323.4
40.570496,-122.406875,-50.0,3.2,334.7
40.570518,-122.406876,-50.0,3.2,343.1
40.570541,-122.406876,-50.0,2.2,351.6
40.570555,-122.40689,-50.0,0.1,351.6
40.570553,-122.406891,-50.0,0.1,354.4
40.570564,-122.406891,-50.0,3.2,354.4
40.570601,-122.40689,-50.0,8.2,354.4
40.570659,-122.406906,-50.0,13.2,354.4
40.570729,-122.406921,-50.0,18.5,354.4
40.570816,-122.406921,-50.0,21.5,354.4
40.570885,-122.406937,-50.0,24.5,354.4
40.571079,-122.406967,-50.0,31.5,354.4
40.57132,-122.406982,850,34.5,0.0
40.571503,-122.407043,850,42.2,354.6
40.571718,-122.407046,850,43.2,354.7
40.571823,-122.407043,850,48.3,354.0
40.572189,-122.407104,875,52.3,353.4
40.572601,-122.407166,850,58.4,353.1
40.572789,-122.407233,850,62.4,353.6
40.573105,-122.407288,850,66.5,353.1
40.573471,-122.407349,850,71.5,353.6
40.573929,-122.40741,850,75.5,353.2
40.574753,-122.407532,850,79.5,353.5
40.575117,-122.407608,875,84.7,352.5
40.576126,-122.407776,900,87.7,352.8
40.578701,-122.408232,1000,90.9,351.8
40.580796,-122.408669,1100,91.1,351.2
40.582891,-122.409044,1200,91.9,351.9
40.58452,-122.409231,1275,92.3,355.6
40.586056,-122.409293,1350,94.0,0.0
40.587158,-122.40918,1375,95.3,4.8
40.588291,-122.408919,1425,96.9,11.3
40.589222,-122.408544,1450,98.0,18.4
40.590088,-122.40802,1500,99.3,25.0
40.591003,-122.407349,1550,101.9,31.4
40.591875,-122.406484,1575,106.0,38.5
40.59262,-122.405548,1600,110.3,43.5
40.593505,-122.404175,1600,114.2,49.6
40.59411,-122.402926,1625,118.9,59.1
40.59462,-122.40155,1650,121.3,66.2
40.594994,-122.400055,1675,125.3,73.3
40.595274,-122.398245,1700,128.1,79.7
40.595352,-122.39624,1750,131.2,86.9
40.595306,-122.393799,1775,134.1,92.6
40.595123,-122.391846,1825,134.6,99.0
40.594715,-122.389256,1875,134.1,104.2
40.594116,-122.386963,1950,135.1,109.9
40.593365,-122.384637,2000,135.6,114.9
40.592285,-122.38208,2050,136.2,119.9
40.591131,-122.37983,2100,136.8,125.8
40.589722,-122.377563,2125,136.9,130.6
40.588151,-122.375461,2175,137.9,135.3
40.586429,-122.373463,2175,139.7,139.4
40.584091,-122.371094,2200,141.6,143.6
40.581355,-122.368469,2200,146.4,143.1
40.576979,-122.363975,2225,151.2,142.5
40.569856,-122.356671,2275,149.6,142.1
40.565387,-122.352302,2250,149.8,144.5
40.555798,-122.343438,2200,150.7,144.7
40.549988,-122.338135,2200,146.2,145.9
40.5466,-122.335144,2200,141.7,145.6
40.541366,-122.330392,2175,137.0,146.3
40.539047,-122.328552,2175,134.5,149.6
40.537079,-122.327271,2150,132.4,155.0
40.535248,-122.326355,2125,131.2,160.9
40.533463,-122.325745,2125,130.5,166.7
40.531777,-122.325335,2125,125.6,170.8
40.530985,-122.325211,2150,123.5,171.1
40.529914,-122.325023,2175,119.0,172.8
40.528332,-122.324774,2175,114.7,173.5
40.526505,-122.324524,2200,110.5,174.8
40.521149,-122.323914,2250,106.4,175.1
40.513575,-122.323213,2250,107.2,176.3
40.507507,-122.322693,2325,103.2,176.1
40.503296,-122.322449,2350,103.0,178.3
40.497095,-122.322152,2325,107.2,176.8
40.490707,-122.321533,2275,109.4,175.3
40.486016,-122.320966,2275,108.7,173.7
40.481779,-122.320154,2250,107.2,171.4
40.477432,-122.319153,2225,106.7,169.7
40.470886,-122.317505,2200,105.1,168.5
40.469467,-122.316956,2200,105.0,162.3
40.468372,-122.316347,2175,103.0,155.9
40.467499,-122.315674,2150,102.2,149.4
40.466766,-122.314941,2125,101.0,141.4
40.466125,-122.314087,2100,100.4,134.2
40.465439,-122.312927,2075,100.2,126.1
40.464834,-122.311603,2050,99.8,118.1
40.464386,-122.310242,2025,98.8,111.4
40.464066,-122.308655,2000,97.0,104.3
40.46381,-122.306983,1975,95.2,99.1
40.463745,-122.305481,1950,94.1,93.0
40.463791,-122.304016,1925,92.3,85.7
40.46395,-122.302739,1900,89.6,79.1
40.464183,-122.30174,1900,87.3,72.0
40.464462,-122.300866,1875,86.8,64.0
40.464935,-122.299927,1850,85.7,55.9
40.465486,-122.299118,1825,85.6,47.4
40.466034,-122.298523,1825,84.5,39.7
40.466697,-122.297932,1800,83.0,31.2
40.467767,-122.297245,1775,82.3,24.4
40.468781,-122.296753,1750,81.0,18.0
40.470095,-122.296309,1700,81.0,12.8
40.471352,-122.296059,1650,81.7,7.7
40.472795,-122.295935,1625,81.1,2.8
40.475495,-122.295622,1525,81.3,4.9
40.478148,-122.295435,1425,82.2,3.5
40.480988,-122.295123,1325,84.3,4.8
40.483704,-122.294922,1250,85.1,2.0
40.486993,-122.294873,1150,86.0,0.0
40.490159,-122.294936,1050,85.0,359.3
40.492905,-122.294998,950,84.0,358.6
40.495514,-122.294983,850,83.0,0.7
40.49881,-122.294983,750,81.0,0.0
40.501923,-122.294922,675,78.0,0.7
40.503891,-122.294922,650,72.0,0.0
40.506638,-122.294873,650,71.0,0.0
40.512783,-122.294873,650,0.0,0.0
40.516388,-122.294983,725,94.1,357.6
40.518814,-122.295105,825,99.1,357.7
40.522001,-122.295373,925,103.2,356.7
40.524328,-122.295498,1000,107.2,356.8
40.525909,-122.295654,1025,111.2,356.4
40.528015,-122.295715,1075,116.0,0.5
40.529114,-122.295593,1100,117.0,7.4
40.530258,-122.295227,1150,116.2,15.5
40.531174,-122.294739,1200,116.0,23.9
40.532289,-122.293875,1250,115.1,29.7
40.533173,-122.293001,1300,115.3,38.7
40.533918,-122.292002,1325,115.3,46.0
40.534515,-122.290955,1375,114.8,52.4
40.535082,-122.28988,1400,116.1,59.5
40.535477,-122.288635,1450,116.0,66.1
40.535827,-122.287195,1500,116.9,75.1
40.536013,-122.285635,1525,118.1,82.2
40.536013,-122.284199,1550,119.0,89.0
40.535873,-122.282451,1575,121.9,97.1
40.53566,-122.281067,1600,124.4,103.5
40.535294,-122.279724,1625,125.3,109.6
40.534698,-122.278259,1650,127.9,118.0
40.534058,-122.277021,1675,129.0,127.8
40.533417,-122.276184,1700,130.1,135.0
40.532639,-122.275391,1700,132.0,142.7
40.531637,-122.274648,1725,134.3,150.6
40.530396,-122.273987,1750,135.2,158.8
40.529205,-122.27356,1750,135.8,166.4
40.527557,-122.273254,1775,137.1,172.9
40.524078,-122.272888,1775,141.4,175.9
40.520557,-122.272526,1750,146.3,176.1
40.511261,-122.271606,1775,149.7,174.6
40.505009,-122.270841,1750,145.7,174.5
40.503054,-122.270591,1750,141.6,174.7
40.500493,-122.270404,1750,138.0,179.6
40.498764,-122.270569,1725,135.7,185.9
40.497235,-122.270966,1725,133.2,192.6
40.495745,-122.271652,1700,131.0,200.1
40.494907,-122.272214,1700,128.4,208.4
40.494255,-122.272838,1700,125.8,216.6
40.493637,-122.273621,1675,124.5,224.4
40.493042,-122.274719,1650,123.0,233.6
40.492626,-122.27571,1625,123.1,241.4
40.492254,-122.276833,1575,123.9,248.2
40.491943,-122.27832,1525,124.7,256.1
40.491742,-122.280079,1450,124.8,263.6
40.491742,-122.282014,1350,124.0,270.5
40.49176,-122.283997,1300,120.1,272.4
40.491852,-122.285583,1275,115.2,273.0
40.491881,-122.286696,1250,111.4,274.6
40.492081,-122.288208,1225,106.9,280.8
40.492401,-122.289368,1175,105.3,288.3
40.492813,-122.290527,1150,104.2,296.8
40.493324,-122.291503,1100,103.2,305.5
40.494023,-122.292501,1025,103.2,314.2
40.494598,-122.293091,975,102.5,321.3
40.49528,-122.293687,950,105.8,329.3
40.496155,-122.294189,875,107.5,337.0
40.497049,-122.294561,850,108.2,343.9
40.497986,-122.2948,800,107.4,350.9
40.499237,-122.294936,775,105.2,356.7
40.500726,-122.294936,700,101.0,359.4
40.501968,-122.294922,675,97.0,1.2
40.503571,-122.294922,650,91.0,0.6
40.504211,-122.294922,650,86.0,0.0
40.505149,-122.294873,650,81.0,0.0
40.50531,-122.294922,650,80.0,0.0
40.505754,-122.294873,650,80.0,0.0
40.506454,-122.294861,650,86.0,0.0
40.507095,-122.294861,650,90.0,0.0
40.508454,-122.294873,675,94.0,359.4
40.509247,-122.294922,675,98.0,358.8
40.510409,-122.294936,700,102.0,358.3
40.511627,-122.294983,725,106.0,358.4
40.512451,-122.295044,750,109.0,358.4
40.513184,-122.295044,750,113.0,358.5
40.514557,-122.295105,750,117.0,359.5
40.51674,-122.295061,800,121.0,0.5
40.518416,-122.295061,875,121.0,0.0
40.521116,-122.295061,975,120.0,0.5
40.523304,-122.294998,1075,120.0,0.9
40.525306,-122.294936,1175,118.1,1.9
40.527191,-122.2948,1275,114.2,3.0
40.528839,-122.294678,1375,112.2,3.6
40.53067,-122.294556,1475,109.1,2.6
40.532708,-122.294561,1575,107.1,357.9
40.534197,-122.294748,1625,105.9,352.4
40.535568,-122.295105,1700,104.8,346.8
40.53699,-122.295685,1750,105.3,341.7
40.538315,-122.296387,1825,104.8,336.4
40.539597,-122.297241,1875,104.3,330.7
40.540947,-122.298431,1950,104.9,325.1
40.542344,-122.299805,2000,105.9,320.8
40.543671,-122.301453,2075,106.8,315.4
40.544998,-122.303345,2150,107.1,310.8
40.546534,-122.30586,2225,108.6,306.8
40.548981,-122.310364,2325,112.9,304.5
40.551453,-122.315186,2375,110.9,304.0
40.553925,-122.320129,2350,115.4,301.9
40.557054,-122.326834,2350,118.2,302.2
40.561432,-122.335632,2375,114.3,302.9
40.562347,-122.337341,2400,113.2,308.2
40.563263,-122.338623,2400,113.9,313.9
40.564453,-122.340027,2425,114.2,319.6
40.565735,-122.341248,2425,114.9,324.9
40.566923,-122.342127,2450,114.5,331.9
40.568619,-122.34314,2500,114.8,337.5
40.570175,-122.343811,2525,113.2,342.5
40.571672,-122.344312,2550,112.4,348.2
40.573242,-122.344604,2600,112.6,353.9
40.574799,-122.344666,2625,113.0,359.5
40.576886,-122.344499,2625,113.4,4.6
40.582053,-122.343937,2675,112.2,3.1
40.585172,-122.343875,2700,112.0,0.5
40.586243,-122.343933,2725,111.6,353.8
40.586988,-122.344187,2725,111.1,346.5
40.587891,-122.344666,2750,109.7,335.8
40.588524,-122.345248,2750,110.1,325.7
40.589129,-122.345997,2775,109.6,315.4
40.589676,-122.346985,2775,110.1,304.3
40.590042,-122.347961,2800,111.0,294.5
40.590246,-122.349118,2800,112.1,283.4
40.590317,-122.350159,2825,113.3,274.0
40.590225,-122.351257,2850,114.7,263.5
40.589996,-122.352356,2850,116.8,253.6
40.589641,-122.353301,2875,117.6,244.3
40.589129,-122.354299,2900,119.0,234.6
40.588577,-122.355042,2925,120.3,223.0
40.587639,-122.355985,2975,121.2,215.3
40.586615,-122.356609,3025,122.2,204.7
40.585785,-122.356934,3050,123.1,196.5
40.584706,-122.357171,3075,124.2,187.9
40.583588,-122.357178,3125,125.1,182.3
40.582379,-122.357046,3150,127.4,175.5
40.58061,-122.356671,3200,128.3,169.2
40.578422,-122.356047,3300,128.3,166.9
40.574844,-122.35498,3400,131.0,167.7
40.570496,-122.353821,3500,134.7,168.4
40.567389,-122.352926,3600,135.6,166.8
40.564865,-122.352173,3700,134.2,167.5
40.561896,-122.351303,3800,134.0,167.9
40.559418,-122.350647,3900,132.8,168.3
40.556168,-122.349792,4000,133.6,168.8
40.553191,-122.348993,4100,133.8,168.4
40.550354,-122.348206,4200,132.8,168.3
40.546766,-122.347246,4275,135.9,168.1
40.543671,-122.346375,4300,140.8,168.5
40.541061,-122.345703,4325,144.9,168.5
40.538361,-122.344971,4325,148.9,168.8
40.535202,-122.344116,4350,153.2,168.3
40.529663,-122.342651,4375,158.1,168.7
40.520554,-122.340393,4425,162.8,169.4
40.514319,-122.339006,4450,166.7,171.7
40.507828,-122.337585,4500,167.7,169.7
40.497747,-122.335136,4550,170.0,169.1
40.486679,-122.332275,4600,170.2,168.8
40.473074,-122.328769,4650,171.2,168.9
40.458847,-122.324829,4650,175.0,167.8
40.446991,-122.321411,4650,175.3,168.8
40.444244,-122.320984,4650,175.1,173.4
40.434448,-122.319702,4650,173.7,172.1
40.428909,-122.318481,4650,174.0,169.4
40.419754,-122.315979,4650,174.0,167.7
40.404327,-122.311462,4675,170.3,167.1
40.390444,-122.307295,4725,169.1,167.4
40.375454,-122.303051,4750,166.5,168.2
40.360697,-122.298993,4775,165.3,168.5
40.348755,-122.295837,4825,165.3,168.5
40.334106,-122.291931,4850,164.2,168.8
40.319266,-122.288007,4875,164.3,168.4
40.306417,-122.284636,4925,164.3,168.4
40.291626,-122.280701,4950,163.2,168.7
40.277115,-122.276855,4975,163.2,168.7
40.262937,-122.272901,5025,164.6,168.1
40.259537,-122.272156,5025,164.5,172.3
40.257025,-122.271964,5025,165.2,177.2
40.252323,-122.271902,5050,164.0,180.4
40.247761,-122.271964,5050,160.0,180.4
40.246784,-122.271964,5050,155.0,180.7
40.245438,-122.271973,5050,150.0,180.8
40.244385,-122.271973,5050,146.0,180.0
40.243385,-122.271964,5075,141.0,179.6
40.242361,-122.271964,5075,136.0,178.7
40.241821,-122.271912,5075,132.1,178.3
40.241291,-122.271902,5100,128.1,178.2
40.240592,-122.271902,5100,125.1,178.2
40.240034,-122.271839,5100,122.1,178.1
40.239578,-122.271851,5125,119.0,178.6
40.237706,-122.271777,5125,114.0,179.5
40.235687,-122.271667,5125,109.5,174.8
40.234497,-122.271362,5125,107.5,167.6
40.233237,-122.270841,5125,105.0,160.5
40.227837,-122.268094,5150,109.2,159.1
40.225662,-122.267029,5150,113.7,158.9
40.221878,-122.26516,5175,118.7,159.3
40.217968,-122.263225,5175,123.1,159.1
40.21457,-122.261602,5200,126.2,162.0
40.212708,-122.260986,5200,127.6,166.4
40.209263,-122.260104,5225,129.1,169.7
40.202792,-122.258606,5250,134.0,170.1
40.190176,-122.255922,5275,138.9,170.5
40.185837,-122.255005,5300,137.1,172.9
40.183845,-122.254861,5300,137.0,178.8
40.182037,-122.255005,5300,133.5,184.7
40.179153,-122.255493,5300,129.6,188.9
40.176117,-122.256109,5300,125.3,188.3
40.172998,-122.256733,5325,120.4,188.6
40.169815,-122.257385,5325,115.4,189.0
40.166565,-122.258057,5325,110.5,189.4
40.164139,-122.258423,5325,107.5,185.3
40.162582,-122.258484,5325,106.0,180.0
40.161118,-122.258362,5325,104.5,174.5
40.159515,-122.258057,5325,103.6,170.0
40.157913,-122.257507,5325,102.9,164.2
40.156379,-122.256796,5325,102.0,158.7
40.147797,-122.252258,5325,98.2,157.9
40.145253,-122.250866,5325,98.0,155.3
40.144229,-122.250117,5325,97.8,149.2
40.143112,-122.249118,5325,97.8,142.9
40.142166,-122.247986,5325,97.7,137.5
40.141205,-122.246704,5325,97.0,132.1
40.140381,-122.2453,5325,97.4,125.8
40.139694,-122.243835,5325,97.2,120.3
40.139108,-122.242251,5325,98.0,114.7
40.138596,-122.240566,5325,99.6,109.3
40.138224,-122.238818,5325,100.9,103.8
40.138,-122.237061,5325,102.1,98.4
40.137898,-122.235135,5325,104.1,92.8
40.137898,-122.233262,5325,105.2,86.7
40.138092,-122.231384,5350,107.2,81.4
40.138412,-122.229614,5350,108.2,76.1
40.138916,-122.2276,5325,110.4,70.4
40.139511,-122.22583,5325,111.4,65.1
40.140272,-122.224024,5325,112.5,59.6
40.14125,-122.222214,5325,113.8,53.9
40.142349,-122.220459,5325,115.4,48.2
40.143624,-122.218843,5325,116.8,42.6
40.144958,-122.217468,5325,117.0,37.4
40.146332,-122.216248,5325,118.2,32.2
40.147907,-122.21516,5325,119.0,27.0
40.149582,-122.214233,5325,120.0,21.0
40.151119,-122.213599,5325,120.1,15.0
40.152512,-122.213257,5325,120.5,9.1
40.154297,-122.213074,5325,120.2,2.9
40.155774,-122.2131,5325,121.1,357.6
40.157357,-122.21335,5325,121.2,351.9
40.1588,-122.213787,5325,121.3,346.6
40.160383,-122.214411,5325,121.2,340.2
40.161686,-122.215222,5325,120.3,333.9
40.162757,-122.216034,5325,119.6,327.6
40.163864,-122.217102,5325,118.9,321.5
40.164825,-122.218262,5325,118.8,315.0
40.165741,-122.219727,5325,118.1,308.8
40.166528,-122.221277,5325,118.2,302.2
40.167133,-122.222838,5325,117.2,295.2
40.167618,-122.224487,5325,117.3,288.9
40.167938,-122.226257,5325,116.7,282.4
40.168121,-122.227905,5325,115.7,276.5
40.168157,-122.229704,5325,116.0,269.5
40.16803,-122.231384,5325,115.0,262.5
40.167692,-122.233262,5325,114.2,256.3
40.167273,-122.234948,5325,113.7,248.9
40.166611,-122.236572,5325,113.2,242.1
40.165923,-122.238007,5325,113.5,235.1
40.165038,-122.23938,5325,112.7,229.0
40.164093,-122.24054,5325,111.9,221.4
40.162994,-122.241577,5325,112.1,214.8
40.161686,-122.242563,5325,111.0,209.1
40.16029,-122.243375,5325,111.1,203.3
40.158847,-122.244062,5325,112.0,197.1
40.157364,-122.244507,5325,111.4,191.9
40.155945,-122.244751,5325,111.6,186.2
40.154572,-122.244812,5325,112.0,181.0
40.152981,-122.244686,5325,112.5,174.4
40.151459,-122.244324,5325,113.2,168.8
40.15004,-122.243774,5325,113.2,162.5
40.148483,-122.242981,5325,113.3,156.6
40.147202,-122.242126,5325,114.6,150.8
40.145782,-122.240906,5325,114.9,144.9
40.144741,-122.239817,5325,115.0,139.9
40.143631,-122.238403,5325,116.0,134.3
40.142715,-122.237,5325,116.0,128.4
40.141715,-122.235073,5325,116.5,122.7
40.14093,-122.233154,5325,117.2,116.3
40.140226,-122.231015,5325,118.3,110.3
40.139832,-122.229126,5325,118.1,105.2
40.139481,-122.226958,5325,118.7,99.7
40.139434,-122.225522,5325,119.3,93.8
40.139465,-122.224121,5325,120.4,85.2
40.139714,-122.222651,5325,120.8,77.6
40.140106,-122.221069,5325,120.9,69.2
40.140656,-122.219727,5325,122.1,62.2
40.141296,-122.218468,5325,122.6,52.3
40.142227,-122.217158,5325,123.0,45.0
40.143205,-122.216159,5325,123.2,38.1
40.144135,-122.215393,5325,123.7,30.1
40.145416,-122.214661,5325,124.2,22.2
40.146515,-122.214294,5325,124.0,12.6
40.147907,-122.214036,5325,123.6,5.6
40.149216,-122.21405,5325,123.1,357.7
40.150589,-122.214294,5325,122.8,350.1
40.151817,-122.214785,5325,122.5,344.4
40.153121,-122.21541,5325,121.9,336.8
40.154284,-122.216221,5325,121.4,329.9
40.15535,-122.217224,5325,120.8,323.4
40.156265,-122.218262,5325,120.3,317.0
40.157171,-122.219654,5325,119.3,309.6
40.157962,-122.221215,5325,118.2,302.2
40.158417,-122.222412,5325,117.6,295.7
40.158783,-122.223877,5325,117.0,286.9
40.158986,-122.225335,5325,115.6,279.5
40.159033,-122.226833,5325,115.0,271.5
40.158966,-122.228149,5325,114.4,265.0
40.1588,-122.229455,5325,113.6,257.8
40.158474,-122.230766,5325,113.2,250.9
40.158009,-122.231952,5325,112.7,243.7
40.157403,-122.2332,5325,111.8,236.3
40.156723,-122.234314,5325,111.9,228.6
40.156007,-122.235135,5325,111.2,221.7
40.154984,-122.236145,5325,110.4,215.4
40.153447,-122.237382,5325,111.1,210.3
40.151093,-122.238953,5325,111.8,206.6
40.147156,-122.241638,5325,111.4,204.9
40.145765,-122.242314,5350,111.3,199.4
40.14409,-122.242938,5350,111.6,194.5
40.142303,-122.243347,5325,112.5,189.2
40.140458,-122.243562,5325,112.2,183.6
40.139108,-122.243562,5325,112.1,177.9
40.137817,-122.243347,5325,112.5,170.8
40.136595,-122.242938,5325,112.4,164.0
40.135574,-122.242432,5325,112.5,157.5
40.134407,-122.241565,5350,112.5,149.6
40.133429,-122.240628,5350,113.2,141.8
40.132451,-122.23938,5350,113.1,134.3
40.13166,-122.238131,5350,112.8,127.1
40.131055,-122.236821,5350,113.9,120.6
40.13045,-122.235198,5350,114.2,113.2
40.130124,-122.233762,5350,113.9,106.8
40.129852,-122.232056,5350,114.4,99.1
40.129807,-122.230225,5350,115.0,91.5
40.129891,-122.228518,5350,115.7,83.6
40.13017,-122.226708,5350,116.4,76.1
40.130636,-122.225148,5350,116.8,68.9
40.131226,-122.223572,5350,117.6,62.1
40.131986,-122.222089,5350,117.9,55.4
40.132824,-122.220778,5350,118.2,47.4
40.133801,-122.219654,5350,117.9,39.5
40.134872,-122.218656,5350,118.2,34.0
40.136129,-122.217782,5350,117.6,26.8
40.137222,-122.217285,5350,118.3,20.3
40.138458,-122.216858,5350,117.9,12.7
40.140518,-122.216431,5350,118.1,7.8
40.151276,-122.214539,5350,117.1,7.8
40.156752,-122.213599,5350,117.0,7.4
40.158417,-122.213501,5350,116.1,2.0
40.160019,-122.213562,5350,115.3,356.0
40.161072,-122.213806,5350,115.1,349.0
40.162198,-122.214286,5350,114.8,340.1
40.163132,-122.214905,5350,113.6,332.8
40.164001,-122.215637,5350,112.9,325.5
40.164871,-122.216553,5350,111.9,318.6
40.16555,-122.217532,5350,111.3,311.0
40.166109,-122.218593,5350,110.4,303.5
40.166574,-122.219779,5350,109.2,294.9
40.167023,-122.221313,5350,108.2,287.8
40.167206,-122.222595,5350,107.5,279.6
40.167297,-122.224121,5350,106.1,272.2
40.167226,-122.226271,5350,106.2,266.8
40.167068,-122.227966,5350,105.4,260.7
40.166714,-122.229767,5350,105.1,254.0
40.166199,-122.231445,5350,104.9,247.6
40.165643,-122.232826,5350,104.2,242.0
40.164991,-122.234199,5350,103.7,236.0
40.16423,-122.235413,5350,102.9,230.1
40.163269,-122.236696,5350,103.3,223.4
40.162262,-122.237732,5350,102.8,217.1
40.161118,-122.238708,5350,102.7,211.1
40.153061,-122.24469,5350,103.1,210.3
40.148465,-122.248244,5350,103.0,209.1
40.14711,-122.249023,5375,101.6,203.8
40.145812,-122.249617,5375,102.1,198.3
40.144409,-122.250122,5375,102.8,193.5
40.142807,-122.250488,5350,103.9,187.7
40.141159,-122.25061,5350,105.1,182.2
40.13976,-122.250553,5350,105.2,176.7
40.138689,-122.250304,5350,104.6,170.1
40.137543,-122.249878,5375,103.7,162.6
40.136444,-122.249268,5375,104.3,155.6
40.135529,-122.248596,5375,105.8,149.3
40.134546,-122.24762,5350,106.8,141.8
40.133662,-122.246558,5350,107.5,135.8
40.133011,-122.245544,5350,108.1,129.0
40.132358,-122.244249,5350,109.3,122.7
40.131821,-122.24292,5350,109.6,116.6
40.131454,-122.241699,5350,110.1,109.1
40.131088,-122.239868,5350,110.9,103.0
40.130915,-122.238194,5350,111.6,96.2
40.130905,-122.236511,5350,112.0,89.0
40.131055,-122.234823,5350,113.1,81.9
40.131381,-122.233138,5350,113.1,74.6
40.131846,-122.231577,5350,114.4,67.9
40.132451,-122.229954,5350,115.0,61.4
40.133194,-122.228516,5350,114.9,54.9
40.134018,-122.227295,5350,115.4,48.2
40.135117,-122.225952,5350,114.8,41.5
40.136398,-122.224609,5350,115.8,36.6
40.137543,-122.223694,5350,116.1,30.5
40.138824,-122.222839,5350,115.9,25.0
40.140015,-122.22229,5350,115.8,19.7
40.141479,-122.221802,5350,116.2,13.4
40.142786,-122.221527,5350,116.0,7.4
40.144135,-122.221436,5350,115.0,1.5
40.145508,-122.221497,5350,114.3,356.0
40.147022,-122.221839,5350,114.0,349.4
40.148326,-122.222276,5350,113.3,344.1
40.149857,-122.223022,5350,112.7,338.7
40.151631,-122.224024,5350,112.7,333.7
40.153074,-122.225148,5350,111.8,328.2
40.154434,-122.22644,5350,111.4,323.0
40.155634,-122.227769,5350,110.5,317.9
40.156769,-122.229248,5350,109.7,313.1
40.15773,-122.230774,5350,109.2,307.2
40.158707,-122.232701,5350,108.8,302.2
40.159498,-122.234636,5350,107.8,297.0
40.160103,-122.236384,5350,106.4,291.5
40.160614,-122.238525,5350,106.0,285.9
40.160889,-122.240417,5350,104.9,281.0
40.161072,-122.24231,5350,104.6,276.0
40.161128,-122.244124,5350,104.0,270.5
40.161035,-122.246246,5350,103.4,265.0
40.160797,-122.248108,5350,102.8,259.4
40.160476,-122.249867,5350,101.7,254.6
40.159973,-122.25177,5350,101.0,248.5
40.159359,-122.253425,5350,101.1,242.9
40.158508,-122.255249,5350,99.9,237.3
40.157636,-122.256733,5350,99.6,231.5
40.156705,-122.258107,5350,99.7,226.2
40.155728,-122.25923,5350,99.9,221.4
40.154617,-122.260315,5350,99.6,215.6
40.153493,-122.26129,5350,99.1,211.0
40.152191,-122.262085,5350,99.3,205.0
40.150909,-122.262756,5350,100.0,199.9
40.14949,-122.263245,5350,99.9,193.9
40.148,-122.2636,5350,100.0,188.1
40.146603,-122.263725,5350,100.1,182.3
40.145279,-122.263672,5350,100.0,178.3
40.143997,-122.263489,5350,99.9,172.5
40.142532,-122.263123,5350,100.7,166.8
40.141064,-122.262476,5350,101.5,161.0
40.139694,-122.261719,5350,101.1,155.5
40.138458,-122.260864,5350,102.6,150.2
40.13736,-122.259888,5350,102.1,145.4
40.136269,-122.258793,5350,102.9,140.1
40.135245,-122.257482,5350,103.2,135.0
40.134247,-122.256042,5350,104.4,129.9
40.133383,-122.254424,5350,105.7,124.6
40.132645,-122.252808,5350,107.0,119.7
40.131986,-122.251053,5350,107.4,114.2
40.131363,-122.248901,5325,107.8,108.9
40.130997,-122.247009,5325,108.9,103.3
40.130682,-122.244623,5325,109.0,97.9
40.130543,-122.242626,5325,110.1,92.6
40.130589,-122.240503,5325,110.1,87.4
40.130768,-122.238464,5300,111.0,82.2
40.131088,-122.236511,5300,110.9,77.0
40.131546,-122.234436,5300,111.3,72.2
40.132172,-122.232389,5300,112.0,66.9
40.13287,-122.230578,5300,112.3,61.8
40.133801,-122.228581,5275,112.6,56.6
40.134965,-122.226521,5275,112.6,52.2
40.136261,-122.224609,5275,113.3,47.9
40.137712,-122.222776,5275,113.2,42.8
40.139282,-122.221069,5275,114.0,37.9
40.140839,-122.219666,5250,114.0,33.5
40.142646,-122.218344,5250,114.1,28.8
40.144318,-122.217285,5250,115.0,24.1
40.146286,-122.216248,5250,115.4,19.2
40.148419,-122.215472,5225,115.7,14.5
40.150188,-122.215035,5225,115.7,9.9
40.152236,-122.214723,5225,115.5,5.5
40.154205,-122.2146,5225,115.0,1.0
40.156147,-122.214723,5225,115.2,356.5
40.157962,-122.214973,5200,115.1,352.0
40.159731,-122.215472,5200,114.2,346.3
40.161209,-122.216064,5200,113.8,341.6
40.16271,-122.216845,5200,113.3,336.6
40.164107,-122.217782,5200,113.7,331.6
40.165649,-122.219055,5200,113.2,326.2
40.167068,-122.22052,5175,112.9,320.4
40.16835,-122.222107,5175,112.4,314.6
40.169495,-122.223816,5175,111.5,309.5
40.170438,-122.22546,5175,110.1,304.3
40.171326,-122.227478,5175,109.7,298.9
40.172021,-122.229455,5150,108.9,293.3
40.172533,-122.231452,5150,108.5,288.3
40.172905,-122.2332,5150,107.7,282.9
40.173157,-122.235168,5150,107.1,278.0
40.173248,-122.237,5150,106.0,271.6
40.173138,-122.238693,5150,105.4,265.1
40.172882,-122.240479,5125,104.1,258.4
40.172562,-122.241943,5125,103.7,252.6
40.172067,-122.2435,5125,103.5,246.7
40.171555,-122.244811,5125,103.4,240.5
40.171005,-122.245911,5125,102.9,235.7
40.170227,-122.247192,5125,102.8,229.3
40.169228,-122.248431,5100,103.2,224.2
40.168343,-122.249367,5100,102.8,217.1
40.167273,-122.250241,5100,101.9,211.4
40.166202,-122.250928,5100,102.0,205.6
40.165009,-122.251526,5100,102.5,198.8
40.163727,-122.251892,5100,102.2,191.9
40.161118,-122.252441,5100,101.1,188.5
40.152512,-122.254089,5075,102.0,187.9
40.150818,-122.254272,5075,101.1,182.8
40.148698,-122.254299,5075,101.0,178.3
40.146927,-122.254089,5075,101.7,173.2
40.145142,-122.253662,5050,102.0,168.7
40.143438,-122.253113,5050,101.9,164.1
40.141617,-122.252258,5050,102.5,159.4
40.139877,-122.251282,5050,102.9,154.7
40.13855,-122.250304,5050,103.1,149.7
40.137268,-122.249146,5050,103.8,144.0
40.135941,-122.247681,5025,104.9,138.9
40.134933,-122.24646,5025,105.4,133.9
40.133895,-122.244873,5025,105.9,129.2
40.13301,-122.243188,5025,106.0,123.8
40.132324,-122.241699,5025,106.5,118.0
40.131775,-122.23999,5025,107.2,112.5
40.131334,-122.238256,5025,107.9,107.3
40.130962,-122.236321,5000,109.2,101.6
40.130776,-122.234324,5000,109.6,95.8
40.130768,-122.2323,5000,110.0,90.0
40.130869,-122.230391,5000,110.6,84.3
40.131148,-122.228144,5000,111.2,78.6
40.131546,-122.226379,4975,111.4,73.8
40.132095,-122.224609,4975,112.2,68.0
40.132684,-122.222963,4975,112.7,62.5
40.133569,-122.22109,4975,113.4,56.9
40.134593,-122.219342,4975,113.9,51.4
40.135712,-122.217773,4975,113.8,45.4
40.136902,-122.216431,4950,114.3,39.7
40.138184,-122.21521,4950,114.9,35.1
40.139465,-122.214233,4950,115.1,29.7
40.14093,-122.213318,4950,115.0,24.1
40.142441,-122.212585,4950,115.7,18.1
40.144043,-122.212039,4925,116.0,13.0
40.145554,-122.211731,4925,116.0,7.4
40.147156,-122.211548,4925,115.1,2.5
40.148931,-122.211664,4925,115.2,356.5
40.150746,-122.211976,4925,115.6,350.5
40.15242,-122.212463,4900,115.0,344.9
40.153912,-122.213163,4900,115.2,339.7
40.155448,-122.214099,4900,114.5,334.1
40.156677,-122.215027,4900,114.4,329.0
40.157776,-122.216034,4900,114.0,322.1
40.158753,-122.21722,4875,113.1,315.0
40.159607,-122.218506,4875,112.4,308.5
40.160197,-122.219717,4875,111.5,302.5
40.160709,-122.221028,4875,111.4,296.1
40.161163,-122.222595,4875,111.0,288.9
40.161484,-122.224121,4875,109.4,282.1
40.161621,-122.22583,4875,109.4,274.7
40.161593,-122.227457,4850,108.0,268.4
40.161407,-122.229143,4850,107.4,260.9
40.161163,-122.230469,4850,106.5,255.3
40.160797,-122.231934,4850,106.0,249.0
40.160197,-122.233575,4850,105.1,243.4
40.158966,-122.236389,4825,105.3,239.8
40.157683,-122.239193,4825,105.4,236.6
40.156769,-122.240723,4825,104.5,230.8
40.156053,-122.24169,4825,104.0,226.2
40.155029,-122.24292,4825,103.7,219.5
40.153931,-122.243896,4825,103.2,213.5
40.152695,-122.244812,4800,102.9,207.8
40.151398,-122.24556,4800,102.7,202.3
40.149994,-122.246155,4800,102.5,197.0
40.148621,-122.246582,4800,103.0,191.2
40.147202,-122.246826,4800,102.6,186.2
40.145462,-122.246887,4775,103.0,180.6
40.144043,-122.246765,4775,103.3,175.6
40.1426,-122.246496,4775,103.4,170.5
40.141203,-122.246059,4775,103.1,166.0
40.139786,-122.245483,4775,103.7,160.9
40.138317,-122.244686,4750,104.3,155.6
40.136781,-122.243625,4750,104.8,150.3
40.13557,-122.242563,4750,104.9,145.1
40.134384,-122.241333,4750,105.8,140.0
40.133194,-122.239807,4750,106.8,134.6
40.132233,-122.238342,4750,106.5,129.7
40.131226,-122.236572,4725,107.3,124.0
40.130403,-122.234698,4725,107.8,118.2
40.129669,-122.232605,4725,109.4,112.6
40.129166,-122.230591,4725,109.8,106.9
40.128799,-122.228455,4725,110.2,101.5
40.128571,-122.226318,4700,110.5,95.2
40.128541,-122.224211,4700,111.0,90.0
40.128634,-122.222214,4700,111.5,84.8
40.128891,-122.220154,4700,112.0,79.2
40.129257,-122.218201,4700,112.6,73.5
40.129852,-122.216125,4675,113.5,67.7
40.130636,-122.214099,4675,114.1,62.3
40.131474,-122.212351,4675,114.0,56.5
40.132507,-122.21051,4675,115.1,50.6
40.133606,-122.209045,4675,115.3,44.7
40.134872,-122.207607,4650,115.9,39.0
40.136269,-122.206358,4650,116.2,33.4
40.137712,-122.205297,4650,116.3,27.7
40.139328,-122.204407,4650,116.2,21.7
40.140784,-122.203799,4650,116.5,15.9
40.142507,-122.203362,4650,115.7,9.9
40.144043,-122.203125,4650,115.3,4.0
40.145672,-122.203113,4650,115.0,359.0
40.147162,-122.2033,4650,114.7,353.5
40.148698,-122.203674,4650,113.6,347.8
40.150177,-122.204224,4650,113.2,342.5
40.151678,-122.204985,4650,112.9,337.1
40.153015,-122.205872,4650,112.4,330.7
40.154471,-122.207108,4650,111.5,325.6
40.155716,-122.208374,4650,110.8,320.1
40.156815,-122.209778,4650,110.3,314.3
40.157913,-122.211365,4650,109.5,309.1
40.158753,-122.212913,4650,108.7,304.1
40.159591,-122.214848,4650,107.8,298.2
40.16029,-122.216845,4650,107.2,292.5
40.160755,-122.218656,4650,106.0,287.6
40.161081,-122.220528,4650,105.3,282.1
40.161314,-122.222526,4650,104.7,276.6
40.161392,-122.224731,4650,103.0,271.1
40.161314,-122.226895,4650,102.3,265.5
40.161081,-122.228955,4650,101.6,259.8
40.160751,-122.230774,4650,100.7,254.4
40.160243,-122.232638,4650,99.4,249.4
40.159607,-122.234436,4650,98.8,244.2
40.158893,-122.236009,4650,98.3,238.7
40.157869,-122.237944,4650,97.4,234.2
40.156286,-122.240691,4650,96.8,231.7
40.155121,-122.242371,4650,96.2,226.7
40.153959,-122.243812,4650,94.9,221.6
40.152924,-122.244812,4650,94.1,215.0
40.15191,-122.245622,4650,94.4,208.5
40.150979,-122.246121,4650,93.8,201.9
40.149948,-122.246582,4650,93.7,196.1
40.149024,-122.246808,4650,93.4,189.9
40.148071,-122.246887,4650,93.3,184.3
40.147069,-122.246871,4650,93.1,178.1
40.145952,-122.246683,4650,93.2,170.7
40.145067,-122.246371,4650,93.1,165.1
40.144043,-122.245911,4650,92.9,157.9
40.143065,-122.245248,4650,94.5,150.2
40.142166,-122.244385,4650,94.2,142.8
40.141342,-122.243408,4650,95.5,135.4
40.140656,-122.242371,4650,95.4,128.2
40.140015,-122.241089,4650,96.9,121.1
40.139527,-122.239754,4650,97.6,114.2
40.139202,-122.238381,4650,98.8,105.9
40.139053,-122.237244,4650,99.3,99.3
40.139015,-122.235884,4650,100.0,91.7
40.139053,-122.234619,4650,101.4,84.9
40.139248,-122.233325,4650,102.4,77.6
40.139667,-122.231764,4650,103.1,70.2
40.140244,-122.230103,4650,104.2,64.4
40.141708,-122.226501,4650,105.6,61.7
40.144927,-122.218905,4650,107.0,60.3
40.147348,-122.213412,4650,107.7,58.7
40.148419,-122.211477,4650,108.6,53.2
40.149445,-122.209961,4650,109.0,47.2
40.15056,-122.208543,4650,109.8,41.7
40.151917,-122.207214,4650,110.2,36.1
40.153198,-122.206177,4650,110.3,30.5
40.154657,-122.205235,4650,110.5,25.2
40.156053,-122.204486,4650,110.7,20.1
40.157501,-122.203979,4650,111.6,14.5
40.159241,-122.203552,4650,111.3,8.8
40.160797,-122.203369,4650,111.2,3.6
40.162216,-122.20343,4650,111.1,357.9
40.163864,-122.203613,4650,110.9,352.8
40.165558,-122.204041,4650,110.9,347.0
40.167114,-122.204712,4650,110.4,342.1
40.16839,-122.20536,4650,109.3,336.2
40.16974,-122.206296,4650,109.7,331.1
40.171051,-122.207397,4650,108.7,325.9
40.172241,-122.208618,4650,108.1,321.0
40.173464,-122.210041,4650,107.5,315.0
40.174442,-122.21154,4650,106.5,309.7
40.1754,-122.213318,4650,105.1,304.1
40.176257,-122.215222,4650,104.7,298.5
40.176909,-122.217095,4650,104.0,292.6
40.17746,-122.219116,4650,102.5,287.0
40.177826,-122.221191,4650,102.0,281.3
40.178026,-122.223337,4650,101.6,276.2
40.178073,-122.225272,4650,101.0,270.6
40.17798,-122.227208,4650,100.3,265.4
40.17778,-122.229187,4650,100.5,260.3
40.177421,-122.231015,4650,99.5,254.9
40.17691,-122.232971,4650,99.0,249.9
40.176304,-122.234823,4650,98.8,244.2
40.175559,-122.236571,4650,98.3,238.7
40.174628,-122.238256,4650,98.0,233.7
40.173706,-122.239685,4650,97.1,228.8
40.172812,-122.240878,4650,96.9,223.8
40.171555,-122.242189,4650,96.8,218.3
40.169181,-122.244499,4650,96.6,216.2
40.167664,-122.245789,4650,96.0,211.4
40.160156,-122.251892,4650,96.6,211.9
40.152603,-122.257996,4650,96.6,211.9
40.151445,-122.258856,4650,95.7,207.4
40.150653,-122.25923,4650,94.2,199.2
40.149769,-122.25948,4650,93.7,191.1
40.148895,-122.259583,4650,94.2,183.6
40.148026,-122.259521,4650,94.3,175.7
40.147156,-122.259277,4650,94.9,168.4
40.146324,-122.25898,4650,95.2,161.0
40.14544,-122.258419,4650,96.2,153.4
40.144555,-122.257607,4650,96.0,146.5
40.14395,-122.256921,4650,97.0,137.9
40.143311,-122.255981,4650,97.2,130.4
40.142807,-122.255005,4650,98.2,123.4
40.142321,-122.253799,4650,99.3,116.3
40.141808,-122.252052,4650,100.0,109.9
40.141388,-122.250183,4625,100.9,103.8
40.141159,-122.248413,4650,100.8,97.4
40.141113,-122.246582,4650,102.0,91.7
40.141157,-122.244811,4650,102.2,86.1
40.141388,-122.243042,4650,102.6,79.9
40.141762,-122.240878,4650,103.6,74.9
40.142321,-122.238756,4650,104.1,70.3
40.142853,-122.237061,4650,103.9,66.2
40.143624,-122.235135,4650,105.2,61.0
40.144501,-122.233337,4650,105.4,56.6
40.145554,-122.231506,4650,106.0,51.5
40.146696,-122.229829,4650,106.8,46.1
40.148093,-122.228206,4650,107.1,40.8
40.149582,-122.226746,4650,107.4,35.9
40.151001,-122.225586,4650,107.2,30.9
40.152603,-122.224487,4650,107.8,25.9
40.154098,-122.223712,4650,107.3,21.3
40.155762,-122.223022,4650,107.3,16.2
40.15745,-122.222526,4650,107.1,11.3
40.159126,-122.222214,4650,107.7,6.4
40.161035,-122.222089,4650,107.0,1.6
40.16271,-122.222151,4650,106.2,356.2
40.16434,-122.222401,4650,106.2,351.3
40.166061,-122.2229,4650,106.0,346.4
40.167598,-122.223525,4650,105.3,341.7
40.169174,-122.224304,4650,105.3,337.1
40.170671,-122.225272,4650,104.2,332.0
40.17215,-122.22644,4650,104.8,327.1
40.173477,-122.227722,4650,104.0,322.0
40.174488,-122.228955,4650,104.0,316.2
40.175446,-122.230286,4650,103.6,310.3
40.176361,-122.231873,4650,103.2,305.5
40.177094,-122.233459,4650,102.6,299.8
40.177734,-122.235168,4650,102.0,294.3
40.178212,-122.236945,4650,102.5,288.8
40.178558,-122.238647,4650,101.9,283.6
40.178817,-122.240503,4650,101.0,278.0
40.178925,-122.242249,4650,100.1,272.9
40.178879,-122.243958,4650,99.1,267.1
40.178678,-122.245809,4650,99.0,261.9
40.178375,-122.24762,4650,99.0,256.0
40.177933,-122.249305,4650,98.1,249.7
40.177374,-122.250928,4650,97.9,244.0
40.176682,-122.252502,4650,96.6,238.1
40.175885,-122.253862,4650,97.0,232.5
40.175034,-122.255127,4650,96.2,226.7
40.174072,-122.256287,4650,96.4,220.8
40.173065,-122.257263,4650,95.4,215.2
40.171921,-122.258179,4650,95.9,210.0
40.170857,-122.258856,4650,95.8,204.7
40.1696,-122.25948,4650,95.8,198.2
40.16835,-122.259888,4650,95.3,192.7
40.16716,-122.260132,4650,95.9,187.8
40.16597,-122.260193,4650,95.1,182.4
40.164712,-122.260167,4650,95.3,175.8
40.163316,-122.259917,4650,95.4,170.3
40.162033,-122.259521,4650,95.6,164.2
40.160889,-122.258972,4650,96.6,158.8
40.159012,-122.257874,4650,96.2,154.8
40.151001,-122.252991,4650,98.0,155.3
40.142853,-122.248047,4650,97.1,155.0
40.134779,-122.243063,4650,97.1,155.0
40.128342,-122.239136,4650,96.6,154.2
40.126726,-122.237944,4650,96.4,149.4
40.125412,-122.236816,4650,96.8,144.7
40.124165,-122.235572,4650,97.2,139.6
40.12356,-122.234698,4650,97.6,134.2
40.123032,-122.233826,4650,98.0,126.3
40.122582,-122.232763,4650,98.0,118.7
40.122208,-122.231445,4650,98.7,109.5
40.121979,-122.230286,4650,100.4,102.7
40.121887,-122.228943,4650,101.2,94.0
40.121933,-122.2276,4650,102.4,85.0
40.122117,-122.226084,4650,103.8,76.6
40.122489,-122.224523,4650,104.7,71.1
40.123032,-122.2229,4650,106.1,66.1
40.123718,-122.221191,4650,107.0,60.3
40.124588,-122.219604,4650,107.4,54.1
40.125549,-122.21814,4650,107.6,48.0
40.126679,-122.216721,4650,108.3,42.4
40.127889,-122.215535,4650,108.8,36.0
40.129146,-122.214536,4650,109.3,29.6
40.130543,-122.213662,4650,109.3,23.8
40.132004,-122.213013,4650,109.1,17.6
40.133514,-122.212524,4650,109.4,12.1
40.137222,-122.211731,4650,109.5,9.5
40.147018,-122.209656,4650,111.3,8.8
40.149024,-122.209355,4650,111.5,5.2
40.150328,-122.209355,4650,111.0,359.5
40.151413,-122.209473,4650,109.8,353.2
40.152603,-122.209839,4650,110.1,346.3
40.153819,-122.210354,4650,108.9,339.6
40.155029,-122.211121,4650,108.7,333.2
40.155945,-122.211853,4650,107.9,327.5
40.156938,-122.21285,4650,107.4,321.4
40.157869,-122.214036,4650,106.1,315.0
40.158783,-122.215454,4650,104.6,308.4
40.159452,-122.216721,4650,104.3,302.5
40.160065,-122.218201,4650,102.9,296.6
40.160522,-122.219849,4650,102.5,290.6
40.160934,-122.221619,4650,101.4,284.9
40.161163,-122.223267,4650,100.1,278.6
40.161314,-122.225148,4650,100.2,273.4
40.161267,-122.226958,4650,99.1,267.7
40.161118,-122.22876,4650,99.0,261.9
40.160802,-122.230578,4650,97.5,257.0
40.160385,-122.232422,4650,97.1,251.4
40.159882,-122.23407,4650,97.2,246.3
40.159195,-122.235718,4650,97.1,241.1
40.158474,-122.237133,4650,96.3,235.1
40.157547,-122.23877,4650,95.9,230.5
40.156494,-122.240173,4650,96.2,225.0
40.155402,-122.24144,4650,96.5,220.0
40.154205,-122.242554,4650,95.7,214.4
40.152924,-122.243591,4650,96.3,209.2
40.151445,-122.244499,4650,96.3,203.9
40.149948,-122.245178,4650,95.8,198.2
40.148465,-122.245747,4650,95.3,192.7
40.146883,-122.246059,4650,95.8,187.2
40.145508,-122.246155,4650,95.1,183.0
40.14409,-122.246121,4650,95.1,177.6
40.142414,-122.245872,4650,95.8,172.8
40.141068,-122.245544,4650,95.3,167.3
40.139511,-122.244934,4650,95.8,161.8
40.138229,-122.244263,4650,95.9,156.6
40.13692,-122.243375,4650,95.8,151.3
40.135574,-122.24231,4650,96.5,146.0
40.13436,-122.241065,4650,96.7,140.9
40.133243,-122.239692,4650,96.9,135.4
40.132545,-122.238631,4650,97.3,129.6
40.131939,-122.237445,4650,97.4,123.7
40.131226,-122.23584,4650,98.0,118.7
40.130447,-122.233704,4650,99.4,113.7
40.129852,-122.231567,4650,100.6,109.2
40.129395,-122.229553,4650,100.9,103.8
40.129053,-122.227083,4650,101.3,99.1
40.128937,-122.22522,4650,102.2,93.9
40.128913,-122.223025,4650,103.0,88.3
40.129074,-122.221069,4650,103.7,83.3
40.129332,-122.21928,4650,104.1,78.4
40.129705,-122.21747,4650,105.7,72.9
40.130264,-122.215637,4650,105.9,67.8
40.130951,-122.213806,4650,106.5,62.0
40.131821,-122.212036,4650,107.6,56.8
40.13269,-122.210449,4650,107.4,51.4
40.133755,-122.20898,4650,108.2,46.1
40.134872,-122.207669,4650,108.6,40.1
40.136078,-122.206543,4650,109.0,35.3
40.13736,-122.205566,4650,109.3,29.6
40.138733,-122.204651,4650,109.3,23.8
40.140319,-122.203924,4650,109.7,18.6
40.141708,-122.20343,4650,110.1,13.7
40.143311,-122.203125,4650,110.0,7.8
40.144821,-122.203003,4650,109.1,2.1
40.146561,-122.203064,4650,109.2,356.3
40.148254,-122.203369,4650,108.5,350.5
40.149719,-122.203857,4650,108.0,344.4
40.151165,-122.204486,4650,107.9,339.4
40.15274,-122.205444,4650,107.3,333.4
40.154005,-122.206358,4650,106.9,328.4
40.155258,-122.20752,4650,105.8,323.5
40.156333,-122.208731,4650,105.6,318.5
40.15731,-122.210104,4650,104.0,313.0
40.158325,-122.21167,4650,104.2,307.2
40.159149,-122.213379,4650,102.7,301.1
40.16001,-122.215347,4650,102.4,296.1
40.160614,-122.217346,4650,101.2,290.2
40.161035,-122.21928,4650,100.4,285.0
40.16136,-122.221277,4650,99.3,279.3
40.161484,-122.223145,4650,99.3,274.6
40.16153,-122.224915,4650,98.0,269.4
40.161438,-122.226685,4650,98.3,265.3
40.161174,-122.228706,4650,97.5,260.0
40.160843,-122.230591,4650,97.3,255.1
40.160336,-122.232451,4650,97.1,249.5
40.159744,-122.234192,4650,96.6,244.2
40.159012,-122.235901,4650,96.4,239.4
40.158325,-122.237244,4650,96.3,235.1
40.15741,-122.238708,4650,95.8,229.7
40.156357,-122.240112,4650,95.5,224.6
40.155355,-122.241315,4650,95.1,219.9
40.154191,-122.242376,4650,95.4,215.2
40.152841,-122.243437,4650,95.4,209.5
40.151491,-122.244311,4650,95.3,204.1
40.15004,-122.244995,4650,95.2,199.0
40.148652,-122.245497,4650,95.8,193.9
40.147162,-122.245809,4650,95.0,188.5
40.145579,-122.245997,4650,95.1,183.0
40.144135,-122.245972,4650,95.1,177.6
40.142715,-122.245789,4650,95.8,172.8
40.141342,-122.245483,4650,94.9,168.4
40.139946,-122.244935,4650,94.9,163.5
40.138643,-122.244311,4650,94.7,158.3
40.137222,-122.243469,4650,95.3,153.2
40.135989,-122.242501,4650,94.9,147.5
40.13475,-122.241272,4650,95.6,142.6
40.133606,-122.23999,4650,95.5,137.1
40.132498,-122.238444,4650,95.6,132.0
40.131567,-122.236883,4650,96.6,126.2
40.130682,-122.235135,4650,96.9,121.1
40.129944,-122.233276,4650,97.5,115.5
40.129395,-122.231384,4650,99.0,110.1
40.12896,-122.229517,4650,99.5,105.2
40.128681,-122.227769,4650,99.5,99.8
40.128479,-122.225525,4650,100.3,94.6
40.128495,-122.223649,4650,101.0,89.4
40.128616,-122.222107,4650,102.8,82.7
40.12882,-122.22084,4650,103.6,74.9
40.129193,-122.219654,4650,104.0,67.4
40.129623,-122.218628,4650,104.3,60.7
40.130217,-122.217532,4650,105.0,53.1
40.130859,-122.216675,4650,106.1,44.2
40.131939,-122.215472,4650,106.8,38.2
40.133148,-122.214417,4650,107.9,32.5
40.134476,-122.213501,4650,108.2,26.3
40.13571,-122.21285,4650,107.9,20.6
40.13706,-122.212351,4650,107.4,14.6
40.13855,-122.211976,4650,107.1,8.1
40.139969,-122.211914,4650,107.1,2.1
40.141251,-122.211975,4650,107.2,356.8
40.142693,-122.212226,4650,107.2,351.4
40.144648,-122.212726,4650,107.0,346.5
40.151047,-122.214722,4675,104.3,345.6
40.153121,-122.215535,4675,104.4,341.6
40.15475,-122.216408,4675,104.4,336.9
40.156219,-122.217407,4675,103.4,331.7
40.157593,-122.218506,4675,103.2,326.5
40.15892,-122.219788,4675,102.6,322.1
40.160197,-122.221277,4675,101.9,316.6
40.161267,-122.222838,4675,100.7,311.0
40.162245,-122.224461,4675,101.6,306.2
40.163176,-122.226334,4675,100.5,301.2
40.163828,-122.228019,4675,100.2,296.0
40.164459,-122.229858,4675,100.7,291.0
40.164963,-122.232056,4675,99.7,285.7
40.165317,-122.234261,4675,99.6,280.4
40.165466,-122.23584,4675,99.4,275.2
40.165466,-122.237427,4675,99.0,269.4
40.165317,-122.23913,4675,97.7,263.0
40.1651,-122.24054,4675,97.7,256.4
40.164688,-122.242371,4675,96.5,250.6
40.164154,-122.243874,4675,96.2,244.8
40.163589,-122.245239,4675,96.0,238.6
40.162811,-122.246643,4675,96.2,232.2
40.161896,-122.247925,4675,95.5,226.3
40.161035,-122.248993,4675,95.1,219.9
40.159882,-122.25,4675,95.1,213.9
40.158966,-122.250671,4675,95.3,208.2
40.157822,-122.251365,4675,94.7,201.7
40.156566,-122.251864,4675,95.3,195.2
40.155355,-122.252176,4675,95.4,189.7
40.154191,-122.252301,4675,95.2,183.6
40.153015,-122.252258,4675,96.1,177.6
40.151817,-122.252052,4675,96.0,171.6
40.150514,-122.251677,4675,96.0,165.5
40.149445,-122.251221,4675,96.8,160.1
40.148279,-122.250553,4675,97.0,153.7
40.147156,-122.249634,4675,97.6,147.1
40.146057,-122.248596,4675,98.2,141.6
40.145187,-122.247559,4675,98.3,136.2
40.144415,-122.246434,4675,98.6,130.5
40.143624,-122.244998,4675,99.3,124.3
40.142899,-122.243347,4675,99.8,118.1
40.142367,-122.241752,4675,100.1,111.7
40.141983,-122.23999,4675,100.7,105.6
40.141708,-122.23822,4675,100.3,99.2
40.141576,-122.236571,4675,101.2,94.0
40.141617,-122.234924,4675,102.1,87.8
40.141754,-122.233093,4675,102.0,82.1
40.142029,-122.231506,4675,101.9,76.4
40.142487,-122.229736,4675,103.1,70.2
40.14299,-122.228271,4675,102.9,64.7
40.143671,-122.226708,4675,104.1,58.8
40.144508,-122.225148,4675,104.2,52.8
40.145486,-122.223712,4675,104.0,47.0
40.146464,-122.222526,4675,104.9,41.1
40.147568,-122.221436,4675,104.6,35.7
40.148698,-122.220528,4675,105.3,30.2
40.150085,-122.219666,4675,105.2,24.1
40.151398,-122.219093,4675,105.6,18.8
40.152695,-122.218628,4675,105.8,13.1
40.154005,-122.218406,4675,104.9,7.7
40.155355,-122.218281,4675,105.0,1.6
40.156891,-122.218344,4675,105.3,355.6
40.158335,-122.218656,4675,104.6,350.1
40.159638,-122.219093,4675,104.1,343.8
40.161081,-122.219842,4675,103.6,337.9
40.162354,-122.220642,4675,103.4,331.7
40.163544,-122.22168,4675,102.9,325.7
40.164597,-122.222778,4675,102.9,320.1
40.165504,-122.223899,4675,102.5,314.6
40.16629,-122.225098,4675,102.3,309.5
40.166977,-122.22644,4675,102.1,302.6
40.167459,-122.227832,4675,101.1,294.5
40.167831,-122.229205,4675,100.6,287.4
40.168076,-122.23053,4675,99.8,281.0
40.168167,-122.232117,4675,99.2,274.0
40.168121,-122.233643,4675,99.2,266.5
40.167971,-122.235135,4675,98.7,259.5
40.167645,-122.236508,4675,97.4,252.7
40.167252,-122.237854,4675,97.2,246.3
40.166667,-122.23913,4675,96.9,238.9
40.166016,-122.240254,4675,96.8,231.7
40.165146,-122.241455,4675,96.2,225.0
40.164047,-122.242676,4675,96.7,219.1
40.16285,-122.243749,4675,96.8,213.2
40.161575,-122.24469,4675,96.2,207.9
40.160248,-122.245422,4675,96.0,202.0
40.159012,-122.245972,4675,95.9,196.4
40.157684,-122.246338,4675,95.9,191.4
40.156265,-122.246582,4675,95.4,185.4
40.154797,-122.246621,4675,96.0,180.0
40.153586,-122.246496,4675,96.4,174.6
40.152236,-122.246184,4675,96.7,169.3
40.150979,-122.245747,4675,96.8,163.8
40.149629,-122.245123,4675,96.9,158.2
40.148419,-122.244374,4675,97.5,153.2
40.147255,-122.243437,4675,97.9,147.9
40.146138,-122.242439,4675,97.8,142.9
40.144958,-122.241028,4675,98.4,137.1
40.143951,-122.239624,4675,98.5,131.3
40.143158,-122.238256,4675,98.8,125.9
40.142414,-122.236758,4675,99.1,121.0
40.141754,-122.235107,4675,99.7,115.5
40.141203,-122.233262,4675,100.0,109.9
40.140839,-122.231567,4675,100.2,104.4
40.140564,-122.229797,4675,100.3,99.2
40.140427,-122.2276,4675,101.2,93.4
40.140427,-122.225769,4675,101.1,87.7
40.140564,-122.223938,4675,101.8,82.7
40.140877,-122.222089,4675,102.4,77.6
40.14125,-122.220279,4675,102.8,72.4
40.1418,-122.218506,4675,103.1,67.2
40.142414,-122.216845,4675,104.2,62.0
40.143252,-122.21516,4675,104.0,56.8
40.144226,-122.213501,4675,105.3,51.2
40.145187,-122.212097,4675,105.4,46.2
40.146091,-122.21104,4675,105.8,40.0
40.146973,-122.210266,4675,105.7,32.6
40.147907,-122.209729,4675,105.6,24.6
40.148804,-122.209351,4675,105.5,14.8
40.149722,-122.209167,4675,105.8,7.1
40.150726,-122.209167,4675,105.0,358.9
40.151688,-122.209351,4675,105.4,350.7
40.152603,-122.209717,4675,105.1,344.0
40.153885,-122.210327,4675,104.0,337.4
40.155588,-122.211415,4675,103.8,332.5
40.157916,-122.213163,4675,103.6,329.2
40.164459,-122.218323,4675,104.8,330.3
40.167738,-122.220591,4675,105.5,333.0
40.172333,-122.223572,4675,105.6,331.7
40.174023,-122.224898,4700,104.3,327.5
40.1754,-122.226196,4700,103.6,323.2
40.176453,-122.227356,4700,102.7,317.8
40.177414,-122.228638,4700,102.6,313.0
40.178352,-122.230141,4700,102.0,307.4
40.179108,-122.231628,4700,102.1,302.6
40.179794,-122.233276,4700,102.0,296.8
40.180344,-122.234924,4700,101.0,291.5
40.180819,-122.237008,4700,100.7,285.5
40.181122,-122.238953,4700,99.5,279.8
40.181238,-122.240816,4700,99.2,274.0
40.181259,-122.242493,4700,99.0,268.3
40.181099,-122.244499,4700,98.9,262.4
40.180847,-122.246277,4700,98.3,257.7
40.1804,-122.248244,4700,98.7,252.3
40.179794,-122.250183,4700,98.6,247.3
40.179062,-122.252258,4700,98.4,242.1
40.178284,-122.253845,4700,97.6,237.1
40.177235,-122.255735,4700,97.6,232.1
40.175903,-122.25769,4700,97.0,227.9
40.173569,-122.260864,4725,95.5,225.4
40.171692,-122.263245,4750,93.4,222.4
40.170227,-122.264832,4750,93.2,218.5
40.168762,-122.266235,4750,94.1,215.0
40.167206,-122.267517,4750,95.5,210.9
40.166245,-122.268127,4750,95.7,206.0
40.165421,-122.268494,4750,95.2,197.1
40.164619,-122.268656,4750,93.8,187.4
40.163735,-122.268594,4750,93.0,178.8
40.163316,-122.268469,4750,92.6,169.4
40.162757,-122.268219,4750,93.1,159.2
40.162216,-122.267761,4775,92.3,150.1
40.161713,-122.267212,4775,92.3,140.3
40.161255,-122.266541,4775,93.0,130.2
40.160895,-122.265785,4775,93.0,121.8
40.16066,-122.265015,4775,94.2,112.5
40.160522,-122.264221,4775,96.5,103.2
40.160431,-122.263306,4750,97.5,95.9
40.160477,-122.262329,4750,100.1,87.1
40.160662,-122.261165,4725,102.4,77.6
40.160934,-122.26001,4725,104.4,69.8
40.161547,-122.258481,4700,106.0,62.5
40.162399,-122.256592,4700,106.5,57.7
40.163177,-122.255249,4700,106.8,51.8
40.164107,-122.253987,4700,106.1,45.0
40.165054,-122.25293,4700,106.8,38.2
40.166107,-122.252014,4700,106.9,31.6
40.167023,-122.251404,4700,107.3,26.6
40.168213,-122.250854,4700,107.2,19.6
40.169414,-122.250429,4700,107.7,12.9
40.170624,-122.250241,4700,107.6,5.9
40.171602,-122.250179,4700,107.0,359.5
40.172905,-122.250366,4700,106.9,352.5
40.174713,-122.250854,4700,107.5,347.6
40.178445,-122.252114,4700,108.7,345.1
40.184555,-122.254395,4700,109.5,343.5
40.194273,-122.258231,4700,110.7,343.2
40.203118,-122.261789,4700,111.3,342.2
40.211823,-122.265597,4700,111.9,341.2
40.221459,-122.269967,4700,112.9,341.4
40.231142,-122.274212,4700,112.9,341.4
40.241058,-122.278581,4700,112.9,341.4
40.250793,-122.282898,4700,115.1,341.2
40.25853,-122.286316,4675,119.9,340.5
40.265498,-122.289505,4700,122.4,341.4
40.272574,-122.292439,4700,127.1,342.1
40.281326,-122.296204,4700,131.9,341.4
40.293045,-122.301453,4700,135.7,340.6
40.304764,-122.30658,4700,136.3,341.2
40.316574,-122.311829,4700,136.3,341.2
40.328476,-122.317017,4700,136.3,341.2
40.339966,-122.322144,4700,135.0,341.4
40.351639,-122.327271,4700,134.1,341.3
40.363358,-122.332397,4700,135.0,341.4
40.375031,-122.337524,4700,134.1,341.3
40.382355,-122.340759,4650,137.2,341.3
40.387253,-122.342896,4550,139.8,342.1
40.39198,-122.344874,4450,140.1,341.7
40.396775,-122.347121,4350,140.1,340.4
40.401803,-122.349368,4250,139.5,341.2
40.406691,-122.351553,4150,139.5,341.2
40.411299,-122.353613,4050,138.2,341.4
40.416606,-122.355922,3975,136.6,340.8
40.420051,-122.357358,3875,134.5,343.6
40.424893,-122.359356,3800,131.6,341.8
40.428635,-122.361023,3700,130.6,341.7
40.433458,-122.363163,3625,128.1,340.9
40.437836,-122.365173,3525,126.2,340.6
40.442642,-122.367371,3425,124.6,341.3
40.447266,-122.369446,3350,122.1,340.4
40.451202,-122.371277,3250,119.9,340.5
40.455617,-122.373276,3175,118.3,341.3
40.459527,-122.374961,3075,115.1,341.2
40.463882,-122.376892,3000,112.9,341.4
40.468094,-122.378784,2925,111.6,341.7
40.47205,-122.380517,2825,110.7,341.6
40.476288,-122.382324,2750,109.4,341.9
40.480316,-122.384094,2675,106.6,341.4
40.484344,-122.385864,2600,105.6,341.2
40.488204,-122.38757,2500,105.3,341.7
40.492161,-122.389318,2425,105.3,341.7
40.496211,-122.391129,2350,104.4,341.6
40.500121,-122.392814,2275,102.1,341.7
40.50293,-122.393982,2175,101.8,342.3
40.506778,-122.395498,2100,101.0,343.9
40.510666,-122.396912,2000,100.9,346.2
40.513641,-122.397705,1950,101.8,349.2
40.517715,-122.39856,1850,102.3,351.0
40.51944,-122.398931,1850,99.5,350.2
40.5233,-122.399719,1850,95.9,352.2
40.525314,-122.399963,1850,95.3,355.8
40.5298,-122.400452,1825,93.4,354.5
40.532684,-122.40094,1800,95.0,351.5
40.537177,-122.401865,1725,95.0,351.5
40.539737,-122.40224,1675,91.4,354.4
40.540604,-122.402283,1675,87.4,354.8
40.541878,-122.402427,1650,83.3,355.2
40.544037,-122.402771,1600,78.8,352.0
40.547092,-122.403301,1500,81.7,352.3
40.550397,-122.403863,1425,81.7,352.3
40.553563,-122.404362,1350,80.5,353.6
40.556216,-122.404799,1250,80.5,353.6
40.559418,-122.405273,1175,79.4,354.2
40.562361,-122.405673,1075,78.5,353.4
40.565434,-122.40611,1000,76.4,354.0
40.568207,-122.406555,925,71.5,353.6
40.570175,-122.40686,875,67.4,354.0
40.571113,-122.406984,850,63.4,353.7
40.572184,-122.407171,850,58.4,353.1
40.572417,-122.407171,850,52.5,352.3
40.572743,-122.407233,850,48.4,352.9
40.573242,-122.407288,850,44.2,354.8
40.573746,-122.407349,850,40.3,352.9
40.574279,-122.407421,850,33.2,353.1
40.574907,-122.407546,-50.0,25.5,354.4
40.575187,-122.407577,-50.0,21.5,354.4
40.575439,-122.407623,-50.0,17.5,354.4
40.575645,-122.407654,-50.0,12.8,354.4
40.575851,-122.407669,-50.0,9.8,357.2
40.57592,-122.407654,-50.0,8.2,8.4
40.575954,-122.407639,-50.0,8.2,19.7
40.575966,-122.407624,-50.0,8.2,25.3
40.576013,-122.407592,-50.0,7.8,39.4
40.576036,-122.407546,-50.0,7.2,47.8
40.576057,-122.407501,-50.0,6.8,59.1
40.576069,-122.40744,-50.0,6.8,70.3
40.57608,-122.407379,-50.0,6.8,81.6
40.57608,-122.407288,-50.0,6.8,90.0
40.576071,-122.407249,-50.0,5.8,98.4
40.576057,-122.407211,-50.0,4.8,118.1
40.576046,-122.407196,-50.0,4.8,129.4
40.576024,-122.407171,-50.0,4.8,143.4
40.575989,-122.40715,-50.0,5.2,157.5
40.575943,-122.407135,-50.0,5.2,165.9
40.575863,-122.40712,-50.0,5.8,171.6
40.57568,-122.407104,-50.0,6.2,174.4
40.575565,-122.407074,-50.0,5.8,171.6
40.575508,-122.407043,-50.0,5.8,157.5
40.575439,-122.406998,-50.0,6.2,151.9
40.575384,-122.406953,-50.0,6.8,143.4
40.575303,-122.406828,-50.0,7.2,126.6
40.575268,-122.406765,-50.0,7.2,115.3
40.575256,-122.406719,-50.0,6.8,109.7
40.575256,-122.406677,-50.0,6.2,101.2
40.575245,-122.40654,-50.0,6.8,87.2
40.575268,-122.406342,-50.0,5.8,81.6
40.575302,-122.40625,-50.0,4.2,53.4
40.575497,-122.406128,-50.0,3.2,5.6
40.575565,-122.406143,-50.0,0.1,345.9
40.575565,-122.406143,-50.0,0.0,345.9
40.575565,-122.406143,-50.0,0.0,345.9
40.575565,-122.406143,-50.0,0.0,345.9
40.575657,-122.406296,-50.0,0.0,354.4
40.575657,-122.406296,-50.0,0.0,354.4
40.575699,-122.406297,-50.0,0.0,348.8
40.575757,-122.406438,-50.0,5.2,275.6
40.575757,-122.406469,-50.0,5.8,267.2
40.575745,-122.406609,-50.0,6.8,261.6
40.575714,-122.406845,-50.0,7.8,258.8
40.575699,-122.406921,-50.0,7.2,250.3
40.575675,-122.406968,-50.0,7.2,239.1
40.575623,-122.407028,-50.0,7.2,216.6
40.575582,-122.407046,-50.0,7.2,205.3
40.575542,-122.407059,-50.0,7.8,194.1
40.575462,-122.407059,-50.0,9.2,177.2
40.575233,-122.407028,-50.0,11.8,174.4
40.574856,-122.406967,-50.0,14.8,174.4
40.574409,-122.406906,-50.0,15.5,174.4
40.573975,-122.406845,-50.0,16.5,174.4
40.573557,-122.406781,-50.0,16.5,174.4
40.573127,-122.406719,-50.0,16.5,174.4
40.572727,-122.406662,-50.0,16.5,174.4
40.57235,-122.406586,-50.0,17.5,174.4
40.571928,-122.406531,-50.0,17.5,174.4
40.571486,-122.406469,-50.0,16.5,174.4
40.571055,-122.406406,-50.0,13.8,174.4
40.570799,-122.406375,-50.0,9.2,174.4
40.570656,-122.406342,-50.0,4.8,174.4
40.570633,-122.406342,-50.0,0.1,171.6
40.570621,-122.406342,-50.0,0.0,171.6
40.570624,-122.406344,-50.0,0.0,171.6
40.570601,-122.406344,-50.0,0.0,174.4
40.570531,-122.406375,-50.0,4.8,199.7
40.57052,-122.406391,-50.0,4.8,210.9
40.570496,-122.406422,-50.0,5.8,222.2
40.57045,-122.406555,-50.0,8.2,255.9
40.570473,-122.406754,-50.0,8.2,289.7
40.570518,-122.406845,-50.0,7.8,315.0
40.570613,-122.406906,-50.0,6.2,345.9
40.570667,-122.406906,-50.0,0.2,354.4
40.570683,-122.406906,-50.0,4.8,354.4
40.570736,-122.406921,-50.0,10.2,354.4
40.570846,-122.406921,-50.0,18.5,354.4
40.57093,-122.406937,-50.0,22.5,354.4
40.571032,-122.406953,-50.0,26.5,354.4
40.571194,-122.406982,-50.0,31.5,354.4
40.571393,-122.406984,800,31.5,0.0
40.571532,-122.407046,800,38.3,352.5
40.571686,-122.407043,800,43.3,353.4
40.571905,-122.407109,800,45.3,353.7
40.572137,-122.407109,800,51.4,353.3
40.572696,-122.407233,800,54.5,352.6
40.57283,-122.407227,800,62.4,353.6
40.573161,-122.407296,800,66.5,353.1
40.573487,-122.407358,800,69.5,353.4
40.573953,-122.407421,800,73.4,353.8
40.574791,-122.407546,800,79.5,353.5
40.575862,-122.40767,825,84.5,353.9
40.576699,-122.407795,825,88.6,353.5
40.578918,-122.408203,925,92.9,352.0
40.581587,-122.408732,1000,97.2,351.1
40.583962,-122.409231,1100,102.1,351.5
40.585498,-122.409418,1125,106.5,354.6
40.587034,-122.409481,1150,111.0,1.0
40.587779,-122.409356,1175,112.6,6.1
40.588852,-122.409119,1200,114.5,12.1
40.58992,-122.408669,1225,114.5,19.4
40.590912,-122.40802,1250,114.5,24.8
40.591919,-122.407227,1300,116.0,32.3
40.592993,-122.40611,1350,117.9,39.5
40.593924,-122.404861,1400,118.8,46.4
40.594622,-122.403738,1425,120.6,52.8
40.595352,-122.402161,1475,122.3,60.1
40.596019,-122.400305,1525,123.7,67.2
40.596405,-122.398804,1550,124.3,73.2
40.59667,-122.396622,1600,125.8,80.4
40.596763,-122.395061,1625,127.3,85.9
40.596725,-122.393127,1675,129.2,93.6
40.596438,-122.390379,1725,130.5,98.8
40.595879,-122.387508,1825,130.0,104.2
40.594901,-122.383388,1925,131.9,107.2
40.594296,-122.380267,2000,131.5,103.2
40.593887,-122.377197,2075,131.7,99.2
40.593598,-122.373775,2175,130.8,96.2
40.593338,-122.370544,2275,129.6,95.3
40.593109,-122.367004,2375,127.5,94.9
40.592807,-122.363101,2475,126.7,95.9
40.592514,-122.358948,2575,124.5,95.1
40.592155,-122.353862,2675,125.6,95.5
40.591643,-122.34762,2775,125.9,96.8
40.591049,-122.341431,2875,127.0,97.2
40.590454,-122.335754,2975,127.1,97.7
40.58992,-122.330454,3075,127.1,97.7
40.589355,-122.324829,3175,127.0,97.2
40.58871,-122.318594,3275,128.3,98.1
40.587936,-122.311829,3375,129.4,98.4
40.587267,-122.30586,3475,128.4,98.5
40.586615,-122.300491,3575,127.4,98.6
40.58601,-122.294748,3675,125.4,98.7
40.585281,-122.288574,3775,126.4,98.6
40.58452,-122.281952,3850,127.4,98.6
40.583915,-122.276708,3950,127.3,98.1
40.583176,-122.270142,4025,129.4,98.4
40.582425,-122.263537,4125,130.4,98.4
40.581802,-122.258179,4225,129.4,98.4
40.581029,-122.251552,4325,129.4,98.4
40.580292,-122.244751,4425,130.4,98.4
40.579514,-122.238159,4500,130.5,98.8
40.578918,-122.232971,4600,130.5,98.8
40.578186,-122.226562,4700,130.4,98.4
40.577454,-122.220154,4800,130.5,98.8
40.576699,-122.213787,4900,130.5,98.8
40.576001,-122.207545,5000,130.5,98.8
40.575211,-122.200989,5100,130.5,98.8
40.574432,-122.194092,5175,130.4,98.4
40.573999,-122.190441,5275,128.4,98.5
40.573471,-122.185547,5375,127.3,98.1
40.572882,-122.180453,5475,127.4,98.6
40.572189,-122.1745,5575,129.6,98.9
40.571439,-122.168281,5675,130.5,98.8
40.570787,-122.162788,5775,131.5,98.8
40.570182,-122.157607,5875,130.5,98.8
40.569717,-122.153424,5975,129.4,98.4
40.569168,-122.148865,6075,128.4,98.5
40.568646,-122.144123,6175,128.4,98.5
40.567994,-122.138381,6275,130.4,98.4
40.567291,-122.132507,6375,130.5,98.8
40.566742,-122.127808,6475,130.4,98.4
40.566179,-122.1229,6575,129.4,98.4
40.565713,-122.118593,6675,128.4,98.5
40.56514,-122.113708,6775,128.4,98.5
40.564545,-122.108643,6875,128.4,98.5
40.56395,-122.103394,6975,128.4,98.5
40.563629,-122.099976,7025,129.6,95.3
40.563538,-122.096619,7100,131.0,90.4
40.563618,-122.08863,7250,131.0,89.1
40.563766,-122.080933,7400,131.1,87.8
40.563995,-122.072632,7550,131.1,87.8
40.564223,-122.06441,7675,132.1,88.3
40.564407,-122.056946,7825,133.1,88.3
40.564545,-122.049011,7950,134.0,88.7
40.564682,-122.041199,8100,134.0,88.7
40.564819,-122.033081,8225,134.1,88.3
40.565002,-122.025452,8375,134.1,88.3
40.565186,-122.016968,8500,134.1,88.3
40.565369,-122.009277,8650,136.1,87.9
40.56562,-122.000365,8775,138.1,87.5
40.565872,-121.991882,8900,138.1,87.9
40.566147,-121.983337,9050,138.1,87.9
40.566365,-121.974834,9175,139.1,87.9
40.566598,-121.966033,9300,140.1,88.4
40.566784,-121.957668,9425,141.1,88.4
40.56697,-121.948742,9550,142.1,88.4
40.567063,-121.94381,9575,147.1,88.4
40.567156,-121.937568,9575,152.0,88.9
40.567296,-121.931575,9575,156.1,88.5
40.567482,-121.922711,9575,161.1,88.6
40.567566,-121.911438,9575,166.0,90.3
40.567474,-121.898315,9575,170.0,90.7
40.567296,-121.881388,9575,174.0,91.0
40.56697,-121.860039,9575,177.0,91.3
40.566559,-121.838745,9575,179.1,91.6
40.566101,-121.816956,9575,180.1,91.6
40.565689,-121.795227,9575,181.1,91.6
40.565231,-121.773499,9575,181.1,91.6
40.564819,-121.751709,9575,181.1,91.6
40.564362,-121.730225,9575,181.1,91.6
40.563991,-121.70854,9575,181.0,91.3
40.563583,-121.686951,9575,181.0,91.3
40.563292,-121.676331,9575,180.3,93.2
40.562347,-121.654785,9575,180.3,93.2
40.561432,-121.633362,9575,180.3,93.2
40.560499,-121.611786,9575,181.3,93.2
40.559464,-121.59021,9575,181.5,94.1
40.559056,-121.585069,9575,180.6,97.6
40.558502,-121.581299,9575,179.3,102.6
40.557266,-121.575439,9575,178.8,105.9
40.555285,-121.565531,9575,179.2,103.9
40.552539,-121.550237,9575,179.3,102.6
40.548908,-121.528827,9575,179.1,102.2
40.545463,-121.508352,9575,178.3,102.6
40.541885,-121.487549,9575,178.5,102.9
40.538247,-121.466904,9575,178.5,102.9
40.534607,-121.446228,9575,176.6,103.1
40.530899,-121.425598,9575,178.8,103.3
40.527168,-121.404793,9575,177.6,103.0
40.523483,-121.383911,9575,177.6,103.0
40.519766,-121.363283,9575,179.7,103.2
40.51593,-121.342041,9575,181.9,103.3
40.512222,-121.321045,9575,180.7,103.1
40.508377,-121.299561,9575,182.9,103.3
40.504869,-121.280011,9575,181.9,103.3
40.501007,-121.258484,9575,181.9,103.3
40.497421,-121.238563,9575,181.9,103.3
40.493697,-121.217651,9575,179.7,103.2
40.490345,-121.19905,9575,180.0,103.5
40.48938,-121.193787,9575,179.7,103.2
40.488922,-121.191284,9575,177.6,103.0
40.482651,-121.156433,9575,176.8,103.4
40.478986,-121.136003,9575,178.8,103.3
40.475739,-121.118042,9525,182.1,103.7
40.474503,-121.111267,9450,186.0,103.4
40.472397,-121.099915,9375,190.2,103.4
40.469955,-121.08644,9250,192.1,103.2
40.467395,-121.072083,9150,193.1,103.2
40.464981,-121.058716,9025,194.3,103.4
40.464229,-121.054667,8975,196.5,103.5
40.462646,-121.046082,8800,200.6,103.6
40.462006,-121.042542,8750,199.6,103.6
40.460953,-121.036743,8725,197.4,103.5
40.45841,-121.022394,8625,193.1,103.2
40.45599,-121.008849,8500,190.2,103.4
40.453383,-120.994554,8400,189.2,103.4
40.450745,-120.97998,8275,188.2,103.5
40.448122,-120.965715,8175,188.2,103.5
40.445562,-120.95167,8075,190.2,103.4
40.443008,-120.937805,7950,191.4,103.6
40.440301,-120.92333,7850,194.3,103.4
40.43779,-120.909485,7725,194.3,103.4
40.435181,-120.895203,7625,195.3,103.3
40.433505,-120.886064,7575,194.3,103.4
40.43161,-120.875549,7600,190.2,103.4
40.427673,-120.853943,7625,186.3,103.7
40.423636,-120.832006,7625,184.1,103.5
40.419937,-120.811951,7575,186.0,103.4
40.418143,-120.802481,7475,190.4,103.7
40.416229,-120.792114,7350,194.5,103.7
40.414046,-120.780196,7225,197.4,103.5
40.41188,-120.768372,7100,199.4,103.3
40.410004,-120.75824,7000,200.4,103.3
40.408127,-120.748047,6900,201.6,103.5
40.406387,-120.738586,6800,202.5,103.4
40.404736,-120.729634,6700,202.8,103.7
40.402873,-120.719584,6600,203.7,103.6
40.401104,-120.709971,6500,203.7,103.6
40.399149,-120.699609,6400,203.7,103.6
40.397552,-120.690918,6300,202.8,103.7
40.395751,-120.681256,6200,200.6,103.6
40.393842,-120.670957,6100,197.4,103.5
40.392166,-120.661781,6000,194.3,103.4
40.390444,-120.652292,5900,190.2,103.4
40.388535,-120.641785,5800,185.3,103.7
40.386906,-120.633316,5725,180.4,104.1
40.385422,-120.625244,5625,176.1,103.8
40.384003,-120.617737,5550,171.7,103.5
40.383089,-120.612467,5500,167.4,103.1
40.38239,-120.608784,5450,163.5,103.4
40.38176,-120.605286,5425,159.6,103.8
40.380994,-120.600732,5375,154.7,100.8
40.380854,-120.598547,5375,152.2,93.0
40.380936,-120.596802,5350,150.7,84.3
40.38121,-120.595398,5350,149.6,79.2
40.381531,-120.594238,5325,149.5,68.4
40.382065,-120.593054,5325,148.6,61.0
40.382716,-120.591868,5300,148.6,53.2
40.383728,-120.590515,5275,147.9,46.9
40.385468,-120.588562,5250,147.0,39.8
40.386953,-120.587186,5250,145.0,36.9
40.388763,-120.585632,5250,141.0,31.7
40.390594,-120.584351,5250,138.2,25.3
40.392678,-120.583316,5250,137.0,19.6
40.394531,-120.582642,5225,136.1,14.0
40.397194,-120.582067,5225,135.8,9.3
40.401942,-120.581069,5200,136.9,11.8
40.403458,-120.580505,5175,136.6,19.2
40.404831,-120.579651,5175,137.8,25.8
40.40593,-120.578796,5175,137.8,33.5
40.40697,-120.577635,5175,139.6,41.2
40.407761,-120.576416,5175,140.5,49.6
40.40846,-120.575076,5150,141.7,59.5
40.408832,-120.573952,5150,142.8,65.6
40.409134,-120.572388,5150,141.8,73.6
40.409225,-120.570984,5150,140.6,84.7
40.409225,-120.569641,5175,140.1,91.6
40.408813,-120.567139,5150,140.8,101.5
40.407944,-120.56488,5125,141.4,117.8
40.407389,-120.563965,5100,142.1,125.3
40.406784,-120.563091,5100,141.5,133.9
40.40562,-120.561967,5100,141.5,133.9
40.405061,-120.56153,5075,140.6,146.3
40.403961,-120.560913,5075,137.6,157.4
40.403,-120.560547,5075,136.4,163.8
40.401764,-120.560303,5075,133.2,172.2
40.400574,-120.560242,5050,130.0,179.1
40.399103,-120.560407,5050,126.9,186.8
40.39738,-120.560844,5050,123.8,192.1
40.393144,-120.562155,5050,118.9,192.6
40.391281,-120.562622,5050,116.9,190.4
40.389862,-120.562805,5025,116.2,183.4
40.388718,-120.562683,5025,116.4,175.1
40.387884,-120.562467,5025,117.7,167.7
40.386932,-120.562012,5025,118.3,161.3
40.386208,-120.561468,5000,119.5,151.5
40.38533,-120.560669,5000,120.8,143.4
40.384578,-120.55972,4975,121.6,135.7
40.383834,-120.558597,4975,121.7,128.7
40.383179,-120.557312,4950,121.8,122.2
40.382126,-120.554688,4950,121.7,117.4
40.379225,-120.547423,4900,117.7,119.0
40.37796,-120.544739,4850,115.1,122.6
40.37713,-120.543365,4850,112.2,129.9
40.376587,-120.542664,4825,111.0,136.1
40.37592,-120.542055,4825,109.0,144.7
40.375168,-120.541504,4800,107.4,152.2
40.37443,-120.541181,4775,106.9,160.9
40.373685,-120.540993,4750,106.0,166.4
40.372987,-120.540993,4725,104.1,177.8
40.37233,-120.541077,4725,102.2,183.9
40.371823,-120.541243,4700,98.5,192.9
40.371185,-120.541565,4675,96.8,198.1
40.370194,-120.542304,4650,92.7,209.1
40.369217,-120.543152,4625,92.7,214.9
40.367935,-120.544495,4600,92.3,219.7
40.367214,-120.545425,4575,90.6,226.8
40.366699,-120.546326,4575,88.2,234.7
40.366287,-120.547302,4550,87.2,243.4
40.366013,-120.54834,4500,86.3,251.8
40.365818,-120.54942,4475,87.1,257.4
40.365692,-120.550659,4450,87.4,264.8
40.365725,-120.55173,4425,86.0,270.0
40.365875,-120.55304,4375,85.0,278.8
40.366058,-120.553894,4375,84.2,285.9
40.366425,-120.555237,4325,83.9,291.7
40.366974,-120.556702,4275,84.5,297.5
40.36754,-120.557847,4225,85.1,303.5
40.368332,-120.559158,4225,85.9,309.8
40.370178,-120.562073,4200,86.1,308.9
40.371451,-120.56409,4225,88.9,309.1
40.372708,-120.566087,4275,93.7,309.8
40.374161,-120.56842,4325,98.1,309.2
40.375992,-120.571411,4425,100.3,308.9
40.377828,-120.574389,4525,99.6,308.5
40.379225,-120.576637,4625,99.6,308.5
40.381165,-120.580139,4725,100.8,306.5
40.383179,-120.583862,4825,103.7,304.0
40.384718,-120.586936,4925,103.2,303.5
40.386337,-120.590271,5025,103.5,302.8
40.387278,-120.591992,5050,105.0,306.9
40.388031,-120.593079,5075,104.8,311.9
40.388763,-120.593933,5100,104.9,318.9
40.389496,-120.594543,5125,105.4,324.6
40.389954,-120.594849,5125,106.5,332.0
40.391144,-120.595398,5125,108.2,340.6
40.391934,-120.595551,5125,109.8,349.5
40.392632,-120.595613,5125,111.2,356.4
40.395053,-120.595051,5100,115.7,9.9
40.395584,-120.594788,5100,117.7,19.4
40.396912,-120.593628,5100,120.6,37.2
40.397598,-120.592651,5100,122.4,47.3
40.398218,-120.591493,5100,123.7,55.5
40.398605,-120.590149,5100,127.0,68.3
40.398788,-120.589355,5100,128.6,74.7
40.398823,-120.586312,5075,130.4,85.6
40.398591,-120.584689,5075,133.0,102.2
40.398125,-120.582692,5050,134.1,108.7
40.397141,-120.57959,5050,134.5,112.8
40.395053,-120.573453,5125,132.4,115.0
40.393377,-120.569208,5200,130.2,117.9
40.39119,-120.564087,5300,128.1,120.0
40.38928,-120.559907,5400,126.8,122.4
40.388163,-120.557972,5450,123.8,128.4
40.387436,-120.557007,5500,120.9,136.0
40.386566,-120.556152,5550,118.2,144.3
40.385742,-120.5556,5575,114.9,153.7
40.384671,-120.555101,5625,113.9,160.0
40.383911,-120.554932,5650,111.6,170.2
40.383087,-120.554871,5675,111.1,177.9
40.382111,-120.555038,5700,110.9,187.2
40.38132,-120.555351,5700,110.2,195.8
40.380668,-120.555725,5725,110.1,204.7
40.37997,-120.556287,5725,110.1,212.4
40.379333,-120.557007,5725,109.8,221.7
40.378852,-120.557785,5750,110.1,230.5
40.378387,-120.558846,5750,108.8,240.8
40.378143,-120.559631,5775,108.3,248.9
40.377968,-120.560844,5800,108.3,258.3
40.377914,-120.562195,5825,107.1,267.9
40.378015,-120.563528,5875,106.8,277.0
40.378247,-120.565026,5900,104.1,283.9
40.378693,-120.566956,6000,100.3,286.8
40.379085,-120.568834,6075,96.0,284.5
40.379333,-120.570435,6150,92.9,278.0
40.379365,-120.57183,6200,92.0,270.6
40.379271,-120.573266,6250,92.3,265.6
40.379059,-120.574524,6250,94.6,256.5
40.378738,-120.575623,6275,96.2,249.3
40.378326,-120.576843,6275,99.8,241.9
40.377731,-120.577942,6275,103.5,235.2
40.376944,-120.579133,6250,105.6,228.5
40.376385,-120.579758,6250,107.7,221.2
40.375534,-120.580566,6250,109.6,213.8
40.374435,-120.581299,6250,110.9,206.8
40.373499,-120.581693,6275,111.3,199.4
40.372742,-120.581909,6275,112.4,191.8
40.371451,-120.582005,6300,112.2,183.1
40.370427,-120.581942,6325,113.3,175.9
40.369537,-120.581787,6325,113.2,168.8
40.368301,-120.581299,6350,114.8,161.7
40.367121,-120.580569,6350,115.0,154.8
40.36615,-120.579773,6375,115.7,147.0
40.365143,-120.578735,6400,116.4,139.9
40.364189,-120.57751,6400,116.8,132.6
40.363495,-120.576294,6425,118.2,125.7
40.362854,-120.574768,6425,118.5,117.7
40.362373,-120.573266,6450,119.4,111.6
40.361938,-120.571533,6450,120.3,105.4
40.361675,-120.569583,6450,123.6,99.3
40.361582,-120.568022,6425,125.3,94.1
40.361628,-120.566025,6425,127.3,86.4
40.361847,-120.564148,6425,129.2,79.3
40.362305,-120.562195,6400,129.3,72.0
40.362838,-120.560532,6400,130.2,65.0
40.36363,-120.558721,6400,130.7,58.1
40.364548,-120.55719,6400,131.5,50.9
40.365601,-120.555786,6400,131.5,44.4
40.366656,-120.554664,6400,131.2,37.6
40.367935,-120.553589,6400,131.0,31.3
40.369076,-120.552791,6400,131.0,25.8
40.37059,-120.552063,6400,130.3,19.3
40.371963,-120.551668,6400,130.3,12.9
40.373406,-120.551418,6400,130.7,5.7
40.375122,-120.551392,6400,130.0,359.1
40.376678,-120.551636,6400,129.0,352.9
40.377782,-120.551917,6400,127.8,346.0
40.379551,-120.552729,6400,126.9,339.7
40.381366,-120.55379,6400,126.6,334.2
40.38327,-120.555176,6400,126.1,329.0
40.384781,-120.55658,6400,126.0,324.0
40.386383,-120.558289,6400,124.7,318.9
40.387744,-120.560032,6400,124.5,313.7
40.388908,-120.561905,6400,123.1,308.7
40.389954,-120.563782,6400,123.1,304.1
40.390956,-120.566025,6400,121.7,298.5
40.391556,-120.567688,6400,121.7,295.3
40.392151,-120.569885,6400,120.5,288.9
40.39238,-120.571289,6400,118.1,280.7
40.392563,-120.573242,6425,116.4,274.4
40.392517,-120.574951,6450,115.1,267.5
40.392353,-120.576387,6450,114.3,261.4
40.392059,-120.577881,6475,113.1,254.6
40.391608,-120.579508,6500,112.5,247.5
40.391006,-120.580994,6500,112.0,240.0
40.390304,-120.582255,6525,111.6,233.8
40.389542,-120.583435,6525,111.1,226.8
40.388443,-120.584656,6550,112.0,220.7
40.38739,-120.585632,6550,113.2,213.8
40.386292,-120.586426,6550,116.0,209.4
40.384506,-120.587524,6500,120.0,203.6
40.382355,-120.588562,6475,123.7,198.9
40.380389,-120.589308,6450,126.6,193.7
40.378527,-120.589683,6450,128.0,187.2
40.376587,-120.589783,6450,127.1,181.8
40.374989,-120.589683,6450,127.4,175.5
40.373199,-120.589355,6450,127.1,169.6
40.371404,-120.588747,6450,127.2,163.6
40.369682,-120.58781,6450,127.8,157.4
40.368118,-120.586792,6450,127.5,151.4
40.366653,-120.585571,6450,126.8,145.9
40.365097,-120.583923,6450,127.3,141.1
40.363998,-120.58252,6450,128.0,134.1
40.363351,-120.581506,6450,128.6,129.6
40.361984,-120.579041,6450,128.2,125.8
40.361206,-120.577271,6450,129.4,119.1
40.360519,-120.575134,6450,129.1,112.8
40.360016,-120.573181,6450,128.7,107.2
40.359604,-120.57074,6450,129.2,100.7
40.359421,-120.56842,6450,128.8,96.2
40.359394,-120.56615,6450,129.0,89.6
40.359533,-120.563653,6450,128.8,83.8
40.359859,-120.561406,6450,129.1,77.5
40.360371,-120.559158,6450,129.4,70.6
40.361115,-120.556885,6450,128.9,65.2
40.361675,-120.5556,6450,128.6,59.7
40.362559,-120.553977,6450,128.0,53.6
40.363676,-120.552354,6450,127.4,46.9
40.364914,-120.550842,6450,126.3,40.5
40.366097,-120.549733,6450,126.5,34.7
40.367477,-120.548706,6450,125.7,28.0
40.369123,-120.547797,6450,124.2,22.2
40.370499,-120.547302,6450,123.2,15.1
40.371916,-120.546986,6450,122.5,8.9
40.373291,-120.546814,6450,121.1,2.4
40.374663,-120.546924,6450,120.2,356.7
40.376013,-120.547173,6450,118.7,350.3
40.377319,-120.547607,6450,117.4,344.2
40.378573,-120.548172,6450,117.2,338.5
40.379883,-120.549072,6450,116.3,332.3
40.380808,-120.549857,6450,114.5,326.0
40.381897,-120.551025,6450,113.5,319.3
40.383316,-120.552795,6450,111.7,315.0
40.385239,-120.555481,6475,110.5,311.3
40.386475,-120.557556,6475,108.6,306.8
40.387604,-120.559783,6475,108.8,302.2
40.388582,-120.562092,6475,108.2,297.5
40.38945,-120.564575,6475,107.5,293.0
40.390118,-120.566961,6475,107.5,288.4
40.390594,-120.569275,6475,107.2,284.0
40.390778,-120.570923,6475,106.9,277.5
40.390823,-120.572571,6475,106.0,270.5
40.390723,-120.574327,6475,105.6,264.0
40.390537,-120.575825,6475,105.5,257.4
40.390137,-120.577332,6475,106.0,252.4
40.389679,-120.578796,6475,106.9,245.1
40.389047,-120.580195,6475,106.3,238.9
40.388351,-120.581482,6475,107.0,232.6
40.387511,-120.582692,6475,107.5,226.5
40.386534,-120.583815,6475,108.6,220.1
40.385509,-120.584751,6475,109.0,213.4
40.384439,-120.585501,6475,109.7,208.9
40.383508,-120.586062,6475,111.1,203.3
40.38208,-120.58667,6475,111.4,196.2
40.380901,-120.586936,6475,112.8,190.2
40.379458,-120.587124,6475,113.2,183.5
40.377914,-120.587097,6475,114.0,179.5
40.376711,-120.586874,6475,115.4,171.0
40.375361,-120.586499,6475,116.9,165.1
40.373825,-120.58575,6475,117.7,159.1
40.372559,-120.584961,6475,118.1,152.8
40.371368,-120.583984,6475,118.7,147.4
40.370194,-120.582754,6475,120.1,140.7
40.36908,-120.581421,6475,120.2,134.3
40.368192,-120.580007,6475,121.7,128.7
40.367308,-120.57826,6475,122.6,122.0
40.36647,-120.576137,6475,123.4,117.0
40.365967,-120.574402,6475,124.3,109.8
40.365539,-120.572392,6475,124.9,104.4
40.365259,-120.570332,6475,126.2,97.7
40.365166,-120.568022,6475,127.0,91.3
40.365259,-120.565713,6475,127.4,85.5
40.365445,-120.564215,6475,127.7,80.5
40.365829,-120.5625,6475,127.8,72.7
40.366376,-120.561031,6450,128.4,63.6
40.367075,-120.559595,6450,130.1,55.3
40.367935,-120.558289,6425,133.1,47.4
40.369125,-120.556885,6375,134.7,40.8
40.370682,-120.55542,6325,136.5,34.8
40.371916,-120.554414,6325,135.8,30.5
40.373592,-120.553353,6325,133.8,25.2
40.375214,-120.55249,6350,130.3,19.3
40.37699,-120.551917,6400,125.4,13.4
40.378666,-120.551605,6425,121.8,6.6
40.380066,-120.551514,6450,119.0,1.0
40.381805,-120.551636,6450,116.5,354.6
40.38327,-120.552002,6450,114.8,347.4
40.384552,-120.552551,6450,113.2,340.9
40.385651,-120.553284,6450,111.8,333.4
40.386337,-120.553894,6450,111.2,326.7
40.386999,-120.554601,6450,110.6,319.4
40.387697,-120.5556,6450,109.0,312.8
40.388168,-120.556519,6450,107.2,306.7
40.388535,-120.557434,6450,106.5,298.0
40.388901,-120.558594,6450,104.8,290.7
40.38913,-120.559814,6450,104.1,281.6
40.389175,-120.561096,6450,103.6,276.1
40.38913,-120.562317,6450,102.2,266.1
40.388992,-120.563293,6450,102.2,258.1
40.388672,-120.564697,6450,102.2,250.0
40.388214,-120.565796,6450,102.0,241.9
40.387711,-120.566833,6450,102.4,234.1
40.386999,-120.567773,6450,102.6,226.2
40.386154,-120.568665,6450,103.2,218.3
40.381622,-120.572937,6450,105.8,216.5
40.379271,-120.575138,6450,105.4,213.4
40.377596,-120.576449,6425,106.6,209.2
40.37558,-120.577759,6425,107.4,205.4
40.373932,-120.578613,6400,107.6,200.1
40.372696,-120.579041,6425,107.3,191.8
40.37173,-120.579133,6425,107.5,185.3
40.370773,-120.579102,6425,108.0,178.4
40.369995,-120.578979,6425,108.5,170.4
40.369076,-120.578634,6425,109.1,162.4
40.368239,-120.578135,6425,110.0,154.1
40.36754,-120.577573,6425,111.0,147.9
40.366935,-120.576824,6400,112.6,142.2
40.366563,-120.576324,6400,114.8,131.5
40.365771,-120.574826,6375,117.5,120.7
40.365372,-120.573425,6375,118.7,110.7
40.36512,-120.57208,6375,117.9,102.7
40.365026,-120.570644,6375,117.4,94.9
40.365051,-120.569031,6375,117.1,88.0
40.365213,-120.567585,6375,116.9,79.7
40.365601,-120.565857,6375,117.0,71.6
40.366058,-120.564575,6375,117.2,64.8
40.366656,-120.563278,6375,116.3,58.4
40.367294,-120.562256,6375,115.9,51.0
40.368164,-120.561035,6375,115.3,43.2
40.369263,-120.559998,6375,114.6,35.8
40.370799,-120.558784,6375,116.1,30.5
40.376804,-120.554227,6325,118.7,29.8
40.380342,-120.55173,6275,120.3,27.2
40.383787,-120.549545,6250,121.7,25.3
40.387115,-120.547668,6225,122.4,22.6
40.391515,-120.545425,6200,120.6,20.4
40.395844,-120.543428,6175,121.1,18.3
40.400034,-120.541742,6150,120.9,16.3
40.402222,-120.541056,6100,121.8,12.3
40.403595,-120.540833,6075,120.4,4.8
40.404782,-120.540869,6025,120.1,358.1
40.40576,-120.541056,6000,118.4,351.2
40.406784,-120.54143,5975,117.0,343.1
40.407715,-120.541992,5950,116.3,334.5
40.408553,-120.542679,5925,114.5,326.0
40.409205,-120.543428,5900,114.2,319.6
40.409763,-120.544239,5875,113.8,314.6
40.410233,-120.545044,5850,112.6,303.4
40.410553,-120.546082,5850,111.8,297.7
40.410787,-120.547048,5825,112.6,286.5
40.410873,-120.54834,5775,112.4,275.1
40.410834,-120.549483,5750,114.4,265.0
40.410553,-120.550781,5700,115.0,256.9
40.410233,-120.551697,5675,117.7,245.4
40.409623,-120.552979,5625,119.8,236.6
40.408925,-120.554102,5575,122.1,230.3
40.407715,-120.555725,5500,123.8,224.0
40.406318,-120.557286,5425,123.8,218.4
40.404549,-120.558846,5375,121.8,213.9
40.402175,-120.560781,5325,117.5,210.7
40.399615,-120.562654,5250,112.8,208.6
40.397147,-120.564277,5200,107.8,204.7
40.395355,-120.565247,5175,107.3,201.3
40.393796,-120.5659,5150,107.3,196.2
40.392492,-120.566274,5125,107.9,190.7
40.391144,-120.566406,5125,108.2,183.2
40.390137,-120.566345,5100,109.1,177.4
40.389001,-120.566087,5100,110.0,169.0
40.388077,-120.565735,5075,110.4,162.1
40.386906,-120.564964,5050,112.7,154.8
40.386022,-120.564215,5050,115.4,144.5
40.38509,-120.563091,5025,116.8,138.1
40.38446,-120.562134,5025,118.4,130.6
40.383728,-120.56073,5025,119.3,123.0
40.381577,-120.55603,4975,118.3,120.5
40.379132,-120.550731,4900,116.3,121.6
40.377319,-120.547058,4875,112.6,123.4
40.376495,-120.54541,4850,107.6,123.2
40.375351,-120.543091,4850,102.6,123.1
40.374244,-120.541243,4850,98.1,129.2
40.373732,-120.540619,4825,96.2,136.7
40.373062,-120.539917,4825,95.8,143.5
40.372421,-120.53949,4800,95.8,151.3
40.371544,-120.539058,4800,96.6,158.8
40.370939,-120.538933,4775,96.1,168.0
40.370087,-120.538818,4750,96.1,177.0
40.369449,-120.538933,4750,96.0,181.8
40.368759,-120.539062,4725,95.9,191.4
40.367615,-120.539612,4700,95.5,197.7
40.367075,-120.540057,4675,94.4,208.5
40.366423,-120.540681,4650,93.1,219.3
40.365738,-120.541565,4650,91.9,225.0
40.364639,-120.543213,4625,91.4,228.1
40.363816,-120.544676,4600,89.1,235.1
40.363583,-120.545425,4600,87.2,244.9
40.363351,-120.546424,4575,85.7,253.0
40.363266,-120.547424,4550,85.5,264.0
40.363266,-120.548767,4500,86.1,272.7
40.363403,-120.549622,4475,87.3,279.9
40.36363,-120.550669,4450,88.2,287.8
40.364502,-120.552979,4375,89.7,292.3
40.36484,-120.55354,4350,91.0,305.6
40.365967,-120.55542,4300,92.3,309.7
40.367401,-120.557473,4250,87.9,311.3
40.368851,-120.559814,4225,84.0,308.2
40.371218,-120.56359,4150,88.1,309.5
40.372801,-120.566212,4100,84.6,308.8
40.373383,-120.567139,4100,79.7,308.9
40.373825,-120.567897,4075,76.1,309.1
40.374115,-120.568298,4100,73.2,308.9
40.374527,-120.56897,4100,66.8,308.9
40.374756,-120.569397,4100,62.6,308.5
40.374849,-120.56952,4100,59.0,308.8
40.375076,-120.569885,4100,54.7,309.8
40.375221,-120.570082,4100,51.9,309.5
40.375314,-120.570207,4100,48.4,308.3
40.375408,-120.570457,4100,44.8,308.7
40.37558,-120.57074,4100,39.8,308.9
40.375992,-120.57135,4100,34.8,309.2
40.376618,-120.572392,4100,29.8,309.6
40.376656,-120.572433,-50.0,28.5,309.4
40.376897,-120.572813,-50.0,27.5,309.4
40.377125,-120.573196,-50.0,25.5,306.6
40.377363,-120.573578,-50.0,21.5,309.4
40.377491,-120.573781,-50.0,18.5,306.6
40.377548,-120.573914,-50.0,15.5,300.9
40.377583,-120.57402,-50.0,13.8,289.7
40.377596,-120.574108,-50.0,12.2,281.2
40.377594,-120.574188,-50.0,10.8,270.0
40.377583,-120.574249,-50.0,10.2,255.9
40.377572,-120.574296,-50.0,9.2,244.7
40.377549,-120.574343,-50.0,8.8,236.2
40.377433,-120.57453,-50.0,4.2,236.2
40.377411,-120.574585,-50.0,0.5,239.1
40.377399,-120.574615,-50.0,2.8,241.9
40.377363,-120.574717,-50.0,5.8,244.7
40.377342,-120.574799,-50.0,6.8,250.3
40.377319,-120.574936,-50.0,7.2,255.9
40.377305,-120.575014,-50.0,7.2,261.6
40.377308,-120.575058,-50.0,7.2,270.0
40.377316,-120.575138,-50.0,6.8,278.4
40.377316,-120.575232,-50.0,6.8,272.8
40.377319,-120.575287,-50.0,6.8,261.6
40.377296,-120.575409,-50.0,6.8,255.9
40.377258,-120.575544,-50.0,7.2,250.3
40.377193,-120.575821,-50.0,7.8,247.5
40.377165,-120.575872,-50.0,7.8,241.9
40.377136,-120.575928,-50.0,7.8,233.4
40.377083,-120.576012,-50.0,6.8,227.8
40.377022,-120.576096,-50.0,6.8,222.2
40.376932,-120.576184,-50.0,7.8,219.4
40.376862,-120.576248,-50.0,7.8,213.8
40.37677,-120.576324,-50.0,7.2,208.1
40.376656,-120.576401,-50.0,7.2,210.9
40.376606,-120.576449,-50.0,7.2,216.6
40.376553,-120.576508,-50.0,7.8,222.2
40.376502,-120.576605,-50.0,7.8,230.6
40.376443,-120.576683,-50.0,6.8,225.0
40.376397,-120.57673,-50.0,6.8,213.8
40.376369,-120.576736,-50.0,6.8,202.5
40.376335,-120.576736,-50.0,6.2,185.6
40.376301,-120.576721,-50.0,6.8,174.4
40.376269,-120.576715,-50.0,6.8,160.3
40.376244,-120.576691,-50.0,7.2,149.1
40.376211,-120.576652,-50.0,7.8,129.4
40.376187,-120.57659,-50.0,7.8,112.5
40.376176,-120.576543,-50.0,7.2,101.2
40.376187,-120.576512,-50.0,6.2,84.4
40.376186,-120.576477,-50.0,5.8,70.3
40.376211,-120.576449,-50.0,5.2,53.4
40.376234,-120.576434,-50.0,4.8,36.6
40.376255,-120.576416,-50.0,4.8,22.5
40.376266,-120.576416,-50.0,4.2,8.4
40.376292,-120.576418,-50.0,3.8,357.2
40.376315,-120.576434,-50.0,3.8,343.1
40.376347,-120.576447,-50.0,1.9,337.5
40.376369,-120.576462,-50.0,0.1,337.5
40.376362,-120.576465,-50.0,0.1,340.3
40.376362,-120.576462,-50.0,0.1,340.3
40.376472,-120.576477,-50.0,0.0,354.4
40.376495,-120.576477,-50.0,0.0,2.8
40.376525,-120.576465,-50.0,0.0,11.2
40.376541,-120.576462,-50.0,0.0,22.5
40.376564,-120.576447,-50.0,0.0,33.8
40.376598,-120.576401,-50.0,0.0,47.8
40.376665,-120.576293,-50.0,0.0,47.8
40.37669,-120.576263,-50.0,0.0,39.4
40.376734,-120.576231,-50.0,0.0,33.8
40.376793,-120.576187,-50.0,0.0,28.1
40.376942,-120.576065,-50.0,0.0,30.9
40.377002,-120.576012,-50.0,5.2,36.6
40.377068,-120.575943,-50.0,5.2,42.2
40.377136,-120.575836,-50.0,6.2,45.0
40.377193,-120.57576,-50.0,5.8,47.8
40.377223,-120.575716,-50.0,5.8,56.2
40.377246,-120.575638,-50.0,6.2,61.9
40.37727,-120.57556,-50.0,6.8,70.3
40.377281,-120.575482,-50.0,6.8,78.8
40.377296,-120.575378,-50.0,7.2,87.2
40.377293,-120.575014,-50.0,8.2,87.2
40.377296,-120.574921,-50.0,7.8,78.8
40.377316,-120.574826,-50.0,7.8,73.1
40.377342,-120.574707,-50.0,4.2,67.5
40.377374,-120.574686,-50.0,0.3,64.7
40.377377,-120.574661,-50.0,1.4,64.7
40.377386,-120.574655,-50.0,1.9,59.1
40.377388,-120.574646,-50.0,2.2,53.4
40.377398,-120.574639,-50.0,3.2,42.2
40.377422,-120.574615,-50.0,3.2,28.1
40.377433,-120.574608,-50.0,3.2,16.9
40.377456,-120.574608,-50.0,3.8,5.6
40.377468,-120.574615,-50.0,4.2,354.4
40.377491,-120.574623,-50.0,4.2,343.1
40.377502,-120.574639,-50.0,4.8,329.1
40.377514,-120.574655,-50.0,5.2,323.4
40.377537,-120.574692,-50.0,5.8,309.4
40.377754,-120.575058,-50.0,10.2,309.4
40.37804,-120.5755,-50.0,12.2,309.4
40.378315,-120.575943,-50.0,13.2,309.4
40.378578,-120.576385,-50.0,13.8,309.4
40.378853,-120.576828,-50.0,11.2,309.4
40.37912,-120.577276,-50.0,8.8,309.4
40.379288,-120.57753,-50.0,4.2,309.4
40.379311,-120.577576,-50.0,0.0,309.4
40.379345,-120.577621,-50.0,0.0,309.4
40.379379,-120.577667,-50.0,4.2,315.0
40.379414,-120.577698,-50.0,4.8,326.2
40.379446,-120.577713,-50.0,4.8,337.5
40.379471,-120.577713,-50.0,5.2,348.8
40.379493,-120.577713,-50.0,5.2,2.8
40.379516,-120.577713,-50.0,5.8,14.1
40.379551,-120.577682,-50.0,6.2,22.5
40.379597,-120.577652,-50.0,7.2,36.6
40.379655,-120.577573,-50.0,7.8,42.2
40.379688,-120.57753,-50.0,6.8,50.6
40.379714,-120.577479,-50.0,5.8,64.7
40.379711,-120.577438,-50.0,5.8,78.8
40.379714,-120.577401,-50.0,5.8,90.0
40.37969,-120.577323,-50.0,5.2,115.3
40.379677,-120.577286,-50.0,4.8,123.8
40.379632,-120.57723,-50.0,1.9,129.4
40.379608,-120.577194,-50.0,5.2,129.4
40.379586,-120.577152,-50.0,8.2,129.4
40.379551,-120.577089,-50.0,12.8,129.4
40.379504,-120.577027,-50.0,16.5,129.4
40.379481,-120.57698,-50.0,19.5,129.4
40.379423,-120.576886,-50.0,22.5,129.4
40.379391,-120.576828,-50.0,24.5,129.4
40.379353,-120.576777,-50.0,27.5,129.4
40.379253,-120.576614,-50.0,31.5,129.4
40.379178,-120.576449,4125,31.5,0.0
40.379085,-120.576387,4125,36.2,129.4
40.378922,-120.576111,4125,39.1,129.8
40.378852,-120.576012,4125,42.6,129.3
40.378713,-120.575763,4125,48.4,128.3
40.378573,-120.575513,4125,50.5,129.4
40.378387,-120.575263,4125,56.9,129.3
40.378201,-120.574951,4125,60.4,129.0
40.378108,-120.574764,4125,62.6,128.5
40.377921,-120.574452,4100,66.8,128.9
40.377642,-120.573952,4100,71.1,129.3
40.377409,-120.57364,4100,75.4,128.5
40.37713,-120.573203,4100,78.9,129.3
40.376678,-120.572449,4100,83.9,129.2
40.376152,-120.571643,4125,88.9,129.1
40.374939,-120.569702,4150,93.7,129.8
40.373639,-120.567585,4200,96.7,129.1
40.372284,-120.565369,4300,98.9,128.8
40.370453,-120.562317,4400,100.4,128.1
40.368844,-120.55972,4500,102.5,128.7
40.366974,-120.556641,4600,102.5,128.7
40.365372,-120.553955,4675,103.2,125.5
40.364777,-120.552551,4725,103.8,118.8
40.364282,-120.551106,4775,104.1,109.7
40.363907,-120.548401,4800,104.8,103.2
40.363861,-120.547974,4825,109.4,94.7
40.363907,-120.546753,4825,112.0,88.5
40.36409,-120.54541,4825,114.6,80.5
40.364328,-120.544427,4825,117.6,72.2
40.364794,-120.543116,4850,119.4,64.7
40.365463,-120.541687,4850,121.0,57.5
40.366097,-120.540681,4875,121.9,49.0
40.366791,-120.539856,4900,122.6,41.4
40.36754,-120.539246,4925,123.5,35.1
40.368301,-120.538757,4925,125.7,24.9
40.369308,-120.53833,4950,126.7,15.6
40.370333,-120.538184,4950,128.0,7.2
40.371231,-120.538147,4975,129.0,359.1
40.372102,-120.538309,4975,130.1,352.5
40.373266,-120.538746,5000,131.3,343.6
40.374344,-120.539368,5025,131.7,336.7
40.375397,-120.540161,5025,133.3,328.8
40.376587,-120.541382,5050,135.7,320.7
40.37796,-120.543091,5075,136.5,314.7
40.379196,-120.544983,5125,136.7,308.5
40.380063,-120.546674,5150,136.5,303.3
40.380386,-120.547485,5175,135.5,297.7
40.381119,-120.549744,5225,135.1,289.9
40.381439,-120.551331,5250,135.4,282.8
40.381622,-120.553284,5300,135.5,275.1
40.381622,-120.555908,5325,136.0,269.2
40.381413,-120.560594,5425,136.3,266.2
40.38121,-120.565308,5525,134.1,267.4
40.381134,-120.569396,5625,133.0,270.0
40.381256,-120.571899,5675,131.7,276.1
40.381599,-120.574452,5750,131.2,280.5
40.382484,-120.57957,5850,132.4,283.1
40.383224,-120.584045,5950,131.6,281.4
40.38382,-120.588013,6050,128.7,281.7
40.384532,-120.592305,6150,125.7,281.9
40.38537,-120.597985,6250,126.1,280.5
40.386292,-120.604919,6325,127.9,279.9
40.386978,-120.610046,6425,125.9,280.1
40.387651,-120.614901,6525,124.8,279.7
40.388209,-120.619521,6625,124.6,279.2
40.388901,-120.624939,6725,123.6,279.3
40.389606,-120.630632,6825,124.3,278.3
40.390397,-120.637373,6925,124.8,279.7
40.391235,-120.644226,7000,127.4,278.6
40.392166,-120.652417,7125,130.5,278.8
40.392958,-120.659721,7250,130.3,277.9
40.393707,-120.666321,7425,130.1,277.5
40.394634,-120.675077,7575,132.5,278.7
40.395493,-120.682556,7725,128.4,278.5
40.396179,-120.688782,7900,126.3,278.2
40.396915,-120.695364,8050,126.3,278.2
40.397781,-120.703186,8175,128.4,278.5
40.39873,-120.711282,8300,127.3,278.1
40.399475,-120.71875,8450,125.3,278.3
40.400406,-120.727199,8575,127.3,278.1
40.401352,-120.735352,8725,127.3,278.1
40.402129,-120.742555,8875,126.2,277.7
40.40306,-120.751232,9000,128.4,278.5
40.404053,-120.759827,9125,129.3,278.0
40.404922,-120.767961,9250,127.4,278.6
40.405806,-120.775889,9375,126.3,278.2
40.406525,-120.78302,9525,126.3,278.2
40.407342,-120.790433,9650,127.3,278.1
40.40818,-120.798423,9775,127.4,278.6
40.408997,-120.805359,9925,127.3,278.1
40.410136,-120.815402,10025,131.4,278.3
40.411206,-120.82539,10150,132.4,278.2
40.41223,-120.834503,10275,130.4,278.4
40.413161,-120.843117,10400,130.3,277.9
40.414186,-120.852294,10475,134.4,278.1
40.415861,-120.867587,10475,144.4,278.0
40.41777,-120.885253,10475,151.5,278.0
40.419772,-120.903417,10475,156.6,278.1
40.421768,-120.921936,10475,159.5,277.9
40.423828,-120.940796,10475,160.7,278.2
40.425934,-120.959961,10475,161.5,277.8
40.428012,-120.979198,10475,160.7,278.2
40.430106,-120.998424,10475,159.5,277.9
40.432114,-121.01709,10475,159.5,277.9
40.434174,-121.03595,10475,160.7,278.2
40.436205,-121.055041,10475,162.6,278.1
40.438339,-121.074585,10475,164.6,278.0
40.440395,-121.093993,10475,163.5,277.7
40.442459,-121.113159,10475,163.6,278.1
40.444427,-121.131592,10475,160.5,277.9
40.446533,-121.151184,10475,160.5,277.9
40.448547,-121.170166,10475,159.5,277.9
40.450516,-121.188599,10475,157.5,278.0
40.452545,-121.207289,10475,158.5,278.0
40.454544,-121.226318,10475,159.5,277.9
40.456558,-121.245178,10475,157.5,278.0
40.45855,-121.263906,10475,156.6,278.1
40.460312,-121.280457,10475,155.6,278.1
40.461995,-121.298863,10475,155.4,277.8
40.462051,-121.300659,10475,155.1,272.2
40.462507,-121.319462,10475,156.1,271.8
40.462921,-121.337708,10475,156.1,271.8
40.46347,-121.356323,10475,155.1,272.2
40.464066,-121.375183,10475,156.1,272.2
40.464615,-121.393982,10450,157.1,272.2
40.46521,-121.41272,10475,157.2,272.9
40.466045,-121.431697,10475,160.3,273.2
40.466858,-121.450684,10475,156.3,273.3
40.46759,-121.468872,10475,154.2,273.0
40.468326,-121.487441,10475,153.2,273.0
40.469024,-121.505606,10475,152.2,273.0
40.469376,-121.513245,10475,152.6,274.9
40.469925,-121.518372,10475,152.6,278.3
40.472076,-121.536865,10475,154.9,278.9
40.474274,-121.554871,10475,154.9,278.9
40.476519,-121.573583,10475,156.0,279.2
40.47876,-121.592102,10450,158.0,279.1
40.479498,-121.598303,10400,161.0,278.9
40.480728,-121.608215,10275,166.0,279.0
40.482105,-121.620026,10150,170.0,278.8
40.483475,-121.631653,10025,173.0,278.6
40.484848,-121.643127,9900,175.1,278.9
40.486267,-121.654724,9775,177.1,278.8
40.487598,-121.666156,9650,178.1,278.7
40.489042,-121.678141,9525,179.2,279.0
40.490392,-121.689627,9400,180.2,278.9
40.491835,-121.701299,9275,181.2,278.9
40.493231,-121.713097,9150,182.2,278.8
40.494598,-121.724548,9025,182.2,278.8
40.495931,-121.735819,8900,183.2,278.8
40.497299,-121.747375,8775,183.2,278.8
40.498724,-121.759352,8650,183.2,278.8
40.500121,-121.771212,8525,183.2,278.8
40.501471,-121.782449,8400,183.2,278.8
40.502868,-121.794371,8275,184.1,278.8
40.504264,-121.805857,8150,184.1,278.8
40.50563,-121.817444,8025,185.1,278.7
40.507004,-121.829224,7900,185.3,279.0
40.508377,-121.84082,7775,185.1,278.7
40.50975,-121.8526,7650,186.3,279.0
40.511124,-121.864014,7525,186.1,278.6
40.512411,-121.87527,7400,186.1,278.6
40.513807,-121.886881,7275,187.3,278.9
40.515152,-121.898254,7150,187.1,278.6
40.516507,-121.909852,7025,188.1,278.6
40.517578,-121.919153,6925,189.1,278.5
40.518602,-121.928454,6850,189.2,278.8
40.51944,-121.935508,6750,190.2,278.8
40.520557,-121.945121,6650,191.2,278.7
40.521675,-121.954297,6550,191.2,278.7
40.522797,-121.963806,6450,191.4,279.0
40.523909,-121.973086,6350,191.2,278.7
40.524902,-121.981934,6250,191.2,278.7
40.526001,-121.991272,6175,190.1,278.5
40.526779,-121.998108,6075,190.1,278.5
40.527969,-122.007935,5975,189.2,278.8
40.529068,-122.017639,5900,187.1,278.6
40.530287,-122.027893,5900,182.2,278.8
40.531174,-122.035706,5825,183.0,278.5
40.531998,-122.042969,5725,184.1,278.8
40.533173,-122.0528,5625,184.3,279.0
40.534286,-122.062195,5525,184.1,278.8
40.535248,-122.070618,5425,185.1,278.7
40.536301,-122.079956,5350,185.1,278.7
40.53713,-122.086945,5250,185.1,278.7
40.538177,-122.09613,5150,184.1,278.8
40.539276,-122.105652,5050,184.0,278.4
40.540329,-122.115112,4950,183.0,278.5
40.541428,-122.124329,4850,183.2,278.8
40.542484,-122.133699,4750,183.0,278.5
40.543508,-122.142688,4650,183.2,278.8
40.544586,-122.151794,4575,182.2,278.8
40.545416,-122.158855,4475,181.2,278.9
40.546534,-122.168406,4400,181.0,278.6
40.547287,-122.175049,4300,181.0,278.6
40.548303,-122.184136,4225,182.0,278.5
40.549301,-122.192566,4125,183.0,278.5
40.550262,-122.200867,4025,181.2,278.9
40.55091,-122.205984,4000,179.9,280.2
40.551328,-122.208044,4025,177.5,284.4
40.552166,-122.211227,4025,172.8,290.3
40.553101,-122.213989,4050,169.5,296.3
40.554291,-122.216614,4075,166.5,301.5
40.555756,-122.21936,4100,163.6,306.8
40.558125,-122.223088,4125,161.7,310.5
40.561244,-122.227769,4150,157.2,311.9
40.562873,-122.230141,4150,152.9,312.4
40.564922,-122.233075,4175,148.7,312.3
40.566238,-122.234985,4150,145.1,312.5
40.567342,-122.236571,4150,140.1,312.7
40.56846,-122.238131,4150,135.1,312.9
40.569489,-122.239624,4150,131.0,312.2
40.570741,-122.241377,4125,126.1,311.8
40.571811,-122.243063,4100,121.3,310.6
40.574465,-122.247308,4050,119.6,308.2
40.578655,-122.254673,4000,122.2,306.7
40.585405,-122.266284,3975,120.8,306.6
40.588896,-122.272713,3975,122.9,304.7
40.593039,-122.280454,4000,126.8,305.7
40.594622,-122.283076,4050,125.0,309.8
40.596222,-122.285339,4100,123.7,314.7
40.598858,-122.288569,4125,123.2,317.6
40.604445,-122.295061,4175,120.4,318.4
40.60761,-122.298681,4150,123.3,319.0
40.612015,-122.303528,4100,127.7,319.5
40.61412,-122.306091,4100,129.5,316.6
40.615723,-122.308289,4075,131.6,312.5
40.617386,-122.310916,4075,132.4,308.2
40.618736,-122.313413,4075,132.6,303.9
40.62004,-122.316284,4050,129.0,299.7
40.62111,-122.319031,4075,124.3,295.7
40.622134,-122.322152,4075,120.3,291.5
40.623112,-122.325897,4100,115.7,288.1
40.62442,-122.33136,4125,111.0,287.3
40.625626,-122.336634,4125,108.7,284.9
40.626343,-122.340698,4100,109.4,282.1
40.62679,-122.344187,4075,109.2,278.4
40.627069,-122.34762,4050,109.4,274.7
40.627121,-122.35022,4050,110.0,270.5
40.627022,-122.352864,4025,110.4,265.3
40.626801,-122.355225,4025,111.5,260.7
40.626371,-122.35767,4000,111.3,256.0
40.625793,-122.360168,3975,109.7,251.4
40.625021,-122.362726,3925,110.7,247.1
40.62395,-122.365785,3825,111.4,245.1
40.622647,-122.369655,3725,112.0,246.9
40.621857,-122.372437,3650,112.3,250.8
40.620941,-122.376343,3575,112.6,253.5
40.619993,-122.380579,3475,110.4,253.7
40.618876,-122.385198,3400,107.5,251.6
40.617737,-122.389526,3300,108.5,250.1
40.616455,-122.394187,3200,108.8,251.2
40.615631,-122.397888,3150,107.0,254.3
40.615012,-122.401054,3100,105.5,257.4
40.614624,-122.404114,3025,105.2,261.2
40.614221,-122.406672,3000,105.5,257.4
40.613755,-122.408794,3025,106.3,251.9
40.613251,-122.410278,3050,107.0,246.3
40.612591,-122.411978,3075,107.0,240.3
40.611614,-122.413913,3100,107.3,236.0
40.610915,-122.415036,3125,108.4,228.4
40.610171,-122.41591,3150,109.7,222.4
40.609131,-122.416931,3150,111.6,216.2
40.607517,-122.418282,3200,113.0,210.9
40.604351,-122.420779,3250,113.4,213.1
40.603088,-122.422058,3300,111.0,218.4
40.601977,-122.423338,3375,108.2,223.9
40.601,-122.424774,3425,107.1,229.2
40.600162,-122.42621,3450,106.0,234.2
40.599289,-122.42804,3500,106.7,239.6
40.598007,-122.430908,3600,105.0,239.0
40.597136,-122.433076,3675,102.0,243.2
40.59667,-122.434512,3725,100.3,249.6
40.596405,-122.436035,3775,99.5,257.2
40.596251,-122.437259,3800,99.7,263.1
40.596222,-122.438782,3825,100.0,269.4
40.596359,-122.440369,3850,100.7,276.8
40.596725,-122.443481,3925,100.6,280.3
40.597462,-122.448495,4025,104.7,280.5
40.598053,-122.453308,4100,108.0,278.0
40.598579,-122.457608,4150,111.8,280.3
40.599335,-122.46228,4250,110.9,283.0
40.599836,-122.465598,4325,108.5,279.5
40.600159,-122.468384,4425,107.1,278.0
40.600616,-122.472168,4500,106.1,281.4
40.601046,-122.474088,4575,105.0,287.7
40.601419,-122.475274,4600,104.3,294.4
40.602036,-122.476624,4625,104.1,301.2
40.602862,-122.47827,4625,105.2,306.1
40.605655,-122.483077,4650,106.5,304.3
40.60747,-122.486884,4675,103.2,301.5
40.609053,-122.49038,4675,100.7,299.1
40.610543,-122.494188,4650,99.3,296.3
40.613708,-122.502615,4650,102.4,297.3
40.614779,-122.504987,4625,101.9,301.4
40.616364,-122.508057,4625,102.1,304.6
40.62004,-122.515287,4625,100.4,303.2
40.623019,-122.521341,4625,102.4,301.8
40.62442,-122.524475,4600,104.3,299.3
40.625766,-122.528021,4625,102.4,296.1
40.626846,-122.531189,4650,99.0,293.2
40.627213,-122.532532,4650,98.1,286.6
40.627302,-122.533451,4650,98.0,278.2
40.627302,-122.534263,4650,100.0,268.3
40.627167,-122.535156,4650,101.0,258.6
40.626836,-122.53626,4650,102.9,248.9
40.626526,-122.536865,4650,103.8,238.0
40.626045,-122.537571,4650,104.2,229.3
40.625748,-122.537964,4650,104.7,225.0
40.625207,-122.538445,4650,105.1,214.1
40.624509,-122.538882,4625,106.5,204.4
40.623871,-122.539062,4625,107.4,194.6
40.623438,-122.539132,4625,107.9,187.4
40.622681,-122.539124,4625,109.0,179.5
40.621715,-122.538945,4625,109.7,170.0
40.6203,-122.538391,4600,109.5,163.6
40.618922,-122.537759,4600,109.2,159.1
40.617759,-122.536947,4625,108.3,151.3
40.616547,-122.535889,4625,108.2,144.4
40.615338,-122.534575,4625,108.4,138.4
40.614221,-122.533077,4625,109.7,132.4
40.613022,-122.531128,4575,112.6,127.8
40.610825,-122.527222,4475,114.4,126.5
40.608444,-122.523071,4375,112.0,127.4
40.60626,-122.519344,4275,110.6,127.3
40.604165,-122.515786,4175,109.0,127.9
40.602303,-122.512665,4075,108.1,129.0
40.600767,-122.51023,3975,110.1,129.5
40.598831,-122.507202,3900,108.4,127.5
40.598145,-122.505798,3875,105.5,121.4
40.597695,-122.50455,3875,103.4,114.6
40.597458,-122.503479,3875,100.4,105.0
40.597366,-122.502502,3875,98.9,97.6
40.597366,-122.501282,3875,98.0,90.6
40.597458,-122.500366,3850,99.0,81.9
40.597595,-122.499512,3825,99.5,74.8
40.597974,-122.498495,3800,101.5,63.7
40.598393,-122.497621,3775,103.2,56.5
40.598719,-122.497184,3775,104.5,50.8
40.599417,-122.49631,3750,106.3,41.2
40.600255,-122.495499,3725,108.5,34.9
40.601257,-122.494751,3700,111.4,28.4
40.602489,-122.494125,3675,111.8,21.5
40.60356,-122.493688,3675,110.1,13.7
40.604538,-122.493626,3700,108.2,3.7
40.605329,-122.493688,3700,105.4,355.1
40.605981,-122.493876,3725,104.1,346.1
40.606679,-122.494313,3750,102.5,335.2
40.607254,-122.494812,3750,102.6,322.1
40.607936,-122.495811,3750,103.2,314.2
40.608308,-122.49656,3725,105.4,303.4
40.608727,-122.497746,3725,108.1,292.3
40.609007,-122.499057,3700,111.6,284.5
40.609472,-122.502365,3625,116.1,280.9
40.609845,-122.504238,3600,116.1,287.0
40.610275,-122.505615,3600,114.4,292.1
40.610822,-122.506797,3600,110.3,300.5
40.611465,-122.507935,3625,108.2,305.6
40.612219,-122.508982,3650,104.0,313.8
40.613336,-122.51048,3650,99.7,314.6
40.614546,-122.512165,3675,94.8,313.3
40.616502,-122.515037,3675,95.8,310.3
40.617712,-122.517097,3650,98.8,305.9
40.618876,-122.519406,3650,100.2,301.9
40.619714,-122.521341,3650,100.7,297.8
40.620758,-122.524292,3675,99.8,294.2
40.621033,-122.525452,3675,99.7,285.7
40.621203,-122.52671,3700,99.0,278.1
40.621203,-122.527646,3700,99.0,270.0
40.621064,-122.528832,3700,99.6,259.6
40.62085,-122.529724,3700,100.2,251.4
40.620529,-122.530518,3700,102.0,241.9
40.619946,-122.531454,3700,103.2,231.7
40.619434,-122.532016,3700,105.5,222.3
40.618829,-122.53264,3700,106.5,214.3
40.618149,-122.533081,3700,107.3,206.6
40.617371,-122.533386,3700,109.1,197.6
40.616684,-122.533508,3700,109.7,190.0
40.615677,-122.53363,3700,109.3,184.2
40.61467,-122.533569,3700,109.0,178.4
40.614127,-122.533451,3725,108.1,168.8
40.613476,-122.533077,3725,107.2,157.5
40.612917,-122.532578,3725,106.7,149.6
40.612518,-122.532043,3725,107.6,137.3
40.612079,-122.531267,3725,107.8,127.1
40.61174,-122.530518,3700,110.5,118.7
40.611474,-122.529581,3700,112.7,111.3
40.611145,-122.528015,3650,117.4,103.8
40.610776,-122.525898,3650,121.3,103.3
40.610357,-122.523901,3625,122.7,104.2
40.609984,-122.521903,3650,121.3,103.3
40.609634,-122.519287,3700,117.2,98.3
40.609543,-122.517578,3750,113.1,92.0
40.609658,-122.516223,3750,110.5,84.8
40.609818,-122.515259,3775,108.1,78.8
40.610031,-122.51435,3775,106.6,69.7
40.610413,-122.513367,3775,105.6,65.4
40.610869,-122.512478,3775,103.5,55.2
40.611521,-122.511541,3800,101.8,45.8
40.612172,-122.510917,3800,101.0,35.7
40.612824,-122.510418,3800,101.1,28.3
40.613708,-122.509981,3800,100.6,19.2
40.61464,-122.509731,3800,101.4,9.6
40.615631,-122.509644,3800,102.0,1.7
40.616638,-122.509827,3800,102.7,353.3
40.617526,-122.510105,3800,103.2,343.7
40.618378,-122.510559,3800,103.0,335.9
40.619248,-122.511229,3800,103.1,329.7
40.619993,-122.512041,3800,103.1,320.9
40.620758,-122.513062,3825,102.6,313.0
40.621353,-122.514099,3825,100.8,306.5
40.621902,-122.515259,3850,99.5,300.2
40.622452,-122.516785,3875,98.1,293.4
40.62274,-122.517971,3900,98.1,286.6
40.622879,-122.519157,3900,98.5,279.9
40.622955,-122.520691,3900,101.0,271.7
40.622879,-122.521966,3900,103.4,265.0
40.622681,-122.523438,3900,104.8,256.8
40.622274,-122.5249,3875,106.0,249.0
40.621715,-122.526335,3875,107.9,240.6
40.621157,-122.527396,3875,108.5,235.1
40.620483,-122.528442,3875,108.4,228.4
40.619528,-122.529581,3900,109.1,221.3
40.618317,-122.530767,3900,109.3,214.6
40.617371,-122.531433,3900,110.1,208.2
40.616176,-122.532078,3900,111.1,200.6
40.615219,-122.53241,3900,112.1,193.4
40.614075,-122.532593,3900,112.9,187.1
40.61261,-122.532654,3900,114.0,180.5
40.610596,-122.532532,3900,114.3,176.0
40.608355,-122.532203,3900,115.1,172.0
40.60626,-122.531704,3900,115.3,168.5
40.604965,-122.53125,3900,115.8,163.4
40.603821,-122.53064,3900,116.6,157.8
40.602955,-122.530018,3900,116.4,151.2
40.601884,-122.529082,3900,116.6,143.7
40.601093,-122.528146,3900,116.0,135.7
40.600162,-122.526772,3900,116.5,129.4
40.599472,-122.525391,3900,116.0,122.3
40.598877,-122.523926,3900,115.0,115.2
40.598439,-122.522278,3900,113.8,108.4
40.598113,-122.52053,3900,112.2,101.3
40.597974,-122.518845,3900,109.4,94.7
40.598007,-122.516907,3900,107.1,87.9
40.59816,-122.515224,3925,104.2,81.2
40.598511,-122.513306,3925,102.4,75.3
40.598969,-122.511597,3925,99.7,68.8
40.599472,-122.510193,3925,98.4,62.1
40.600204,-122.508728,3925,96.0,56.5
40.600937,-122.507446,3950,95.9,50.5
40.601944,-122.506104,3950,94.8,44.1
40.602908,-122.505049,3950,93.9,39.0
40.603979,-122.504051,3950,92.7,32.7
40.605003,-122.503301,3950,93.0,26.8
40.60626,-122.502615,3975,92.1,21.0
40.607331,-122.50224,3975,91.7,13.9
40.608588,-122.501928,3975,90.9,8.2
40.609845,-122.501803,3975,92.1,3.1
40.610825,-122.501831,3975,92.1,358.1
40.612106,-122.502075,4000,92.2,350.6
40.613196,-122.502428,4000,91.9,345.5
40.614407,-122.502989,4000,92.1,339.0
40.61554,-122.503662,4000,93.0,333.2
40.616455,-122.504425,4000,92.7,327.3
40.617293,-122.505237,4000,92.6,322.0
40.618178,-122.506298,4025,93.4,315.9
40.61911,-122.50769,4025,94.5,309.4
40.619853,-122.509044,4025,94.6,303.4
40.620691,-122.510979,4025,96.7,298.4
40.62204,-122.514221,4000,101.6,298.8
40.624881,-122.52078,3975,104.4,300.5
40.628494,-122.528503,4025,100.5,301.2
40.631631,-122.535199,4025,95.5,300.9
40.635269,-122.54303,4075,91.6,301.6
40.639572,-122.552368,4100,93.3,301.0
40.642181,-122.558044,4100,96.7,299.7
40.642685,-122.559448,4100,96.8,293.1
40.64299,-122.560855,4100,97.5,285.5
40.643223,-122.562415,4100,99.0,278.1
40.643362,-122.565037,4100,99.2,273.5
40.643548,-122.568907,4100,100.1,272.3
40.643455,-122.570405,4100,100.2,266.0
40.643316,-122.571467,4100,100.4,257.4
40.64299,-122.572715,4100,100.9,250.3
40.642664,-122.573589,4100,100.6,243.4
40.64209,-122.574707,4100,102.1,235.4
40.641541,-122.575562,4100,102.7,227.8
40.640802,-122.576398,4100,103.3,222.6
40.640057,-122.577022,4100,104.0,213.2
40.639173,-122.577584,4100,105.6,205.8
40.638474,-122.577959,4100,106.3,199.8
40.63731,-122.578333,4100,107.1,191.3
40.63623,-122.57843,4100,107.2,183.7
40.635269,-122.578369,4100,108.3,175.8
40.634262,-122.578125,4100,108.1,168.8
40.633354,-122.577709,4100,108.8,161.2
40.632329,-122.577085,4100,109.1,152.7
40.631352,-122.576211,4100,109.6,144.3
40.630654,-122.575399,4100,109.0,138.0
40.629959,-122.574341,4100,109.2,130.5
40.62941,-122.573303,4100,107.6,123.2
40.628998,-122.572266,4100,107.3,116.6
40.628652,-122.570967,4100,105.6,108.8
40.628403,-122.569641,4100,103.9,101.1
40.628311,-122.56842,4100,103.2,93.3
40.628419,-122.567097,4100,102.5,84.4
40.628605,-122.565911,4100,101.6,76.9
40.628931,-122.564725,4100,100.1,68.3
40.629443,-122.563477,4100,99.4,61.1
40.629816,-122.56279,4100,98.0,53.7
40.630421,-122.561978,4100,96.2,45.8
40.63147,-122.56073,4075,98.0,40.0
40.635867,-122.555861,4075,99.6,38.5
40.638107,-122.553772,4125,96.8,35.3
40.639893,-122.552124,4125,98.7,33.8
40.643874,-122.548745,4125,100.2,31.9
40.645038,-122.547871,4150,97.5,26.8
40.645969,-122.547434,4175,95.9,20.1
40.6469,-122.547122,4175,94.8,14.0
40.647505,-122.547059,4175,95.2,3.6
40.648576,-122.547059,4175,94.1,357.0
40.649461,-122.547309,4175,94.2,347.7
40.65095,-122.547809,4175,92.4,344.3
40.652207,-122.54837,4200,89.0,338.9
40.652893,-122.548828,4225,88.1,332.3
40.65358,-122.549438,4225,88.2,324.7
40.654221,-122.550171,4225,89.4,319.5
40.65477,-122.550964,4225,92.0,312.4
40.655273,-122.551941,4225,94.9,304.7
40.655606,-122.55274,4225,97.5,298.1
40.655885,-122.553614,4200,99.2,291.9
40.656071,-122.55455,4200,101.4,284.9
40.656281,-122.556152,4175,105.8,277.1
40.656326,-122.558105,4150,110.0,271.0
40.656235,-122.563416,4125,111.0,269.0
40.656143,-122.57312,4125,109.0,270.0
40.656257,-122.578083,4100,109.1,272.6
40.656723,-122.587759,4125,104.2,273.9
40.656967,-122.59314,4125,101.0,271.7
40.656909,-122.594563,4125,102.3,265.5
40.656738,-122.596069,4125,103.0,258.8
40.656443,-122.597372,4125,104.0,252.1
40.655978,-122.598745,4125,104.3,245.6
40.655319,-122.60022,4125,105.0,239.0
40.654587,-122.601562,4100,105.6,232.7
40.653697,-122.602865,4125,105.4,226.1
40.652573,-122.604065,4100,106.0,218.5
40.651932,-122.604614,4125,105.3,210.2
40.650718,-122.6053,4125,105.9,202.2
40.649734,-122.605652,4125,106.2,194.2
40.648727,-122.605835,4125,107.7,186.4
40.647785,-122.605861,4125,109.0,179.5
40.646667,-122.605674,4125,110.2,171.6
40.645457,-122.605237,4125,110.9,164.8
40.644526,-122.604738,4125,111.5,156.2
40.643509,-122.603943,4125,111.5,147.4
40.642639,-122.602966,4125,112.0,139.3
40.641769,-122.601807,4125,111.9,132.1
40.641174,-122.600618,4100,110.9,124.0
40.640717,-122.599548,4100,110.5,117.5
40.640305,-122.598022,4125,109.1,109.3
40.640076,-122.596741,4125,106.9,100.8
40.640011,-122.595437,4100,105.2,93.3
40.640057,-122.593627,4125,104.2,86.7
40.640488,-122.584167,4100,105.2,86.2
40.640671,-122.58252,4125,102.8,79.3
40.640988,-122.58108,4125,100.9,72.1
40.641357,-122.580017,4125,99.7,64.5
40.641815,-122.578979,4125,99.9,57.3
40.642385,-122.578083,4100,100.0,49.5
40.643223,-122.577085,4100,100.7,41.0
40.644104,-122.576294,4075,100.7,32.4
40.645038,-122.575649,4075,101.1,25.8
40.646109,-122.57515,4075,100.2,18.6
40.64718,-122.574837,4075,100.0,11.5
40.648315,-122.574646,4100,99.4,5.2
40.650392,-122.574463,4125,99.0,8.1
40.65109,-122.574213,4125,99.0,16.4
40.651703,-122.573792,4125,99.3,25.0
40.6523,-122.573277,4125,100.4,33.2
40.652859,-122.57259,4100,101.1,43.8
40.653324,-122.571841,4100,103.0,53.7
40.653557,-122.571155,4100,104.3,60.7
40.653837,-122.570218,4100,105.0,70.5
40.653976,-122.569282,4100,106.3,78.1
40.654037,-122.568054,4100,108.1,87.9
40.65393,-122.567035,4075,109.3,94.2
40.653763,-122.56604,4075,111.3,104.0
40.653397,-122.564758,4075,112.9,112.9
40.652802,-122.563416,4050,115.6,120.1
40.651183,-122.560168,4000,119.0,123.7
40.64978,-122.557434,3975,119.0,123.7
40.646393,-122.550964,3900,122.6,125.4
40.643455,-122.545561,3825,124.0,125.5
40.640429,-122.540068,3750,123.8,126.1
40.637329,-122.534424,3675,126.0,126.0
40.633987,-122.528442,3600,128.6,126.8
40.630793,-122.52284,3525,129.2,127.1
40.627396,-122.516846,3450,129.2,127.1
40.623671,-122.51048,3375,128.2,128.0
40.620529,-122.505188,3300,125.4,127.9
40.617246,-122.499681,3225,122.4,128.4
40.614081,-122.494437,3150,121.0,128.3
40.611008,-122.489256,3075,120.4,127.9
40.608122,-122.48445,3000,120.6,127.2
40.607162,-122.482544,2975,119.9,121.7
40.606353,-122.480517,2950,119.9,116.8
40.605423,-122.477661,2900,120.2,112.5
40.603653,-122.471841,2825,121.3,111.3
40.601852,-122.466064,2725,120.9,113.4
40.59993,-122.460693,2650,121.7,115.3
40.598099,-122.455933,2600,124.4,117.8
40.595972,-122.450992,2525,124.2,120.5
40.593598,-122.445873,2425,122.6,122.0
40.590851,-122.440255,2350,120.7,123.2
40.588623,-122.435974,2275,120.4,125.5
40.587313,-122.433763,2250,118.4,130.6
40.585498,-122.431266,2225,116.0,134.3
40.583313,-122.428406,2125,114.6,135.0
40.581029,-122.425398,2025,113.1,135.0
40.578873,-122.422668,1950,113.2,137.1
40.577863,-122.421591,1900,111.6,143.8
40.576979,-122.420904,1900,111.5,150.4
40.575908,-122.420342,1875,111.8,158.5
40.574982,-122.419983,1850,109.6,165.2
40.573767,-122.419718,1850,107.1,171.9
40.571274,-122.419434,1850,106.3,175.7
40.567342,-122.418906,1800,103.7,173.4
40.564177,-122.41847,1700,99.9,172.5
40.561198,-122.417908,1600,98.0,171.8
40.560034,-122.417596,1575,97.3,167.5
40.559196,-122.417221,1550,96.6,158.8
40.558456,-122.416687,1525,95.4,150.5
40.557907,-122.416138,1500,95.2,144.0
40.557449,-122.415527,1475,94.8,135.0
40.556946,-122.414612,1450,94.6,125.5
40.556542,-122.413663,1425,97.0,116.3
40.556259,-122.412537,1400,98.8,105.9
40.55617,-122.411416,1350,98.2,98.8
40.55617,-122.410542,1350,96.0,89.4
40.556263,-122.409606,1325,93.9,82.0
40.556442,-122.408813,1300,92.4,74.3
40.556717,-122.407959,1275,91.8,66.2
40.557008,-122.407358,1250,90.4,57.2
40.557427,-122.406734,1225,89.9,48.2
40.558032,-122.40611,1200,89.0,38.2
40.558498,-122.405735,1175,87.5,31.0
40.559103,-122.405423,1150,85.8,21.2
40.559475,-122.405298,1150,84.2,13.1
40.560267,-122.405236,1125,84.1,2.0
40.561066,-122.405334,1075,83.4,354.5
40.56427,-122.405945,1000,80.2,355.7
40.566605,-122.406311,925,78.6,352.7
40.569397,-122.406738,825,75.4,353.9
40.570601,-122.406921,800,72.4,353.7
40.571411,-122.406982,800,68.4,354.1
40.571858,-122.407109,775,64.4,353.8
40.572649,-122.407233,775,59.4,353.2
40.573517,-122.407349,800,54.5,352.6
40.573767,-122.407358,800,50.4,353.2
40.574387,-122.407471,800,47.4,352.7
40.574799,-122.407532,800,43.3,353.4
40.574884,-122.407546,800,36.2,353.7
40.575119,-122.407593,800,33.2,353.1
40.575417,-122.407608,-50.0,23.5,354.4
40.575594,-122.407639,-50.0,18.5,354.4
40.575806,-122.407654,-50.0,13.8,357.2
40.575977,-122.407608,-50.0,9.8,25.3
40.576023,-122.407562,-50.0,8.8,45.0
40.576057,-122.40744,-50.0,7.2,73.1
40.576071,-122.407358,-50.0,6.2,84.4
40.576059,-122.407312,-50.0,5.2,92.8
40.576048,-122.407249,-50.0,3.2,109.7
40.576048,-122.407233,-50.0,2.2,118.1
40.576035,-122.407211,-50.0,0.6,129.4
40.576023,-122.407196,-50.0,1.1,132.2
40.57599,-122.407171,-50.0,3.2,146.2
40.575955,-122.407155,-50.0,4.2,151.9
40.575909,-122.40712,-50.0,5.2,160.3
40.575874,-122.40712,-50.0,5.8,168.8
40.575634,-122.407074,-50.0,8.2,168.8
40.575536,-122.407031,-50.0,7.8,151.9
40.575485,-122.406967,-50.0,8.2,129.4
40.575454,-122.406875,-50.0,8.8,106.9
40.575439,-122.406784,-50.0,8.8,95.6
40.575428,-122.406509,-50.0,8.8,95.6
40.575419,-122.406438,-50.0,7.8,84.4
40.575474,-122.406311,-50.0,6.2,47.8
40.575594,-122.406282,-50.0,4.2,354.4
40.575611,-122.406296,-50.0,3.2,354.4
