lat,lon,alt,gs,track,vs
49.020172,2.507066,950,163.6,265.1,2688
49.020018,2.504666,1050,162.6,265.1,2624
49.019897,2.501855,1150,162.5,265.4,2624
49.01976,2.49946,1250,162.6,265.1,2560
49.0196,2.496715,1350,161.6,265.0,2496
49.01946,2.494041,1450,161.6,265.0,2432
49.019274,2.491367,1550,161.6,265.0,2368
49.019073,2.48784,1650,163.6,265.1,2048
49.018936,2.484882,1750,163.6,265.1,1920
49.018715,2.480886,1850,165.5,265.5,1920
49.018524,2.477558,1950,167.6,265.2,1920
49.018343,2.473948,2050,168.6,265.2,1984
49.018158,2.470234,2150,169.6,265.3,2048
49.01797,2.46672,2250,169.5,265.6,2176
49.017831,2.463973,2350,170.5,265.6,2176
49.017644,2.460287,2450,170.4,266.0,2176
49.017505,2.457034,2550,171.5,265.6,2240
49.017334,2.454106,2650,171.5,265.6,2304
49.017179,2.45118,2750,171.5,265.6,2304
49.017039,2.448072,2850,171.5,265.6,2304
49.016853,2.444892,2950,171.6,265.3,2304
49.016667,2.441567,3050,171.7,265.0,2240
49.016481,2.437953,3150,171.6,265.3,2176
49.016373,2.435021,3250,171.2,267.0,2176
49.016387,2.431809,3350,169.2,272.7,2112
49.016713,2.428195,3450,168.2,279.2,1728
49.017179,2.42516,3525,168.1,284.1,1600
49.017883,2.422133,3575,168.3,290.2,1344
49.018901,2.418727,3650,168.6,296.4,1280
49.020205,2.415547,3700,169.8,302.0,1216
49.021591,2.412696,3775,171.6,308.1,1216
49.023239,2.410091,3825,172.6,314.1,1216
49.025024,2.407766,3900,174.8,320.6,1152
49.027359,2.405302,3950,176.4,325.9,1216
49.030243,2.402485,4025,181.2,327.6,960
49.032074,2.400794,4075,185.9,328.2,1024
49.034592,2.3984,4125,190.4,328.3,1088
49.03701,2.396176,4175,194.8,328.4,1024
49.040408,2.393068,4275,199.6,328.9,1152
49.042643,2.391478,4325,202.1,333.6,1152
49.044891,2.39016,4375,205.6,340.7,896
49.046879,2.389454,4400,207.6,345.5,832
49.049377,2.388893,4425,211.6,352.9,896
49.051907,2.388731,4475,215.2,357.6,1088
49.054607,2.388948,4525,218.7,4.7,1216
49.057297,2.389738,4600,223.6,11.6,1280
49.059906,2.390864,4650,226.9,16.1,1280
49.062567,2.392418,4700,231.2,22.9,1344
49.064896,2.394315,4775,234.8,27.1,1408
49.066864,2.396217,4825,238.7,31.3,1408
49.069457,2.399139,4875,243.4,37.2,1472
49.071412,2.401814,4950,247.3,41.2,1792
49.073318,2.404949,5025,251.2,47.4,2048
49.075229,2.408752,5125,255.4,53.8,2368
49.076812,2.412583,5225,257.5,57.8,2752
49.078171,2.41657,5325,259.8,63.7,2880
49.079041,2.419598,5425,260.4,65.5,2944
49.079865,2.423049,5525,261.5,68.9,3072
49.080643,2.426781,5625,263.1,71.8,3328
49.081146,2.429598,5725,264.0,74.2,3456
49.081607,2.432388,5825,264.6,76.2,3520
49.082073,2.435857,5925,265.1,78.7,3712
49.082398,2.438676,6025,265.0,80.0,3712
49.082703,2.442064,6125,265.1,82.8,3648
49.082817,2.444964,6225,266.8,85.7,3584
49.082932,2.447838,6325,267.4,87.0,3520
49.082977,2.450867,6400,268.0,88.9,3456
49.082977,2.453754,6500,268.0,89.6,3456
49.082977,2.456571,6575,269.0,90.2,3392
49.082957,2.459492,6675,269.0,90.2,3392
49.082957,2.463323,6775,270.0,90.2,3392
49.082957,2.466142,6875,270.0,90.0,3328
49.082957,2.469394,6975,270.0,89.8,3328
49.082977,2.476713,7175,271.0,89.4,3200
49.083069,2.484178,7375,273.0,89.2,3072
49.083143,2.492017,7575,274.0,89.2,3072
49.083206,2.499038,7775,276.0,89.2,3008
49.083283,2.507557,7975,278.0,89.0,3008
49.083389,2.514742,8175,279.0,89.0,3136
49.083481,2.521785,8375,280.1,88.8,3328
49.083562,2.52859,8575,281.1,88.8,3392
49.083664,2.536222,8775,281.0,89.0,3392
49.083755,2.543194,8975,282.1,88.8,3328
49.083847,2.550307,9175,283.1,88.8,3200
49.083981,2.557429,9350,284.1,88.6,3136
49.084074,2.56444,9550,285.1,88.4,3136
49.084259,2.572561,9750,285.1,88.4,3200
49.084351,2.579393,9950,286.1,88.4,3264
49.084488,2.58728,10150,286.1,88.6,3264
49.084579,2.592703,10300,287.1,88.6,2816
49.084671,2.598196,10400,290.1,88.6,2432
49.084808,2.60538,10525,292.1,88.6,1984
49.084959,2.616553,10675,298.1,88.7,1536
49.085175,2.631859,10875,308.1,88.7,1728
49.085331,2.641851,11025,311.1,88.9,2176
49.085424,2.652186,11200,314.1,88.9,2624
49.085541,2.661368,11400,315.0,89.1,3072
49.085632,2.670241,11600,315.0,89.1,3392
49.085704,2.677484,11800,315.0,89.1,3456
49.085797,2.685434,12000,315.0,89.1,3392
49.085907,2.700947,12375,317.0,89.1,2944
49.086123,2.720128,12775,320.1,88.9,2752
49.086542,2.740005,13175,322.3,87.7,2816
49.087189,2.758695,13575,323.6,86.5,2752
49.088058,2.778837,13975,325.8,85.9,2944
49.088928,2.797359,14375,326.9,85.8,2944
49.089569,2.809753,14625,328.0,85.6,2496
49.090073,2.820176,14800,329.9,85.7,2048
49.091125,2.841445,15125,334.9,85.7,2432
49.091583,2.850389,15275,335.9,85.9,2880
49.092361,2.867938,15675,334.8,86.1,3328
49.093152,2.885068,16075,334.8,86.1,2944
49.094101,2.906095,16475,335.7,86.2,2624
49.094971,2.927856,16850,337.7,86.4,2176
49.096038,2.954816,17250,342.6,86.7,2368
49.096756,2.973703,17600,342.5,86.8,2816
49.097435,2.993341,18000,343.5,86.8,2752
49.098319,3.016542,18400,344.5,86.8,2304
49.099228,3.042509,18800,347.5,86.9,2240
49.100189,3.06927,19200,350.6,86.7,2240
49.101159,3.095326,19600,352.6,86.8,2368
49.10202,3.119061,20000,353.6,86.8,2496
49.102936,3.143991,20400,355.6,86.8,2304
49.103906,3.171724,20800,358.6,86.8,2048
49.10495,3.20012,21175,360.6,86.8,2112
49.105911,3.227797,21575,362.6,86.8,2176
49.106885,3.256001,21975,363.5,87.0,2240
49.107834,3.282729,22375,364.5,87.0,2432
49.108701,3.308186,22775,364.5,87.0,2176
49.109725,3.33782,23150,367.5,87.0,1984
49.110672,3.365619,23525,368.5,87.0,2240
49.111587,3.392462,23925,369.5,87.1,2112
49.112549,3.421185,24300,370.5,87.1,1920
49.113635,3.453827,24650,374.5,87.1,1536
49.114706,3.48693,24975,378.4,87.3,1664
49.115662,3.517808,25325,380.4,87.3,2048
49.116623,3.546964,25700,381.4,87.3,1856
49.11763,3.580557,26050,383.4,87.3,1600
49.118663,3.614068,26375,386.4,87.3,1600
49.11969,3.648024,26700,389.4,87.3,1600
49.120651,3.679575,27050,390.4,87.4,2048
49.121502,3.709042,27425,389.4,87.3,1984
49.122482,3.741479,27775,390.4,87.4,1664
49.123551,3.776333,28100,392.4,87.4,1408
49.124668,3.813485,28425,395.4,87.4,1600
49.125692,3.840228,28675,396.3,85.4,1600
49.126856,3.854105,28800,396.3,81.6,1536
49.128662,3.867328,28925,396.4,77.5,1536
49.130676,3.878667,29050,396.3,74.0,1600
49.13342,3.890895,29175,396.0,70.4,1792
49.140822,3.921252,29525,396.4,69.8,1600
49.148642,3.954644,29850,397.2,70.7,1472
49.157022,3.991796,30150,400.0,71.3,1216
49.165634,4.030971,30425,403.5,71.7,1152
49.174438,4.071491,30700,406.7,71.7,1216
49.182449,4.108323,31000,408.9,71.6,1280
49.191238,4.148495,31275,412.0,71.6,1024
49.200967,4.193019,31525,416.5,71.5,960
49.210007,4.234455,31800,418.4,71.6,1280
49.218331,4.272453,32125,418.7,71.5,1536
49.22612,4.307767,32450,418.1,71.3,1472
49.234406,4.345515,32775,418.7,71.5,1472
49.242073,4.380582,33100,417.4,71.6,1536
49.250359,4.4186,33400,417.4,71.6,1216
49.254639,4.438054,33500,418.7,71.5,768
49.266885,4.493914,33675,426.0,71.5,448
49.274333,4.52803,33800,428.8,71.7,896
49.281549,4.561422,33950,429.8,71.7,448
49.293792,4.617727,34000,427.9,71.6,64
49.306183,4.674683,34000,428.5,71.8,-64
49.31456,4.713628,34050,424.4,71.7,384
49.316711,4.723558,34100,423.4,71.7,832
49.320932,4.743347,34250,422.8,71.9,1280
49.327031,4.772259,34500,421.9,72.3,1728
49.334015,4.806096,34850,418.4,72.5,1728
49.341415,4.841646,35175,416.5,72.4,1408
49.349282,4.879448,35450,415.9,72.2,960
49.35347,4.899269,35525,418.1,72.2,512
49.363174,4.945327,35725,420.0,72.3,960
49.372421,4.990328,36000,420.7,72.9,1152
49.376748,5.012079,36175,419.1,73.1,1536
49.381302,5.035119,36375,416.9,73.1,1088
49.383087,5.044133,36425,417.6,73.3,640
49.394112,5.100403,36575,422.0,73.2,768
49.40506,5.156532,36725,425.9,73.3,320
49.416458,5.21428,36850,430.5,73.1,256
49.428142,5.272844,36975,435.2,72.9,512
49.43978,5.331413,37150,438.8,73.2,704
49.451232,5.389907,37325,440.4,73.4,320
49.460077,5.435263,37450,443.3,73.5,704
49.462963,5.450258,37550,443.3,73.5,1152
49.46814,5.477118,37750,441.1,73.5,1600
49.474823,5.512246,38050,436.7,73.6,1216
49.484098,5.561012,38300,435.4,73.7,896
49.493225,5.608665,38550,432.8,73.5,896
49.503387,5.661501,38800,431.6,73.6,704
49.51445,5.719497,38975,431.3,73.7,384
49.525635,5.778086,39000,435.7,73.6,-64
49.536713,5.83627,39000,439.8,73.6,0
49.548065,5.895249,38975,444.2,73.5,0
49.55928,5.954738,39000,444.1,74.1,0
49.570406,6.015015,39000,442.9,74.1,0
49.581757,6.075367,39000,444.0,73.7,-64
49.593077,6.135567,39000,441.2,73.9,64
49.604156,6.195101,39000,440.0,74.0,-64
49.615356,6.254979,38975,439.3,73.9,0
49.626572,6.314898,38975,439.0,74.0,-64
49.637674,6.374372,38975,438.0,74.0,0
49.648727,6.433724,38975,438.0,74.0,64
49.659646,6.493068,39000,437.5,74.2,0
49.670586,6.55238,38975,437.5,74.2,64
49.681153,6.611023,39000,437.0,74.5,64
49.691814,6.669963,39000,436.3,74.3,0
49.702661,6.729126,39000,436.3,74.3,0
49.713274,6.787695,39000,436.3,74.3,-64
49.724258,6.847663,39000,436.3,74.3,0
49.735062,6.907292,39000,437.0,74.5,-64
49.745544,6.966416,39000,437.1,74.9,64
49.755823,7.025163,39000,438.1,74.9,0
49.766484,7.085365,39000,437.7,74.6,64
49.777084,7.144727,39025,438.4,74.8,0
49.787665,7.204582,39000,438.6,74.7,0
49.798325,7.264709,39025,438.6,74.7,0
49.808846,7.324243,39025,438.6,74.7,0
49.819553,7.384594,39025,438.4,74.8,0
49.830027,7.444499,39000,439.3,74.8,0
49.840548,7.50433,39000,439.3,74.8,0
49.850883,7.563642,39025,438.8,75.1,64
49.861078,7.623918,39025,438.3,75.3,0
49.871292,7.684286,39025,438.3,75.3,0
49.881638,7.744205,39000,438.1,74.9,0
49.891895,7.803633,39000,438.5,75.2,0
49.901871,7.862669,39000,439.3,75.4,0
49.911987,7.922444,39000,438.5,75.2,64
49.922379,7.982724,39000,438.8,75.1,0
49.932722,8.043328,39000,440.5,75.3,-64
49.942703,8.103284,38975,440.9,75.6,0
49.952693,8.163064,38975,441.9,75.6,0
49.962794,8.223712,38975,442.2,75.5,64
49.972803,8.284582,39000,443.6,75.8,0
49.982765,8.344859,39000,443.8,75.7,0
49.992867,8.406174,39000,443.8,75.7,0
50.002945,8.46764,39025,444.6,75.8,64
50.01297,8.528715,39025,444.8,75.7,0
50.023033,8.589304,39025,444.1,75.5,0
50.032928,8.649348,39025,444.8,75.7,0
50.04277,8.710207,39025,444.3,75.9,0
50.047623,8.742443,39025,443.3,77.6,0
50.051151,8.770356,39025,443.3,79.6,0
50.054077,8.798748,39025,443.6,81.7,-64
50.056274,8.826864,39000,443.6,83.8,0
50.057854,8.854832,39000,443.2,85.7,-64
50.058838,8.885121,39000,443.3,87.8,0
50.05953,8.938046,39000,443.1,89.0,-64
50.060303,9.001128,38975,443.1,88.7,0
50.061252,9.062978,38975,443.1,88.7,0
50.062183,9.12563,38975,444.1,88.6,0
50.063161,9.187688,39000,444.2,88.4,64
50.064232,9.249894,39000,445.2,88.5,0
50.065201,9.313587,38975,446.1,88.7,0
50.065933,9.376253,39000,446.1,89.1,64
50.066666,9.438918,39025,445.1,89.0,64
50.067352,9.501511,39025,446.1,89.0,0
50.067956,9.56397,39025,446.1,89.1,64
50.068634,9.626409,39025,445.1,88.8,0
50.069412,9.689652,39025,445.1,88.8,0
50.070236,9.752173,39000,445.1,88.8,0
50.07106,9.814549,39025,444.1,88.8,0
50.071793,9.877215,39025,443.1,89.1,-64
50.072378,9.939658,39000,443.0,89.2,0
50.072751,10.001196,39000,442.0,89.3,-64
50.073349,10.064488,39000,442.1,89.0,0
50.073898,10.126865,38975,442.0,89.5,0
50.074127,10.190325,38975,442.0,89.7,0
50.07438,10.25262,38975,442.0,89.5,0
50.074799,10.314752,39000,442.0,89.5,0
50.07518,10.378105,38975,443.0,89.5,0
50.0755,10.440481,38975,443.0,89.5,0
50.07573,10.503301,38975,444.0,89.6,0
50.075916,10.566101,38975,445.0,89.7,64
50.076141,10.628839,39000,445.0,89.7,0
50.076289,10.691405,39000,446.0,89.9,0
50.076233,10.754603,39025,447.0,90.3,64
50.076103,10.818267,39000,447.0,90.1,-64
50.076096,10.882247,39025,447.0,89.9,64
50.07605,10.945491,39025,447.0,90.3,0
50.075912,11.009602,39025,447.0,90.1,0
50.07587,11.072586,39025,446.0,90.3,64
50.075684,11.135237,39050,445.0,90.3,0
50.075592,11.198971,39025,445.0,90.3,0
50.075317,11.26142,39025,444.0,90.4,0
50.075125,11.324232,39000,444.0,90.3,-64
50.074985,11.386884,39000,443.0,90.3,-64
50.074768,11.449344,38975,443.0,90.4,0
50.074427,11.511519,38950,443.0,90.7,0
50.073944,11.574386,38975,444.0,90.8,0
50.073309,11.637565,38975,444.1,91.0,64
50.072662,11.701162,38975,444.0,90.8,0
50.072159,11.763972,38975,445.0,90.8,64
50.071472,11.827794,39000,445.1,91.0,0
50.070796,11.890547,39025,445.1,91.0,64
50.070237,11.953125,39025,445.0,90.6,0
50.069824,12.01673,39025,445.0,90.6,-64
50.069321,12.079323,39025,445.0,90.6,-64
50.06884,12.142342,39000,445.0,90.8,0
50.068142,12.205142,39000,445.1,91.2,-64
50.067307,12.267898,38975,445.1,91.2,0
50.066559,12.330298,39000,445.1,91.0,64
50.06575,12.393301,38975,445.1,91.3,-128
50.06507,12.456195,39025,440.0,90.5,0
50.065201,12.515957,39000,440.0,89.5,0
50.065675,12.577935,39000,440.0,89.3,0
50.066071,12.639554,39000,439.0,89.6,64
50.066208,12.70193,39000,439.0,89.9,0
50.066254,12.764306,39000,440.0,90.0,0
50.066162,12.826177,39000,440.0,90.3,-64
50.065933,12.888987,39000,441.0,90.4,0
50.065768,12.952139,39000,441.0,90.1,64
50.065721,13.01479,39000,442.0,90.1,0
50.065613,13.077055,39000,442.0,90.3,0
50.065475,13.140516,39000,443.0,90.1,0
50.065201,13.20282,39000,443.0,90.7,0
50.064606,13.266425,39000,444.0,90.8,-64
50.064185,13.329905,39025,444.0,90.4,0
50.064092,13.392334,39000,444.0,90.1,0
50.063873,13.454638,39025,445.0,90.5,0
50.06344,13.517638,39000,445.0,90.5,0
50.063068,13.58118,39000,446.0,90.5,-64
50.062729,13.643719,39000,446.0,90.4,64
50.062363,13.707613,39000,446.0,90.6,0
50.061859,13.77129,39000,446.1,91.0,64
50.061081,13.834172,39025,445.1,91.2,0
50.060349,13.896765,39025,446.1,90.9,-64
50.059708,13.959431,39000,446.1,91.0,0
50.058975,14.022096,39000,446.1,91.0,-64
50.058334,14.086135,38975,447.1,90.9,0
50.057668,14.150094,38975,448.1,90.9,0
50.057016,14.213117,38975,449.1,91.0,0
50.056137,14.276083,38975,450.1,91.3,64
50.055154,14.339831,39000,451.1,91.3,64
50.054316,14.404264,39000,452.1,91.3,0
50.053345,14.467549,39025,452.2,91.5,128
50.052292,14.532455,39025,452.1,91.4,64
50.051239,14.596927,39050,453.1,91.4,-64
50.050278,14.660893,39025,453.1,91.3,0
50.049408,14.724426,39025,452.1,91.3,0
50.048447,14.787959,39025,452.1,91.4,-64
50.047348,14.851564,39000,452.2,91.7,0
50.046169,14.914534,39025,452.2,91.8,-64
50.044739,14.979136,39000,452.2,91.9,0
50.043376,15.042733,39000,451.3,92.0,0
50.042084,15.105912,39000,451.2,91.7,-64
50.040894,15.169879,39000,450.2,91.8,0
50.039612,15.233773,39000,450.2,91.8,-64
50.038284,15.296944,39000,450.3,91.9,0
50.036636,15.360983,38975,449.4,92.4,0
50.035043,15.425176,38975,449.3,92.0,-128
50.033647,15.488941,38975,449.3,92.0,64
50.032059,15.552304,38975,450.4,92.3,0
50.030457,15.616849,38950,451.3,92.2,0
50.028992,15.680381,38975,452.3,92.2,0
50.027435,15.745215,38975,453.3,92.2,64
50.025826,15.810068,39000,454.3,92.1,0
50.024569,15.874056,39000,456.2,91.5,0
50.023453,15.937982,39000,456.2,91.8,64
50.021869,16.002552,39025,456.4,92.4,64
50.020007,16.067579,39050,456.4,92.5,64
50.018143,16.131471,39025,457.5,92.6,-320
50.016174,16.196956,39000,456.5,92.8,64
50.014114,16.262006,39000,456.6,92.9,-64
50.013336,16.287448,38950,455.6,92.9,-512
50.011276,16.347512,38725,450.7,93.2,-704
50.008928,16.410085,38550,444.8,93.5,-640
50.006561,16.472626,38350,442.6,93.0,-640
50.004738,16.529228,38125,443.5,92.8,-640
50.003082,16.582128,37875,444.6,93.0,-1024
50.001526,16.63359,37600,443.4,92.5,-960
50.000176,16.684224,37350,438.5,92.7,-1024
49.998407,16.735964,37100,433.7,93.2,-960
49.996545,16.785922,36850,434.7,93.3,-960
49.994797,16.836042,36575,438.6,93.0,-960
49.993195,16.885119,36300,439.6,92.9,-1024
49.991517,16.935796,36050,438.6,92.9,-1024
49.989761,16.986164,35800,438.7,93.1,-960
49.988119,17.033931,35525,437.7,93.1,-960
49.986099,17.084318,35275,436.0,93.8,-960
49.984039,17.134552,35025,437.8,93.5,-960
49.982114,17.181281,34750,436.0,93.8,-1024
49.980019,17.231388,34500,430.9,93.7,-960
49.977997,17.280555,34250,427.8,93.5,-960
49.976062,17.331304,33975,429.7,93.3,-960
49.974107,17.380891,33700,431.8,93.6,-960
49.972549,17.41839,33475,431.9,93.7,-1408
49.971542,17.442458,33250,431.9,93.7,-1856
49.970032,17.479031,32875,428.9,93.6,-1600
49.968384,17.519579,32550,424.8,93.5,-1856
49.967124,17.552812,32150,423.8,93.5,-2176
49.965729,17.586148,31775,419.9,93.7,-1984
49.964517,17.617913,31400,415.8,93.4,-2048
49.963167,17.65154,31025,410.8,93.5,-2112
49.96177,17.683906,30650,406.0,94.1,-2048
49.960327,17.715306,30275,401.1,94.2,-1984
49.958908,17.74704,29900,396.9,93.9,-2048
49.957534,17.779294,29525,392.8,93.7,-2048
49.956231,17.810768,29150,388.8,93.7,-1920
49.954927,17.842465,28775,383.8,93.7,-1920
49.953552,17.874539,28400,380.8,93.8,-1984
49.952179,17.905474,28025,378.9,93.9,-1920
49.950737,17.936665,27675,377.0,94.1,-1536
49.949249,17.969296,27325,372.0,94.2,-1856
49.94783,17.999436,26950,369.0,94.2,-2048
49.946457,18.028492,26575,365.9,94.1,-1984
49.945129,18.057331,26200,362.9,94.1,-1984
49.943848,18.085872,25825,360.9,94.0,-2176
49.94252,18.113998,25425,359.9,94.1,-2240
49.941238,18.14168,25025,358.9,94.2,-2176
49.939937,18.169679,24625,356.9,94.2,-2176
49.938629,18.197768,24225,356.0,94.2,-2176
49.93733,18.225353,23825,354.9,94.0,-2240
49.936027,18.25319,23425,354.0,94.2,-2176
49.934677,18.280879,23050,352.0,94.4,-1792
49.933868,18.297296,22875,350.0,94.3,-1344
49.932489,18.332025,22575,342.5,93.0,-1024
49.931325,18.371071,22325,333.3,92.2,-1088
49.930534,18.403881,22025,328.2,92.1,-1536
49.929882,18.433054,21675,325.2,91.9,-1600
49.929199,18.462814,21350,323.2,92.1,-1664
49.928532,18.489396,21050,321.3,92.5,-1216
49.927508,18.521984,20825,321.5,93.0,-768
49.926178,18.563497,20600,322.4,92.8,-1152
49.925087,18.595993,20300,320.5,93.0,-1152
49.923981,18.630066,20025,318.4,92.9,-1216
49.922928,18.663386,19750,316.4,92.7,-1152
49.921922,18.6968,19475,314.4,92.7,-1216
49.920731,18.730316,19175,313.5,93.1,-1152
49.919586,18.764142,18900,313.5,93.1,-1152
49.918477,18.796049,18600,312.4,92.9,-1216
49.917114,18.83194,18350,305.8,94.1,-768
49.915078,18.869761,18150,296.2,95.2,-704
49.912766,18.906892,17925,286.5,95.8,-640
49.910842,18.936347,17800,277.3,95.6,-576
49.908875,18.968185,17625,268.2,95.3,-704
49.906978,19.000854,17375,260.0,95.1,-960
49.905487,19.028103,17100,257.9,94.9,-1280
49.903999,19.054079,16800,257.0,95.1,-1216
49.902556,19.079169,16500,257.1,95.4,-1472
49.90102,19.104037,16175,259.2,95.5,-1408
49.89949,19.128715,15875,259.1,95.3,-1344
49.898026,19.153434,15575,259.2,95.5,-1408
49.896457,19.178863,15250,259.2,95.5,-1408
49.894921,19.204324,14925,259.1,95.3,-1600
49.893571,19.227707,14600,261.0,95.1,-1472
49.892175,19.253169,14300,260.9,94.8,-1152
49.89143,19.267867,14150,260.5,93.5,-1216
49.891476,19.27477,14075,261.1,88.5,-1344
49.891846,19.280283,14000,262.7,83.4,-1408
49.892594,19.286128,13925,264.0,77.8,-1472
49.893631,19.291269,13850,265.7,72.2,-1472
49.895573,19.298822,13750,267.2,67.6,-1280
49.900135,19.314484,13575,267.2,65.4,-1216
49.906932,19.337793,13275,267.2,65.9,-1408
49.914322,19.363982,12975,266.0,66.5,-1088
49.922154,19.392205,12725,263.0,66.9,-1088
49.929277,19.417741,12450,261.6,66.6,-1088
49.937485,19.446524,12200,257.9,66.2,-960
49.942429,19.464087,12000,256.2,66.5,-1152
49.94632,19.478037,11850,255.4,66.9,-1280
49.948563,19.487072,11725,254.6,70.5,-1280
49.949993,19.494274,11650,253.8,74.0,-1280
49.951401,19.503334,11550,251.9,77.6,-1216
49.953232,19.517862,11375,251.4,79.2,-1024
49.955113,19.533098,11225,249.5,79.1,-1152
49.956985,19.547858,11075,248.7,78.9,-960
49.95932,19.565928,10950,245.9,78.5,-832
49.961351,19.580903,10800,244.2,78.2,-1088
49.963353,19.595898,10625,243.2,78.1,-1152
49.965408,19.610813,10450,242.2,78.1,-1152
49.967422,19.625196,10300,242.6,77.6,-1280
49.969254,19.638062,10125,241.7,77.6,-1408
49.971127,19.651423,9950,242.4,77.9,-1344
49.97287,19.664226,9775,242.2,78.1,-1472
49.974564,19.67702,9600,244.0,78.4,-1536
49.976201,19.689133,9400,246.1,78.3,-1728
49.977768,19.700944,9200,249.1,78.4,-1600
49.979462,19.713954,9025,250.1,78.5,-1280
49.981339,19.728337,8875,250.1,78.5,-832
49.984268,19.750599,8775,247.1,78.3,-384
49.987244,19.772933,8675,246.3,78.1,-512
49.990265,19.794689,8575,246.3,78.1,-512
49.993286,19.817023,8475,246.3,78.1,-448
49.996265,19.838785,8375,243.4,77.9,-640
49.997726,19.849259,8275,242.4,77.9,-1088
49.99971,19.863578,8100,241.4,77.8,-1216
50.001617,19.877086,7925,242.6,77.6,-1408
50.003481,19.890599,7750,243.4,77.9,-1216
50.005529,19.905074,7600,242.6,77.6,-1152
50.007477,19.919297,7450,243.0,78.4,-1088
50.009354,19.933608,7300,242.0,78.3,-960
50.011642,19.950955,7175,237.7,78.6,-576
50.012838,19.960302,7100,235.7,78.5,-1024
50.013955,19.968691,7000,234.6,78.7,-1280
50.014979,19.976633,6900,235.7,78.5,-960
50.015762,19.982396,6875,235.9,78.3,-576
50.017639,19.99649,6800,237.1,78.1,-576
50.019608,20.011018,6725,239.1,78.2,-640
50.021357,20.024068,6625,240.1,78.2,-640
50.023312,20.038691,6550,239.1,78.2,-640
50.025238,20.052723,6475,238.1,78.1,-448
50.027176,20.066974,6400,237.1,78.1,-512
50.029175,20.081562,6325,237.1,78.1,-384
50.031133,20.095924,6250,237.1,78.1,-512
50.033066,20.110112,6175,236.1,78.0,-512
50.03495,20.12391,6100,235.2,78.0,-512
50.037048,20.13953,6025,235.0,78.2,-448
50.039154,20.155214,5950,235.0,78.2,-512
50.041214,20.170392,5875,235.9,78.3,-512
50.043237,20.185448,5800,236.1,78.0,-512
50.045151,20.199376,5725,235.4,77.7,-576
50.046249,20.205953,5700,236.4,73.8,-576
50.047519,20.211281,5650,236.2,68.7,-576
50.049056,20.215957,5625,235.3,62.7,-576
50.050592,20.219817,5600,234.9,56.1,-512
50.052292,20.223011,5575,234.0,49.2,-576
50.05413,20.225979,5575,234.1,44.5,-512
50.056318,20.228725,5550,232.9,39.8,-512
50.058645,20.231101,5525,233.0,32.7,-512
50.061299,20.233179,5500,232.1,25.8,-448
50.063782,20.234648,5475,232.1,25.8,-448
50.065349,20.235406,5475,231.9,16.8,-448
50.068039,20.23631,5450,231.7,10.2,-448
50.071198,20.236816,5425,231.2,6.0,-448
50.073853,20.236889,5425,231.0,359.5,-448
50.077127,20.236445,5400,231.5,353.5,-448
50.080856,20.235299,5375,231.0,348.0,-384
50.089835,20.231991,5300,230.7,346.2,-448
50.098448,20.228874,5225,229.7,347.2,-512
50.111622,20.22442,5150,229.7,347.2,-192
50.115067,20.222861,5150,228.6,341.6,-128
50.117935,20.220987,5150,228.7,335.5,-128
50.120361,20.219036,5150,228.7,331.0,-64
50.122655,20.216477,5125,228.8,323.5,-64
50.124298,20.214266,5125,228.7,318.0,0
50.125774,20.2118,5125,228.6,312.3,0
50.127077,20.209054,5125,228.0,309.5,0
50.128281,20.206026,5125,227.9,301.2,-64
50.129196,20.202918,5125,227.2,295.5,-64
50.129917,20.199775,5125,225.9,290.2,0
50.130432,20.196413,5125,224.4,284.7,128
50.130848,20.1925,5150,224.2,278.0,192
50.131027,20.18745,5150,225.2,272.3,64
50.130936,20.182102,5150,225.2,267.5,-64
50.130478,20.175958,5125,224.8,262.8,-128
50.129591,20.167855,5125,220.7,259.6,-64
50.128876,20.162008,5125,216.1,258.8,0
50.128055,20.15531,5125,211.6,259.4,-64
50.127263,20.148555,5125,207.2,260.0,-64
50.125992,20.137795,5125,202.4,259.5,-256
50.124657,20.127695,5050,200.9,257.4,-704
50.123245,20.117918,4950,200.7,257.6,-896
50.121957,20.108172,4850,198.9,258.7,-896
50.120839,20.099487,4750,197.9,258.6,-1024
50.11972,20.091103,4650,197.1,258.3,-1024
50.118668,20.083225,4550,196.3,258.0,-1024
50.117581,20.075139,4450,195.4,257.9,-1152
50.11665,20.068384,4350,196.3,258.0,-1216
50.115672,20.061406,4250,196.3,258.0,-1216
50.114741,20.054429,4150,197.1,258.3,-1216
50.113903,20.048193,4050,197.3,258.0,-1216
50.1129,20.040797,3950,197.3,258.0,-1088
50.111901,20.033495,3850,197.3,258.0,-1088
50.11084,20.025691,3750,197.3,258.0,-1024
50.109853,20.018278,3650,196.3,258.0,-1024
50.108689,20.009741,3550,195.1,258.2,-1024
50.107572,20.00165,3450,194.2,258.1,-1024
50.106491,19.993816,3350,194.2,258.1,-1024
50.105477,19.986135,3250,193.2,258.0,-1088
50.104385,19.978132,3150,193.4,257.8,-1024
50.103241,19.969892,3050,192.2,258.0,-896
50.102079,19.961267,2950,189.1,258.1,-1024
50.100961,19.953176,2850,187.1,258.0,-960
50.099945,19.945751,2750,185.2,257.8,-960
50.098867,19.937884,2650,181.0,257.9,-960
50.098168,19.932762,2600,176.9,257.9,-896
50.097565,19.928476,2575,172.8,258.0,-832
50.096772,19.922296,2500,168.5,258.4,-896
50.095779,19.915322,2400,163.6,258.0,-896
50.094863,19.908563,2300,158.9,257.3,-832
50.094398,19.905297,2275,155.8,257.4,-640
50.093932,19.902105,2225,151.4,257.8,-768
50.093513,19.899061,2175,148.3,257.9,-832
50.093094,19.895943,2150,144.2,258.0,-704
50.092712,19.893277,2100,140.0,258.0,-640
50.092163,19.889188,2050,135.9,258.1,-704
50.091705,19.885832,2025,131.8,258.2,-704
50.09079,19.87911,1925,128.9,257.9,-768
50.089691,19.871232,1850,125.7,258.1,-640
50.088913,19.865594,1750,125.9,257.6,-704
50.08786,19.858005,1675,125.7,258.1,-576
50.086903,19.851181,1575,127.9,257.8,-704
50.085832,19.843536,1500,129.1,257.5,-576
50.084854,19.836558,1400,128.1,257.4,-704
50.083832,19.828949,1300,129.6,258.4,-704
50.08276,19.820969,1200,130.1,257.6,-704
50.081589,19.812975,1100,130.8,258.1,-704
50.080582,19.805386,1000,131.8,258.2,-640
50.079547,19.797957,900,132.0,257.8,-512
50.07857,19.790979,850,127.9,257.8,-192
50.078384,19.789702,850,120.6,258.0,-128
50.078151,19.788084,850,116.5,258.1,-128
50.078018,19.787027,850,112.6,257.7,-64
50.077918,19.786303,875,104.6,257.3,-64
50.077778,19.785189,875,101.4,257.5,-128
50.077766,19.785184,850,102.5,258.8,-128
50.077663,19.784444,850,97.0,258.8,-128
50.077581,19.783816,850,93.0,258.8,-128
50.077492,19.783197,850,93.0,258.8,-128
50.077348,19.782164,850,89.0,258.8,-128
50.077251,19.781516,850,87.0,258.8,-128
50.077173,19.780939,850,85.0,258.8,-128
50.076988,19.779583,850,77.0,258.8,-128
50.076917,19.779084,850,75.0,258.8,-128
50.076743,19.777877,850,71.0,258.8,-128
50.076684,19.777395,850,68.5,258.8,-128
50.076622,19.776945,850,66.5,258.8,-128
50.076545,19.776411,850,65.5,258.8,-128
50.076452,19.775725,850,60.5,258.8,-128
50.076359,19.775083,850,57.5,258.8,-128
50.076324,19.77476,850,55.5,258.8,-128
50.076267,19.774379,850,52.5,258.8,-128
50.076196,19.773869,850,49.5,258.8,-128
50.076107,19.77324,850,48.5,258.8,-128
50.076009,19.772588,850,45.5,258.8,-128
50.07597,19.772265,850,44.5,258.8,-128
50.075867,19.771506,850,39.5,258.8,-128
50.075798,19.771018,850,35.5,258.8,-128
50.075741,19.770638,850,32.5,258.8,-128
50.07566,19.770009,850,28.5,258.8,-64
50.075567,19.769359,850,24.5,258.8,-64
50.075523,19.769084,850,20.5,255.9,-64
50.075478,19.768867,850,16.5,250.3,-64
50.078934,19.793388,925,109.4,257.9,64
50.078663,19.791722,925,113.6,257.8,0
50.078613,19.791364,925,118.7,257.8,0
50.07843,19.789919,925,122.8,257.8,0
50.078337,19.789049,925,126.9,257.7,0
50.078156,19.787967,925,131.0,257.7,64
50.078064,19.7871,925,135.1,257.6,64
50.077918,19.786228,925,139.3,257.6,128
50.077744,19.785076,900,142.2,257.8,128
50.077469,19.783052,875,152.6,257.5,192
50.07724,19.781317,900,155.5,257.8,576
50.07708,19.780141,925,157.7,257.5,960
50.076941,19.779176,950,159.9,257.4,1408
50.076615,19.776875,1025,159.9,257.4,1856
50.076196,19.774203,1100,160.9,257.4,2176
50.075821,19.771343,1200,160.9,257.4,2560
50.075455,19.768886,1300,160.9,257.4,2560
50.075078,19.766409,1400,161.1,257.1,2688
50.074677,19.763537,1500,161.1,257.1,2816
50.074334,19.761212,1600,161.1,257.1,2944
50.073961,19.758837,1700,161.1,257.1,3008
50.073715,19.757032,1800,160.9,257.4,3008
50.073403,19.75468,1900,160.9,257.4,2816
50.07303,19.752304,2000,159.7,257.7,2880
50.072704,19.750003,2100,159.7,257.7,2944
50.072433,19.747853,2200,158.5,258.0,2944
50.072113,19.745467,2300,157.5,257.9,3008
50.071793,19.743444,2400,156.5,257.8,3008
50.071518,19.741347,2500,154.6,257.7,3008
50.071152,19.73889,2600,153.6,257.6,3008
50.070842,19.736642,2700,153.6,257.6,2944
50.070557,19.734481,2800,151.4,257.8,2944
50.070328,19.732746,2900,150.7,257.4,2944
50.069958,19.730183,3000,149.7,257.3,2880
50.069632,19.728253,3100,148.7,257.2,2880
50.069366,19.726314,3200,147.7,257.1,2816
50.069,19.723712,3300,146.8,257.0,2688
50.068654,19.721572,3400,145.8,256.9,2752
50.068359,19.719375,3500,144.6,257.2,2688
50.068049,19.71697,3600,144.2,260.0,2624
50.067902,19.714532,3700,144.9,263.7,2496
50.067816,19.712368,3800,145.2,267.2,2432
50.067909,19.709695,3900,145.3,273.5,2560
50.068176,19.707087,4000,145.4,277.9,2368
50.068497,19.704413,4100,147.1,281.8,1920
50.06898,19.701233,4200,148.7,282.8,1664
50.069458,19.697402,4300,151.6,280.6,1664
50.069865,19.693364,4400,152.6,278.3,1664
50.07019,19.689307,4500,156.0,276.6,1600
50.070511,19.684826,4600,159.9,276.1,1536
50.070786,19.680272,4700,163.8,275.6,1408
50.071075,19.6754,4800,168.7,275.1,1408
50.071354,19.670278,4900,172.6,274.6,1472
50.071655,19.664515,5000,177.6,274.5,1280
50.07182,19.66137,5050,181.6,274.7,1216
50.072021,19.657577,5100,183.6,274.7,1216
50.072159,19.654758,5150,187.7,274.9,1216
50.072425,19.650013,5225,191.7,274.8,1280
50.072617,19.646446,5275,195.7,275.0,1216
50.072797,19.64348,5325,198.7,274.9,1216
50.072983,19.640085,5375,201.7,274.8,1216
50.073123,19.637839,5400,204.8,275.0,1280
50.073309,19.634127,5450,207.8,275.0,1024
50.073486,19.631556,5475,211.9,275.1,768
50.073669,19.628015,5500,215.9,275.3,768
50.073761,19.627075,5525,219.0,275.5,768
50.073915,19.623957,5550,223.0,275.4,1024
50.074147,19.620765,5600,227.1,275.6,1408
50.07438,19.617277,5650,230.2,275.7,1600
50.074677,19.612692,5725,233.2,275.9,1792
50.074939,19.608517,5800,237.3,276.0,1920
50.07518,19.604958,5875,240.4,276.2,1920
50.075455,19.601344,5925,243.4,276.1,1856
50.075823,19.596417,6025,247.5,276.3,1856
50.076056,19.592706,6075,250.6,276.4,1856
50.076279,19.589852,6125,252.6,276.4,1856
50.076599,19.585298,6200,256.6,276.5,1920
50.077057,19.579516,6300,260.7,276.6,1984
50.077453,19.574148,6400,264.8,276.7,2240
50.077835,19.569469,6500,267.0,277.1,2624
50.07811,19.565855,6600,269.0,277.0,2816
50.078476,19.56123,6700,270.1,277.2,3072
50.078751,19.557977,6800,271.1,277.2,3200
50.079071,19.554074,6900,271.1,277.2,3264
50.079391,19.550171,7000,272.1,277.2,3392
50.07992,19.543861,7200,273.1,277.1,3520
50.080399,19.537884,7375,273.3,277.4,3776
50.080948,19.531668,7575,273.5,277.8,3904
50.081451,19.52603,7775,273.8,278.2,3840
50.082092,19.51938,7975,273.9,278.4,3520
50.082779,19.512369,8175,275.2,278.8,3200
50.083458,19.505409,8350,277.4,278.9,3136
50.084152,19.498347,8550,279.2,278.6,3072
50.084901,19.490934,8750,280.2,278.6,3136
50.085692,19.482471,8950,282.0,278.4,3008
50.086344,19.475494,9125,283.8,278.1,3008
50.08699,19.468279,9325,284.7,277.9,3072
50.087723,19.459967,9525,285.7,277.9,3200
50.088346,19.452927,9725,286.5,277.6,3264
50.088913,19.445656,9900,287.3,277.2,3264
50.089417,19.439194,10075,288.1,277.0,3328
50.090022,19.431994,10275,289.1,277.0,3072
50.090378,19.426936,10375,290.1,276.9,2624
50.09079,19.421877,10475,292.0,276.7,2176
50.091385,19.413492,10600,297.0,276.6,1728
50.092529,19.397952,10800,305.9,276.4,1344
50.093606,19.382481,10950,314.8,276.2,1408
50.094772,19.365572,11150,322.9,276.2,1792
50.095561,19.354273,11300,327.9,276.1,2240
50.096306,19.343658,11500,330.0,276.3,2432
50.097107,19.332179,11700,333.0,276.2,2688
50.097839,19.322132,11900,335.0,276.3,2880
50.099213,19.303195,12300,337.1,276.5,3328
50.100496,19.28546,12675,338.1,276.5,3008
50.10166,19.269723,12975,340.2,276.6,2560
50.103287,19.247541,13375,345.3,276.6,2624
50.104965,19.225406,13775,347.4,276.8,2880
50.106548,19.204992,14175,349.4,276.7,2880
50.108139,19.18437,14575,351.5,276.9,2816
50.109833,19.162252,14975,353.5,276.8,2688
50.111572,19.139485,15375,355.5,276.8,2624
50.113541,19.113898,15775,360.6,276.9,2240
50.115719,19.085256,16175,365.5,276.8,2112
50.117798,19.058027,16575,369.5,276.7,2368
50.119862,19.030325,16975,373.5,276.6,2496
50.120865,19.016539,17225,374.5,276.6,2944
50.122422,18.995658,17625,372.5,276.6,3328
50.123657,18.979532,17950,372.6,276.8,2880
50.124435,18.969413,18125,372.6,276.8,2496
50.124802,18.964354,18200,373.6,276.8,2048
50.126404,18.942598,18475,377.5,276.5,2368
50.126798,18.937609,18550,377.3,276.4,2752
50.127457,18.928359,18725,377.5,276.5,3200
50.12883,18.909278,19125,375.2,276.3,3392
50.130157,18.89063,19525,372.3,276.3,3520
50.131393,18.873138,19925,369.4,276.5,3456
50.132757,18.854618,20325,367.4,276.6,3456
50.134107,18.836579,20725,365.4,276.6,3264
50.135696,18.815099,21125,364.4,276.6,2816
50.13739,18.792692,21525,364.4,276.6,2624
50.139274,18.767024,21925,366.4,276.6,2304
50.141415,18.738148,22325,369.4,276.5,2176
50.143295,18.711813,22725,370.4,276.5,2176
50.145605,18.680024,23100,374.4,276.4,1856
50.14784,18.649366,23475,377.3,276.4,2112
50.150028,18.61908,23850,380.4,276.5,1856
50.152309,18.587679,24150,384.4,276.4,1408
50.154922,18.551282,24400,393.5,276.4,1280
50.155884,18.538345,24525,395.5,276.4,1728
50.158173,18.505747,24875,398.4,276.3,1600
50.160129,18.478039,25075,404.4,276.2,1152
50.163155,18.435356,25350,413.6,276.4,1152
50.166367,18.390445,25600,422.6,276.4,896
50.169296,18.349192,25800,432.6,276.2,832
50.172363,18.305752,26000,440.6,276.2,1280
50.173737,18.285514,26175,442.6,276.2,1728
50.176346,18.248074,26550,444.5,276.1,1984
50.178772,18.211863,26925,445.5,276.1,1984
50.181264,18.175024,27275,446.4,275.9,1728
50.183945,18.134452,27625,449.4,275.9,1664
50.186431,18.095596,27975,451.2,275.7,1792
50.18898,18.056898,28325,453.3,275.8,1664
50.191635,18.015699,28675,454.3,275.8,1600
50.19429,17.974862,29000,457.3,275.8,1536
50.196906,17.934364,29325,458.3,275.8,1728
50.199466,17.894947,29675,459.3,275.8,1728
50.201889,17.857337,30050,458.3,275.8,1984
50.204354,17.818785,30400,459.3,275.8,1728
50.205826,17.795972,30625,458.3,275.8,2176
50.206356,17.788276,30725,457.3,275.8,2624
50.207016,17.777686,30875,455.3,275.8,3072
50.208435,17.752388,31275,450.3,274.3,2688
50.208893,17.742342,31400,449.9,273.7,2240
50.209259,17.730705,31525,449.5,272.8,1792
50.209854,17.698107,31800,449.1,270.9,1664
50.209987,17.659186,32150,449.0,270.1,1728
50.20994,17.618136,32475,449.0,269.7,1472
50.209801,17.578422,32825,448.0,269.6,1792
50.209671,17.541191,33175,447.0,269.7,1856
50.209568,17.509238,33500,445.0,269.7,2304
50.209568,17.493649,33700,442.0,269.7,2752
50.209475,17.469004,34100,436.0,269.6,3136
50.209351,17.451059,34375,432.0,269.5,2688
50.209335,17.441909,34500,431.0,269.5,2240
50.209242,17.429884,34650,431.0,269.5,1856
50.209195,17.418081,34750,430.0,269.5,1408
50.209076,17.403717,34825,431.0,269.3,960
50.208664,17.357387,35075,433.1,269.1,1408
50.208264,17.31809,35400,431.0,269.2,1216
50.208115,17.298986,35500,432.0,269.2,768
50.207657,17.244054,35750,435.0,269.3,1216
50.207291,17.202205,36050,434.0,269.2,1408
50.206914,17.160348,36350,433.1,269.1,1344
50.206449,17.113656,36625,432.1,269.1,1024
50.205963,17.068128,36900,432.1,269.1,1152
50.205551,17.033073,37075,432.1,269.1,704
50.204866,16.971947,37275,435.1,269.0,896
50.204544,16.944026,37425,434.1,268.9,1344
50.204086,16.90261,37750,431.1,268.9,1472
50.203888,16.882943,37875,430.1,269.1,1024
50.203656,16.862603,37950,430.1,269.1,576
50.203376,16.83781,38000,432.1,268.9,128
50.202678,16.776346,38000,439.1,269.0,0
50.201887,16.714436,38000,444.1,268.8,0
50.201142,16.650745,38000,446.1,268.8,0
50.200287,16.587043,38000,447.1,268.7,0
50.199326,16.522715,38000,447.1,268.6,0
50.198349,16.458559,38000,447.1,268.6,0
50.197371,16.394868,38000,448.2,268.5,0
50.196254,16.331103,38000,448.2,268.3,0
50.19509,16.266669,38025,448.2,268.3,64
50.193973,16.203201,38025,448.2,268.5,64
50.192963,16.140145,38050,448.1,268.6,-64
50.19191,16.076395,38025,448.2,268.5,-64
50.190761,16.013167,38025,447.2,268.2,0
50.189484,15.94998,38000,447.2,268.2,0
50.188202,15.886953,38000,447.2,268.2,-64
50.186874,15.823059,38000,447.2,268.2,0
50.185547,15.759815,38000,447.3,268.1,0
50.184128,15.696933,38000,446.3,268.0,0
50.182707,15.632877,37975,446.3,268.1,0
50.181311,15.569409,38000,447.3,268.0,0
50.179774,15.505792,37975,447.3,267.8,-64
50.178238,15.443511,38000,446.3,267.8,64
50.176702,15.379894,38000,447.3,268.0,0
50.175201,15.316748,38000,447.3,267.8,0
50.173723,15.253552,38000,448.3,268.0,64
50.17214,15.189786,38000,448.4,267.6,0
50.170231,15.126763,38000,448.6,267.1,0
50.168229,15.063963,38000,448.5,267.3,-64
50.166414,14.999753,38000,449.4,267.5,64
50.164627,14.935769,38000,449.4,267.5,0
50.162796,14.871296,38000,449.5,267.3,64
50.160921,14.806898,38025,449.4,267.5,0
50.159198,14.743058,38025,449.4,267.6,0
50.157383,14.679219,38025,449.4,267.5,-64
50.155474,14.616716,38000,449.6,267.1,0
50.153379,14.552876,38000,449.6,267.1,0
50.15126,14.489594,38025,448.6,267.1,64
50.149283,14.426385,38025,448.4,267.4,0
50.147421,14.362768,38025,447.5,267.3,-64
50.145279,14.299894,38000,446.7,266.8,-64
50.142975,14.235607,37975,446.7,266.8,-64
50.14064,14.171857,37975,446.7,266.8,0
50.138397,14.108686,37975,447.6,266.9,0
50.136108,14.045804,37975,447.8,266.7,0
50.133728,13.9835,37975,447.8,266.5,64
50.131314,13.919752,38000,448.8,266.7,0
50.128967,13.855928,38000,448.8,266.7,0
50.126565,13.792073,38000,448.8,266.7,0
50.124144,13.728456,38025,447.8,266.5,64
50.121689,13.66533,38025,447.9,266.4,0
50.11921,13.602262,38025,447.8,266.5,0
50.116696,13.538794,38025,447.9,266.4,-64
50.114136,13.475919,38000,447.9,266.3,-64
50.111482,13.413342,38000,448.0,266.2,0
50.108736,13.349428,38000,448.0,266.2,0
50.106033,13.285651,38000,448.9,266.3,0
50.103241,13.221323,38000,449.1,265.9,0
50.100263,13.157167,38000,449.1,265.9,0
50.097377,13.093402,38000,449.1,265.9,64
50.094351,13.029785,38025,449.1,265.9,0
50.091465,12.9655,38025,449.1,266.0,0
50.088625,12.90218,38025,449.1,266.0,0
50.086029,12.839331,38025,448.9,266.4,0
50.084656,12.794013,38025,448.3,267.8,0
50.083411,12.731076,38025,449.2,268.5,-64
50.082434,12.666717,38000,449.1,268.6,-64
50.08136,12.603776,37975,448.2,268.3,0
50.080153,12.540671,38000,448.2,268.2,0
50.078842,12.476566,38000,448.3,268.1,0
50.077406,12.412843,38000,447.3,268.0,0
50.075916,12.349598,38000,447.3,267.8,-64
50.07431,12.286256,38000,447.3,267.8,0
50.072754,12.22388,38000,447.3,267.8,-64
50.071121,12.1609,38000,447.4,267.6,0
50.069492,12.097803,38000,446.4,267.7,0
50.067909,12.0353,37975,447.4,267.7,0
50.066254,11.971701,38000,447.4,267.6,0
50.064558,11.909328,38000,447.4,267.6,64
50.062882,11.846157,38000,447.4,267.7,0
50.061218,11.783415,38000,447.4,267.6,64
50.05939,11.721076,38025,447.5,267.2,0
50.057373,11.657145,38025,447.5,267.2,0
50.055313,11.594335,38000,447.6,267.0,-64
50.053385,11.531339,38025,447.4,267.4,0
50.051605,11.468642,38000,447.5,267.3,-64
50.049661,11.406036,38000,447.5,267.2,0
50.047668,11.343456,38025,446.5,267.3,0
50.045792,11.280068,38025,446.5,267.3,0
50.043795,11.217264,38025,446.6,267.0,0
50.041626,11.154882,38025,445.6,267.0,-64
50.039474,11.092144,38000,444.6,266.9,0
50.037325,11.029754,38000,443.6,267.0,0
50.03523,10.968067,37975,443.7,266.9,-64
50.032883,10.904726,37975,443.8,266.5,0
50.030457,10.842133,37975,443.8,266.6,0
50.028122,10.778672,37975,443.7,266.8,64
50.02578,10.716198,38000,443.8,266.6,0
50.023405,10.653992,38000,443.8,266.5,0
50.020981,10.590603,38000,444.8,266.6,0
50.0186,10.528299,38000,444.8,266.6,0
50.016143,10.465443,38000,444.9,266.4,0
50.013676,10.402717,38000,444.8,266.5,64
50.01123,10.340159,38000,445.8,266.5,0
50.008788,10.277784,38000,445.8,266.5,0
50.006241,10.214755,38000,446.9,266.3,0
50.003481,10.151367,38000,447.1,266.0,0
50.000656,10.087545,38000,448.1,266.0,64
49.99791,10.024446,38000,449.0,266.2,0
49.995195,9.961705,38000,449.0,266.2,0
49.992416,9.898682,38000,449.1,266.0,64
49.989609,9.836178,38000,450.1,265.9,0
49.986694,9.773351,38000,451.1,265.9,0
49.983719,9.708951,38025,451.1,265.9,64
49.980789,9.64484,38025,451.1,266.1,-64
49.977905,9.581307,38025,451.2,265.8,0
49.974838,9.518135,38000,452.3,265.7,-64
49.971725,9.454892,38000,452.4,265.6,0
49.96866,9.391529,38025,452.2,265.8,0
49.965637,9.327176,38025,452.2,265.8,0
49.962479,9.262631,38025,452.4,265.6,0
49.959183,9.199532,38000,451.5,265.3,0
49.955887,9.136722,38000,451.6,265.2,-64
49.952413,9.073074,38000,451.6,265.2,0
49.949062,9.008938,38000,452.5,265.3,0
49.945679,8.945907,38000,452.5,265.3,0
49.942337,8.883314,38000,452.6,265.2,0
49.938913,8.818978,38000,452.5,265.3,0
49.935561,8.755139,38000,452.5,265.3,0
49.93222,8.691776,38000,452.5,265.3,0
49.928811,8.629093,38000,452.7,265.1,0
49.925227,8.56555,38000,452.9,264.8,0
49.921456,8.501488,38000,451.9,264.8,0
49.917709,8.437283,38000,451.9,264.8,0
49.914008,8.374106,38000,451.8,264.9,0
49.910339,8.309567,38000,451.8,264.9,0
49.906606,8.246056,38000,451.0,264.7,64
49.902695,8.182216,38025,451.0,264.7,0
49.898895,8.119547,38000,451.0,264.7,-64
49.895004,8.055364,38000,451.0,264.7,-64
49.891113,7.991614,38000,451.0,264.7,0
49.88736,7.928515,38000,450.9,264.8,0
49.883652,7.865633,37975,450.9,264.8,0
49.879898,7.802823,38000,451.1,264.5,64
49.875928,7.739868,38000,451.2,264.4,-64
49.871841,7.675902,38000,451.2,264.4,0
49.867859,7.613598,38000,452.2,264.3,0
49.863685,7.550502,38000,452.4,264.0,0
49.859299,7.486171,38025,452.3,264.2,0
49.855119,7.422749,38025,452.3,264.2,0
49.850836,7.358761,38000,452.6,263.9,0
49.846481,7.296006,38000,452.6,263.9,64
49.842087,7.23175,38025,452.6,263.9,0
49.83783,7.167856,38025,452.2,264.3,0
49.833755,7.104685,38025,451.2,264.3,0
49.829544,7.041875,38025,450.6,263.9,0
49.82515,6.979209,38000,450.7,263.8,0
49.820624,6.916413,38000,449.9,263.5,-64
49.815811,6.852867,38000,449.5,262.8,0
49.811829,6.808994,38000,450.0,261.4,-64
49.805355,6.746793,37975,450.0,260.7,0
49.798651,6.683473,37975,449.8,260.8,0
49.792191,6.620853,37975,449.5,261.0,64
49.785989,6.558615,38000,449.2,261.3,64
49.779751,6.495592,38025,449.2,261.3,0
49.773513,6.433609,38000,449.3,261.2,-64
49.767197,6.37142,38000,449.5,261.0,0
49.764679,6.347062,37950,450.5,261.1,-448
49.76262,6.326937,37875,450.5,261.1,-832
49.757584,6.277096,37600,448.5,261.0,-1024
49.752319,6.224839,37350,447.2,261.2,-960
49.747238,6.17381,37100,448.3,261.1,-960
49.741811,6.122651,36825,452.3,260.5,-960
49.736504,6.073584,36550,454.2,260.5,-1024
49.730918,6.020731,36300,456.9,260.8,-960
49.725611,5.970475,36025,458.8,260.9,-1024
49.720139,5.918234,35750,461.0,260.8,-1024
49.714508,5.865543,35475,460.2,260.6,-960
49.708852,5.811916,35225,456.7,260.9,-960
49.703659,5.760378,34975,455.6,261.0,-960
49.698441,5.710216,34700,453.9,260.8,-1216
49.696381,5.691063,34550,454.1,260.6,-1664
49.692419,5.654544,34175,454.4,260.4,-1984
49.688322,5.617874,33800,454.6,260.2,-1984
49.684272,5.581723,33425,456.5,260.3,-1984
49.680315,5.545275,33050,456.2,260.5,-2048
49.676285,5.508632,32675,455.4,260.4,-1984
49.672256,5.471914,32300,455.6,260.3,-1984
49.668365,5.436787,31925,455.6,260.3,-1984
49.663925,5.398046,31575,458.2,259.8,-1920
49.659622,5.361473,31200,465.5,259.7,-1984
49.655502,5.326345,30825,471.5,259.7,-1984
49.651154,5.288833,30450,476.5,259.9,-1984
49.646984,5.252801,30075,479.4,259.9,-2048
49.642701,5.215834,29700,479.4,259.9,-2048
49.639572,5.188872,29450,477.6,259.8,-1600
49.634308,5.143987,29175,474.5,259.8,-1152
49.632274,5.126532,29125,473.5,259.8,-704
49.625244,5.066702,29000,482.5,259.9,-256
49.61747,4.999522,28975,485.7,259.8,192
49.612564,4.957508,29000,487.6,259.8,-192
49.611328,4.946883,28950,487.6,259.8,-512
49.611008,4.943848,28925,488.6,259.9,-832
49.610208,4.937167,28900,488.6,259.9,-1280
49.609277,4.929298,28825,488.6,259.9,-1664
49.607895,4.917177,28700,488.6,259.9,-2112
49.606856,4.908068,28575,488.6,259.9,-2560
49.603455,4.879303,28175,485.7,259.8,-2688
49.599221,4.843041,27775,479.6,259.8,-2496
49.595215,4.808542,27375,473.3,259.9,-2560
49.591599,4.777318,27000,467.4,259.8,-2624
49.587982,4.746455,26600,463.5,259.7,-2560
49.584371,4.716104,26200,457.4,259.7,-2432
49.580647,4.684555,25800,452.3,259.7,-2368
49.576783,4.65219,25400,447.4,259.6,-2304
49.573059,4.621269,25000,444.4,259.5,-2304
49.56926,4.590045,24600,440.5,259.4,-2368
49.565323,4.55817,24200,438.9,259.1,-2368
49.561468,4.52711,23800,438.9,259.1,-2304
49.557632,4.496372,23400,438.7,259.2,-2368
49.553833,4.465645,23000,438.7,259.2,-2368
49.549988,4.434646,22600,437.7,259.2,-2368
49.546059,4.402845,22200,435.6,259.3,-2304
49.542343,4.372342,21800,434.4,259.4,-2304
49.538452,4.340322,21400,431.1,259.6,-2304
49.5347,4.308942,21000,428.2,259.5,-2304
49.530991,4.278452,20600,425.4,259.3,-2304
49.527019,4.246513,20200,421.5,259.2,-2240
49.523117,4.214847,19800,417.4,259.2,-2240
49.519338,4.184603,19400,413.4,259.1,-2240
49.515427,4.153723,19025,409.5,259.0,-2176
49.511564,4.123065,18625,406.4,259.1,-2176
49.507653,4.091739,18250,404.2,259.2,-2112
49.503937,4.061761,17850,404.2,259.2,-2176
49.500065,4.030869,17450,404.2,259.2,-2176
49.496341,4.001176,17050,401.3,259.1,-2112
49.492477,3.969999,16675,397.0,259.3,-2112
49.488753,3.940009,16300,395.0,259.2,-2048
49.484985,3.909615,15900,395.0,259.2,-2112
49.481232,3.879692,15525,393.2,259.0,-2048
49.477432,3.849552,15150,389.3,258.9,-2048
49.473633,3.819845,14775,386.2,259.0,-2048
49.469879,3.790355,14400,384.2,258.9,-2048
49.466175,3.761259,14025,381.1,259.0,-2176
49.462738,3.734484,13625,379.3,258.8,-2496
49.460961,3.720876,13450,379.5,258.6,-2048
49.45896,3.705585,13275,380.5,258.6,-1600
49.456865,3.689625,13150,381.4,258.7,-1152
49.454723,3.673442,13050,382.6,258.5,-704
49.451752,3.652376,13000,383.1,257.5,-256
49.447586,3.625127,12925,382.7,256.4,-704
49.440711,3.583176,12650,378.8,255.6,-1024
49.43367,3.540922,12400,374.7,255.6,-960
49.426699,3.499362,12125,370.6,255.6,-960
49.42358,3.482449,12025,370.7,252.7,-1088
49.421438,3.473848,11950,370.9,247.6,-1024
49.418738,3.465319,11900,371.7,242.3,-1024
49.415222,3.456397,11825,373.2,238.1,-1024
49.411802,3.449201,11775,374.4,232.5,-960
49.407147,3.441034,11700,374.7,228.4,-1024
49.40332,3.435481,11650,375.8,222.7,-1024
49.398056,3.428861,11600,377.0,217.8,-896
49.39064,3.420833,11525,377.5,214.5,-960
49.381531,3.411959,11425,378.9,211.5,-960
49.370324,3.402148,11300,380.0,208.8,-1024
49.35715,3.391451,11150,380.2,207.2,-1024
49.34365,3.381115,11000,378.8,206.5,-1088
49.330399,3.371042,10850,378.3,206.4,-1024
49.316556,3.360443,10700,378.3,206.7,-960
49.302544,3.349457,10550,377.9,207.2,-1024
49.289749,3.33921,10400,372.2,207.9,-1088
49.274918,3.327097,10250,363.3,208.3,-896
49.260275,3.31498,10100,355.3,208.6,-896
49.249149,3.305656,10025,349.6,208.9,-768
49.241959,3.299561,9950,345.1,208.9,-640
49.2336,3.292429,9900,340.4,209.6,-640
49.226944,3.286039,9825,336.2,213.0,-768
49.221451,3.279982,9775,333.8,216.6,-768
49.216702,3.273854,9725,329.4,221.4,-640
49.21138,3.265827,9675,326.0,225.4,-640
49.206802,3.25808,9625,322.2,228.1,-512
49.2012,3.248411,9575,317.5,228.8,-832
49.192703,3.233643,9400,313.3,228.9,-1280
49.185512,3.22109,9225,311.8,228.6,-1472
49.178421,3.208853,9050,311.0,228.5,-1536
49.171825,3.197455,8850,311.0,228.5,-1536
49.163911,3.183939,8675,308.8,228.4,-1216
49.155998,3.170278,8525,306.0,228.4,-1216
49.154068,3.16702,8475,306.0,228.4,-1664
49.152041,3.163484,8400,306.0,228.4,-1984
49.149248,3.158642,8300,306.8,228.6,-2432
49.145104,3.151486,8100,308.9,228.7,-2752
49.140976,3.144343,7900,311.8,228.6,-2752
49.137039,3.137512,7700,314.6,228.6,-2560
49.131821,3.128498,7500,316.0,228.6,-2240
49.12706,3.120328,7350,316.7,228.7,-1792
49.120239,3.108427,7150,315.3,228.7,-1408
49.114471,3.098497,7025,313.9,228.8,-1408
49.110516,3.091639,6925,311.8,228.6,-1344
49.106689,3.084975,6825,310.3,228.7,-1344
49.102509,3.077762,6725,308.2,228.6,-1408
49.098404,3.070679,6625,306.8,228.6,-1536
49.095061,3.064969,6525,306.0,228.4,-1664
49.091721,3.05927,6425,305.3,228.3,-1920
49.088962,3.054488,6325,305.3,228.3,-2112
49.086542,3.050368,6225,304.6,228.5,-2240
49.084121,3.046176,6125,303.9,228.3,-2304
49.081696,3.042086,6025,303.9,228.3,-2368
49.079269,3.037931,5925,303.9,228.3,-2368
49.076998,3.034034,5825,303.9,228.3,-2368
49.074298,3.029408,5725,302.5,228.4,-2304
49.072064,3.025649,5625,301.8,228.5,-2048
49.070572,3.023001,5600,300.4,228.5,-1600
49.067001,3.016874,5500,296.1,228.6,-1216
49.062378,3.008845,5400,291.9,228.6,-1024
49.059448,3.003845,5350,287.6,228.4,-1024
49.056793,2.999197,5300,283.6,229.3,-1024
49.053629,2.993052,5225,278.8,232.4,-1088
49.051575,2.988281,5175,274.1,237.8,-1088
49.049881,2.982999,5100,270.2,244.6,-1216
49.048741,2.978162,5050,265.7,250.9,-1216
49.047821,2.972717,5000,262.0,256.8,-1216
49.047205,2.967031,4950,259.9,261.4,-1024
49.046693,2.958575,4875,256.9,265.3,-768
49.046219,2.94673,4825,252.3,267.3,-320
49.046036,2.939899,4800,248.2,267.5,-64
49.045762,2.931543,4800,243.3,266.9,0
49.045436,2.923014,4800,238.4,266.6,-320
49.045064,2.914196,4725,234.5,266.1,-768
49.044552,2.904077,4625,231.7,265.5,-960
49.043993,2.89309,4525,229.7,265.5,-960
49.043472,2.883207,4425,227.7,265.5,-960
49.043015,2.873648,4325,225.6,265.7,-1024
49.042503,2.864251,4225,223.6,265.6,-1088
49.042084,2.855795,4125,222.7,265.6,-1280
49.041712,2.848422,4025,222.7,265.4,-1280
49.041321,2.84074,3925,221.7,265.3,-1216
49.040955,2.833557,3825,221.7,265.6,-1344
49.040641,2.827173,3725,221.7,265.6,-1408
49.040268,2.820388,3625,221.7,265.6,-1408
49.039948,2.813416,3525,221.7,265.6,-1408
49.039617,2.807224,3425,221.7,265.3,-1408
49.039291,2.800863,3325,221.7,265.3,-1344
49.038849,2.793344,3250,219.7,265.3,-896
49.038732,2.791033,3225,216.7,265.5,-768
49.038528,2.787217,3200,212.7,265.4,-896
49.038314,2.782866,3150,208.6,265.6,-1088
49.037988,2.776288,3050,203.6,265.5,-1536
49.03775,2.771653,2950,201.6,265.5,-1536
49.03743,2.765386,2850,198.6,265.4,-1152
49.037103,2.758725,2750,194.6,265.6,-1152
49.036777,2.752437,2675,190.6,265.5,-768
49.036469,2.747145,2625,186.6,265.4,-704
49.036405,2.745209,2625,182.5,265.6,-768
49.036148,2.739821,2550,178.5,265.8,-832
49.035873,2.735173,2500,173.6,265.4,-768
49.035507,2.728412,2400,169.6,265.3,-960
49.035233,2.722919,2350,166.5,265.5,-704
49.034958,2.717426,2275,161.5,265.4,-960
49.034589,2.711021,2175,157.6,264.9,-896
49.034124,2.703215,2075,153.6,264.8,-896
49.033658,2.695626,1975,148.7,264.6,-832
49.033239,2.687675,1875,145.3,266.0,-896
49.03299,2.681016,1775,143.2,266.8,-832
49.032623,2.672002,1675,141.4,265.5,-704
49.032169,2.664907,1575,141.8,263.9,-896
49.031703,2.657318,1475,139.6,264.7,-704
49.031342,2.649536,1375,135.3,266.2,-768
49.031005,2.642429,1275,133.4,265.7,-832
49.030563,2.634676,1200,130.6,264.7,-832
49.030167,2.628045,1100,129.5,265.1,-704
49.029888,2.622335,1025,128.4,265.5,-768
49.029562,2.615903,925,126.4,265.5,-832
49.02919,2.608267,850,125.3,265.9,-640
49.028863,2.602025,750,125.4,265.4,-704
49.028444,2.594147,650,124.4,265.4,-576
49.028046,2.586365,550,127.4,265.5,-640
49.027679,2.580026,475,127.5,265.0,-768
48.995998,2.558586,450,162.6,265.1,2688
48.995858,2.556201,550,160.6,265.0,2624
48.995346,2.547889,850,160.6,265.0,2496
48.995041,2.543335,1025,159.7,264.6,2496
48.994904,2.541011,1125,159.7,264.6,2560
48.994741,2.538348,1225,159.7,264.6,2560
48.994601,2.535673,1325,159.7,264.6,2496
48.994461,2.533577,1400,159.7,264.6,2432
48.994263,2.53087,1500,159.7,264.6,2432
48.994125,2.528405,1600,159.7,264.6,2368
48.993988,2.526151,1675,159.7,264.6,2240
48.993763,2.522952,1775,160.6,265.0,1984
48.993577,2.519122,1875,161.6,265.0,1920
48.993393,2.51608,1975,162.5,265.4,1920
48.993256,2.51263,2075,163.4,265.8,2048
48.993027,2.508756,2175,164.4,265.8,1984
48.992879,2.505316,2275,165.4,265.8,1984
48.992739,2.502353,2375,165.4,265.8,2112
48.992569,2.498897,2475,166.4,265.9,2176
48.992432,2.495868,2575,166.4,265.9,2240
48.99232,2.49274,2675,166.4,266.2,2240
48.992157,2.489671,2775,166.4,265.9,2176
48.991974,2.485798,2875,166.4,265.9,2048
48.991837,2.482417,2975,167.4,265.9,1920
48.991653,2.478262,3075,169.4,265.9,1856
48.991516,2.475163,3175,169.4,265.9,1920
48.991287,2.471008,3275,171.4,266.0,1792
48.99111,2.466792,3350,174.5,265.7,1344
48.990829,2.461642,3450,178.5,265.8,1152
48.990644,2.457613,3500,183.5,265.9,1088
48.990411,2.452481,3575,188.5,266.0,1088
48.990234,2.448543,3625,192.5,265.8,1088
48.989946,2.442362,3700,197.5,265.9,1088
48.989806,2.439543,3750,200.5,266.0,1024
48.98962,2.435134,3800,204.6,265.8,960
48.989365,2.430655,3850,209.5,265.9,960
48.989154,2.426388,3900,213.6,265.7,960
48.988968,2.422413,3925,217.7,265.5,896
48.988724,2.417837,3975,222.7,265.6,896
48.988596,2.414752,4000,225.7,265.4,832
48.988358,2.410654,4025,228.7,265.5,832
48.98827,2.408319,4050,230.7,265.5,896
48.988084,2.4055,4075,233.8,265.3,1024
48.9879,2.401921,4125,238.8,265.4,1216
48.987579,2.395935,4200,242.8,265.3,1600
48.987305,2.391357,4300,245.9,265.1,1728
48.98703,2.385723,4375,249.9,265.2,1728
48.986734,2.380347,4475,254.9,265.3,1664
48.986435,2.374808,4550,257.9,265.1,1664
48.98616,2.370089,4625,261.9,265.2,1664
48.985794,2.363751,4725,265.9,265.2,1600
48.985523,2.358374,4800,269.9,265.3,1664
48.985104,2.350857,4900,274.9,265.4,1856
48.984833,2.345511,5000,278.0,265.2,2112
48.984499,2.339726,5100,280.9,265.3,2368
48.984266,2.335173,5200,280.9,265.3,2560
48.984009,2.330369,5300,283.0,265.1,2880
48.983734,2.326144,5400,283.0,265.1,3072
48.983597,2.322975,5500,284.0,265.1,3200
48.983335,2.319127,5600,284.1,265.0,3264
48.983149,2.315152,5700,284.0,265.1,3392
48.982963,2.312333,5800,284.0,265.1,3520
48.982773,2.308467,5900,284.0,265.1,3584
48.98259,2.305509,6000,284.0,265.1,3584
48.982404,2.302431,6075,284.0,265.1,3584
48.982218,2.299034,6175,284.0,265.1,3520
48.982086,2.296143,6275,283.1,264.9,3520
48.981846,2.292095,6375,283.1,264.9,3520
48.981674,2.289241,6475,283.1,264.9,3456
48.981491,2.286072,6575,284.1,265.0,3392
48.98124,2.281976,6675,284.2,264.8,3328
48.981054,2.278796,6775,284.2,264.8,3328
48.980804,2.275297,6875,284.3,264.5,3264
48.980542,2.271496,6975,284.4,264.4,3200
48.98003,2.263256,7175,285.5,264.2,3072
48.979565,2.256317,7375,286.5,264.2,3008
48.978959,2.247499,7575,287.5,264.2,3008
48.978424,2.239309,7775,288.4,264.4,2944
48.977966,2.231844,7975,289.4,264.5,3008
48.977417,2.223534,8175,290.3,264.7,3008
48.976958,2.215697,8375,291.3,264.5,3072
48.976456,2.207407,8575,291.3,264.7,3136
48.975952,2.199449,8775,292.2,264.9,2944
48.975449,2.190998,8975,294.2,264.9,2688
48.974863,2.180786,9175,296.1,265.0,2304
48.974167,2.169166,9375,300.2,264.8,2304
48.973572,2.158884,9575,302.1,265.1,2432
48.973022,2.149729,9775,303.2,264.9,2880
48.972535,2.141178,9975,303.2,264.9,2944
48.972023,2.131998,10175,304.1,265.1,3072
48.971649,2.125291,10325,305.1,265.1,2624
48.971371,2.12094,10400,306.1,265.1,2176
48.970963,2.113248,10525,309.2,265.0,1728
48.970021,2.09716,10700,317.2,264.9,1408
48.96909,2.081114,10875,325.2,265.1,1216
48.968033,2.062049,11025,334.3,265.0,1216
48.966995,2.043818,11200,343.2,265.1,1472
48.96639,2.03341,11325,346.3,265.0,1920
48.965599,2.019533,11525,349.3,265.1,2368
48.964966,2.008104,11725,351.3,265.1,2688
48.964342,1.997199,11925,351.3,265.1,2688
48.963039,1.974937,12275,355.4,265.0,2240
48.961456,1.948339,12675,360.5,264.8,2432
48.960526,1.932819,12950,360.5,264.8,2880
48.959793,1.920495,13200,360.4,264.9,3328
48.958694,1.901902,13600,359.5,264.7,2880
48.95787,1.888803,13825,360.5,264.8,2432
48.956223,1.861408,14225,365.6,264.7,2112
48.954483,1.83366,14625,368.7,264.5,2432
48.952983,1.809202,15025,369.7,264.6,2560
48.951508,1.78549,15425,370.7,264.6,2624
48.950097,1.762583,15825,371.7,264.6,2496
48.948421,1.735695,16225,373.6,264.6,2240
48.946745,1.708157,16600,376.6,264.7,2240
48.945116,1.685245,16950,378.9,262.9,2432
48.943451,1.670415,17175,379.5,259.4,2496
48.939809,1.643323,17575,382.0,258.2,2048
48.935623,1.612525,17950,384.8,258.5,2304
48.932268,1.587308,18350,384.6,258.6,2624
48.928986,1.562242,18750,384.4,258.8,2368
48.925145,1.532954,19150,387.3,258.8,2048
48.921066,1.501465,19525,390.3,258.9,1856
48.917231,1.471951,19900,392.4,258.8,2048
48.913181,1.440799,20250,395.4,258.9,1792
48.908991,1.408202,20625,398.5,258.9,1920
48.905045,1.37815,21000,399.7,258.8,2240
48.901264,1.349367,21400,400.9,258.6,2176
48.897074,1.317347,21775,402.8,258.7,1920
48.892822,1.285048,22125,404.8,258.8,1664
48.888462,1.252225,22475,407.9,258.7,1792
48.884079,1.219201,22825,409.3,258.4,1920
48.881378,1.201876,23025,410.7,255.2,1728
48.878632,1.188636,23150,412.1,251.2,1536
48.875148,1.17532,23275,413.2,248.0,1472
48.87147,1.163539,23375,415.1,244.6,1472
48.866536,1.149661,23525,416.7,241.2,1664
48.854758,1.117714,23850,419.5,240.8,1408
48.842697,1.0849,24175,423.0,241.0,1536
48.833862,1.061448,24425,425.1,239.1,1600
48.827591,1.046659,24575,424.9,236.4,1600
48.816865,1.023608,24825,427.1,234.3,1664
48.803364,0.995275,25175,426.9,234.1,1792
48.789505,0.966304,25525,428.3,234.1,1792
48.774828,0.935573,25875,429.7,234.1,1472
48.760304,0.905071,26200,431.3,234.2,1728
48.745697,0.874329,26550,432.1,234.3,1536
48.735258,0.852308,26750,434.3,234.4,1088
48.717545,0.81489,27025,438.7,234.5,1536
48.703463,0.785161,27375,438.7,234.5,1728
48.688431,0.753338,27700,440.1,234.4,1472
48.671854,0.718376,28000,442.9,234.4,1152
48.653687,0.680237,28275,447.1,234.3,1024
48.634985,0.640966,28550,450.7,234.3,1280
48.61818,0.605694,28850,452.1,234.3,1280
48.599372,0.566446,29125,456.3,234.2,960
48.579076,0.523947,29375,459.9,234.2,896
48.564086,0.492722,29575,462.7,234.1,1344
48.556778,0.477483,29725,461.9,234.1,1792
48.542998,0.448777,30100,459.1,234.1,2112
48.528809,0.419312,30475,456.9,234.1,1728
48.512785,0.385967,30800,457.5,234.0,1280
48.495895,0.35114,31100,458.0,233.9,1408
48.480432,0.319182,31425,456.6,233.9,1600
48.464767,0.286771,31750,456.1,234.0,1536
48.449381,0.254998,32075,453.8,234.0,1536
48.432632,0.220431,32400,453.8,234.0,1088
48.415305,0.184599,32700,454.4,233.9,1408
48.39836,0.149761,33025,454.4,233.9,1344
48.37999,0.112046,33325,453.6,233.8,1024
48.358154,0.067186,33575,456.6,233.9,768
48.337555,0.025001,33825,457.2,233.8,1088
48.32639,0.002096,33975,458.6,233.8,640
48.301483,-0.048805,34100,464.2,233.7,512
48.276627,-0.099511,34325,467.2,233.8,640
48.260788,-0.131836,34500,467.8,233.7,1088
48.248062,-0.157189,34700,468.1,232.0,1152
48.240687,-0.170144,34800,468.3,228.6,1152
48.231949,-0.18381,34900,468.8,225.4,960
48.223801,-0.195078,34950,470.1,222.2,640
48.214199,-0.207006,35000,471.5,218.9,256
48.180542,-0.246686,35000,478.8,218.6,0
48.146667,-0.287842,35000,483.1,219.5,0
48.112203,-0.330153,35000,483.9,219.4,64
48.077454,-0.372437,35000,484.2,219.1,-64
48.043632,-0.413255,35000,485.7,218.9,0
48.008789,-0.455246,35000,487.1,218.9,0
47.974036,-0.497061,35000,487.1,218.9,64
47.940007,-0.537908,35000,487.9,218.8,-64
47.905701,-0.579048,35000,487.9,218.8,64
47.871063,-0.620657,35000,488.5,218.9,-64
47.836102,-0.662631,35000,489.3,218.9,0
47.801102,-0.704292,35000,489.4,218.7,0
47.766041,-0.746014,34975,490.1,218.8,64
47.730615,-0.78841,35000,490.6,219.0,0
47.695953,-0.82988,35000,491.5,218.8,0
47.660843,-0.87149,35000,491.8,218.5,0
47.626007,-0.912415,35000,491.8,218.5,0
47.591354,-0.95327,35000,492.4,218.6,0
47.555969,-0.994881,35025,491.8,218.5,64
47.520664,-1.036236,35000,491.2,218.4,0
47.485052,-1.077857,35025,491.2,218.4,0
47.450603,-1.118211,35000,491.0,218.6,0
47.416387,-1.158494,35000,491.0,218.6,-64
47.381054,-1.199834,35000,491.8,218.5,0
47.346634,-1.240082,35000,491.0,218.6,64
47.311295,-1.281418,34975,491.8,218.5,-64
47.275681,-1.322891,34975,492.0,218.3,64
47.240652,-1.363502,34975,492.0,218.3,0
47.205093,-1.404671,35000,491.3,218.2,64
47.170219,-1.444984,35000,492.0,218.3,0
47.134644,-1.486244,35000,492.6,218.4,0
47.09904,-1.527452,35000,492.7,218.2,0
47.063507,-1.568298,35000,492.9,218.1,0
47.028763,-1.608124,35000,492.9,218.1,64
46.993693,-1.648301,35000,493.5,218.2,-64
46.958267,-1.688873,35000,493.7,218.0,0
46.922516,-1.729729,35000,495.1,218.0,0
46.886856,-1.770515,35000,495.1,218.0,0
46.851013,-1.811404,35000,495.7,218.1,64
46.815811,-1.851598,35000,496.5,218.1,-64
46.780251,-1.891914,35000,496.7,217.9,64
46.744125,-1.932857,35000,498.1,217.9,-64
46.708653,-1.973076,35000,498.1,217.9,64
46.672389,-2.014206,35000,498.9,217.8,0
46.637009,-2.054031,35000,499.7,217.8,0
46.600708,-2.09457,35000,499.8,217.6,64
46.565319,-2.134163,35000,500.5,217.7,0
46.529241,-2.174606,35000,501.2,217.6,-64
46.493134,-2.215286,35000,502.3,218.0,0
46.457737,-2.255287,35025,502.3,218.0,64
46.421265,-2.296143,35025,503.3,217.7,0
46.384689,-2.337073,35025,503.3,217.7,64
46.348805,-2.376892,35025,503.6,217.4,0
46.311676,-2.417796,35025,503.8,217.3,-64
46.275192,-2.457923,35000,503.6,217.4,-64
46.238388,-2.498586,35000,504.2,217.5,-64
46.201538,-2.539316,34975,505.6,217.5,-64
46.164504,-2.580002,35000,506.0,217.2,0
46.127472,-2.620306,34975,506.8,217.1,-64
46.090207,-2.660751,35000,507.6,217.1,0
46.053589,-2.700426,34975,508.4,217.0,0
46.016468,-2.740471,35000,508.6,216.9,64
45.979832,-2.779953,35000,509.2,216.9,64
45.942729,-2.819847,35025,510.0,216.9,0
45.905255,-2.860153,35000,509.2,216.9,0
45.868572,-2.899704,35025,509.2,216.9,0
45.831749,-2.939461,35025,509.8,217.0,0
45.793995,-2.980179,35025,509.2,216.9,0
45.756454,-3.020436,35025,508.8,216.7,0
45.718906,-3.060379,35000,508.2,216.6,0
45.682434,-3.099484,35025,506.8,217.1,-64
45.645493,-3.139477,35000,507.4,217.2,-64
45.608298,-3.179718,34975,506.6,217.3,0
45.57193,-3.219128,35000,506.0,217.2,0
45.53595,-3.257904,35000,506.2,217.1,64
45.498714,-3.297774,35000,505.6,217.0,0
45.461838,-3.337293,35000,506.2,217.1,0
45.424836,-3.377023,35000,505.4,217.1,64
45.387594,-3.417016,35000,506.2,217.1,-64
45.350771,-3.456205,35000,505.0,216.9,64
45.315216,-3.49411,35000,505.6,217.0,-64
45.278046,-3.533609,35000,505.0,216.9,64
45.241608,-3.572192,35000,505.2,216.7,0
45.205444,-3.610317,35000,505.0,216.9,-64
45.168091,-3.649881,35025,505.2,216.7,0
45.131104,-3.688921,35000,505.2,216.7,0
45.094361,-3.727581,35025,503.8,216.7,64
45.057399,-3.766435,35025,503.0,216.8,0
45.021461,-3.804351,35025,503.0,216.8,0
44.984528,-3.843253,35025,502.4,216.7,0
44.948227,-3.881313,35000,502.4,216.7,-64
44.911271,-3.919975,35000,501.8,216.6,0
44.874588,-3.958294,35000,501.8,216.6,0
44.837997,-3.996342,34975,501.2,216.5,64
44.801834,-4.033879,35000,502.0,216.4,0
44.764755,-4.072331,35000,501.2,216.5,64
44.727905,-4.110522,35000,500.4,216.6,0
44.691605,-4.148189,35000,501.2,216.5,0
44.654815,-4.186193,35000,500.6,216.4,64
44.618179,-4.223916,35000,500.0,216.3,0
44.581263,-4.261958,35025,499.2,216.4,0
44.544434,-4.29997,35025,498.4,216.4,-64
44.507675,-4.337769,35000,498.6,216.3,-64
44.470505,-4.375894,35000,498.6,216.3,0
44.433552,-4.413623,34975,499.7,216.0,0
44.413788,-4.432983,35000,500.7,214.4,64
44.395054,-4.449999,35000,502.1,212.4,0
44.370195,-4.471034,35000,503.2,210.9,0
44.330905,-4.503859,35000,502.5,211.2,64
44.292526,-4.536438,35000,502.7,211.4,0
44.25412,-4.569135,35025,501.8,211.5,64
44.21402,-4.603271,35050,501.0,211.5,64
44.17542,-4.636034,35025,499.9,211.3,-64
44.135422,-4.669573,35025,498.9,211.1,0
44.09642,-4.70234,35025,498.0,211.2,-64
44.073517,-4.721571,35050,496.7,211.2,384
44.059738,-4.733015,35125,496.1,211.1,832
44.048859,-4.742134,35225,496.1,211.1,1280
44.021622,-4.764873,35550,493.4,211.0,1536
43.995071,-4.786909,35850,492.0,210.9,1088
43.962753,-4.8138,36100,492.5,211.0,960
43.933731,-4.837945,36400,490.3,211.1,1280
43.905417,-4.861581,36700,488.1,211.1,1152
43.876602,-4.885531,36925,486.7,211.0,704
43.864838,-4.895367,36975,487.2,211.1,256
43.826977,-4.92678,37000,484.8,210.9,128
43.788525,-4.958561,37000,484.8,210.9,-64
43.751404,-4.989326,37000,484.0,211.0,0
43.713684,-5.020816,37000,484.7,211.3,0
43.675323,-5.052817,37000,485.3,211.0,0
43.6371,-5.084243,37000,487.1,210.9,0
43.598557,-5.115924,37000,488.8,210.8,64
43.559509,-5.147925,37000,490.1,210.8,0
43.521641,-5.178942,37025,491.0,210.7,0
43.482742,-5.210777,37025,491.5,210.8,64
43.44441,-5.242113,37025,492.4,210.8,0
43.406098,-5.273438,37050,492.4,210.8,64
43.366901,-5.305481,37050,490.7,210.9,0
43.328495,-5.336805,37050,491.0,210.7,0
43.290741,-5.367475,37050,489.1,210.6,-64
43.253034,-5.397949,37025,487.8,210.6,0
43.214951,-5.428715,37025,486.9,210.6,64
43.176176,-5.460074,37000,486.4,210.5,-128
43.137864,-5.490941,36975,485.5,210.6,-64
43.099458,-5.522003,36975,485.5,210.6,-64
43.061737,-5.552375,36950,484.7,210.6,64
43.023299,-5.583409,36950,484.2,210.5,-64
42.985977,-5.613375,36950,484.2,210.5,64
42.947651,-5.64403,36975,484.5,210.4,64
42.909805,-5.674308,36975,485.0,210.5,0
42.872269,-5.704332,37000,485.0,210.5,0
42.834183,-5.734672,37000,484.5,210.4,64
42.795822,-5.765388,37000,484.2,210.5,0
42.757346,-5.796118,37000,483.6,210.4,64
42.719452,-5.826395,37050,482.8,210.5,0
42.680954,-5.85699,37025,483.1,210.3,-64
42.642874,-5.887139,37025,480.9,210.4,0
42.605912,-5.916393,37025,479.5,210.3,0
42.568437,-5.946095,37000,479.2,210.5,-64
42.531242,-5.975668,37000,477.3,210.3,0
42.49324,-6.005714,36975,478.2,210.3,-64
42.455475,-6.035489,36975,476.8,210.2,128
42.417375,-6.065411,37025,475.4,210.2,0
42.380493,-6.094291,37025,473.6,210.0,0
42.34314,-6.123442,37000,473.2,210.2,0
42.305511,-6.152843,37000,472.7,210.1,-128
42.267803,-6.182365,36975,473.2,210.2,-128
42.230514,-6.211555,36950,473.2,210.2,64
42.193598,-6.240426,36950,474.1,210.1,64
42.156921,-6.269073,36975,474.1,210.1,-64
42.119627,-6.29804,36975,474.4,210.0,0
42.082199,-6.327039,36975,474.9,210.1,64
42.04491,-6.355974,36975,475.8,210.0,0
42.008011,-6.384555,37000,477.2,210.1,128
41.970148,-6.413908,37025,476.7,209.9,0
41.931975,-6.443418,37025,476.7,209.9,64
41.894873,-6.472033,37050,477.5,209.9,0
41.856746,-6.501351,37025,477.5,209.9,64
41.818806,-6.530478,37050,477.5,209.9,0
41.780869,-6.559712,37025,476.7,209.9,0
41.759766,-6.575567,37050,477.4,208.1,-64
41.74949,-6.582216,37025,479.2,204.8,-64
41.738937,-6.587989,37025,480.2,201.1,0
41.728029,-6.592819,37025,482.0,197.4,64
41.717695,-6.596396,37050,482.7,193.7,64
41.701996,-6.600661,37050,483.6,190.9,64
41.659086,-6.611534,37025,482.6,191.5,-64
41.621052,-6.622456,37025,481.6,192.6,-128
41.578597,-6.635423,36975,480.3,193.0,128
41.536514,-6.648414,36975,480.3,193.0,-64
41.493851,-6.661335,37000,479.9,192.8,0
41.451556,-6.673939,37000,479.6,192.6,0
41.408728,-6.686586,37000,479.2,192.4,0
41.366409,-6.698914,37000,479.2,192.4,0
41.323425,-6.711365,37000,477.2,192.5,0
41.280197,-6.723945,37000,477.0,192.4,0
41.237788,-6.736367,37000,476.3,192.5,64
41.195755,-6.748718,37000,476.3,192.5,-64
41.153761,-6.761086,37000,475.1,192.4,0
41.111305,-6.773383,37000,475.1,192.4,0
41.069269,-6.785556,37000,474.1,192.4,0
41.026611,-6.798035,37000,473.1,192.4,0
40.984634,-6.810242,36975,473.9,192.3,-64
40.942554,-6.822322,36975,473.9,192.3,64
40.90075,-6.83437,36975,474.9,192.3,-64
40.858341,-6.846667,37000,474.3,192.5,128
40.816315,-6.859009,37000,474.3,192.5,0
40.774017,-6.871216,37025,472.9,192.3,64
40.732556,-6.883122,37025,471.9,192.4,-64
40.690613,-6.895169,37025,470.7,192.3,64
40.648682,-6.907166,37025,469.8,192.3,-64
40.607238,-6.919015,37025,468.8,192.3,0
40.565506,-6.93103,37025,466.8,192.4,-64
40.524375,-6.942735,37025,465.4,192.1,0
40.483292,-6.954407,37000,464.5,192.2,-64
40.442276,-6.966003,37000,462.5,192.2,0
40.40143,-6.977629,36975,462.5,192.2,-64
40.361069,-6.989014,36975,461.5,192.3,0
40.32019,-7.000671,36975,461.5,192.3,0
40.279231,-7.012336,36950,461.5,192.3,0
40.23848,-7.023926,36975,461.5,192.3,0
40.197671,-7.035557,36975,462.7,192.4,0
40.156815,-7.04718,36975,462.5,192.2,64
40.115387,-7.058838,36975,463.3,192.1,0
40.074122,-7.070389,36975,464.5,192.2,0
40.032923,-7.081999,37000,464.7,192.3,64
39.991608,-7.093628,37025,465.6,192.3,64
39.949402,-7.10553,37050,464.5,192.2,0
39.908302,-7.117004,37050,464.5,192.2,0
39.866501,-7.128754,37050,463.5,192.2,0
39.825485,-7.140158,37050,462.5,192.2,0
39.783508,-7.15198,37000,461.5,192.3,0
39.74295,-7.163325,37000,460.3,192.2,-64
39.702209,-7.174669,36975,459.1,192.1,0
39.661715,-7.185974,36975,457.4,192.2,0
39.621277,-7.197239,36975,457.2,192.1,0
39.580444,-7.208584,36975,456.0,192.0,0
39.539841,-7.219809,36975,455.0,192.1,0
39.49855,-7.231262,36950,455.2,192.2,0
39.458049,-7.242493,36975,455.0,192.1,0
39.417735,-7.253601,36950,455.0,192.1,0
39.376511,-7.265008,36975,455.2,192.2,0
39.336641,-7.27594,36975,455.0,192.1,0
39.296047,-7.28717,36975,456.2,192.1,0
39.255826,-7.298279,36975,457.2,192.1,0
39.215195,-7.309491,36975,458.0,192.0,64
39.174774,-7.320537,37000,459.1,192.1,0
39.134139,-7.331665,37000,460.1,192.0,64
39.092568,-7.343079,37025,460.1,192.0,64
39.05109,-7.35437,37025,461.1,192.0,0
39.010117,-7.365557,37025,461.1,192.0,0
38.969158,-7.376831,37025,461.3,192.1,0
38.927261,-7.388246,37025,462.1,192.0,0
38.886015,-7.399414,37025,462.1,192.0,0
38.844498,-7.410637,37000,462.1,192.0,0
38.802826,-7.421997,37025,462.1,192.0,0
38.761674,-7.433228,37000,462.3,192.1,0
38.71987,-7.444641,37000,462.1,192.0,0
38.678833,-7.455716,37000,462.1,192.0,0
38.637909,-7.466762,37025,461.1,192.0,0
38.596228,-7.477966,37025,460.9,191.9,0
38.555355,-7.488953,37000,460.9,191.9,-64
38.51413,-7.50002,37000,460.9,191.9,0
38.473022,-7.511066,37000,461.1,192.0,-64
38.432038,-7.522095,36975,461.1,192.0,0
38.391266,-7.533056,37000,460.9,191.9,0
38.350059,-7.544085,37000,460.9,191.9,0
38.309605,-7.554892,37000,460.9,191.9,0
38.269105,-7.565759,37000,460.9,191.9,64
38.229117,-7.576506,37025,460.1,192.0,64
38.187452,-7.587731,37025,460.1,192.0,0
38.147324,-7.598479,37025,459.9,191.9,0
38.106265,-7.609286,37025,460.5,191.0,-64
38.08667,-7.613642,37000,460.8,189.1,-64
38.066882,-7.617048,37000,462.5,187.1,0
38.042396,-7.620213,37000,463.1,185.4,0
37.999878,-7.625447,37000,462.3,185.7,0
37.95809,-7.630841,37000,462.5,186.0,0
37.915421,-7.636491,36975,462.5,186.0,0
37.873411,-7.641947,37000,462.5,186.0,0
37.832245,-7.647361,36975,462.5,186.0,0
37.790451,-7.652796,36975,463.4,185.8,0
37.748886,-7.658114,37000,463.4,185.8,64
37.707359,-7.663501,37000,463.5,185.9,0
37.665207,-7.668983,37000,464.4,185.8,64
37.622314,-7.674476,37025,463.4,185.8,0
37.580978,-7.679736,37025,463.4,185.8,0
37.538773,-7.685229,37025,462.5,186.0,0
37.496704,-7.690663,37050,461.4,185.9,64
37.455505,-7.695806,37025,461.3,185.7,-128
37.413335,-7.701117,37000,460.3,185.7,0
37.371857,-7.706432,37000,459.4,185.9,0
37.330307,-7.711818,36975,459.4,185.9,-64
37.288422,-7.717194,36975,459.3,185.8,0
37.246864,-7.722493,36975,459.5,186.0,0
37.20575,-7.727888,37000,459.5,186.0,0
37.163629,-7.73336,37000,458.4,185.9,64
37.12175,-7.738758,37025,458.4,185.9,0
37.080906,-7.743869,37000,458.3,185.8,0
37.039614,-7.749063,37000,457.3,185.8,0
36.998136,-7.754258,37000,456.3,185.8,0
36.956223,-7.759562,37000,456.3,185.8,-64
36.914703,-7.764763,37000,455.3,185.8,64
36.873001,-7.770022,37000,455.2,185.7,-64
36.832123,-7.775059,36975,455.2,185.7,0
36.791025,-7.780249,36975,454.3,185.8,0
36.749313,-7.78553,36975,454.3,185.8,0
36.708488,-7.790709,37000,453.3,185.8,0
36.66673,-7.795969,37000,453.2,185.7,0
36.625159,-7.801111,37000,453.2,185.7,0
36.583694,-7.806301,37000,453.3,185.8,0
36.541901,-7.811508,37000,454.2,185.7,0
36.501297,-7.816544,37000,455.2,185.7,64
36.459666,-7.82174,37000,455.3,185.8,0
36.419037,-7.826843,36975,456.2,185.7,0
36.377269,-7.831966,37000,457.2,185.6,0
36.336502,-7.837029,37000,458.3,185.8,64
36.294173,-7.84231,37000,459.3,185.8,0
36.252594,-7.8475,37000,459.3,185.8,0
36.211304,-7.85265,37025,460.4,185.9,64
36.169087,-7.857971,37025,460.3,185.7,0
36.126725,-7.863172,37025,460.3,185.7,0
36.085619,-7.868139,37025,460.2,185.6,-64
36.043579,-7.873306,37025,459.3,185.8,0
36.020399,-7.875912,37025,460.3,184.2,0
36.006866,-7.876625,37025,461.1,181.2,64
35.992468,-7.876438,37025,462.2,178.4,0
35.977203,-7.875309,37025,462.2,175.9,0
35.934952,-7.87096,37025,462.6,175.3,-64
35.893158,-7.867126,37000,462.1,176.0,0
35.850769,-7.86375,37000,461.9,176.4,-64
35.817947,-7.861404,37000,460.5,177.4,64
35.806166,-7.861244,37000,459.1,180.9,-64
35.794601,-7.862091,37000,458.3,184.4,0
35.784426,-7.863581,37000,456.5,188.1,0
35.773859,-7.866036,37000,455.2,191.5,0
35.754501,-7.87159,37000,454.8,193.6,64
35.714318,-7.883392,37000,455.0,193.2,0
35.673725,-7.894729,37000,454.1,192.7,0
35.633194,-7.905865,37000,454.9,192.6,-64
35.593282,-7.916701,37000,453.7,192.5,64
35.551804,-7.928009,37000,453.9,192.6,0
35.510788,-7.939224,37000,453.9,192.6,64
35.470198,-7.950362,37025,453.0,192.6,-64
35.430038,-7.961426,37000,452.2,192.8,0
35.389523,-7.972626,37000,452.2,192.8,0
35.349243,-7.983685,37000,452.0,192.6,-64
35.308755,-7.994716,37000,451.8,192.5,64
35.269043,-8.005486,36975,451.8,192.5,-64
35.229337,-8.016396,36975,452.0,192.6,64
35.188202,-8.027475,37000,452.5,192.4,0
35.14801,-8.038273,37000,452.7,192.5,0
35.108348,-8.04903,37000,452.7,192.5,0
35.067661,-8.060074,37000,453.0,192.6,0
35.027207,-8.071117,37000,452.0,192.6,64
34.986465,-8.082238,37000,453.0,192.6,-64
34.947006,-8.093,37000,453.0,192.6,0
34.906777,-8.103848,37000,453.7,192.5,0
34.868278,-8.114204,37000,453.0,192.6,0
34.82936,-8.12479,37000,453.9,192.6,-64
34.788953,-8.135777,37000,454.9,192.6,0
34.747614,-8.146935,37000,454.9,192.6,0
34.707413,-8.157797,37000,455.9,192.5,0
34.667777,-8.168449,37000,455.9,192.5,0
34.628348,-8.179035,37000,456.9,192.5,0
34.591873,-8.18885,37000,457.8,192.5,0
34.5527,-8.199406,37000,458.0,192.6,0
34.512479,-8.21022,37000,459.0,192.6,0
34.471619,-8.221137,37000,459.8,192.4,64
34.430966,-8.231907,37000,460.8,192.4,64
34.389767,-8.242893,37025,460.8,192.4,0
34.348476,-8.253822,37025,460.8,192.4,64
34.307603,-8.264694,37025,461.7,192.4,-64
34.266998,-8.275396,37025,461.5,192.3,0
34.22525,-8.286438,37025,462.0,192.5,0
34.184007,-8.297539,37025,462.2,192.6,0
34.144272,-8.308242,37025,462.2,192.6,-64
34.10376,-8.319005,37000,462.0,192.5,-64
34.062241,-8.329991,37000,461.7,192.4,0
34.021912,-8.340641,37000,461.7,192.4,-64
33.981504,-8.351269,36975,461.7,192.4,64
33.940063,-8.362165,36975,462.7,192.4,0
33.899153,-8.372955,36975,462.9,192.5,0
33.858307,-8.383914,36975,463.1,192.6,0
33.816238,-8.395068,37000,462.9,192.5,64
33.777466,-8.40527,37000,463.7,192.3,0
33.735489,-8.4162,37000,463.7,192.3,0
33.694091,-8.427029,37025,463.7,192.3,0
33.654373,-8.437444,37025,462.7,192.4,0
33.611786,-8.448658,37025,462.7,192.4,0
33.570648,-8.459417,37025,462.7,192.4,0
33.530319,-8.469965,37025,461.7,192.4,0
33.491684,-8.480017,37025,460.8,192.4,0
33.450668,-8.490839,37000,460.8,192.4,0
33.410029,-8.501512,37000,459.8,192.4,0
33.369415,-8.512152,37000,459.6,192.3,0
33.328423,-8.522812,36975,458.4,192.2,-64
33.288666,-8.533081,36975,458.6,192.3,0
33.247421,-8.543738,36975,458.4,192.2,0
33.213043,-8.552637,36975,458.6,192.3,0
33.172623,-8.563129,36975,458.6,192.3,0
33.130762,-8.573932,36975,459.4,192.2,0
33.088074,-8.584937,36975,459.6,192.3,64
33.047562,-8.595538,37000,459.8,192.4,64
33.006821,-8.606085,37000,459.6,192.3,0
32.967224,-8.61642,37025,459.8,192.4,64
32.928085,-8.62663,37025,459.8,192.4,0
32.887527,-8.63716,37025,458.6,192.3,0
32.849587,-8.647025,37025,458.6,192.3,0
32.808295,-8.657731,37025,458.4,192.2,0
32.767655,-8.668101,37025,458.2,192.1,0
32.727666,-8.678302,37000,457.4,192.2,-64
32.686468,-8.688784,37000,457.2,192.1,0
32.646572,-8.698986,37000,456.4,192.3,0
32.606415,-8.709192,37000,456.2,192.1,0
32.565308,-8.719684,37000,456.2,192.1,0
32.524978,-8.729871,36975,456.0,192.0,-64
32.486069,-8.739789,36975,456.4,192.3,0
32.444256,-8.750498,36975,456.4,192.3,0
32.408039,-8.759691,36975,457.2,192.1,0
32.38472,-8.765607,36975,457.2,192.1,0
32.342285,-8.776483,37000,458.4,192.2,64
32.298827,-8.787605,37000,458.4,192.2,0
32.259293,-8.797687,37025,458.4,192.2,0
32.2202,-8.807616,37025,458.2,192.1,64
32.18541,-8.816309,37025,458.0,192.0,-64
32.146694,-8.826001,37025,458.0,192.0,-64
32.109879,-8.83537,37000,458.4,192.2,64
32.071884,-8.845038,37000,458.4,192.2,-64
32.030267,-8.855653,37000,459.6,192.3,-64
31.992839,-8.865182,36975,459.6,192.3,0
31.986282,-8.866846,36975,459.4,192.2,-384
31.982412,-8.867817,36950,459.4,192.2,-896
31.980469,-8.868329,36925,459.4,192.2,-1152
31.976486,-8.869318,36875,460.3,192.2,-1600
31.972137,-8.870471,36800,460.3,192.2,-2112
31.967926,-8.871515,36725,461.3,192.1,-2368
31.961556,-8.873142,36575,462.5,192.2,-3008
31.945821,-8.877121,36175,464.7,192.3,-2752
31.936977,-8.879363,36025,464.5,192.2,-2432
31.914213,-8.885081,35650,461.1,192.0,-2752
31.897267,-8.889285,35250,461.1,192.0,-2944
31.880555,-8.893433,34875,460.9,191.9,-3008
31.864151,-8.897498,34475,461.9,191.9,-3072
31.84876,-8.90128,34100,462.1,192.0,-3072
31.834282,-8.904867,33725,463.3,192.1,-3264
31.824413,-8.907334,33500,463.3,192.1,-2880
31.810587,-8.910809,33200,463.3,192.1,-2432
31.791229,-8.91568,32825,461.3,192.1,-2304
31.768644,-8.921338,32425,458.2,192.1,-2304
31.748062,-8.926499,32050,455.2,192.2,-2240
31.726913,-8.931831,31650,453.1,192.1,-2240
31.706776,-8.936884,31275,449.9,192.1,-2304
31.68485,-8.942377,30875,448.0,192.1,-2240
31.665437,-8.947211,30525,444.8,192.1,-2176
31.645001,-8.952319,30125,441.9,192.1,-2240
31.624797,-8.957373,29750,439.7,192.1,-2240
31.608923,-8.961328,29475,437.6,192.0,-2240
31.582667,-8.967865,28975,437.6,192.0,-2176
31.56395,-8.972599,28625,432.7,192.1,-2240
31.543005,-8.977808,28225,429.3,192.0,-2176
31.523575,-8.98267,27875,426.6,192.2,-2240
31.510071,-8.986062,27600,426.6,192.2,-2240
31.489197,-8.991286,27225,422.5,192.2,-2176
31.469559,-8.996187,26850,419.3,192.1,-2176
31.467499,-8.996726,26800,419.3,192.1,-2176
33.325537,-8.269734,36000,425.6,32.2,-64
33.358063,-8.245294,35975,425.1,32.1,0
33.391663,-8.220026,36000,423.9,32.4,0
33.422877,-8.196305,35975,423.6,32.6,0
33.45444,-8.172259,36000,423.6,32.6,0
33.4813,-8.151799,36000,422.2,32.5,0
33.513934,-8.126968,36000,421.7,32.4,0
33.545496,-8.103161,36000,422.0,32.2,-64
33.575243,-8.080788,35975,422.0,32.2,0
33.604524,-8.058758,35975,422.5,32.3,0
33.62146,-8.045916,35975,422.5,32.3,0
33.667137,-8.01115,35975,422.5,32.3,0
33.699677,-7.986202,35975,424.1,32.7,0
33.732077,-7.961311,36000,425.0,32.6,0
33.765381,-7.935997,36000,425.3,32.4,64
33.797195,-7.911894,36000,426.1,32.3,0
33.830017,-7.88695,36000,426.7,32.5,0
33.863541,-7.86129,36025,426.7,32.5,0
33.895477,-7.836895,36025,427.2,32.6,64
33.92894,-7.811223,36025,427.7,32.7,-64
33.961761,-7.786,36025,427.2,32.6,0
33.994306,-7.760983,36025,426.4,32.7,64
34.026489,-7.736225,36025,426.9,32.8,0
34.059128,-7.711169,36025,426.7,32.5,0
34.091647,-7.686195,36025,426.4,32.7,0
34.125,-7.660498,36000,426.4,32.7,-64
34.158496,-7.634697,36000,426.9,32.8,-64
34.190964,-7.609546,36000,426.9,32.8,0
34.223483,-7.5844,35975,427.7,32.7,0
34.255508,-7.559603,36000,427.7,32.7,0
34.287585,-7.53479,36000,427.7,32.7,0
34.320265,-7.509556,36000,428.3,32.8,0
34.352991,-7.48415,36000,429.1,32.7,0
34.38414,-7.459997,36000,429.1,32.7,0
34.417326,-7.434254,36000,430.0,32.7,0
34.44982,-7.409019,36000,430.5,32.8,0
34.482313,-7.383728,36000,431.0,32.9,0
34.514993,-7.358265,36000,431.9,32.8,0
34.535889,-7.342006,36050,431.9,32.8,448
34.566147,-7.318464,36275,432.7,32.7,896
34.599564,-7.292456,36500,435.5,32.8,576
34.629913,-7.268857,36725,435.5,32.8,960
34.654696,-7.249489,37000,434.1,32.8,1280
34.679229,-7.230263,37275,431.6,33.0,1088
34.707533,-7.208061,37525,431.0,32.9,640
34.740771,-7.181969,37700,432.4,32.9,576
34.774615,-7.155418,37900,433.3,32.8,704
34.79187,-7.141954,37975,433.3,32.8,256
34.823681,-7.116909,38000,430.8,33.1,64
34.85636,-7.091103,38025,429.9,33.1,-64
34.889145,-7.065218,38000,430.8,33.1,0
34.922562,-7.038817,38000,431.6,33.0,0
34.95575,-7.012697,38000,431.6,33.0,0
34.988662,-6.986732,38000,432.1,33.1,0
35.021854,-6.960354,38000,432.7,33.2,0
35.054443,-6.934447,38000,433.5,33.1,64
35.08754,-6.908214,38000,434.4,33.1,0
35.120777,-6.881905,38025,434.4,33.1,64
35.153687,-6.855861,38025,433.8,33.0,0
35.186974,-6.829548,38025,433.8,33.0,0
35.219788,-6.803452,38025,432.7,33.2,0
35.253342,-6.776676,38000,434.1,33.2,-64
35.286131,-6.750514,38000,432.7,33.2,0
35.319077,-6.724205,38000,433.0,33.0,0
35.352561,-6.697628,38000,432.4,32.9,0
35.385864,-6.671276,38000,431.6,33.0,0
35.418777,-6.644955,38000,431.8,33.3,0
35.451764,-6.618445,38000,431.6,33.5,-64
35.484304,-6.592323,38000,431.3,33.2,-64
35.517151,-6.566048,37975,431.8,33.3,0
35.550018,-6.539669,37975,431.8,33.3,-64
35.582565,-6.513519,37975,431.3,33.2,64
35.615721,-6.486959,37975,431.3,33.2,-128
35.648209,-6.460876,37975,431.0,33.4,64
35.68103,-6.434383,38000,431.0,33.4,0
35.71362,-6.408127,38000,431.0,33.4,0
35.746078,-6.381912,37975,431.8,33.3,-64
35.779445,-6.355006,37975,432.7,33.2,0
35.79007,-6.346951,37975,432.2,30.6,-64
35.799276,-6.340864,37975,430.3,27.4,0
35.806818,-6.33654,37975,429.5,24.8,64
35.816483,-6.33173,38000,427.8,21.5,64
35.828247,-6.326694,38000,426.6,18.7,0
35.865875,-6.311531,37975,428.8,18.4,0
35.898991,-6.297504,38000,429.5,19.5,128
35.936325,-6.280918,38025,430.3,20.1,0
35.973358,-6.264267,38050,430.3,20.1,0
36.010574,-6.247616,38050,429.9,20.0,0
36.047058,-6.231365,38050,429.6,19.9,0
36.083862,-6.214943,38050,428.6,19.9,64
36.120987,-6.198292,38025,429.0,20.0,-128
36.157402,-6.181972,38025,427.7,20.0,0
36.194598,-6.165492,38000,427.0,19.7,0
36.231653,-6.14913,37975,427.4,19.8,-64
36.26857,-6.13266,37975,427.7,20.0,0
36.304642,-6.116467,37975,427.7,20.0,0
36.341125,-6.100101,37975,427.7,20.0,0
36.377792,-6.083622,37975,427.7,20.0,64
36.41478,-6.067028,38000,427.7,20.0,0
36.451752,-6.050545,38000,427.4,19.8,64
36.488761,-6.034007,38025,427.4,19.8,0
36.525025,-6.017761,38025,427.7,20.0,0
36.561493,-6.001339,38025,426.4,19.9,-64
36.598531,-5.984685,38000,426.8,20.0,-64
36.634703,-5.968323,38000,426.4,19.9,0
36.67067,-5.952072,38025,425.8,20.0,64
36.707557,-5.935422,38000,425.5,19.9,-64
36.744278,-5.918941,38000,424.5,20.0,0
36.779899,-5.902755,38000,423.3,20.3,0
36.816023,-5.886042,38000,422.4,20.4,0
36.852264,-5.869621,38000,422.0,19.8,-64
36.88776,-5.853683,37975,421.0,19.9,0
36.924179,-5.837247,37975,421.4,20.0,-64
36.960663,-5.820767,37975,422.3,19.9,0
36.997251,-5.804065,37975,423.0,20.2,0
37.033173,-5.787574,37975,423.3,20.3,64
37.069427,-5.770978,37975,423.9,20.1,0
37.106094,-5.754148,38000,424.9,20.1,64
37.142807,-5.737376,38025,424.9,20.1,64
37.178604,-5.720897,38025,425.2,20.2,0
37.215209,-5.704114,38025,424.9,20.1,0
37.251939,-5.687276,38050,423.9,20.1,0
37.288203,-5.670677,38025,423.6,20.0,-64
37.324585,-5.654044,38025,423.0,20.2,0
37.36116,-5.637272,38025,422.7,20.1,-64
37.397414,-5.620641,38000,422.7,20.1,64
37.433075,-5.604255,38000,421.7,20.1,0
37.461889,-5.591205,38000,420.3,19.2,0
37.473201,-5.586787,38000,418.1,16.0,-64
37.486221,-5.582749,38000,416.7,13.0,0
37.512955,-5.575795,38000,415.6,11.7,0
37.550664,-5.565829,38000,415.2,12.1,64
37.588211,-5.5554,38000,415.1,12.7,0
37.624878,-5.54494,38000,414.6,13.0,0
37.661865,-5.534304,37975,414.3,12.8,-64
37.698532,-5.523902,37975,415.1,12.7,0
37.735245,-5.5135,37975,415.1,12.7,64
37.77202,-5.503135,38000,415.1,12.7,64
37.808807,-5.492813,38000,414.9,12.5,64
37.8452,-5.482536,38025,415.1,12.7,0
37.882553,-5.471893,38025,415.1,12.7,0
37.91838,-5.461698,38025,414.3,12.8,-64
37.955841,-5.450972,38000,414.1,12.7,0
37.992492,-5.440561,38000,412.9,12.6,0
38.028849,-5.430291,38000,413.1,12.7,-64
38.066208,-5.419649,38000,413.1,12.7,-64
38.102495,-5.409334,38000,412.9,12.6,64
38.139542,-5.398845,38025,411.2,12.8,64
38.175861,-5.388316,38025,409.5,13.0,0
38.211985,-5.377808,38025,408.3,12.9,0
38.24797,-5.367478,38025,406.9,12.6,-64
38.283966,-5.357296,38000,405.7,12.5,-64
38.319521,-5.347177,37975,404.9,12.7,-64
38.355832,-5.336728,37950,405.1,12.8,0
38.391817,-5.326399,37950,404.9,12.7,0
38.427567,-5.316248,37950,405.7,12.5,0
38.463913,-5.305919,37975,407.8,12.6,320
38.500516,-5.295532,38000,412.9,12.6,0
38.538391,-5.284722,38000,419.4,12.8,0
38.575287,-5.273975,38000,423.8,12.9,0
38.613405,-5.262817,38000,423.8,12.9,0
38.651206,-5.251648,38000,422.8,13.0,0
38.689453,-5.240538,38000,422.6,12.9,0
38.726852,-5.229731,38000,422.4,12.7,0
38.764206,-5.218864,38000,422.6,12.9,0
38.802338,-5.207758,38000,422.4,12.7,0
38.840301,-5.196777,38000,421.4,12.8,0
38.877636,-5.186096,38000,422.1,12.6,0
38.915771,-5.174919,38025,422.3,13.3,64
38.935547,-5.168457,38025,422.6,15.1,0
38.952942,-5.161902,38000,423.9,17.1,-64
38.969513,-5.154797,38000,425.1,19.4,0
38.986038,-5.146796,38025,425.6,21.5,64
39.002747,-5.13784,38025,426.0,23.4,-64
39.019638,-5.127928,38000,427.2,25.4,-64
39.038177,-5.115987,38000,427.5,27.0,-64
39.068481,-5.095447,37975,428.6,28.1,0
39.103317,-5.071444,37975,427.3,28.4,0
39.136871,-5.047979,38000,427.9,28.8,64
39.170915,-5.023987,38000,427.4,28.7,0
39.205582,-4.999854,37975,426.8,28.2,0
39.239952,-4.976196,38000,426.4,28.1,0
39.274587,-4.952209,38000,427.3,28.4,0
39.309082,-4.928284,37975,428.7,28.4,-64
39.343826,-4.904022,38000,428.7,28.4,0
39.378305,-4.880066,38000,429.5,28.4,0
39.412754,-4.856018,37975,429.5,28.4,64
39.447435,-4.83197,38000,430.4,28.3,64
39.482256,-4.807556,38025,430.5,28.6,64
39.516769,-4.783292,38025,430.0,28.5,-64
39.551697,-4.758752,38025,429.6,28.6,64
39.586347,-4.734436,38025,430.0,28.5,-64
39.620703,-4.710327,38025,428.7,28.4,0
39.655838,-4.685609,38025,429.1,28.5,-64
39.690308,-4.661308,38000,428.7,28.4,0
39.724319,-4.637425,38050,426.0,28.6,64
39.758451,-4.613281,38050,424.7,28.6,64
39.792806,-4.588928,38050,422.9,28.7,-64
39.826603,-4.56488,38050,420.7,28.7,0
39.859981,-4.54126,38025,418.8,28.5,-128
39.8936,-4.517351,38025,416.7,28.8,-64
39.927063,-4.493408,37975,415.8,28.9,0
39.960388,-4.469604,37975,414.0,28.7,-128
39.993713,-4.445862,37950,412.6,28.7,-64
40.027011,-4.422184,37950,411.3,28.6,0
40.059586,-4.398987,37950,410.9,28.8,64
40.092316,-4.37561,37950,410.4,28.7,-64
40.124538,-4.352646,37950,410.4,28.7,64
40.157124,-4.329425,37975,409.9,28.6,64
40.190002,-4.305969,37975,410.4,28.7,64
40.222229,-4.28302,38000,409.0,28.6,0
40.255163,-4.259449,38000,410.0,28.9,0
40.287735,-4.235962,38000,409.1,29.0,0
40.319733,-4.21283,38000,410.0,28.9,-64
40.352737,-4.188975,37975,411.3,28.9,0
40.385742,-4.165192,37975,411.8,29.0,64
40.418189,-4.141721,38025,410.9,28.8,128
40.451334,-4.118,38050,410.4,28.7,64
40.484014,-4.094717,38050,409.9,28.6,64
40.516926,-4.071059,38050,410.5,29.0,-64
40.549746,-4.047089,38025,411.4,29.2,-64
40.582844,-4.022869,38000,411.4,29.2,-64
40.615664,-3.998649,38000,411.1,29.4,64
40.648855,-3.974554,38025,410.4,28.7,0
40.68187,-3.950867,38025,409.0,28.6,64
40.714325,-3.927429,38025,408.7,29.1,0
40.747192,-3.903198,38000,409.2,29.3,-64
40.779602,-3.879211,38025,407.5,29.4,64
40.8123,-3.855265,37975,407.4,29.1,-64
40.844328,-3.831794,38000,406.5,29.1,-64
40.876217,-3.808511,37950,407.4,29.1,0
40.908554,-3.78479,37950,407.4,29.1,-128
40.941064,-3.760945,37950,408.2,29.0,0
40.973744,-3.737037,37975,408.7,29.1,64
41.00647,-3.712755,38025,408.3,29.3,64
41.039103,-3.68866,38025,408.7,29.1,64
41.072062,-3.664377,38025,407.8,29.2,64
41.103607,-3.640991,38050,406.1,29.3,-64
41.135925,-3.617188,38025,405.9,28.7,-64
41.151718,-3.606384,38025,403.8,26.6,0
41.166423,-3.597211,38025,401.9,24.4,0
41.181519,-3.588745,38025,400.0,22.3,-64
41.215988,-3.570312,38000,399.2,22.1,0
41.249612,-3.552142,38000,400.0,22.3,-64
41.283781,-3.533603,37975,399.1,22.4,64
41.317485,-3.515001,38000,398.9,22.7,0
41.350891,-3.496521,38000,398.9,22.7,-64
41.384583,-3.477905,37975,398.2,22.4,0
41.417712,-3.459863,37975,398.3,22.1,0
41.451276,-3.441531,37975,398.2,22.4,0
41.484841,-3.423135,37975,399.1,22.4,0
41.518158,-3.404638,38000,399.8,22.6,-64
41.551922,-3.385897,37975,401.2,22.7,64
41.585403,-3.36731,38000,402.1,22.7,-64
41.619795,-3.348211,37975,402.2,22.4,0
41.653427,-3.329794,38000,402.2,22.4,64
41.68725,-3.311164,38000,403.5,22.4,0
41.720627,-3.292715,38025,404.3,22.7,64
41.755076,-3.273543,38025,405.2,22.6,-64
41.789154,-3.25445,38025,404.3,22.7,64
41.823089,-3.235538,38025,404.8,22.5,0
41.856903,-3.216809,38025,404.8,22.5,0
41.890732,-3.197958,38025,405.2,22.6,-64
41.924945,-3.178945,38000,405.8,22.5,-128
41.958929,-3.160166,37975,405.8,22.5,0
41.993179,-3.140904,38000,407.3,23.0,0
42.026848,-3.121714,38000,407.3,23.0,64
42.061111,-3.102389,38000,406.9,22.9,64
42.09581,-3.082851,38025,406.5,22.7,0
42.129542,-3.064227,38025,405.0,22.2,128
42.164154,-3.045148,38025,406.3,22.3,-128
42.178848,-3.036659,38000,408.2,24.3,-192
42.190201,-3.029043,38000,410.6,26.9,-64
42.215478,-3.010893,37975,412.1,28.2,-128
42.247375,-2.988094,37975,412.9,27.9,0
42.280744,-2.964456,37975,413.3,27.7,64
42.313751,-2.941028,38000,412.9,27.9,64
42.347305,-2.917245,38025,412.0,27.6,128
42.380226,-2.893939,38050,411.5,27.8,0
42.413092,-2.870306,38050,410.7,28.2,-64
42.445632,-2.846545,38025,410.8,28.5,-64
42.477539,-2.823174,38000,409.4,28.4,-64
42.510864,-2.798892,38000,408.5,28.2,0
42.543438,-2.775453,38000,408.4,27.9,-64
42.576416,-2.751826,37950,409.3,27.8,-64
42.609467,-2.72823,37950,410.7,27.9,0
42.642455,-2.704425,37950,412.5,28.1,0
42.675414,-2.680472,37950,413.4,28.3,64
42.708652,-2.656456,37975,414.2,27.9,64
42.742403,-2.632184,38000,415.6,28.0,64
42.77623,-2.607568,38000,416.5,28.2,0
42.810415,-2.582637,38025,417.0,28.4,64
42.843468,-2.558376,38050,417.0,28.4,0
42.877451,-2.53333,38050,415.7,28.6,0
42.911387,-2.508153,38050,416.6,28.5,-128
42.94368,-2.484379,38000,417.0,28.4,-64
42.97684,-2.460153,38000,416.5,28.2,0
43.010284,-2.43558,38000,416.1,28.4,64
43.043689,-2.410976,38025,416.1,28.4,0
43.076935,-2.386588,38025,415.7,28.3,0
43.110026,-2.362257,38000,415.7,28.3,-64
43.144089,-2.337086,37975,415.7,28.6,0
43.176921,-2.312753,38000,414.8,28.4,0
43.210602,-2.287967,38000,415.2,28.2,0
43.243881,-2.263567,38000,414.3,28.2,0
43.276794,-2.239422,38000,414.3,28.2,0
43.309874,-2.214988,38025,414.4,28.5,0
43.343536,-2.189792,38000,413.5,28.6,-64
43.374582,-2.166988,38000,413.3,27.7,0
43.407634,-2.143511,37975,412.4,27.4,0
43.44136,-2.119403,37975,412.8,27.6,-64
43.474915,-2.09545,37975,414.2,27.6,-64
43.508839,-2.070792,37975,414.2,27.9,64
43.542729,-2.046073,37975,415.6,28.0,0
43.576126,-2.02174,37975,416.5,27.9,64
43.610229,-1.996957,38000,417.4,27.9,64
43.644213,-1.972242,38025,417.4,27.9,0
43.677684,-1.947981,38025,418.2,27.8,0
43.711945,-1.922991,38025,418.3,28.1,0
43.744765,-1.898869,38025,417.8,28.0,0
43.777818,-1.874935,38000,419.1,27.4,0
43.811382,-1.850542,38000,419.2,28.0,0
43.843964,-1.826605,38000,420.1,28.0,0
43.878184,-1.801431,38000,420.1,28.0,0
43.912028,-1.776712,38000,420.1,28.0,64
43.945541,-1.751936,38000,421.4,28.0,0
43.979874,-1.726642,38000,421.4,28.0,0
44.013837,-1.701573,38025,421.4,28.0,0
44.047821,-1.676461,38025,420.5,28.1,0
44.081012,-1.651611,38025,420.6,28.4,0
44.114251,-1.626827,38025,421.0,28.2,-64
44.148651,-1.601321,38000,421.0,28.2,-128
44.18231,-1.576277,38000,420.1,28.3,64
44.216107,-1.550948,38000,420.1,28.3,-64
44.24968,-1.525726,38000,420.6,28.4,0
44.28392,-1.500157,38000,420.1,28.3,0
44.31801,-1.47458,38000,420.6,28.4,0
44.351667,-1.449324,38000,419.6,28.1,0
44.385976,-1.423667,38000,419.6,28.1,-64
44.419189,-1.39886,38000,418.8,28.2,0
44.452825,-1.373626,38000,418.4,28.4,64
44.486575,-1.348237,38000,418.8,28.2,-64
44.520605,-1.322647,37975,419.2,28.3,-64
44.554262,-1.297392,37975,419.6,28.1,-64
44.588525,-1.271801,37975,421.0,28.2,0
44.622528,-1.246229,37975,421.5,28.3,64
44.649582,-1.226087,37975,421.8,27.2,64
44.66771,-1.213654,38000,422.7,25.4,64
44.696915,-1.194959,38000,423.0,24.1,64
44.731813,-1.173125,38025,423.0,24.1,64
44.767044,-1.150818,38025,423.3,24.6,0
44.801788,-1.128126,38025,423.2,25.2,0
44.836788,-1.104997,38025,423.6,25.3,0
44.872055,-1.081499,38025,423.6,25.6,0
44.906845,-1.058088,38025,423.6,25.6,0
44.941391,-1.035059,38025,423.2,25.2,0
44.975793,-1.012216,38025,422.3,25.2,0
45.010941,-0.988704,38000,421.8,25.4,-64
45.045388,-0.965524,38025,423.1,25.5,128
45.080429,-0.942208,38000,429.9,25.2,-128
45.115814,-0.918601,38000,433.9,25.4,64
45.151154,-0.894863,38000,434.3,25.5,64
45.186676,-0.870993,38000,434.3,25.5,0
45.222519,-0.846797,38000,434.3,25.5,0
45.257996,-0.822863,38000,433.9,25.4,0
45.293518,-0.799059,38000,434.4,25.2,-64
45.329078,-0.775072,38000,434.8,25.6,0
45.364609,-0.750863,38025,433.8,25.7,64
45.400818,-0.72634,38000,434.3,25.5,0
45.435883,-0.702536,38000,433.4,25.6,64
45.471497,-0.67834,38000,433.4,25.6,0
45.506699,-0.654733,38025,431.7,25.1,0
45.542194,-0.630977,38000,431.7,25.4,0
45.578247,-0.606392,38000,431.1,25.9,-64
45.614136,-0.581739,37975,431.6,25.7,-64
45.649218,-0.557556,37975,432.0,25.8,0
45.684783,-0.533112,37975,431.6,25.7,64
45.72021,-0.508873,38000,432.5,25.6,0
45.755585,-0.484604,38000,432.0,25.8,0
45.79069,-0.460258,38000,432.5,25.9,0
45.826263,-0.435635,38000,432.9,25.7,0
45.862054,-0.411026,38000,433.8,25.7,0
45.897201,-0.386719,38000,432.9,25.7,0
45.932581,-0.362411,38000,433.4,25.6,0
45.968765,-0.337495,38000,432.9,25.7,0
46.004132,-0.312904,38025,432.5,25.9,64
46.040176,-0.287788,38025,432.5,25.6,0
46.076248,-0.263203,38000,432.1,25.2,0
46.111435,-0.23909,38000,431.6,25.7,0
46.146954,-0.214371,38000,431.6,26.0,-64
46.165329,-0.201438,37950,432.0,26.1,-512
46.175491,-0.194321,37875,432.9,26.0,-960
46.204586,-0.173927,37600,432.0,26.1,-960
46.233169,-0.153534,37350,430.7,26.3,-960
46.261963,-0.133109,37100,429.8,26.1,-960
46.290056,-0.113091,36825,425.7,26.5,-1024
46.318778,-0.092422,36575,422.6,26.6,-960
46.347382,-0.072081,36325,422.6,26.0,-960
46.375619,-0.052391,36050,424.0,25.7,-960
46.404528,-0.032341,35775,428.0,25.6,-960
46.432709,-0.012862,35500,430.8,25.1,-960
46.445773,-0.004669,35375,432.7,22.4,-1024
46.457291,0.001541,35275,432.1,19.6,-1024
46.469467,0.007101,35150,431.9,16.5,-1024
46.485808,0.01387,35050,430.2,15.8,-576
46.523329,0.029526,35000,429.4,16.4,-128
46.560516,0.045486,35000,430.6,16.5,0
46.597641,0.06143,35000,428.4,16.4,64
46.632866,0.076424,34975,428.4,16.4,-384
46.643417,0.080924,34900,428.4,16.4,-832
46.674225,0.094121,34650,426.5,16.5,-960
46.704464,0.107048,34400,427.9,16.1,-960
46.735188,0.119957,34150,427.9,16.1,-1024
46.763351,0.132104,33875,428.1,16.7,-960
46.794216,0.145775,33625,427.4,16.9,-960
46.825058,0.159168,33350,430.6,16.5,-1024
46.855898,0.172348,33100,437.6,16.3,-960
46.885226,0.185077,32825,443.9,16.8,-1024
46.916473,0.198784,32550,446.1,16.8,-1024
46.948242,0.212929,32300,446.6,17.1,-1024
46.962642,0.219938,32175,446.9,19.2,-1024
46.974472,0.226593,32075,446.6,22.4,-1024
46.986923,0.234695,31975,446.9,25.3,-1024
46.999924,0.244514,31850,446.9,27.9,-960
47.029861,0.267998,31600,448.3,28.2,-960
47.058929,0.290588,31325,449.1,27.9,-960
47.088959,0.313728,31075,450.9,27.8,-960
47.118301,0.336388,30800,452.7,27.9,-960
47.14806,0.35945,30550,454.5,27.8,-1024
47.177109,0.381986,30275,456.7,27.8,-1024
47.205917,0.404297,30050,455.8,27.9,-576
47.226196,0.42009,30025,455.8,27.9,-128
47.262863,0.448517,30000,455.8,27.9,0
47.300034,0.477493,30000,454.1,28.0,0
47.337015,0.506357,30000,454.5,28.1,0
47.373652,0.535161,30000,454.5,28.1,0
47.409805,0.563599,30000,453.6,28.1,0
47.446693,0.592698,30000,452.8,28.2,0
47.48305,0.621361,30000,452.8,28.2,0
47.519733,0.650447,30000,452.8,28.2,0
47.556564,0.679642,30000,454.1,28.3,0
47.593094,0.708549,30000,455.9,28.1,0
47.629166,0.737114,30000,454.1,28.3,0
47.655258,0.757851,29975,455.0,28.2,-448
47.662928,0.763972,29900,454.6,28.4,-896
47.693326,0.788269,29650,452.4,28.4,-960
47.722778,0.81189,29400,451.0,28.3,-960
47.752991,0.83606,29125,450.1,28.4,-960
47.7828,0.859891,28875,451.0,28.3,-1024
47.809799,0.881516,28600,453.7,28.4,-1024
47.838988,0.904893,28325,453.7,28.4,-1024
47.869154,0.929119,28050,451.0,28.3,-960
47.898743,0.952652,27800,448.7,28.0,-960
47.927902,0.975861,27550,446.9,28.2,-960
47.956114,0.998418,27275,444.3,28.4,-1024
47.985628,1.022221,27000,442.5,28.5,-1024
48.01474,1.04583,26725,440.8,28.6,-1024
48.043625,1.069382,26475,438.2,28.8,-960
48.071777,1.092384,26200,436.3,28.6,-960
48.100616,1.115799,25950,435.0,28.6,-1024
48.126448,1.136874,25650,434.1,28.6,-1088
48.14465,1.151733,25450,425.1,28.7,-1088
48.159531,1.163864,25325,415.7,28.6,-1024
48.176971,1.178072,25175,406.3,28.5,-1024
48.202142,1.198522,24900,398.2,28.5,-1472
48.214142,1.208285,24675,396.0,28.5,-1920
48.226776,1.218637,24375,394.3,28.6,-2368
48.240967,1.230257,23975,392.5,28.8,-2816
48.254288,1.241173,23575,392.0,28.7,-3008
48.267334,1.251878,23175,392.0,28.7,-3136
48.279512,1.261838,22775,392.9,28.6,-3136
48.291662,1.271667,22375,393.8,28.5,-3200
48.303626,1.281497,21975,394.3,28.6,-2880
48.317731,1.292917,21575,393.3,28.4,-2560
48.333373,1.305566,21175,391.5,28.2,-2496
48.348999,1.318219,20775,388.8,28.4,-2368
48.364656,1.331008,20375,386.7,28.8,-2432
48.380065,1.343801,19975,384.9,28.9,-2368
48.395427,1.356522,19575,381.8,29.0,-2368
48.411488,1.369749,19175,380.4,28.6,-2368
48.42699,1.38247,18775,377.3,28.7,-2368
48.442678,1.395408,18375,375.5,28.8,-2368
48.458599,1.408491,17975,372.8,28.7,-2304
48.474197,1.421321,17575,370.6,28.7,-2304
48.489882,1.434222,17175,369.7,28.8,-2304
48.505508,1.447097,16775,368.8,28.9,-2304
48.521211,1.460097,16375,367.4,28.8,-2240
48.536946,1.473108,15975,366.1,28.7,-2304
48.552567,1.486042,15575,365.6,28.6,-2240
48.56282,1.494493,15350,365.2,28.8,-1792
48.570328,1.501254,15200,363.7,32.4,-1408
48.57726,1.508524,15100,362.2,36.0,-1024
48.58287,1.515479,15050,360.3,40.5,-576
48.589508,1.524916,15025,359.3,43.9,-192
48.612593,1.559047,15000,356.4,44.3,128
48.636246,1.593581,15000,356.5,43.9,0
48.659683,1.627596,15000,357.9,43.9,0
48.682934,1.661321,15000,356.5,43.9,64
48.706675,1.695798,15000,356.5,43.9,-64
48.730179,1.729854,14975,357.2,43.8,0
48.753662,1.764151,15000,355.7,44.2,64
48.777374,1.798941,15000,360.0,44.0,-64
48.800903,1.83352,15000,358.5,44.4,64
48.824034,1.867748,15000,357.8,44.1,0
48.835373,1.884296,14975,356.4,44.1,-448
48.839582,1.890444,14950,355.0,44.1,-896
48.844377,1.897527,14850,355.0,44.1,-1344
48.849591,1.905116,14750,354.3,44.0,-1792
48.861322,1.922318,14400,352.9,44.2,-2240
48.872401,1.939015,14050,350.8,46.2,-2240
48.876684,1.946676,13900,349.5,50.6,-2176
48.880408,1.954627,13750,349.5,55.5,-2112
48.883255,1.961834,13650,347.9,60.6,-2176
48.885727,1.969581,13500,348.0,64.5,-2240
48.887741,1.977257,13400,348.3,69.8,-1920
48.889439,1.985779,13300,348.5,74.0,-1600
48.890696,1.995103,13200,349.3,79.1,-1280
48.891495,2.005005,13150,351.1,83.8,-896
48.892745,2.029652,13000,349.0,85.7,-512
48.893629,2.046926,12950,341.1,85.5,-64
48.89456,2.064273,12975,331.1,85.3,192
48.895584,2.082849,13000,321.1,85.2,64
48.896576,2.100783,13000,311.2,85.0,0
48.897812,2.12184,13000,301.2,84.9,0
48.900101,2.160292,13000,291.3,84.7,0
48.902527,2.200857,13000,287.1,85.0,0
48.904336,2.232248,12950,286.1,85.0,-448
48.905081,2.245042,12875,287.2,84.8,-896
48.906784,2.27417,12575,288.0,85.2,-1344
48.908203,2.301847,12275,285.8,85.6,-1344
48.90941,2.325921,12025,285.8,85.6,-1280
48.910217,2.341144,11850,284.9,85.4,-1344
48.911086,2.356567,11675,285.0,85.2,-1280
48.911971,2.372469,11500,284.0,85.2,-1280
48.912827,2.3884,11325,282.0,85.1,-1280
48.913742,2.404738,11150,281.9,85.3,-1280
48.914566,2.420936,10975,281.9,85.5,-1280
48.915416,2.436796,10800,282.9,85.3,-1280
48.9163,2.452698,10625,285.0,85.2,-1280
48.916859,2.467153,10475,287.3,87.4,-1344
48.917138,2.48226,10300,289.1,88.6,-1280
48.917358,2.497418,10125,289.0,89.0,-1280
48.91751,2.513484,9950,287.0,89.0,-1344
48.917743,2.52953,9775,285.1,88.8,-1344
48.917999,2.545518,9600,283.1,88.4,-1280
48.918274,2.561998,9425,282.1,88.6,-1280
48.918535,2.578535,9250,282.0,89.0,-1280
48.918674,2.595665,9075,281.0,89.2,-1280
48.918814,2.610771,8900,280.0,89.4,-1280
48.918915,2.627563,8725,279.0,89.4,-1280
48.919,2.643224,8550,278.0,89.4,-1280
48.919093,2.659414,8375,276.0,89.6,-1280
48.919186,2.675243,8200,275.0,89.4,-1280
48.919327,2.690664,8025,273.0,88.9,-1280
48.919556,2.705947,7850,273.1,88.7,-1280
48.919745,2.721357,7675,272.0,88.9,-1280
48.919931,2.737186,7500,271.0,89.2,-1280
48.920071,2.751786,7325,270.0,89.4,-1344
48.920197,2.767076,7150,268.0,89.4,-1280
48.920304,2.779975,7025,267.0,89.1,-1280
48.92038,2.787499,6925,266.0,89.1,-1280
48.92049,2.795804,6825,266.0,89.1,-1280
48.920563,2.804612,6725,265.0,89.1,-1280
48.920654,2.813204,6625,265.0,89.3,-1280
48.920723,2.822185,6525,265.0,89.3,-1280
48.920792,2.830811,6425,264.0,89.6,-1344
48.920816,2.839243,6325,264.0,89.8,-1280
48.920837,2.848417,6225,264.0,89.6,-1344
48.920883,2.856375,6125,264.0,89.6,-1280
48.920929,2.864896,6025,264.0,89.3,-1280
48.921002,2.873864,5925,264.0,89.3,-1216
48.921066,2.882291,5825,263.0,89.3,-1280
48.921142,2.891573,5725,264.0,89.1,-1280
48.921204,2.899686,5625,264.0,89.1,-1280
48.921328,2.908486,5525,264.0,88.9,-1344
48.921432,2.916729,5425,264.0,88.9,-1280
48.921561,2.925544,5325,264.0,88.9,-1344
48.921654,2.933277,5225,264.0,88.9,-1344
48.921747,2.940867,5125,263.0,89.1,-1344
48.921799,2.94997,5025,263.0,89.1,-1344
48.921886,2.958719,4925,262.0,89.3,-1280
48.921933,2.966815,4825,262.0,89.3,-1344
48.922028,2.975534,4725,261.0,89.1,-1280
48.922256,2.983351,4625,259.3,87.1,-1344
48.922668,2.988563,4575,257.1,81.1,-1344
48.923492,2.993774,4500,255.2,75.5,-1344
48.924819,2.999701,4425,253.4,73.5,-1344
48.92589,3.003098,4375,251.0,65.3,-1344
48.927612,3.00758,4300,248.5,59.0,-1280
48.929567,3.011627,4250,246.2,52.8,-1280
48.931549,3.014902,4200,245.1,48.3,-1088
48.933571,3.017699,4150,242.2,41.7,-960
48.93576,3.020113,4125,240.5,35.0,-896
48.938644,3.022649,4075,238.5,28.3,-896
48.942416,3.025143,4025,237.3,23.9,-896
48.944687,3.0261,4000,236.6,17.2,-896
48.947863,3.027023,3950,236.1,10.7,-896
48.950684,3.027508,3900,234.9,5.1,-832
48.955353,3.027719,3850,234.1,2.0,-896
48.960245,3.027601,3775,231.1,358.5,-576
48.964645,3.027086,3750,229.3,354.0,-448
48.967554,3.026227,3725,228.1,347.9,-320
48.970347,3.024926,3725,226.4,340.9,-64
48.97316,3.023001,3725,225.2,336.2,0
48.975189,3.02124,3725,223.8,329.1,0
48.977097,3.019057,3725,222.3,324.5,0
48.979019,3.016451,3725,220.8,317.2,128
48.980942,3.013282,3725,220.8,312.4,192
48.982544,3.009893,3750,222.0,305.8,128
48.983941,3.006423,3750,222.8,300.5,128
48.986222,2.999774,3750,223.2,296.9,-64
48.99097,2.984595,3750,224.1,295.1,-64
48.999861,2.956551,3725,225.9,296.0,0
49.006239,2.936602,3700,223.2,295.2,0
49.007538,2.931589,3700,221.8,293.1,64
49.008241,2.928001,3725,219.1,285.6,128
49.008846,2.923447,3725,218.5,280.3,192
49.009232,2.918067,3750,218.3,276.3,128
49.009451,2.911738,3750,218.2,272.4,0
49.009451,2.903499,3750,217.0,269.2,-64
49.009218,2.891573,3725,212.2,267.8,-256
49.008939,2.882104,3675,209.2,267.5,-640
49.008774,2.87546,3600,208.2,267.2,-1088
49.008499,2.868488,3500,207.3,267.0,-1024
49.008133,2.858065,3400,206.4,266.7,-1024
49.007767,2.850248,3300,206.5,266.1,-1152
49.007446,2.843276,3200,206.5,265.8,-1152
49.007077,2.835846,3100,206.6,265.6,-1152
49.006714,2.828205,3000,206.6,265.6,-1152
49.006348,2.821374,2900,207.7,265.3,-1216
49.005913,2.813584,2800,207.7,265.3,-1152
49.005524,2.805528,2700,207.6,265.6,-1088
49.005122,2.798044,2600,207.6,265.6,-1088
49.004745,2.790527,2500,207.6,265.6,-1280
49.004377,2.783661,2400,207.6,265.6,-1152
49.003967,2.775527,2300,207.6,265.6,-1088
49.003586,2.768121,2200,206.6,265.6,-1088
49.003189,2.75954,2100,203.6,265.5,-768
49.002686,2.750174,2025,198.6,265.4,-832
49.002282,2.743402,1925,194.7,265.0,-1280
49.001956,2.737403,1825,193.7,265.3,-1600
49.001677,2.731982,1725,191.6,265.5,-1600
49.001404,2.726511,1625,189.5,265.8,-1408
49.001083,2.719398,1525,186.5,265.7,-960
49.000792,2.713045,1450,181.5,265.6,-960
49.000513,2.708708,1400,176.6,265.1,-512
49.000305,2.70489,1400,172.7,264.7,-128
49.000141,2.702348,1400,166.8,264.5,-128
48.999985,2.700172,1375,162.7,264.7,-192
48.999815,2.697288,1375,158.6,264.9,-512
48.999619,2.693059,1325,156.5,265.6,-896
48.999396,2.688109,1225,153.3,266.3,-1280
48.999161,2.68327,1125,151.3,266.2,-1472
48.998977,2.679146,1050,147.3,266.1,-640
48.998749,2.674255,1000,141.5,265.1,-640
48.998372,2.667437,925,138.5,265.0,-640
48.998185,2.663317,875,136.4,265.4,-704
48.99772,2.654644,775,135.4,265.3,-640
48.99733,2.647494,675,134.5,265.3,-832
48.996929,2.641417,575,132.5,264.8,-896
48.996649,2.63643,525,131.6,264.3,-640
