lat,lon,alt,gs,track,vs
33.265686,-111.817749,1300,60.3,49.7,0
33.265778,-111.817639,1300,68.0,48.6,0
33.266281,-111.81698,1400,68.0,48.6,0
33.266647,-111.816486,1400,75.8,48.7,192
33.266834,-111.816269,1400,83.6,48.9,320
33.267105,-111.815881,1400,87.2,49.2,448
33.267626,-111.815148,1400,90.8,49.5,704
33.269069,-111.81313,1500,92.8,48.1,960
33.269674,-111.812402,1500,92.7,46.3,960
33.269852,-111.812201,1600,92.7,46.3,1664
33.271088,-111.810718,1700,95.5,44.6,1280
33.272186,-111.809454,1700,99.8,43.0,896
33.273678,-111.807917,1800,103.4,41.9,1024
33.274702,-111.806908,1800,107.4,38.6,960
33.275586,-111.806236,1800,109.8,33.1,1024
33.275848,-111.806049,1900,109.6,27.7,1024
33.27661,-111.805731,1900,107.9,20.6,1024
33.277588,-111.805451,2000,104.9,11.0,1024
33.278798,-111.805339,2000,104.2,3.3,1024
33.279053,-111.805334,2100,104.0,1.1,1856
33.280334,-111.805395,2100,104.3,355.6,1856
33.280567,-111.805451,2200,105.6,354.0,1856
33.281204,-111.805554,2200,106.1,351.9,1856
33.281498,-111.805619,2200,106.2,351.3,1216
33.283314,-111.806012,2200,110.6,350.1,1216
33.283813,-111.806104,2200,112.5,350.8,1216
33.284088,-111.806158,2300,114.3,351.4,576
33.285921,-111.80646,2300,119.1,352.3,640
33.288341,-111.806852,2300,123.2,352.1,768
33.289902,-111.807092,2400,128.0,352.8,768
33.294754,-111.807697,2400,132.7,354.0,960
33.295138,-111.807749,2500,133.6,354.4,960
33.300156,-111.808301,2600,137.6,354.6,896
33.302959,-111.808646,2600,142.5,355.2,768
33.30403,-111.808758,2600,145.4,355.7,768
33.304459,-111.80874,2600,146.4,355.7,-704
33.306543,-111.808926,2500,151.2,357.0,-704
33.307893,-111.809038,2500,153.1,357.8,-704
33.308304,-111.809015,2500,153.1,357.8,256
33.312927,-111.809125,2600,157.0,359.3,448
33.320416,-111.809375,2600,155.2,357.4,64
33.326019,-111.809729,2500,156.3,356.7,-256
33.339502,-111.810776,2500,156.2,357.4,128
33.344716,-111.811,2500,157.1,357.8,-256
33.345749,-111.811047,2400,157.1,357.8,-576
33.355842,-111.811617,2300,159.1,358.2,-384
33.365799,-111.811871,2300,158.0,359.6,-256
33.372089,-111.811953,2200,160.0,358.9,-384
33.383011,-111.812036,2100,160.1,358.6,-192
33.397041,-111.81257,2000,158.1,357.8,-320
33.406586,-111.813025,2000,157.1,357.8,-320
33.407003,-111.813074,2000,157.2,357.5,768
33.412729,-111.813411,2000,153.2,357.0,320
33.425298,-111.814419,2100,148.3,356.5,128
33.434143,-111.815167,2100,144.4,355.6,512
33.437943,-111.815497,2200,139.4,355.5,832
33.440195,-111.815709,2200,137.4,355.8,448
33.445175,-111.816156,2200,138.5,355.0,192
33.448481,-111.816549,2200,141.7,354.3,-128
33.457214,-111.817639,2200,138.8,353.8,128
33.457559,-111.817671,2300,138.9,353.4,640
33.462354,-111.818343,2300,136.8,353.7,192
33.468173,-111.81896,2400,134.6,354.5,448
33.475021,-111.819836,2400,133.0,353.1,448
33.478363,-111.820386,2500,131.1,352.5,448
33.484001,-111.821202,2500,128.7,354.2,384
33.489214,-111.82165,2600,129.2,356.5,256
33.498322,-111.822473,2600,130.5,355.2,128
33.505461,-111.823276,2700,131.4,355.6,384
33.513748,-111.824066,2700,129.6,354.7,448
33.515533,-111.824396,2800,127.7,348.2,768
33.517776,-111.82511,2800,124.0,343.6,768
33.51952,-111.825798,2900,122.1,341.9,1088
33.522217,-111.826978,2900,119.4,338.4,768
33.523178,-111.827472,3000,119.2,337.3,640
33.525758,-111.828937,3000,119.0,334.1,704
33.527667,-111.830058,3100,118.1,332.8,640
33.532275,-111.833029,3100,119.1,330.9,256
33.535441,-111.835159,3200,118.2,330.6,320
33.535953,-111.835495,3200,118.2,330.6,320
33.536186,-111.835663,3200,116.5,330.1,1216
33.537689,-111.8367,3300,113.7,330.5,1216
33.539491,-111.838018,3400,110.1,327.6,1216
33.541031,-111.839251,3400,110.4,326.5,832
33.542908,-111.840708,3500,111.5,325.6,512
33.545059,-111.842558,3500,110.6,322.7,896
33.546241,-111.843681,3600,110.3,321.3,896
33.548801,-111.846256,3600,111.2,318.3,768
33.549316,-111.846874,3700,110.4,317.2,896
33.551193,-111.849116,3700,110.3,313.5,960
33.552339,-111.850605,3700,113.9,313.2,960
33.552572,-111.850891,3700,113.9,313.2,-320
33.553162,-111.851695,3700,117.5,312.2,-320
33.554527,-111.853466,3700,122.5,312.0,-384
33.556183,-111.855394,3700,127.4,316.9,-320
33.558746,-111.858141,3700,131.8,318.7,0
33.560989,-111.860383,3700,133.2,322.0,0
33.56488,-111.86369,3700,136.8,324.2,-128
33.572683,-111.870518,3700,140.0,323.1,192
33.578247,-111.875685,3700,143.4,322.6,-128
33.582642,-111.879497,3700,146.5,325.0,-128
33.586648,-111.882648,3700,147.9,327.7,-192
33.594223,-111.888129,3600,148.0,329.1,-256
33.602383,-111.893921,3600,150.5,330.5,128
33.606628,-111.896761,3600,147.1,328.9,512
33.609692,-111.899242,3600,145.9,325.3,64
33.618484,-111.90657,3700,145.4,324.2,256
33.623331,-111.910915,3600,146.4,323.0,-128
33.630128,-111.917095,3600,148.1,321.6,0
33.639084,-111.925404,3600,147.0,322.7,384
33.640274,-111.926469,3700,145.7,324.8,320
33.643387,-111.928879,3700,144.6,328.3,256
33.646235,-111.930771,3700,143.6,332.2,192
33.649521,-111.932635,3700,142.8,335.6,384
33.654144,-111.935101,3700,144.9,333.8,-64
33.655871,-111.936207,3700,143.6,333.1,-128
33.65625,-111.93639,3700,142.2,333.2,896
33.65778,-111.937351,3800,138.2,332.9,896
33.658813,-111.93796,3800,135.1,333.6,896
33.659088,-111.938128,3800,134.6,334.0,1536
33.660187,-111.938744,3900,131.9,334.4,1216
33.663849,-111.940818,4000,128.4,334.6,768
33.667419,-111.942892,4100,123.9,333.6,960
33.670675,-111.944904,4200,120.3,332.8,960
33.673965,-111.946928,4300,117.2,332.6,896
33.67696,-111.948795,4400,113.6,332.8,1024
33.679939,-111.950569,4500,110.9,333.2,960
33.682938,-111.952477,4600,108.2,332.5,1024
33.685665,-111.954174,4700,105.5,333.0,960
33.688458,-111.955833,4800,103.8,334.9,1024
33.691315,-111.957298,4900,100.5,337.8,1024
33.694061,-111.958587,5000,98.4,339.2,1024
33.697024,-111.959953,5100,97.7,340.3,832
33.699783,-111.961109,5200,94.9,339.7,1024
33.702517,-111.962357,5300,95.5,340.4,960
33.703125,-111.962623,5300,98.1,339.7,960
33.703308,-111.9627,5300,98.1,339.7,256
33.705077,-111.963444,5300,101.2,339.8,384
33.706238,-111.963968,5300,105.7,339.5,256
33.706706,-111.964188,5300,107.6,339.9,256
33.706986,-111.964302,5300,108.9,339.6,-256
33.708206,-111.964865,5300,112.9,339.8,-448
33.709213,-111.965313,5200,117.4,339.6,-448
33.710449,-111.965818,5200,121.5,339.8,-448
33.710724,-111.965986,5200,123.4,340.1,-448
33.711036,-111.966076,5200,125.6,340.0,-1152
33.711967,-111.966476,5200,129.7,340.2,-1152
33.712784,-111.966827,5100,132.9,340.2,-1216
33.713363,-111.967106,5100,133.8,340.4,-1216
33.713699,-111.967219,5100,134.1,339.9,-512
33.716622,-111.968536,5100,138.0,339.2,-512
33.716948,-111.968708,5100,138.0,339.2,0
33.725281,-111.9726,5100,142.8,338.6,320
33.734638,-111.977062,5200,144.5,338.0,320
33.743017,-111.981182,5300,140.8,337.4,704
33.746063,-111.982634,5300,140.4,337.8,704
33.746415,-111.982841,5300,140.4,337.8,192
33.752289,-111.985885,5300,140.1,336.0,-192
33.752653,-111.986046,5300,140.1,336.0,1152
33.75412,-111.986838,5400,136.5,335.3,1152
33.757355,-111.988621,5500,131.5,334.8,896
33.759078,-111.989651,5500,127.0,334.9,1280
33.760102,-111.990223,5600,125.3,335.5,1280
33.763267,-111.99194,5600,124.0,335.7,832
33.76355,-111.99205,5700,124.4,335.3,512
33.771011,-111.996254,5800,128.0,336.0,576
33.774353,-111.99788,5800,129.8,338.8,576
33.778118,-111.99955,5900,131.9,340.0,448
33.78566,-112.002813,6000,132.9,340.2,512
33.789642,-112.00455,6100,128.8,340.0,768
33.794678,-112.006792,6200,128.8,340.0,448
33.799206,-112.008877,6200,128.3,338.0,704
33.799532,-112.009048,6300,128.2,337.0,640
33.805583,-112.012196,6400,131.2,336.2,320
33.812027,-112.015705,6400,133.8,334.8,512
33.81387,-112.016945,6500,134.0,330.0,448
33.818161,-112.020189,6500,136.1,331.0,384
33.820038,-112.021254,6500,135.5,334.2,832
33.821091,-112.021927,6600,134.6,334.0,896
33.825508,-112.024384,6600,133.4,336.1,640
33.826439,-112.024841,6700,133.5,337.1,576
33.827728,-112.025514,6700,134.5,337.2,192
33.832901,-112.02798,6700,139.3,339.0,192
33.840591,-112.031343,6700,143.3,340.4,0
33.846363,-112.033882,6700,148.1,339.9,0
33.854553,-112.037621,6700,151.7,338.3,0
33.85856,-112.039776,6700,153.0,335.3,0
33.866287,-112.044296,6700,154.7,333.9,0
33.877716,-112.050794,6700,156.6,335.1,64
33.889005,-112.057285,6700,157.0,333.9,0
33.893614,-112.059917,6700,158.1,336.5,0
33.897491,-112.061668,6700,157.5,340.0,-64
33.902598,-112.063694,6700,158.4,342.4,0
33.908707,-112.065816,6700,158.7,344.6,0
33.916517,-112.068443,6700,158.8,343.2,-64
33.921066,-112.0703,6700,158.1,340.4,-64
33.927933,-112.073383,6700,158.0,338.5,64
33.933014,-112.076017,6700,157.6,336.0,0
33.935278,-112.077255,6700,157.5,335.2,-64
33.935604,-112.077427,6700,157.5,335.2,512
33.939331,-112.079549,6800,153.8,333.8,192
33.944076,-112.082405,6800,153.4,333.3,128
33.944402,-112.082634,6800,152.9,333.6,704
33.948825,-112.085152,6900,149.1,335.8,384
33.955444,-112.088573,6900,145.2,337.3,384
33.956599,-112.0891,7000,143.5,337.9,832
33.962082,-112.091768,7100,138.7,338.4,896
33.969773,-112.095394,7200,135.8,339.3,576
33.977417,-112.098943,7300,135.0,337.8,832
33.982727,-112.101465,7500,131.5,338.1,832
33.989791,-112.104721,7600,127.6,338.9,768
33.995499,-112.107519,7800,122.8,337.0,1088
34.002313,-112.110901,7900,122.9,338.0,640
34.007904,-112.113629,8100,122.6,338.5,576
34.014649,-112.116737,8200,123.9,338.2,640
34.02063,-112.119795,8400,125.0,336.9,896
34.026194,-112.122459,8500,126.7,338.7,768
34.032572,-112.12532,8600,130.6,340.3,704
34.032898,-112.125456,8600,130.6,340.3,-64
34.035412,-112.126465,8600,135.4,341.0,-64
34.039508,-112.128181,8600,138.5,341.0,0
34.039902,-112.128315,8600,138.8,340.6,512
34.045258,-112.130613,8700,142.3,340.3,512
34.046265,-112.131061,8700,145.5,340.3,512
34.046584,-112.131157,8700,145.5,340.3,-448
34.048772,-112.13213,8600,149.9,340.1,-448
34.052582,-112.133808,8600,154.4,339.9,-384
34.059677,-112.137059,8600,159.3,338.3,-64
34.062424,-112.138516,8600,160.6,334.5,-64
34.065079,-112.14031,8600,160.4,330.1,-64
34.068695,-112.143112,8600,160.3,326.7,64
34.072979,-112.14632,8600,161.9,329.2,0
34.076378,-112.148609,8600,162.8,332.2,0
34.080707,-112.151127,8600,164.2,335.1,64
34.085735,-112.153645,8600,165.1,337.9,0
34.093185,-112.157014,8600,166.4,339.6,0
34.107475,-112.163258,8600,167.0,340.0,64
34.119873,-112.168841,8600,167.1,339.0,64
34.134103,-112.17556,8600,165.3,338.7,0
34.147842,-112.182181,8600,161.0,337.7,64
34.161484,-112.188964,8600,159.2,337.5,-64
34.175034,-112.195578,8600,157.5,338.0,0
34.188615,-112.20211,8600,160.3,338.4,64
34.202408,-112.208694,8600,163.8,338.1,0
34.216547,-112.215557,8600,166.0,338.1,0
34.230652,-112.222259,8600,166.6,338.5,-64
34.244843,-112.228929,8600,167.1,339.0,0
34.259216,-112.235655,8600,166.9,338.2,0
34.273407,-112.24255,8600,167.3,337.9,0
34.287872,-112.249613,8600,168.6,337.7,0
34.302292,-112.256787,8600,168.6,337.7,0
34.316528,-112.263738,8600,169.2,338.1,64
34.330627,-112.27052,8600,167.9,338.3,0
34.344705,-112.277241,8600,167.9,338.3,0
34.358857,-112.284107,8600,166.0,338.1,0
34.372822,-112.290859,8600,165.1,337.9,0
34.386788,-112.297668,8600,164.7,338.3,64
34.40094,-112.304363,8600,164.3,338.6,-64
34.414487,-112.310772,8600,164.3,338.6,0
34.428406,-112.317548,8600,164.2,337.8,0
34.442465,-112.324448,8600,164.2,337.8,-576
34.449051,-112.327582,8600,165.9,339.2,448
34.459596,-112.332344,8500,168.3,339.8,-256
34.468002,-112.335878,8500,170.8,341.6,-192
34.475372,-112.338624,8500,170.2,343.3,0
34.487434,-112.342873,8500,167.9,342.3,128
34.490799,-112.344286,8500,166.4,339.6,0
34.494743,-112.346249,8500,168.5,336.9,-192
34.49968,-112.348994,8500,167.3,334.5,128
34.509267,-112.354832,8500,168.2,333.1,-64
34.523046,-112.363529,8500,167.7,332.7,0
34.530716,-112.368164,8500,166.4,334.4,0
34.538269,-112.372312,8500,165.2,336.1,0
34.549674,-112.378235,8500,165.8,337.3,-192
34.560847,-112.383671,8500,165.6,338.4,0
34.574487,-112.389965,8500,164.9,339.0,-128
34.588074,-112.396246,8500,164.6,339.4,-128
34.602356,-112.402861,8500,165.3,338.7,64
34.616104,-112.409134,8500,164.9,339.0,128
34.630303,-112.415771,8500,164.3,338.6,-64
34.643875,-112.422199,8500,164.9,339.0,-64
34.657815,-112.428761,8500,163.8,338.1,-64
34.663308,-112.431507,8500,164.2,337.8,-64
35.971664,-113.065052,9700,169.6,343.9,0
35.98609,-113.070062,9700,171.3,344.4,64
35.991806,-113.071976,9700,169.8,345.0,-64
36.004532,-113.076038,9700,170.8,345.1,-128
36.05452,-113.091602,9700,168.8,344.9,192
36.069305,-113.096409,9700,167.6,345.1,0
36.08107,-113.100414,9700,169.1,344.6,64
36.085373,-113.101788,9700,169.1,344.6,64
36.107986,-113.109112,9700,167.4,344.0,64
36.121033,-113.113804,9700,166.8,343.6,-64
36.13273,-113.117864,9700,166.8,345.0,0
36.136871,-113.119297,9700,167.9,344.8,0
36.148499,-113.123188,9700,166.9,344.7,0
36.151956,-113.124292,9700,166.2,344.3,0
36.165619,-113.129311,9700,166.9,344.7,256
36.180492,-113.13411,9700,167.4,345.5,0
36.195328,-113.138752,9700,168.1,345.9,0
36.209793,-113.14333,9700,168.6,345.2,0
36.221878,-113.147449,9700,168.1,344.5,0
36.236572,-113.152599,9700,168.4,344.1,-64
36.251312,-113.157692,9700,170.3,344.3,0
36.2668,-113.162978,9700,171.0,344.7,-64
36.28125,-113.167706,9700,170.5,345.4,0
36.291641,-113.17091,9700,169.8,346.4,0
36.30336,-113.174515,9700,170.5,345.4,-64
36.309349,-113.176536,9700,172.5,344.2,-64
36.322849,-113.181503,9700,172.1,343.5,128
36.334351,-113.185616,9700,172.3,344.5,-64
36.349182,-113.190536,9700,173.2,344.6,128
36.364374,-113.195587,9700,171.7,345.1,0
36.376617,-113.199443,9700,169.8,346.4,0
36.390976,-113.203754,9700,171.5,345.5,0
36.399078,-113.206501,9700,172.5,344.2,-64
36.411026,-113.210907,9700,173.7,342.9,0
36.425311,-113.216157,9700,171.8,343.8,64
36.440254,-113.221533,9700,170.6,344.0,256
36.455523,-113.226909,9700,172.8,343.9,0
36.470764,-113.232193,9700,173.5,344.3,0
36.485456,-113.237253,9700,173.2,344.6,0
36.500679,-113.242395,9700,172.0,344.8,64
36.516041,-113.247538,9700,172.3,344.5,0
36.531006,-113.252621,9700,172.0,344.8,-64
36.54616,-113.257648,9700,172.0,344.8,0
36.561356,-113.262806,9700,172.3,344.5,-64
36.576326,-113.26805,9700,171.6,344.1,-64
36.591037,-113.273192,9700,171.3,344.4,64
36.606399,-113.278393,9700,170.1,344.7,0
36.620551,-113.283302,9700,168.1,344.5,64
36.63554,-113.288444,9700,168.1,344.5,0
36.650623,-113.293587,9700,167.9,344.8,-64
36.665287,-113.298554,9700,167.2,344.4,0
36.679951,-113.303638,9700,168.1,344.5,-64
36.694615,-113.308722,9700,167.2,344.4,64
36.709279,-113.313748,9700,167.2,344.4,128
36.724176,-113.318949,9700,166.2,344.3,64
36.739119,-113.324091,9700,167.2,344.4,-64
36.753891,-113.329239,9700,166.9,344.7,0
36.768906,-113.334274,9700,166.6,345.0,0
36.7836,-113.339195,9700,167.6,345.1,64
36.79866,-113.344194,9700,167.9,344.8,-64
36.813696,-113.349278,9700,168.1,344.5,-64
36.828644,-113.354301,9700,168.8,344.9,0
36.843658,-113.359509,9700,168.4,344.1,0
36.858261,-113.364764,9700,167.7,343.7,0
36.872543,-113.369965,9700,166.5,344.0,0
36.886826,-113.374991,9700,166.2,344.3,0
36.901703,-113.380133,9700,166.6,345.0,0
36.916351,-113.384984,9700,166.6,345.0,64
36.930402,-113.389713,9700,165.7,345.0,64
36.945346,-113.394908,9700,166.5,344.0,128
36.955765,-113.398658,9800,163.3,344.0,832
36.963547,-113.401346,9900,158.4,345.0,704
36.972299,-113.404282,10000,154.5,344.6,576
36.981191,-113.407387,10100,149.7,344.1,640
36.990129,-113.410552,10200,145.3,344.4,576
36.996964,-113.412859,10400,143.6,345.5,640
37.005305,-113.415507,10500,142.4,345.8,512
37.013443,-113.418118,10600,143.6,345.5,256
37.025345,-113.422033,10600,152.6,344.4,64
37.039261,-113.426825,10600,158.0,344.2,-64
37.053635,-113.431968,10600,162.4,343.9,0
37.068057,-113.437301,10600,164.8,343.4,0
37.077805,-113.440675,10600,166.9,344.7,-64
37.092451,-113.44566,10600,167.4,344.0,0
37.107254,-113.451094,10600,166.8,343.6,64
37.119823,-113.455572,10600,167.9,344.8,128
37.134613,-113.460719,10600,167.4,344.0,192
37.148127,-113.465364,10600,167.6,345.1,-64
37.162537,-113.470186,10600,168.6,345.2,-64
37.177277,-113.47527,10600,169.1,344.6,0
37.192305,-113.480709,10600,167.7,343.7,64
37.206894,-113.485848,10600,166.9,344.7,64
37.221587,-113.4908,10600,166.6,345.0,0
37.236374,-113.495841,10600,167.6,345.1,-64
37.25029,-113.500457,10600,167.6,345.1,128
37.265346,-113.505667,10600,166.2,344.3,-64
37.279724,-113.510801,10600,165.8,343.5,64
37.294144,-113.516118,10600,165.5,343.9,64
37.308655,-113.521319,10600,167.2,344.4,64
37.323395,-113.526345,10600,169.8,345.0,-64
37.338293,-113.531461,10600,172.0,344.8,-64
37.353653,-113.536513,10600,174.9,345.1,-64
37.366131,-113.540835,10600,172.8,343.9,0
37.380478,-113.546097,10600,169.4,344.2,-64
37.395552,-113.551702,10600,167.0,343.3,-128
37.409866,-113.5572,10600,166.1,343.2,64
37.419525,-113.560707,10600,165.2,344.2,-64
37.427999,-113.563524,10600,167.1,345.8,192
37.442896,-113.568301,10600,168.6,345.2,512
37.457467,-113.573316,10600,171.0,344.7,-128
37.47241,-113.578272,10600,168.1,344.5,64
37.487353,-113.583646,10600,169.6,343.9,-64
37.502289,-113.588991,10600,168.4,344.1,-64
37.516914,-113.594214,10600,168.4,344.1,-192
37.527466,-113.59799,10600,168.4,344.1,-64
37.541061,-113.602782,10600,170.1,344.7,-64
37.55397,-113.607291,10600,170.3,344.3,0
37.566971,-113.611781,10600,170.1,344.7,64
37.58139,-113.616749,10600,169.1,344.6,0
37.596451,-113.622183,10600,168.7,343.8,128
37.611136,-113.627353,10600,169.4,344.2,64
37.625473,-113.63241,10600,169.1,344.6,0
37.639389,-113.637085,10600,169.5,345.3,128
37.652344,-113.641468,10600,168.1,344.5,0
37.667138,-113.646817,10600,167.4,344.0,64
37.682053,-113.652045,10600,167.9,344.8,-128
37.696564,-113.657188,10600,167.2,344.4,-64
37.711456,-113.662401,10600,168.4,344.1,-64
37.725769,-113.667531,10600,168.7,343.8,0
37.740411,-113.67285,10600,169.6,343.9,0
37.755295,-113.678167,10600,169.4,344.2,128
37.769714,-113.683309,10600,168.4,344.1,0
37.784775,-113.688569,10600,168.4,344.1,64
37.79924,-113.69377,10600,168.1,344.5,0
37.814057,-113.699002,10600,168.4,344.1,64
37.829041,-113.704289,10600,169.1,344.6,64
37.843781,-113.709431,10600,168.4,344.1,0
37.858841,-113.714924,10600,169.0,343.5,64
37.87326,-113.720067,10600,169.4,344.2,64
37.888412,-113.725443,10600,169.8,345.0,-64
37.903391,-113.730528,10600,170.1,344.7,-256
37.917709,-113.735728,10600,167.7,343.7,0
37.931259,-113.740579,10600,167.2,344.4,128
37.945953,-113.745779,10600,167.4,344.0,-64
37.96051,-113.75098,10600,167.4,344.0,-64
37.974152,-113.755889,10600,168.4,344.1,64
37.9888,-113.761149,10600,168.1,344.5,64
38.00278,-113.766055,10600,168.1,344.5,-256
38.017444,-113.77125,10600,169.1,344.6,-64
38.030502,-113.775758,10600,169.1,344.6,-64
38.042953,-113.780141,10600,169.1,344.6,-64
38.055616,-113.784505,10600,173.0,344.9,-64
38.067352,-113.788439,10600,173.0,344.9,64
38.082275,-113.793465,10600,170.1,344.7,-128
38.096512,-113.798666,10600,166.8,343.6,0
38.110794,-113.804101,10600,162.6,343.6,-128
38.124793,-113.809343,10600,164.8,343.4,-64
38.139862,-113.815028,10600,163.6,343.7,192
38.152817,-113.819587,10600,159.6,344.7,64
38.167063,-113.824569,10600,158.0,344.2,0
38.180283,-113.829346,10600,159.9,344.4,-128
38.194621,-113.834361,10600,159.6,344.7,-128
38.208298,-113.839105,10600,157.4,344.9,-128
38.221619,-113.843721,10600,157.7,344.5,0
38.236193,-113.848811,10600,158.7,344.6,0
38.250112,-113.853707,10600,158.4,345.0,0
38.259384,-113.85687,10600,159.4,345.1,0
38.273209,-113.861662,10600,155.8,344.4,64
38.286575,-113.866629,10600,153.2,343.7,128
38.29985,-113.871421,10600,152.6,344.4,0
38.313492,-113.876271,10600,153.8,344.2,-128
38.32663,-113.88118,10600,155.1,343.9,-128
38.341075,-113.886248,10600,157.7,344.5,0
38.354828,-113.890998,10600,158.7,344.6,64
38.36879,-113.895965,10600,158.9,344.3,64
38.382786,-113.900936,10600,159.6,344.7,-64
38.396667,-113.905841,10600,160.2,344.0,0
38.41095,-113.910967,10600,158.9,344.3,0
38.424408,-113.915744,10600,157.3,343.8,128
38.43795,-113.920837,10600,161.7,343.5,128
38.445864,-113.923645,10600,159.6,344.7,-192
38.458852,-113.927979,10600,160.3,345.2,192
41.371033,-114.96698,11400,139.5,347.2,-64
41.392667,-114.974096,11400,140.7,346.9,0
41.412003,-114.979477,11400,148.1,348.3,64
41.423997,-114.982719,11400,152.6,349.4,0
41.437225,-114.985844,11400,154.2,350.3,-128
41.443451,-114.98728,11400,155.4,350.0,0
41.469664,-114.994663,11400,151.9,347.1,-64
41.478607,-114.997205,11400,151.0,348.5,-128
41.492294,-115.000825,11400,150.0,348.5,-128
41.505417,-115.004372,11400,152.6,349.4,128
41.513656,-115.006544,11400,152.2,348.2,0
41.522548,-115.009035,11400,154.2,348.4,64
41.536514,-115.012995,11400,156.5,347.8,-128
41.547593,-115.016125,11400,158.3,348.3,0
41.560953,-115.019957,11400,160.6,347.8,64
41.575059,-115.023662,11400,160.2,348.5,256
41.58949,-115.027686,11400,162.8,349.4,0
41.597351,-115.029415,11400,163.1,350.8,-64
41.606003,-115.03135,11400,162.4,350.1,64
41.611908,-115.032848,11400,163.0,349.0,-192
41.668716,-115.047018,11400,158.5,349.8,64
41.682501,-115.050042,11400,160.1,350.7,-64
41.696915,-115.05326,11400,160.3,350.3,64
41.711288,-115.056693,11400,159.7,349.5,0
41.725754,-115.060376,11400,158.9,349.1,-64
41.737992,-115.063711,11400,158.3,348.3,-64
41.752121,-115.067742,11400,157.7,347.5,128
41.766129,-115.071862,11400,158.7,347.6,-64
41.780319,-115.075857,11400,159.5,348.1,0
41.794739,-115.079852,11400,157.9,349.0,128
41.808611,-115.083384,11400,157.9,349.0,0
41.822205,-115.087153,11400,154.4,348.0,64
41.833703,-115.090218,11400,153.8,349.1,0
41.847669,-115.093668,11400,153.0,348.7,64
41.856374,-115.095903,11400,154.4,349.9,-64
41.866516,-115.098329,11300,152.8,349.1,-512
41.876221,-115.100888,11300,161.0,348.9,-64
41.886749,-115.103385,11200,165.4,350.2,576
41.893243,-115.105101,11200,167.7,348.0,-320
41.900738,-115.107401,11200,164.7,346.3,0
41.907715,-115.109503,11200,160.4,348.1,128
41.913633,-115.110978,11200,161.3,350.4,0
41.92164,-115.112574,11200,161.5,352.2,-320
41.927673,-115.11381,11200,161.4,350.0,-256
41.937142,-115.116407,11100,160.2,348.5,-64
41.947151,-115.118898,11100,162.6,349.7,-128
41.956694,-115.121006,11000,163.9,351.2,-320
41.968239,-115.123497,10900,166.4,350.3,-320
41.978119,-115.125857,10900,168.1,349.0,-384
41.993051,-115.129756,10900,166.7,349.6,-128
42.002884,-115.132224,10800,168.9,349.4,-576
42.012557,-115.134739,10700,170.2,348.8,-448
42.024811,-115.138154,10700,163.8,347.7,-128
42.03681,-115.141893,10700,158.4,346.5,0
42.047562,-115.145208,10700,156.7,347.5,-64
42.061478,-115.149141,10700,156.3,348.2,0
42.075485,-115.152949,10700,150.4,347.7,768
42.08313,-115.155258,10900,142.4,347.4,704
42.095856,-115.159066,10900,145.3,347.7,0
42.108215,-115.162624,10900,148.9,348.8,0
42.121722,-115.166165,10900,151.8,349.0,-64
42.130783,-115.168554,10800,158.9,349.1,-576
42.145248,-115.172112,10800,161.6,349.7,0
42.159897,-115.175982,10800,159.1,348.8,64
42.17414,-115.179898,10800,161.2,348.5,-64
42.183701,-115.182349,10700,164.8,349.5,-640
42.196717,-115.185582,10600,168.5,350.1,-704
42.211381,-115.189351,10600,166.5,350.0,64
42.216409,-115.190373,10500,168.4,352.5,-640
42.221949,-115.191459,10500,171.6,349.9,-640
42.229769,-115.193375,10300,175.1,351.1,-960
42.233917,-115.194022,10300,178.8,354.5,-1216
42.236984,-115.19421,10200,180.0,358.7,256
42.243027,-115.194085,10300,170.0,0.0,512
42.249252,-115.194335,10400,164.1,357.9,576
42.254163,-115.194716,10400,158.5,355.3,512
42.257282,-115.195227,10500,155.7,351.5,576
42.260354,-115.196058,10500,152.6,347.5,512
42.264078,-115.197399,10600,149.7,344.1,384
42.268501,-115.199315,10600,146.7,341.3,448
42.272324,-115.200889,10600,147.5,344.3,0
42.280792,-115.203948,10700,150.2,345.0,-64
42.291962,-115.208067,10700,153.8,345.7,-64
42.297596,-115.209854,10700,154.6,347.7,0
42.304276,-115.211563,10700,155.5,349.6,-64
42.318283,-115.214809,10700,157.2,350.5,0
42.329636,-115.217493,10700,155.7,349.3,0
42.343369,-115.221114,10700,155.9,348.9,0
42.356094,-115.224609,10700,156.5,347.8,64
42.369286,-115.228314,10600,158.1,348.7,-512
42.378937,-115.230976,10500,165.5,348.1,-576
42.39006,-115.234035,10400,167.3,348.6,-192
42.404759,-115.238151,10400,169.2,348.8,-320
42.414688,-115.240714,10300,171.8,349.6,-320
42.424451,-115.243133,10200,173.0,349.3,-448
42.434738,-115.245708,10100,173.8,349.7,-512
42.445175,-115.248205,10000,173.8,349.7,-448
42.455455,-115.250734,9900,173.8,349.7,-384
42.4655,-115.253136,9800,172.8,349.7,-448
42.475705,-115.255844,9700,173.4,348.7,-384
42.48587,-115.258754,9600,172.0,347.6,-384
42.495629,-115.261784,9500,173.4,347.0,-512
42.505829,-115.264934,9400,173.0,347.6,-448
42.516495,-115.26793,9300,173.4,348.7,-448
42.527115,-115.270739,9200,173.2,349.0,-512
42.538178,-115.273665,9100,172.0,349.3,-384
42.549164,-115.276539,9000,172.2,349.0,-448
42.558975,-115.279166,8900,171.4,348.6,-448
42.569834,-115.282032,8800,170.2,348.8,-512
42.579982,-115.284779,8700,170.2,348.8,-384
42.59283,-115.288164,8600,169.1,349.1,-448
42.604797,-115.291214,8500,169.9,349.5,-448
42.614524,-115.293657,8400,171.0,349.2,-448
42.625743,-115.296723,8400,166.3,348.5,-192
42.640457,-115.300889,8400,162.2,348.6,0
42.654877,-115.304697,8400,160.0,348.8,0
42.669269,-115.308795,8400,157.5,347.9,0
42.683212,-115.312687,8400,156.1,348.5,0
42.697247,-115.316588,8400,156.1,348.5,-64
42.710953,-115.320428,8400,155.3,348.1,64
42.725132,-115.324317,8400,154.9,348.8,256
42.739243,-115.328106,8400,154.9,348.8,-64
42.753067,-115.331788,8400,154.9,348.8,64
42.766796,-115.335495,8400,154.9,348.8,0
42.780529,-115.339199,8400,154.9,348.8,-64
42.794357,-115.342962,8400,154.0,348.8,0
42.808136,-115.346645,8400,155.1,348.5,64
42.821821,-115.350429,8400,155.1,348.5,0
42.835507,-115.354222,8400,154.9,348.8,-64
42.849655,-115.358042,8400,154.2,348.4,64
42.863388,-115.361875,8400,154.2,348.4,-64
42.877121,-115.365771,8400,154.2,348.4,-64
42.890762,-115.369603,8400,154.2,348.4,-64
42.904678,-115.373436,8400,154.0,348.8,64
42.918365,-115.37714,8400,154.0,348.8,0
42.932243,-115.380903,8400,154.0,348.8,0
42.946255,-115.384696,8400,154.0,348.8,64
42.959988,-115.388554,8400,154.2,348.4,64
42.973721,-115.392216,8400,154.9,348.8,0
42.987733,-115.395878,8400,155.7,349.3,64
43.001541,-115.39956,8400,155.9,348.9,64
43.01059,-115.40196,8500,153.0,348.7,576
43.018038,-115.403987,8500,148.9,348.8,448
43.026306,-115.406267,8600,144.7,348.9,512
43.034565,-115.4085,8700,142.6,349.1,512
43.042603,-115.410674,8800,139.6,348.9,448
43.050532,-115.412816,8900,136.7,348.6,448
43.058213,-115.414908,9000,136.7,348.6,448
43.06608,-115.417001,9100,135.5,348.9,448
43.073762,-115.419028,9200,134.3,349.3,512
43.081375,-115.421022,9300,133.4,349.2,384
43.089263,-115.423083,9400,133.4,349.2,448
43.098388,-115.425502,9500,132.6,348.7,384
43.105836,-115.427399,9600,131.4,349.0,448
43.114262,-115.429753,9700,131.4,349.0,512
43.122083,-115.431911,9800,131.8,348.2,384
43.130416,-115.4342,9900,131.4,349.0,512
43.138184,-115.436352,10000,130.6,348.5,576
43.146383,-115.438647,10100,131.6,348.6,448
43.156494,-115.441462,10200,131.6,348.6,512
43.164368,-115.443633,10300,131.6,348.6,448
43.171967,-115.445677,10400,130.4,349.0,640
43.183914,-115.448871,10400,137.7,348.7,128
43.196503,-115.452192,10400,143.6,349.2,64
43.209508,-115.45578,10400,147.1,348.2,-64
43.219284,-115.458461,10400,149.5,349.6,64
43.227402,-115.460688,10400,149.3,348.0,0
43.240837,-115.464805,10400,149.7,347.3,0
43.254318,-115.4688,10400,150.2,348.1,0
43.267698,-115.472521,10400,150.0,348.5,0
43.28096,-115.476273,10400,150.0,348.5,64
43.294189,-115.480169,10400,147.5,347.5,64
43.307281,-115.484129,10400,148.5,347.5,0
43.31813,-115.487195,10400,148.9,348.8,0
43.331661,-115.490832,10400,149.6,349.2,0
43.344696,-115.494428,10400,149.1,348.4,0
43.358139,-115.498246,10400,149.1,348.4,-64
43.371463,-115.501949,10400,148.9,348.8,0
43.38473,-115.505611,10400,149.1,348.4,64
43.398044,-115.509338,10400,149.8,348.8,-128
43.411545,-115.513,10400,148.9,348.8,0
43.424973,-115.516769,10400,150.0,348.5,-64
43.438614,-115.520538,10400,149.8,348.8,-64
43.451981,-115.524115,10400,151.0,348.5,0
43.465219,-115.527845,10400,150.0,348.5,0
43.478533,-115.531573,10400,149.1,348.4,-64
43.491898,-115.535293,10400,149.8,348.8,0
43.505539,-115.538997,10400,149.6,349.2,-128
43.51886,-115.54251,10400,149.8,348.8,-64
43.528158,-115.545109,10400,153.6,347.6,-704
43.534241,-115.547045,10200,159.4,346.6,-640
43.543808,-115.550047,10100,165.0,347.4,-768
43.553389,-115.553022,9900,168.1,347.3,-768
43.563263,-115.556115,9800,171.3,347.2,-704
43.572189,-115.55899,9700,167.4,345.5,384
43.583496,-115.56295,9700,163.5,346.6,0
43.58844,-115.564483,9700,158.7,347.6,320
43.592028,-115.565513,9800,154.0,348.8,1216
43.595519,-115.566428,9900,149.5,349.6,512
43.600128,-115.567474,9900,144.8,350.9,640
43.607895,-115.569082,10100,140.4,351.8,704
43.611786,-115.569976,10100,137.7,348.7,768
43.614512,-115.570875,10200,132.2,345.5,896
43.618607,-115.572531,10200,132.9,342.9,768
43.623276,-115.574575,10400,129.1,343.8,1344
43.630433,-115.577284,10500,130.4,343.5,576
43.634216,-115.578663,10500,129.5,346.6,576
43.637183,-115.579507,10600,129.1,349.7,704
43.641129,-115.580324,10600,132.2,352.2,0
43.647308,-115.581282,10600,137.7,354.2,-512
43.652618,-115.582112,10500,146.9,353.8,-704
43.66139,-115.583561,10400,153.9,353.7,-448
43.667908,-115.584412,10400,158.5,355.7,-192
43.679031,-115.58537,10400,151.6,354.7,0
43.682831,-115.586072,10400,151.8,351.3,-64
43.687692,-115.587289,10400,151.0,348.5,0
43.693542,-115.589138,10400,151.3,346.2,0
43.705662,-115.593501,10400,152.1,345.1,0
43.715607,-115.597186,10500,150.6,345.8,64
43.725167,-115.600368,10500,148.7,347.2,192
43.737442,-115.604021,10600,146.1,348.1,384
43.750397,-115.607598,10600,148.9,348.8,0
43.763809,-115.611175,10600,152.6,349.4,-64
43.777496,-115.614624,10600,151.6,349.4,-64
43.791138,-115.618329,10600,154.0,348.8,128
43.804092,-115.622033,10600,150.4,347.7,192
43.817666,-115.625872,10600,151.0,348.5,-64
43.831284,-115.629571,10600,150.6,349.3,64
43.845062,-115.633084,10600,151.6,349.4,0
43.857049,-115.6364,10600,152.2,348.2,128
43.866686,-115.639082,10600,150.4,349.7,0
43.875344,-115.641371,10600,146.1,348.1,256
43.888565,-115.645294,10600,146.3,347.8,0
43.897317,-115.64791,10600,148.5,347.5,320
43.899307,-115.648541,10600,150.7,347.4,512
43.899673,-115.648669,10600,151.4,347.8,-512
43.903519,-115.649755,10600,155.1,348.5,-64
43.906209,-115.650526,10600,153.6,347.6,256
43.909698,-115.651671,10600,153.8,347.2,64
43.916107,-115.653523,10600,152.8,349.1,192
43.92421,-115.65544,10600,155.0,350.7,-64
43.934372,-115.657867,10600,156.7,349.3,-320
43.946709,-115.661251,10600,155.1,348.5,64
43.959137,-115.664957,10600,156.7,347.5,0
43.973477,-115.66949,10600,164.0,347.3,192
43.975292,-115.670013,10600,165.2,347.1,0
43.975665,-115.670079,10600,166.0,347.5,-576
43.979416,-115.67128,10600,168.1,347.3,-128
43.984543,-115.672813,10600,166.3,348.5,256
43.99054,-115.674474,10600,167.1,349.0,-192
43.992783,-115.675049,10600,167.3,348.6,-64
44.006575,-115.678907,10600,166.9,347.5,-64
44.018446,-115.682504,10600,163.2,348.7,-320
44.021301,-115.683289,10600,163.0,349.0,0
44.035484,-115.686951,10600,158.7,349.5,-64
44.04661,-115.690024,10600,156.3,348.2,-64
44.060483,-115.694079,10600,157.5,347.9,0
44.074493,-115.698491,10600,157.0,347.1,0
44.088272,-115.702834,10600,160.4,348.1,0
44.098114,-115.705453,10600,159.7,349.5,64
44.111847,-115.708966,10600,160.2,348.5,64
44.126358,-115.713182,10600,159.2,348.4,-64
44.140686,-115.717142,10600,159.1,348.8,0
44.15503,-115.721348,10600,158.3,348.3,64
44.169296,-115.725382,10600,159.2,348.4,0
44.18352,-115.729457,10600,159.7,347.7,-128
44.197905,-115.733665,10600,162.4,348.3,-128
44.211824,-115.737818,10600,159.9,347.4,256
44.222252,-115.741168,10600,161.8,347.5,-128
44.225976,-115.742307,10600,161.1,347.1,192
44.230305,-115.74378,10600,161.5,346.4,-128
44.237893,-115.746125,10600,166.5,348.2,-256
44.251393,-115.749809,10600,169.1,349.1,-256
44.266571,-115.753653,10600,164.6,349.9,-256
44.269867,-115.754569,10600,163.4,348.4,-192
44.270247,-115.7547,10600,163.4,348.4,320
44.284698,-115.758754,10600,160.0,348.8,192
44.299484,-115.763005,10600,162.4,348.3,-64
44.310142,-115.765887,10600,160.6,349.6,64
44.322968,-115.768956,10600,162.2,348.6,64
44.332626,-115.771964,10600,162.1,347.2,128
44.346872,-115.776471,10600,162.8,347.6,0
44.36135,-115.780759,10600,163.6,348.0,0
44.36293,-115.78125,10600,164.2,348.8,-384
44.365726,-115.781965,10600,164.9,349.2,-64
44.366867,-115.782296,10600,164.0,349.1,320
44.372057,-115.783572,10600,162.3,350.4,-64
44.380017,-115.785649,10600,163.2,348.7,-64
44.394448,-115.789802,10600,161.4,348.2,64
44.408787,-115.79409,10600,161.4,348.2,64
44.423218,-115.798318,10600,162.4,348.3,-128
44.437928,-115.802463,10600,163.2,348.7,-64
44.452453,-115.806483,10600,160.2,348.5,64
44.463959,-115.809762,10600,157.7,349.4,320
44.470734,-115.811528,10600,155.1,348.5,0
44.478196,-115.813852,10600,159.1,346.9,64
44.492249,-115.81859,10600,160.6,346.3,-256
44.49472,-115.819441,10600,161.5,346.4,128
44.498493,-115.820752,10600,161.3,346.7,-192
44.503939,-115.822359,10600,159.1,348.8,192
44.508911,-115.823626,10600,158.0,350.9,-256
44.512319,-115.824436,10600,158.3,350.2,128
44.522374,-115.827116,10600,159.1,348.8,-256
44.524841,-115.827853,10600,158.1,348.7,128
44.529602,-115.829184,10600,159.2,348.4,64
44.530009,-115.829326,10600,160.2,348.5,-384
44.530838,-115.829577,10600,160.2,348.5,-832
44.533997,-115.830492,10600,162.8,347.6,-448
44.534958,-115.830819,10600,162.1,347.2,0
44.538437,-115.831931,10600,159.1,346.9,448
44.541183,-115.832781,10600,157.9,347.2,0
44.555466,-115.837097,10600,157.7,347.5,-64
44.557335,-115.837633,10600,160.4,348.1,-320
44.562921,-115.839241,10600,162.6,349.7,64
44.575104,-115.842263,10600,160.8,349.2,-320
44.579224,-115.84344,10600,162.4,348.3,128
44.593735,-115.847757,10600,161.4,348.2,-128
44.608077,-115.851835,10600,163.0,349.0,-256
44.622665,-115.855735,10600,163.0,349.0,-64
44.637032,-115.859673,10600,158.3,348.3,-256
44.63922,-115.860343,10600,158.5,348.0,128
44.647247,-115.862863,10600,164.0,347.3,-256
44.652969,-115.864563,10600,167.5,348.3,192
44.655281,-115.865233,10600,168.3,348.7,-192
44.656398,-115.865568,10600,167.9,349.4,-576
44.658632,-115.866104,10600,168.5,350.1,-256
44.660294,-115.866459,10600,167.5,350.0,448
44.666336,-115.867964,10600,164.6,349.9,64
44.68103,-115.871822,10600,164.9,349.2,-64
44.694534,-115.875615,10600,164.6,348.1,-64
44.708024,-115.879502,10600,164.9,349.2,-128
44.722641,-115.883724,10600,167.5,348.3,-64
44.737538,-115.888076,10600,165.3,348.5,-256
44.752528,-115.892498,10600,165.7,347.8,192
44.767239,-115.896986,10600,165.7,347.8,-128
44.781717,-115.90134,10600,166.7,347.9,128
44.796381,-115.905628,10600,165.1,348.8,0
44.811218,-115.909947,10600,162.2,348.6,-128
44.824358,-115.913734,10600,161.8,347.5,-64
44.838696,-115.918222,10600,163.8,347.7,0
44.853195,-115.922503,10600,165.7,347.8,0
44.867978,-115.926864,10600,166.3,348.5,-128
44.882781,-115.931084,10600,165.3,348.5,0
44.897736,-115.935647,10600,163.8,347.7,0
44.912202,-115.94006,10600,163.8,347.7,128
44.925563,-115.943946,10600,164.2,348.8,128
44.940445,-115.948138,10600,167.3,348.6,-64
44.955231,-115.952519,10600,165.7,347.8,-128
44.96597,-115.95587,10600,162.8,347.6,0
44.974676,-115.958416,10600,163.6,348.0,0
44.989792,-115.962655,10600,168.3,348.7,128
45.002374,-115.966053,10600,164.9,349.2,128
45.016479,-115.970005,10600,162.2,348.6,0
45.030911,-115.974158,10600,162.8,347.6,64
45.045109,-115.978647,10600,164.0,347.3,128
45.059168,-115.983135,10600,164.0,347.3,-64
45.073242,-115.987505,10600,163.6,348.0,128
45.087891,-115.991756,10600,164.3,348.4,0
45.102814,-115.996007,10600,166.1,348.9,0
45.117096,-115.999996,10600,162.2,348.6,-320
45.129044,-116.003396,10600,161.0,348.9,128
45.140259,-116.006535,10600,163.4,350.1,64
45.141891,-116.006916,10600,164.4,350.2,-64
