lat,lon,alt,gs,track
43.685411,-79.622252,-50.0,0.0,345.9
43.685406,-79.622231,-50.0,0.0,345.9
43.685365,-79.622236,-50.0,0.0,345.9
43.685234,-79.622184,-50.0,4.8,343.1
43.685085,-79.62212,-50.0,4.8,340.3
43.684948,-79.62204,-50.0,4.2,337.5
43.684834,-79.621976,-50.0,4.2,334.7
43.684708,-79.621896,-50.0,4.2,334.7
43.684643,-79.621844,-50.0,4.2,337.5
43.68457,-79.6218,-50.0,4.2,343.1
43.684515,-79.621762,-50.0,4.2,348.8
43.684444,-79.621736,-50.0,4.8,354.4
43.684353,-79.621704,-50.0,4.2,11.2
43.684284,-79.621704,-50.0,4.2,22.5
43.68417,-79.621784,-50.0,4.2,28.1
43.684078,-79.621848,-50.0,4.2,25.3
43.683998,-79.621896,-50.0,4.2,22.5
43.683872,-79.62196,-50.0,4.8,22.5
43.683804,-79.621992,-50.0,4.2,28.1
43.683724,-79.622023,-50.0,4.2,30.9
43.683678,-79.622056,-50.0,4.2,36.6
43.683654,-79.622072,-50.0,4.2,42.2
43.683575,-79.622168,-50.0,4.8,47.8
43.683483,-79.622311,-50.0,2.8,47.8
43.683445,-79.622367,-50.0,0.6,45.0
43.683445,-79.622367,-50.0,0.1,45.0
43.683445,-79.622368,-50.0,0.0,0.0
43.683468,-79.622334,-50.0,0.0,45.0
43.683514,-79.622285,-50.0,0.0,42.2
43.68354,-79.622263,-50.0,3.8,42.2
43.683573,-79.622236,-50.0,4.8,36.6
43.683609,-79.622215,-50.0,5.2,30.9
43.683666,-79.622203,-50.0,5.2,22.5
43.683712,-79.622187,-50.0,5.8,14.1
43.683759,-79.622187,-50.0,5.8,8.4
43.683838,-79.622199,-50.0,5.8,357.2
43.683887,-79.622236,-50.0,5.8,345.9
43.683952,-79.622311,-50.0,5.2,331.9
43.68401,-79.622391,-50.0,5.2,317.8
43.68405,-79.622628,-50.0,7.2,284.1
43.684044,-79.62271,-50.0,7.8,272.8
43.683992,-79.62289,-50.0,8.2,250.3
43.683907,-79.623046,-50.0,8.8,233.4
43.683804,-79.623205,-50.0,8.8,227.8
43.683654,-79.623429,-50.0,7.2,225.0
43.683514,-79.623609,-50.0,4.2,222.2
43.683495,-79.623653,-50.0,0.0,222.2
43.683403,-79.623732,-50.0,4.2,219.4
43.683346,-79.62378,-50.0,5.2,213.8
43.683223,-79.623838,-50.0,6.2,199.7
43.683002,-79.623871,-50.0,7.8,188.4
43.682932,-79.623904,-50.0,8.2,196.9
43.682863,-79.623969,-50.0,8.2,205.3
43.682785,-79.62402,-50.0,8.8,210.9
43.682671,-79.62418,-50.0,9.2,222.2
43.682444,-79.624476,-50.0,9.8,225.0
43.682176,-79.624868,-50.0,12.8,225.0
43.682098,-79.624946,-50.0,12.8,216.6
43.682018,-79.624994,-50.0,12.8,208.1
43.681955,-79.624999,-50.0,12.8,199.7
43.681904,-79.62501,-50.0,12.8,191.2
43.681812,-79.62501,-50.0,12.8,180.0
43.681745,-79.624983,-50.0,12.8,168.8
43.681664,-79.624914,-50.0,12.8,157.5
43.681606,-79.624852,-50.0,12.8,149.1
43.681513,-79.624754,-50.0,12.2,140.6
43.681396,-79.62459,-50.0,12.8,137.8
43.681117,-79.624214,-50.0,13.8,135.0
43.680803,-79.623822,-50.0,14.2,135.0
43.680508,-79.623429,-50.0,15.5,135.0
43.680244,-79.62307,-50.0,15.5,135.0
43.67993,-79.622677,-50.0,16.5,135.0
43.679775,-79.622471,-50.0,16.5,135.0
43.679464,-79.622056,-50.0,17.5,135.0
43.679325,-79.621893,-50.0,15.5,140.6
43.67922,-79.621811,-50.0,15.5,149.1
43.679127,-79.621746,-50.0,15.5,154.7
43.678987,-79.62168,-50.0,15.5,160.3
43.678615,-79.621517,-50.0,15.5,160.3
43.678505,-79.621433,-50.0,15.5,154.7
43.678417,-79.621353,-50.0,15.5,149.1
43.67831,-79.621241,-50.0,15.5,140.6
43.678161,-79.621043,-50.0,15.5,137.8
43.677858,-79.62065,-50.0,15.5,135.0
43.677556,-79.620258,-50.0,15.5,135.0
43.67723,-79.619833,-50.0,16.5,135.0
43.67695,-79.619473,-50.0,16.5,137.8
43.676662,-79.619102,-50.0,16.5,135.0
43.676365,-79.618718,-50.0,16.5,135.0
43.676066,-79.618312,-50.0,16.5,135.0
43.675752,-79.617904,-50.0,16.5,135.0
43.675438,-79.617495,-50.0,17.5,135.0
43.675112,-79.61707,-50.0,17.5,135.0
43.674797,-79.616674,-50.0,18.5,135.0
43.674483,-79.616252,-50.0,19.5,135.0
43.674157,-79.615827,-50.0,19.5,135.0
43.673836,-79.615413,-50.0,20.5,135.0
43.673527,-79.615014,-50.0,20.5,135.0
43.673238,-79.614634,-50.0,19.5,135.0
43.673063,-79.614405,-50.0,15.5,135.0
43.672932,-79.614231,-50.0,10.8,135.0
43.67268,-79.613912,-50.0,7.2,135.0
43.6724,-79.613538,-50.0,9.8,135.0
43.672086,-79.613113,-50.0,11.8,135.0
43.67176,-79.612705,-50.0,9.8,135.0
43.671661,-79.612555,-50.0,5.8,135.0
43.671481,-79.612329,-50.0,6.8,135.0
43.67141,-79.612171,-50.0,8.2,123.8
43.671399,-79.6121,-50.0,8.8,115.3
43.671387,-79.612018,-50.0,8.8,106.9
43.671387,-79.611868,-50.0,6.2,90.0
43.671411,-79.611773,-50.0,4.8,78.8
43.671455,-79.611644,-50.0,5.2,64.7
43.67149,-79.611596,-50.0,5.8,59.1
43.671539,-79.611511,-50.0,5.8,53.4
43.671604,-79.611405,-50.0,6.2,50.6
43.671719,-79.611245,-50.0,6.2,47.8
43.671844,-79.611037,-50.0,5.8,45.0
43.672016,-79.610798,-50.0,5.2,45.0
43.672165,-79.61059,-50.0,4.8,45.0
43.672319,-79.61035,-50.0,7.2,45.0
43.672623,-79.60992,-50.0,9.8,45.0
43.67292,-79.609489,-50.0,10.8,45.0
43.673226,-79.609043,-50.0,10.8,45.0
43.673412,-79.60877,-50.0,11.2,45.0
43.67371,-79.608339,-50.0,11.8,45.0
43.674007,-79.607908,-50.0,11.8,45.0
43.674297,-79.607473,-50.0,11.8,45.0
43.674557,-79.607109,-50.0,10.8,45.0
43.674832,-79.606705,-50.0,9.8,45.0
43.675112,-79.606296,-50.0,10.2,45.0
43.675403,-79.605871,-50.0,8.8,45.0
43.675552,-79.605656,-50.0,4.8,45.0
43.675589,-79.605609,-50.0,0.0,45.0
43.675624,-79.60556,-50.0,0.0,45.0
43.675747,-79.605385,-50.0,4.8,45.0
43.675926,-79.605119,-50.0,6.8,45.0
43.676171,-79.604759,-50.0,8.8,45.0
43.676422,-79.604395,-50.0,4.8,45.0
43.67645,-79.60435,-50.0,0.0,45.0
43.676456,-79.604347,-50.0,0.0,45.0
43.676497,-79.604285,-50.0,0.0,45.0
43.676625,-79.604105,-50.0,4.8,45.0
43.676811,-79.603827,-50.0,7.2,45.0
43.676926,-79.603676,-50.0,7.8,45.0
43.677155,-79.603325,-50.0,3.8,45.0
43.677183,-79.603288,-50.0,0.0,45.0
43.677177,-79.603293,-50.0,0.1,45.0
43.677265,-79.603157,-50.0,2.8,45.0
43.677497,-79.60283,-50.0,4.8,45.0
43.67767,-79.60259,-50.0,5.8,45.0
43.677807,-79.602399,-50.0,6.8,45.0
43.678036,-79.602063,-50.0,7.8,45.0
43.678301,-79.601669,-50.0,8.8,45.0
43.678596,-79.601217,-50.0,10.2,45.0
43.678883,-79.600818,-50.0,6.2,45.0
43.679031,-79.60061,-50.0,2.8,45.0
43.679237,-79.600307,-50.0,4.8,45.0
43.679398,-79.600067,-50.0,0.1,45.0
43.679394,-79.600083,-50.0,0.0,45.0
43.679432,-79.600019,-50.0,0.0,45.0
43.679592,-79.59978,-50.0,4.2,45.0
43.679764,-79.59954,-50.0,5.8,45.0
43.679918,-79.599299,-50.0,7.2,45.0
43.680151,-79.598972,-50.0,7.8,45.0
43.680221,-79.598841,-50.0,7.8,50.6
43.680256,-79.598743,-50.0,8.2,59.1
43.680279,-79.598645,-50.0,8.8,67.5
43.680291,-79.598563,-50.0,9.2,75.9
43.680291,-79.598432,-50.0,9.8,87.2
43.680267,-79.598334,-50.0,10.2,98.4
43.680232,-79.598252,-50.0,10.8,109.7
43.680186,-79.598154,-50.0,11.2,118.1
43.68013,-79.598071,-50.0,11.2,126.6
43.680046,-79.597958,-50.0,11.8,132.2
43.679855,-79.597704,-50.0,9.2,135.0
43.679695,-79.597496,-50.0,6.2,137.8
43.679557,-79.597321,-50.0,6.2,140.6
43.679501,-79.597273,-50.0,6.8,146.2
43.679441,-79.597239,-50.0,6.8,151.9
43.679375,-79.597225,-50.0,6.8,160.3
43.679325,-79.597206,-50.0,6.8,165.9
43.67926,-79.597209,-50.0,6.8,174.4
43.679197,-79.597222,-50.0,6.8,182.8
43.679138,-79.597239,-50.0,6.2,191.2
43.67908,-79.597288,-50.0,6.8,199.7
43.679031,-79.597337,-50.0,6.8,208.1
43.678987,-79.597386,-50.0,6.8,216.6
43.678917,-79.59748,-50.0,7.2,222.2
43.678871,-79.597549,-50.0,2.2,225.0
43.678814,-79.597624,-50.0,4.8,225.0
43.678766,-79.597697,-50.0,7.8,225.0
43.678696,-79.597778,-50.0,16.5,225.0
43.678528,-79.598007,-50.0,25.5,227.8
43.678448,-79.598151,-50.0,30.5,227.8
43.678324,-79.598334,-50.0,35.5,227.8
43.678207,-79.598502,-50.0,40.5,227.8
43.678059,-79.59871,-50.0,45.5,227.8
43.677905,-79.598939,-50.0,50.5,227.8
43.677695,-79.59925,-50.0,54.5,227.8
43.677497,-79.599528,-50.0,59.5,227.8
43.677276,-79.599855,-50.0,64.5,227.8
43.676685,-79.600706,-50.0,77.0,227.8
43.676334,-79.601228,-50.0,81.0,227.8
43.676079,-79.601584,-50.0,87.0,227.8
43.675461,-79.602526,350,91.0,0.0
43.673354,-79.60556,350,114.6,226.4
43.671725,-79.607915,350,129.5,226.6
43.670189,-79.610203,325,140.1,226.7
43.668978,-79.611969,325,143.6,226.4
43.668411,-79.612746,325,154.2,226.6
43.66777,-79.613768,325,160.6,226.8
43.666992,-79.61479,325,163.4,226.7
43.665665,-79.61677,325,169.1,226.7
43.66507,-79.617601,325,171.9,226.6
43.664658,-79.618303,350,177.6,226.6
43.663651,-79.619708,375,179.0,226.6
43.662927,-79.620797,400,181.8,226.6
43.662042,-79.62204,425,181.8,226.6
43.661407,-79.622966,450,182.5,226.8
43.660552,-79.624263,525,181.8,226.6
43.659164,-79.626287,625,181.1,226.8
43.658039,-79.627925,725,180.4,226.6
43.656921,-79.629545,825,179.0,226.6
43.655804,-79.631195,925,178.2,226.4
43.654541,-79.632994,1025,178.2,226.4
43.653397,-79.634591,1125,178.2,225.9
43.651932,-79.636635,1225,179.6,225.0
43.650467,-79.638615,1325,179.6,224.6
43.648961,-79.640612,1425,180.3,223.9
43.647564,-79.642443,1525,179.7,223.6
43.645795,-79.644732,1625,181.1,223.2
43.644026,-79.647021,1725,182.5,223.2
43.641466,-79.65029,1825,185.3,223.2
43.638533,-79.654083,1925,188.9,223.1
43.635406,-79.658097,2000,193.9,222.9
43.632668,-79.661538,2075,198.9,222.8
43.6306,-79.664165,2100,203.1,222.8
43.627945,-79.66755,2175,208.0,223.1
43.624146,-79.672404,2275,213.0,222.9
43.621309,-79.676056,2325,218.0,222.8
43.618423,-79.67975,2375,222.9,223.0
43.616142,-79.682661,2450,225.7,223.0
43.612976,-79.686781,2550,229.9,223.1
43.610458,-79.68997,2650,231.4,223.1
43.60817,-79.692908,2750,232.1,222.9
43.605743,-79.696038,2850,233.5,222.9
43.603592,-79.698784,2950,234.9,223.3
43.601669,-79.701275,3050,235.6,223.4
43.599564,-79.704086,3150,236.3,223.3
43.597614,-79.70653,3250,237.0,223.1
43.595612,-79.709146,3350,237.0,223.1
43.593378,-79.712023,3450,237.7,223.3
43.591461,-79.714497,3550,237.7,223.3
43.589127,-79.717563,3650,239.1,223.3
43.586721,-79.720721,3750,240.5,223.3
43.584229,-79.723887,3825,243.4,223.0
43.580715,-79.728372,3875,248.3,223.2
43.578108,-79.731838,3925,252.6,223.2
43.574338,-79.736612,3975,257.5,223.1
43.570986,-79.740993,4050,262.5,223.0
43.567749,-79.745157,4150,266.0,223.2
43.564329,-79.749625,4250,268.8,223.5
43.561722,-79.753026,4350,269.5,223.6
43.559006,-79.75659,4450,270.2,223.5
43.556717,-79.759592,4550,270.9,223.6
43.55484,-79.762084,4650,270.9,223.6
43.552644,-79.764927,4750,270.9,223.9
43.550491,-79.767832,4850,270.8,224.2
43.547745,-79.771665,4950,272.3,226.0
43.545243,-79.775521,5050,273.3,228.0
43.542962,-79.779576,5125,275.2,232.4
43.540867,-79.784154,5200,276.3,237.9
43.539377,-79.788077,5275,276.4,243.8
43.53826,-79.792197,5375,275.4,247.8
43.537445,-79.796001,5475,272.9,254.5
43.536956,-79.799391,5575,272.0,259.0
43.536621,-79.803538,5675,270.9,263.2
43.53653,-79.807306,5775,270.2,267.7
43.536724,-79.81175,5850,269.7,274.2
43.537236,-79.816001,5925,270.1,278.7
43.53812,-79.820448,6025,268.8,285.5
43.539185,-79.824297,6125,268.5,291.4
43.54096,-79.829538,6225,268.3,296.6
43.54303,-79.834197,6325,269.3,301.3
43.54473,-79.837581,6425,268.7,305.8
43.546825,-79.841178,6525,268.9,308.7
43.549106,-79.844578,6625,268.8,313.2
43.551819,-79.848058,6725,269.0,317.7
43.554181,-79.85066,6825,268.8,321.0
43.556601,-79.853014,6925,267.7,325.7
43.560651,-79.856284,7075,267.9,330.0
43.565094,-79.8593,7250,267.4,333.8
43.570241,-79.862627,7450,267.0,334.5
43.575362,-79.866028,7650,266.6,334.2
43.58139,-79.870031,7850,267.9,334.1
43.586929,-79.873799,8050,267.4,333.8
43.591599,-79.876929,8225,267.0,333.5
43.595856,-79.879931,8425,265.2,333.3
43.59993,-79.882742,8575,265.6,333.1
43.605652,-79.886702,8750,267.4,333.3
43.613162,-79.891793,8950,270.6,333.9
43.61911,-79.895836,9125,271.9,333.8
43.624847,-79.899706,9325,271.9,333.8
43.630852,-79.903761,9525,271.5,334.0
43.637649,-79.908338,9725,272.8,333.9
43.644562,-79.913082,9925,274.6,333.2
43.652069,-79.918383,10125,276.8,333.2
43.658295,-79.922535,10325,277.3,333.9
43.664882,-79.926976,10525,278.2,334.0
43.668466,-79.929395,10625,278.6,333.8
43.670792,-79.93103,10675,280.0,333.7
43.67363,-79.932883,10700,283.1,333.8
43.685225,-79.940709,10850,291.2,334.1
43.695877,-79.947701,11000,297.9,334.5
43.706818,-79.955047,11150,305.0,333.9
43.717621,-79.962329,11300,311.7,333.9
43.729683,-79.970529,11450,318.9,333.8
43.743256,-79.97983,11575,327.4,333.5
43.754635,-79.987597,11750,333.2,333.8
43.767064,-79.996033,11900,339.0,333.7
43.7767,-80.002572,12075,340.8,333.9
43.785778,-80.008654,12275,341.2,334.1
43.800302,-80.018267,12675,340.8,334.3
43.808716,-80.023903,12850,342.1,334.2
43.826797,-80.036039,13200,347.1,334.0
43.842957,-80.047025,13575,348.4,333.6
43.859796,-80.058485,13925,350.6,333.6
43.876136,-80.069733,14300,352.9,333.6
43.893174,-80.081373,14675,355.1,333.6
43.910398,-80.093406,15025,357.9,332.0
43.917389,-80.099147,15125,360.2,328.2
43.92453,-80.105917,15275,361.3,324.5
43.931254,-80.11322,15450,362.6,321.0
43.937678,-80.121133,15600,364.5,317.6
43.943869,-80.1297,15725,365.6,314.2
43.949269,-80.138136,15875,367.3,310.8
43.954856,-80.14801,16025,369.0,307.2
43.967285,-80.170702,16375,371.0,307.3
43.979324,-80.19253,16725,373.2,307.3
43.990906,-80.213737,17100,374.8,307.1
44.003998,-80.237753,17450,377.0,307.0
44.015979,-80.259901,17800,378.6,306.8
44.028175,-80.282462,18150,380.8,306.8
44.040939,-80.306162,18500,381.6,306.7
44.054245,-80.330985,18850,383.8,306.6
44.067307,-80.355281,19200,385.2,306.7
44.080873,-80.380554,19550,386.6,306.7
44.094792,-80.406516,19875,388.8,306.6
44.108059,-80.43117,20225,390.8,306.8
44.121689,-80.456522,20550,391.6,306.7
44.134734,-80.480477,20875,392.5,308.1
44.142197,-80.492866,21050,393.4,311.0
44.153029,-80.509251,21275,394.8,313.1
44.168484,-80.532336,21600,395.6,312.9
44.184219,-80.555812,21925,397.0,312.9
44.200012,-80.579354,22250,399.1,313.0
44.217084,-80.604747,22575,401.2,313.1
44.233983,-80.629868,22900,403.3,313.2
44.25032,-80.654166,23225,404.7,313.0
44.266159,-80.677839,23550,406.1,313.0
44.281932,-80.701346,23900,406.9,312.9
44.297882,-80.725381,24250,406.9,312.9
44.313904,-80.749381,24575,408.3,312.9
44.330765,-80.774633,24900,409.7,312.9
44.348236,-80.800781,25200,411.8,313.0
44.365906,-80.827266,25500,413.9,312.9
44.38551,-80.856762,25800,416.8,313.0
44.40469,-80.885635,26100,419.6,312.8
44.422892,-80.913034,26400,421.0,312.8
44.442123,-80.942034,26700,422.5,312.8
44.460983,-80.970481,27000,423.9,312.8
44.480943,-81.000657,27300,425.3,312.8
44.501007,-81.031003,27600,426.8,312.6
44.521955,-81.062689,27875,428.8,312.7
44.543793,-81.095843,28150,431.0,312.6
44.565857,-81.12939,28400,433.1,312.6
44.587601,-81.16248,28650,436.0,312.6
44.609619,-81.195897,28925,437.4,312.6
44.632278,-81.23036,29175,439.5,312.5
44.654396,-81.264261,29425,441.0,312.3
44.676178,-81.29752,29700,442.4,312.5
44.698334,-81.331329,29975,442.4,312.5
44.721292,-81.366488,30250,443.8,312.5
44.741216,-81.397035,30550,442.4,312.5
44.760086,-81.425956,30850,441.7,312.4
44.77897,-81.454914,31150,440.9,312.5
44.797485,-81.483307,31450,438.9,312.4
44.815886,-81.511655,31750,437.4,312.4
44.835484,-81.5418,32050,436.8,312.3
44.854614,-81.571328,32350,435.4,312.3
44.873145,-81.59988,32650,432.5,312.3
44.891114,-81.627748,32950,431.1,312.3
44.910946,-81.658362,33225,430.4,312.4
44.93208,-81.69112,33500,430.4,312.4
44.953913,-81.724749,33775,429.6,312.5
44.969971,-81.749464,33975,428.3,312.3
44.973816,-81.755415,34000,428.3,312.3
45.000412,-81.79681,34000,428.4,312.1
45.026047,-81.8367,34000,428.3,312.3
45.052139,-81.87718,34000,427.6,312.2
45.077603,-81.916876,34000,427.6,312.4
45.104137,-81.958142,34000,427.0,311.9
45.129834,-81.998671,34000,427.7,312.0
45.155869,-82.039555,34000,427.7,312.0
45.181274,-82.079446,34000,427.7,312.0
45.20739,-82.120525,34000,427.0,311.9
45.233139,-82.161189,34000,427.8,311.8
45.258737,-82.20165,34000,428.4,311.9
45.284683,-82.242606,34000,428.4,311.9
45.310638,-82.283543,34000,429.1,312.0
45.337038,-82.325246,34000,429.8,311.9
45.362642,-82.365708,34000,429.8,311.9
45.388962,-82.407597,34000,429.9,311.7
45.399307,-82.424731,34000,430.5,309.5
45.414222,-82.451924,34000,431.1,307.9
45.427536,-82.476576,34000,430.8,306.1
45.43158,-82.485679,34000,430.4,302.0
45.436241,-82.497812,34000,430.8,297.8
45.440617,-82.510875,34000,430.9,294.5
45.444397,-82.523935,34000,430.8,291.8
45.457934,-82.574381,34000,431.1,290.8
45.471574,-82.62536,34000,430.5,291.0
45.485321,-82.67637,34000,430.5,291.0
45.498993,-82.727118,34000,430.8,291.1
45.508804,-82.76328,34000,430.8,291.1
45.516544,-82.788748,34000,430.7,293.8
45.52359,-82.807486,34000,430.7,299.2
45.530742,-82.824186,34000,431.3,301.4
45.536421,-82.836177,34000,431.6,304.4
45.547028,-82.85614,34000,432.2,306.1
45.561722,-82.880524,34000,431.8,308.7
45.569458,-82.893119,34000,432.9,311.4
45.594589,-82.934518,34000,432.6,310.7
45.619378,-82.975479,34000,432.5,310.9
45.644897,-83.017519,34000,433.2,310.8
45.670259,-83.059387,34000,432.5,310.9
45.695068,-83.100385,34000,432.5,310.9
45.719977,-83.141647,34000,432.6,310.7
45.743998,-83.181747,34000,432.7,310.5
45.767786,-83.221298,34000,432.6,310.7
45.792938,-83.263103,34000,432.6,310.7
45.817644,-83.304245,34000,431.9,310.6
45.842056,-83.345032,34000,431.9,310.6
45.867268,-83.387054,34000,431.9,310.6
45.889481,-83.424214,34000,431.9,310.6
45.913925,-83.465345,34000,432.0,310.4
45.93837,-83.506544,34000,432.0,310.4
45.964005,-83.549619,34000,432.0,310.4
45.988815,-83.591487,34000,431.4,310.3
46.014496,-83.634897,34000,431.4,310.3
46.039837,-83.67778,34000,430.6,310.4
46.063905,-83.718361,34000,430.0,310.3
46.08909,-83.761002,34000,430.0,310.3
46.111248,-83.798767,34000,430.1,310.1
46.135254,-83.839885,34000,429.4,310.0
46.158234,-83.879208,34000,429.3,310.2
46.182846,-83.92099,34000,429.2,310.4
46.204422,-83.957587,34000,429.2,310.4
46.229584,-84.000641,34000,429.4,310.0
46.252579,-84.040051,34000,429.4,310.0
46.276602,-84.081253,34000,429.4,310.0
46.30069,-84.122716,34000,430.2,309.9
46.32225,-84.159829,34000,430.2,309.9
46.344196,-84.197639,34000,429.4,310.0
46.369492,-84.241154,34000,430.2,309.9
46.393021,-84.281884,34000,430.2,309.9
46.402451,-84.2989,34000,429.8,307.7
46.410141,-84.31424,34000,428.6,305.0
46.416962,-84.328978,34000,427.4,302.9
46.426071,-84.351018,34000,427.6,301.9
46.432892,-84.368435,34000,427.2,299.5
46.452337,-84.417229,34000,427.4,300.0
46.471848,-84.46624,34000,427.8,299.9
46.490845,-84.514406,34000,427.3,299.7
46.507095,-84.555872,34000,427.2,299.5
46.526459,-84.605378,34000,427.2,299.5
46.545776,-84.655151,34000,426.7,299.3
46.563583,-84.701173,34000,426.2,299.2
46.582404,-84.749908,34000,425.3,299.3
46.60144,-84.798778,34000,424.9,299.5
46.620623,-84.848167,34000,424.9,299.5
46.63559,-84.886534,34000,424.5,299.3
46.65158,-84.927681,34000,423.6,299.4
46.670155,-84.975746,34000,424.0,299.2
46.678069,-84.996346,34000,424.0,299.2
46.69357,-85.036446,34000,423.1,299.3
46.71254,-85.085762,34000,422.6,299.2
46.730952,-85.133812,34000,422.1,299.0
46.749852,-85.183319,34000,420.8,299.0
46.767123,-85.2285,34000,419.9,299.1
46.785049,-85.275343,34000,419.0,299.1
46.801572,-85.318657,34000,418.5,299.0
46.808762,-85.337644,34000,418.5,299.0
46.830201,-85.393845,34000,417.7,299.1
46.84845,-85.44191,34000,415.8,298.9
46.86644,-85.489509,34000,415.8,298.9
46.884062,-85.53603,34000,415.3,298.8
46.902264,-85.584482,34000,414.0,298.7
46.919814,-85.631174,34000,414.0,298.7
46.938354,-85.680519,34000,414.0,298.7
46.955473,-85.726037,34000,414.0,298.7
46.973511,-85.774246,34000,413.5,298.6
46.991644,-85.822801,34000,413.5,298.6
47.009445,-85.870583,34000,413.5,298.6
47.027536,-85.918931,34000,414.0,298.7
47.044993,-85.965834,34000,414.4,298.5
47.062776,-86.013442,34000,413.5,298.6
47.080627,-86.061333,34000,414.4,298.5
47.098663,-86.110085,34000,413.9,298.4
47.116196,-86.157669,34000,414.8,298.4
47.134141,-86.206336,34000,414.8,298.4
47.152017,-86.255,34000,414.8,298.4
47.170172,-86.304509,34000,415.2,298.2
47.188141,-86.353595,34000,415.2,298.2
47.2061,-86.402664,34000,415.7,298.3
47.223754,-86.450923,34000,416.5,298.2
47.241444,-86.499235,34000,417.4,298.2
47.259553,-86.549237,34000,417.8,298.0
47.277103,-86.597619,34000,418.3,298.1
47.295118,-86.647198,34000,418.3,298.1
47.311551,-86.692622,34000,419.2,298.0
47.329707,-86.742835,34000,417.8,298.0
47.347583,-86.792274,34000,417.8,298.0
47.365128,-86.840881,34000,417.8,298.0
47.382385,-86.889015,34000,417.4,297.9
47.400009,-86.938385,34000,416.4,297.6
47.416397,-86.984253,34000,416.0,297.8
47.433334,-87.031631,34000,416.0,297.8
47.451162,-87.08151,34000,416.0,297.8
47.468805,-87.131019,34000,416.4,297.6
47.486755,-87.181595,34000,417.3,297.5
47.497604,-87.212082,34000,417.8,297.7
47.513542,-87.256939,34000,417.8,297.7
47.529099,-87.300865,34000,417.8,297.7
47.536538,-87.321871,34000,417.8,297.7
47.553177,-87.368843,34000,418.7,297.6
47.57103,-87.419449,34000,418.2,297.5
47.586777,-87.464355,34000,419.1,297.4
47.591423,-87.477511,34000,419.1,297.4
47.605343,-87.51716,34000,419.1,297.4
47.621031,-87.562232,34000,419.5,297.2
47.637772,-87.610405,34000,419.9,297.0
47.655293,-87.660968,34000,419.5,297.2
47.673076,-87.712027,34000,420.9,297.3
47.689865,-87.760094,34000,420.9,297.3
47.707672,-87.811317,34000,421.3,297.1
47.724982,-87.86168,34000,420.8,297.0
47.742691,-87.912735,34000,421.8,297.2
47.759766,-87.962036,34000,421.8,297.2
47.777298,-88.012917,34000,422.2,297.0
47.794717,-88.063589,34000,421.7,296.9
47.81236,-88.11514,34000,421.7,296.9
47.829803,-88.165901,34000,421.7,296.9
47.847336,-88.217262,34000,421.7,296.9
47.864594,-88.267937,34000,422.2,296.8
47.881805,-88.318611,34000,421.7,296.6
47.899063,-88.36956,34000,422.2,296.8
47.916451,-88.420715,34000,421.3,296.8
47.934001,-88.472478,34000,422.2,296.8
47.951458,-88.523959,34000,421.3,296.8
47.968872,-88.575417,34000,420.8,296.7
47.986047,-88.626427,34000,420.4,296.6
48.003131,-88.677415,34000,420.4,296.6
48.02005,-88.727921,34000,419.9,296.4
48.037301,-88.779743,34000,419.9,296.4
48.053873,-88.829393,34000,419.9,296.4
48.070724,-88.880081,34000,418.6,296.4
48.087524,-88.930824,34000,418.6,296.4
48.104691,-88.98246,34000,418.2,296.3
48.121653,-89.033907,34000,417.7,296.1
48.138086,-89.083839,34000,417.7,296.1
48.155124,-89.135531,34000,418.2,296.3
48.171604,-89.185783,34000,417.3,296.0
48.18837,-89.237014,34000,417.7,296.1
48.205444,-89.288917,34000,418.2,296.3
48.222336,-89.340257,34000,418.6,296.1
48.238825,-89.390982,34000,419.1,295.9
48.255432,-89.442021,34000,419.5,296.0
48.270248,-89.486172,34000,420.4,297.2
48.28775,-89.536884,34000,421.3,297.4
48.305581,-89.588302,34000,420.0,297.4
48.322992,-89.638897,34000,419.5,297.2
48.340402,-89.689853,34000,416.4,297.0
48.357766,-89.741243,34000,415.0,296.9
48.374665,-89.79126,34000,414.6,296.8
48.391563,-89.841493,34000,414.1,296.7
48.408463,-89.892038,34000,414.1,296.7
48.425453,-89.942539,34000,413.7,296.9
48.442585,-89.993495,34000,413.2,296.8
48.459686,-90.044509,34000,414.1,296.7
48.476486,-90.094511,34000,413.2,296.8
48.493515,-90.145358,34000,414.1,296.7
48.510086,-90.195007,34000,414.1,296.7
48.526798,-90.245169,34000,413.7,296.6
48.544022,-90.297137,34000,413.7,296.6
48.560781,-90.347587,34000,414.6,296.5
48.577493,-90.398182,34000,414.1,296.4
48.594205,-90.448849,34000,415.5,296.4
48.61084,-90.499385,34000,416.4,296.4
48.627723,-90.550907,34000,417.3,296.3
48.644577,-90.602135,34000,417.3,296.3
48.661285,-90.653264,34000,417.3,296.3
48.67836,-90.705449,34000,418.2,296.3
48.694885,-90.756155,34000,418.2,296.3
48.711777,-90.807918,34000,417.7,296.1
48.728485,-90.859398,34000,417.3,296.0
48.74536,-90.911432,34000,416.8,296.2
48.761654,-90.961665,34000,416.8,296.2
48.778473,-91.01363,34000,416.4,296.1
48.795125,-91.065602,34000,414.6,295.9
48.811615,-91.116943,34000,413.7,296.0
48.827957,-91.167931,34000,413.3,295.8
48.84447,-91.219699,34000,412.8,295.7
48.857086,-91.259163,34025,412.4,295.9
48.858808,-91.264584,34050,411.9,295.8
48.860577,-91.270077,34100,411.9,295.8
48.862152,-91.274977,34150,411.0,295.8
48.864716,-91.282936,34225,410.1,295.9
48.873642,-91.310824,34625,404.8,295.9
48.884674,-91.345262,34950,401.2,295.9
48.895631,-91.379796,35250,398.5,295.7
48.907013,-91.415617,35550,396.3,295.7
48.918915,-91.453224,35825,394.0,295.7
48.927705,-91.481058,36000,393.6,295.6
48.943161,-91.530208,36200,393.6,295.6
48.956497,-91.572453,36450,392.7,295.6
48.969928,-91.615063,36700,391.4,295.6
48.984512,-91.66126,36925,390.0,295.5
49.000141,-91.710904,37125,390.0,295.5
49.015503,-91.759836,37300,390.0,295.5
49.030792,-91.808659,37450,391.8,295.4
49.046088,-91.857774,37525,394.1,295.4
49.061497,-91.90714,37650,395.0,295.3
49.077209,-91.957679,37750,397.2,295.3
49.092545,-92.007118,37850,398.1,295.3
49.108375,-92.058202,37900,400.4,295.3
49.123856,-92.108459,37925,401.3,295.2
49.139239,-92.157946,37975,400.8,295.4
49.154834,-92.208397,38000,400.8,295.1
49.170181,-92.258747,38000,400.0,294.8
49.185698,-92.309731,38000,401.7,295.0
49.201246,-92.360543,38000,401.7,295.0
49.216553,-92.410583,38000,401.7,295.0
49.231878,-92.460938,38000,402.2,294.8
49.247223,-92.511573,38000,402.2,294.8
49.262466,-92.561716,38000,402.6,295.0
49.277985,-92.612704,38000,402.2,294.8
49.293137,-92.663269,38000,402.3,294.5
49.30841,-92.714274,38000,403.6,294.6
49.323441,-92.76454,38000,403.6,294.6
49.338762,-92.81568,38000,404.5,294.5
49.354019,-92.866727,38000,405.4,294.5
49.369393,-92.918171,38000,406.8,294.5
49.38501,-92.970323,38000,408.1,294.6
49.400208,-93.021381,38000,409.0,294.6
49.415909,-93.07413,38000,409.9,294.5
49.431656,-93.127056,38000,411.2,294.6
49.447321,-93.179874,38000,412.6,294.3
49.462875,-93.232655,38000,413.6,294.3
49.478577,-93.286069,38000,415.8,294.3
49.494246,-93.339398,38000,417.6,294.2
49.510027,-93.393142,38000,418.9,294.2
49.525635,-93.446382,38000,420.3,294.3
49.541428,-93.500157,38000,420.8,294.1
49.557185,-93.554745,38000,421.3,294.0
49.572601,-93.60778,38000,422.1,294.2
49.588486,-93.661989,38000,423.4,294.3
49.60405,-93.715909,38000,424.0,293.8
49.619565,-93.769647,38000,424.8,294.0
49.635486,-93.824875,38000,425.3,293.9
49.651108,-93.879692,38000,425.8,293.7
49.666946,-93.935057,38000,424.9,293.7
49.682596,-93.99019,38000,425.8,293.7
49.698303,-94.045426,38000,426.8,293.6
49.713913,-94.100575,38000,426.8,293.6
49.72966,-94.156301,38000,427.7,293.6
49.744995,-94.21051,38000,427.7,293.6
49.760605,-94.265948,38000,429.0,293.6
49.776306,-94.321169,38000,430.3,293.7
49.786641,-94.358083,38000,429.9,292.6
49.791458,-94.377835,38000,428.3,289.8
49.804367,-94.436019,38000,429.5,289.0
49.81723,-94.49348,38000,430.7,289.1
49.829865,-94.550219,38000,431.4,288.9
49.842682,-94.60797,38000,432.6,289.0
49.855499,-94.665865,38000,433.2,288.9
49.868134,-94.722965,38000,433.6,289.0
49.880997,-94.780932,38000,433.2,288.9
49.89386,-94.83955,38000,432.9,288.7
49.906559,-94.897898,38000,432.6,288.6
49.919035,-94.955279,38000,431.7,288.6
49.931534,-95.012874,38000,431.3,288.5
49.943893,-95.07019,38000,431.3,288.5
49.956137,-95.126978,38000,431.0,288.4
49.968658,-95.185185,38000,431.0,288.4
49.981136,-95.243522,38000,431.0,288.4
49.993469,-95.300976,38000,432.0,288.4
50.005622,-95.35821,38000,431.7,288.2
50.017633,-95.414404,38000,430.1,288.4
50.02983,-95.471711,38000,429.4,288.2
50.041946,-95.528942,38000,428.5,288.2
50.054352,-95.587198,38000,427.5,288.3
50.066299,-95.644371,38000,427.6,287.8
50.078011,-95.701236,38000,426.6,287.9
50.090057,-95.758571,38000,426.3,288.2
50.102265,-95.81637,38000,426.9,288.0
50.114182,-95.873493,38000,426.6,287.9
50.126083,-95.930593,38000,427.6,287.8
50.138123,-95.988994,38000,426.6,287.9
50.150116,-96.046745,38000,426.6,287.9
50.162064,-96.104712,38000,424.7,287.5
50.173816,-96.162662,38000,424.7,287.5
50.185547,-96.220286,38000,425.0,287.7
50.197231,-96.278241,37975,424.4,287.4
50.208984,-96.335714,38000,424.1,287.7
50.220647,-96.393004,38000,423.8,287.6
50.232101,-96.449481,38000,425.7,287.5
50.243637,-96.507087,38025,425.1,287.2
50.255173,-96.564982,38025,426.4,287.3
50.2668,-96.622732,38000,426.7,287.5
50.278419,-96.680727,38000,426.4,287.3
50.289964,-96.738108,38000,426.7,287.5
50.301636,-96.7962,38000,426.4,287.3
50.313171,-96.854312,38000,426.7,287.0
50.324505,-96.912256,38000,426.7,287.0
50.336004,-96.970825,38000,427.7,287.0
50.347595,-97.030166,38000,429.3,286.8
50.358994,-97.088928,38000,431.5,286.8
50.370621,-97.148703,38000,434.0,287.0
50.382202,-97.207682,38000,434.0,287.0
50.393775,-97.266788,38000,435.0,287.0
50.405182,-97.325423,38000,435.6,286.8
50.416818,-97.38593,38000,435.3,286.7
50.428207,-97.445261,38000,436.0,286.5
50.439582,-97.505444,38000,436.0,286.5
50.450684,-97.564159,38000,437.0,286.5
50.461899,-97.6235,38000,437.0,286.5
50.473333,-97.683749,38000,437.0,286.5
50.484738,-97.744322,38000,436.7,286.4
50.495682,-97.80304,38000,436.7,286.4
50.506989,-97.863031,38000,435.7,286.4
50.518302,-97.923295,38000,435.7,286.4
50.52951,-97.982941,38000,436.7,286.4
50.540634,-98.042643,38000,435.7,286.4
50.551666,-98.101983,38000,435.2,286.1
50.562527,-98.160838,38000,436.1,286.1
50.573327,-98.219703,38000,436.1,286.1
50.584313,-98.279386,38000,437.4,286.2
50.595428,-98.340069,38000,438.0,286.0
50.606369,-98.399915,38000,439.0,286.0
50.617447,-98.460412,38000,441.2,286.0
50.628525,-98.521488,38000,442.9,285.9
50.639465,-98.582491,38000,443.3,285.6
50.650406,-98.644578,38000,444.5,285.7
50.661209,-98.705509,38000,444.5,285.7
50.672111,-98.766403,38000,445.0,285.9
50.68333,-98.828659,38000,446.0,285.9
50.694443,-98.890686,38000,445.5,285.6
50.705338,-98.951853,38000,446.7,285.7
50.71637,-99.013837,38000,447.4,285.6
50.727448,-99.076563,38000,448.1,285.4
50.738215,-99.138107,38000,448.1,285.4
50.748969,-99.1996,38000,447.8,285.3
50.75972,-99.261846,38000,447.6,285.1
50.770477,-99.32472,38000,448.3,285.0
50.781136,-99.38736,38000,447.6,285.1
50.791901,-99.44995,38000,446.6,285.2
50.802411,-99.51149,38000,446.3,285.1
50.812866,-99.572729,38000,446.3,285.1
50.823349,-99.634342,38000,447.3,285.0
50.833694,-99.695063,38000,447.3,285.0
50.844354,-99.757996,38000,447.3,285.0
50.854935,-99.820664,38000,447.0,284.9
50.865372,-99.882944,38000,446.8,284.8
50.875591,-99.944382,38000,446.5,284.7
50.885788,-100.006169,38000,446.3,284.5
50.896074,-100.068283,38000,446.8,284.8
50.906594,-100.131226,38000,446.8,284.8
50.916687,-100.192343,38000,445.3,284.6
50.927032,-100.255218,38000,444.3,284.6
50.937133,-100.317078,38000,444.1,284.5
50.947328,-100.379868,38000,443.8,284.4
50.95715,-100.440445,38000,442.9,284.4
50.967159,-100.502472,38000,442.6,284.3
50.977112,-100.564171,38000,441.7,284.3
50.98713,-100.62645,38000,441.7,284.3
50.996979,-100.687767,38000,441.7,284.3
51.006638,-100.748118,38000,440.7,284.3
51.016458,-100.809326,38000,440.4,284.2
51.026276,-100.871491,38000,440.0,283.9
51.035777,-100.932693,38000,439.7,283.8
51.045319,-100.994197,38000,438.7,283.9
51.05505,-101.05629,38000,440.0,283.9
51.064546,-101.117325,38000,440.9,283.9
51.074203,-101.17948,38000,442.6,283.7
51.083865,-101.242676,38000,444.6,283.7
51.093475,-101.30508,38000,445.8,283.8
51.102676,-101.365356,38000,445.3,283.5
51.112289,-101.428157,38000,445.5,283.6
51.121811,-101.49066,38000,445.3,283.5
51.131332,-101.55346,38000,444.3,283.5
51.140845,-101.616516,38000,444.3,283.5
51.150421,-101.67958,38000,444.6,283.7
51.159885,-101.741943,38000,444.1,283.4
51.169149,-101.804123,38000,443.9,283.3
51.17846,-101.866989,38000,443.9,283.3
51.187729,-101.929519,38000,443.9,283.3
51.196976,-101.992765,38000,444.4,283.0
51.206205,-102.056046,38000,444.4,283.0
51.215329,-102.118988,38000,443.4,283.0
51.2245,-102.181854,38000,443.4,283.0
51.233717,-102.245483,38000,444.4,283.0
51.242655,-102.30751,38000,444.2,282.9
51.251907,-102.37157,38000,445.4,283.0
51.259415,-102.424275,38000,445.0,282.2
51.262021,-102.447128,38000,445.2,279.6
51.263976,-102.469788,38000,445.4,277.1
51.265366,-102.493608,38000,445.3,274.4
51.266304,-102.523956,38000,445.4,272.3
51.268119,-102.58873,38000,445.4,272.6
51.269943,-102.653206,38000,445.4,272.6
51.27175,-102.71904,38000,446.4,272.4
51.273376,-102.783335,38000,446.4,272.3
51.274962,-102.847443,38000,447.4,272.3
51.276638,-102.912521,38000,447.4,272.3
51.278361,-102.978363,38000,447.4,272.3
51.279943,-103.043137,38000,447.3,272.2
51.281433,-103.108902,38000,447.3,272.0
51.282876,-103.173447,38000,448.3,272.0
51.284273,-103.238602,38000,448.3,271.9
51.28569,-103.302884,38000,448.3,271.9
51.287064,-103.368802,38000,448.3,271.9
51.288345,-103.433755,38000,448.2,271.8
51.289581,-103.498263,38000,447.2,271.8
51.290883,-103.562469,38000,447.2,271.8
51.292053,-103.626833,38000,446.2,271.7
51.293198,-103.691786,38000,445.2,271.5
51.294282,-103.757629,38000,445.2,271.5
51.295445,-103.822403,38000,444.2,271.5
51.296539,-103.886125,38000,443.2,271.5
51.297587,-103.951035,38000,443.1,271.4
51.298553,-104.014323,38000,443.1,271.3
51.299469,-104.078831,38000,443.1,271.3
51.30043,-104.143264,38000,442.1,271.3
51.3013,-104.206733,38000,442.1,271.2
51.302056,-104.270096,38000,441.1,271.0
51.302856,-104.33404,38000,441.1,271.0
51.303639,-104.398575,38000,440.1,271.2
51.304413,-104.462387,38000,440.1,271.0
51.305099,-104.525856,38000,440.1,271.0
51.30574,-104.589027,38000,440.1,270.9
51.306385,-104.652786,38000,439.1,270.9
51.306976,-104.716483,38000,440.0,270.8
51.307526,-104.78062,38000,439.0,270.8
51.308029,-104.843049,38000,440.0,270.8
51.308533,-104.907111,38000,440.0,270.6
51.309039,-104.971542,38000,440.0,270.6
51.309494,-105.034716,38000,440.0,270.6
51.309877,-105.099182,38000,440.0,270.5
51.310181,-105.163657,38000,440.0,270.4
51.310501,-105.227867,38000,440.0,270.4
51.310761,-105.292358,38000,441.0,270.4
51.311087,-105.355988,38000,441.0,270.4
51.311279,-105.419905,38000,441.0,270.3
51.311413,-105.483856,38000,441.0,270.1
51.311506,-105.547485,38000,441.0,270.1
51.311552,-105.611115,38000,441.0,270.1
51.311646,-105.675709,38000,441.0,270.1
51.311739,-105.74028,38000,441.0,270.1
51.311878,-105.803528,38000,440.0,270.1
51.31192,-105.868044,38000,440.0,270.0
51.311783,-105.931586,38000,441.0,269.7
51.311691,-105.995203,38000,441.0,269.9
51.3116,-106.058746,38000,441.0,269.9
51.311413,-106.122742,38000,441.0,269.6
51.311096,-106.186499,38000,442.0,269.5
51.310714,-106.251144,38000,442.0,269.5
51.310501,-106.314549,38000,441.0,269.7
51.310318,-106.379205,38000,441.0,269.7
51.310043,-106.442896,38000,441.0,269.5
51.309644,-106.506195,38000,441.0,269.4
51.309219,-106.570723,38000,441.0,269.4
51.308759,-106.634598,38000,441.0,269.2
51.308154,-106.698914,38000,441.1,269.1
51.307617,-106.763132,38000,440.0,269.2
51.307037,-106.827621,38000,440.0,269.2
51.306525,-106.892395,38000,440.0,269.2
51.305969,-106.955913,38000,440.1,269.1
51.305314,-107.020264,38000,440.1,269.1
51.304688,-107.084705,38000,440.1,269.0
51.303955,-107.147505,38000,440.1,268.8
51.303131,-107.209638,38000,440.1,268.8
51.302289,-107.273788,38000,440.1,268.7
51.301451,-107.338638,38000,441.1,268.8
51.300566,-107.402573,38000,441.1,268.7
51.299606,-107.466554,38000,441.1,268.7
51.298657,-107.531738,38000,441.1,268.6
51.297638,-107.594976,38000,441.1,268.6
51.296702,-107.659073,38000,442.1,268.6
51.29567,-107.723174,38000,443.2,268.5
51.294514,-107.786789,38000,443.2,268.2
51.293164,-107.85141,38000,444.2,268.3
51.292099,-107.915732,38000,444.1,268.6
51.291092,-107.980685,38000,444.1,268.6
51.289999,-108.044434,38000,444.2,268.3
51.288757,-108.108735,38000,444.2,268.2
51.287438,-108.173141,38000,444.2,268.2
51.286088,-108.237915,38000,445.3,268.1
51.284683,-108.302703,38000,444.3,267.9
51.283173,-108.367433,38000,444.3,267.8
51.281666,-108.432999,38000,442.3,268.1
51.280269,-108.497314,38000,442.3,267.9
51.27878,-108.561707,38000,442.3,267.9
51.277243,-108.626709,38000,442.4,267.7
51.27562,-108.690713,38000,441.4,267.7
51.273926,-108.754924,38000,440.5,267.4
51.272141,-108.819283,38000,440.4,267.5
51.270447,-108.883345,38000,440.4,267.5
51.268799,-108.946739,38000,440.4,267.7
51.267095,-109.010468,38000,440.4,267.5
51.265366,-109.073824,38000,440.4,267.5
51.263626,-109.138481,38000,439.4,267.5
51.261841,-109.201726,38000,439.5,267.3
51.259918,-109.266679,38000,439.5,267.3
51.258041,-109.329554,38000,439.5,267.3
51.256027,-109.394061,38000,438.6,267.1
51.254013,-109.457233,38000,439.6,267.1
51.251953,-109.52174,38000,438.6,267.0
51.249871,-109.585876,38000,438.6,267.0
51.247776,-109.649658,38000,438.6,267.0
51.245682,-109.712442,38000,438.6,267.0
51.24353,-109.776801,38000,438.7,266.9
51.241259,-109.839783,38000,437.8,266.6
51.238907,-109.903441,38000,437.7,266.7
51.23665,-109.967651,38000,437.7,266.7
51.235253,-109.998779,38000,437.7,265.0
51.233459,-110.023103,38000,438.9,262.4
51.227991,-110.086746,38000,439.0,262.3
51.222702,-110.149074,38000,439.1,262.1
51.217117,-110.212988,38000,438.1,262.1
51.211624,-110.276085,38000,438.1,262.1
51.206205,-110.338516,38000,437.3,262.0
51.200665,-110.400848,38000,437.3,262.0
51.195053,-110.46404,38000,436.4,261.8
51.189492,-110.526199,38000,436.3,262.0
51.18386,-110.588913,38000,435.4,261.8
51.178273,-110.651474,38000,433.9,262.3
51.173676,-110.710565,38000,432.9,263.4
51.169103,-110.773315,38000,432.0,263.2
51.164261,-110.836258,38000,431.4,262.8
51.159327,-110.897522,38000,431.5,262.7
51.154206,-110.959625,38000,430.7,262.5
51.148911,-111.022562,38000,430.8,262.4
51.143732,-111.083603,38000,429.9,262.2
51.138425,-111.145477,38000,429.9,262.2
51.133118,-111.20777,38000,430.9,262.3
51.127853,-111.270051,38000,430.8,262.4
51.12269,-111.331253,38000,431.9,262.3
51.117336,-111.392746,38000,432.2,262.0
51.111923,-111.454888,38000,432.0,262.1
51.106629,-111.516495,38000,433.0,262.2
51.101229,-111.579437,38000,433.0,262.2
51.095829,-111.641693,38000,433.2,262.0
51.090225,-111.704382,38000,434.3,261.9
51.084686,-111.766143,38000,434.4,261.8
51.07901,-111.829166,38000,435.2,262.1
51.073577,-111.890793,38000,435.2,262.1
51.067886,-111.954544,38000,435.6,261.7
51.06221,-112.016156,38000,435.6,261.7
51.056442,-112.079031,38000,435.7,261.5
51.050674,-112.14146,38000,435.6,261.7
51.044901,-112.203369,38000,435.7,261.5
51.039129,-112.265244,38000,435.7,261.5
51.03331,-112.327042,38000,435.9,261.4
51.02742,-112.389172,38000,434.9,261.4
51.021561,-112.451304,38000,432.9,261.4
51.01548,-112.513428,38000,431.1,261.2
51.009521,-112.574387,38000,429.9,261.3
51.003571,-112.636067,38000,429.0,261.3
50.997604,-112.697678,38000,428.1,261.1
50.991623,-112.759218,38000,428.1,261.1
50.98578,-112.819519,38000,428.0,261.3
50.979728,-112.881241,38000,428.1,261.1
50.973724,-112.941457,38000,427.3,261.0
50.967578,-113.00354,38000,427.3,261.0
50.961386,-113.064804,38000,426.3,261.0
50.955185,-113.126072,38000,426.5,260.8
50.948957,-113.18718,38000,426.5,260.8
50.942766,-113.247375,38000,425.6,260.7
50.936388,-113.308792,38000,425.6,260.7
50.930099,-113.36933,38000,425.6,260.7
50.923828,-113.429458,38000,426.8,260.6
50.917511,-113.48966,38000,426.8,260.6
50.911148,-113.550531,38000,426.8,260.6
50.904732,-113.611755,38000,427.8,260.6
50.898308,-113.672791,38000,428.9,260.5
50.891739,-113.734255,38000,429.9,260.5
50.885274,-113.795166,38000,430.1,260.4
50.87871,-113.856354,38000,430.2,260.2
50.872101,-113.917236,38000,430.2,260.2
50.865489,-113.978119,38000,430.1,260.4
50.858785,-114.039536,38000,429.4,260.1
50.851989,-114.100571,38000,428.6,259.9
50.845093,-114.161756,38000,427.6,259.9
50.838409,-114.222255,38000,425.3,260.1
50.831909,-114.28127,38000,422.4,260.0
50.825455,-114.339987,38000,418.1,260.2
50.819,-114.398705,38000,417.3,260.1
50.81218,-114.456903,38025,411.9,259.5
50.805436,-114.51561,37975,411.7,259.6
50.798407,-114.574432,38000,409.9,259.5
50.792076,-114.631424,38025,402.0,260.1
50.785791,-114.688034,38025,396.2,259.8
50.779541,-114.743215,38000,394.1,259.9
50.773222,-114.798203,38000,394.6,259.5
50.766586,-114.85434,38000,393.8,259.3
50.759862,-114.910889,37975,391.9,259.3
50.75322,-114.965614,38000,389.9,259.2
50.746501,-115.021744,38025,391.9,259.3
50.739937,-115.077286,38000,392.7,259.4
50.733374,-115.132446,38000,393.6,259.5
50.726856,-115.187454,37975,392.8,259.3
50.720123,-115.242722,38000,393.0,259.1
50.713394,-115.298247,38000,392.8,259.3
50.706653,-115.354156,38000,394.2,259.0
50.699844,-115.409298,38000,394.4,258.9
50.692978,-115.464675,38000,398.1,259.1
50.68617,-115.520859,38000,400.1,259.2
50.679291,-115.576988,38025,402.4,259.0
50.672251,-115.634232,38000,404.6,258.9
50.6651,-115.691022,38000,405.8,258.8
50.657959,-115.747425,38000,406.7,258.8
50.650697,-115.805623,37975,408.7,258.9
50.643528,-115.862707,38000,409.7,258.9
50.636353,-115.91935,38025,409.9,258.7
50.62905,-115.977544,38000,410.7,258.9
50.621788,-116.035593,38000,411.8,258.8
50.614386,-116.093643,38000,412.2,258.5
50.607031,-116.150801,38000,413.0,258.7
50.599686,-116.208681,38000,413.8,258.9
50.59232,-116.267197,38000,414.0,258.7
50.584808,-116.325772,38000,414.4,258.5
50.577191,-116.383741,38000,415.6,258.3
50.569463,-116.442681,38025,414.6,258.3
50.561829,-116.499746,38000,415.0,258.0
50.554008,-116.558112,38000,413.1,258.0
50.549103,-116.594359,38000,411.9,258.1
50.547729,-116.60455,37950,411.9,258.1
50.541687,-116.649435,37675,410.9,258.1
50.535416,-116.696271,37425,409.7,258.2
50.529007,-116.744264,37150,408.0,258.0
50.52269,-116.790884,36875,408.9,258.0
50.516235,-116.838371,36625,408.9,258.0
50.509923,-116.88503,36375,406.0,257.9
50.503464,-116.932261,36125,408.2,257.8
50.496981,-116.979601,35850,409.1,257.9
50.490371,-117.027703,35600,409.4,257.7
50.48404,-117.073876,35325,411.1,257.9
50.480921,-117.096516,35175,411.3,257.8
50.479385,-117.107874,35050,411.1,257.9
50.477616,-117.120716,34900,412.1,258.0
50.473892,-117.147795,34500,411.5,257.6
50.470184,-117.174249,34100,411.7,257.5
50.466705,-117.199257,33700,411.5,257.6
50.463364,-117.223109,33300,411.5,257.6
50.459926,-117.247504,32900,412.5,257.7
50.45676,-117.270293,32500,412.7,257.5
50.453455,-117.293602,32100,413.7,257.6
50.450317,-117.316132,31700,414.5,257.7
50.447264,-117.338141,31300,415.4,257.8
50.44447,-117.35811,30900,416.6,257.7
50.441483,-117.379592,30500,416.6,257.7
50.438324,-117.401998,30100,418.0,257.4
50.43576,-117.420285,29775,417.8,257.6
50.431901,-117.447337,29375,416.8,257.5
50.427619,-117.477475,28975,413.9,257.4
50.423941,-117.503679,28575,411.7,257.5
50.419937,-117.532332,28175,409.6,257.6
50.415894,-117.561083,27775,406.6,257.5
50.412003,-117.58826,27375,404.7,257.4
50.408951,-117.609608,27075,403.7,257.4
50.407973,-117.616437,27000,402.7,257.4
50.407136,-117.622375,26950,401.8,257.4
50.405594,-117.633073,26900,399.8,257.3
50.398337,-117.683171,26675,402.0,257.2
50.391403,-117.730504,26400,406.3,257.1
50.384308,-117.779581,26125,409.0,257.3
50.377249,-117.828146,25850,411.2,257.2
50.370313,-117.875581,25600,410.4,257.0
50.363423,-117.923163,25325,409.0,257.3
50.356384,-117.971553,25050,408.3,257.1
50.34983,-118.016028,24775,407.3,257.1
50.342987,-118.062645,24525,406.5,256.9
50.336517,-118.10628,24250,405.3,257.0
50.329834,-118.151815,24000,404.4,257.0
50.323563,-118.194315,23725,402.4,256.9
50.318985,-118.224817,23550,402.7,256.8
50.294991,-118.377017,22350,0.0,0.0
50.29392,-118.382362,22275,389.3,252.4
50.23098,-118.69503,15125,377.0,252.0
50.201282,-119.292817,6450,167.3,243.7
50.18578,-119.455979,9075,290.2,358.0
50.187241,-119.455502,9100,293.4,11.0
50.224558,-119.362669,11150,314.1,88.7
50.224594,-119.360601,11175,314.1,88.7
50.226196,-119.292081,11625,347.2,88.0
50.226513,-119.275595,11750,354.2,88.2
50.226885,-119.257557,11950,359.2,88.2
50.227211,-119.238776,12200,362.1,88.4
50.227444,-119.224969,12400,362.1,88.6
50.227798,-119.202022,12800,362.1,88.6
50.228189,-119.177089,13200,364.1,88.6
50.228622,-119.14868,13600,366.1,88.6
50.22908,-119.11919,13975,371.1,88.6
50.229585,-119.087417,14325,376.1,88.6
50.230042,-119.056091,14725,379.1,88.6
50.23047,-119.027067,15075,382.1,88.8
50.230911,-118.997184,15450,384.1,88.7
50.231308,-118.967755,15850,386.1,88.7
50.231727,-118.939028,16250,387.1,88.8
50.232971,-118.844171,17375,390.1,88.8
50.233612,-118.795094,17875,392.1,88.8
50.233961,-118.760722,18225,399.0,89.1
50.234344,-118.724911,18550,402.1,89.0
50.234756,-118.68711,18875,405.1,89.0
50.23526,-118.646056,19225,407.1,88.9
50.235535,-118.624227,19425,409.1,88.9
50.23843,-118.308873,22075,430.0,89.3
50.238739,-118.26869,22400,432.0,89.3
50.238942,-118.240282,22650,433.0,89.3
50.239641,-118.141034,23400,441.0,89.3
50.239929,-118.097028,23725,444.0,89.5
50.240158,-118.053372,24050,446.0,89.5
50.240387,-118.010511,24375,448.0,89.6
50.240524,-117.977191,24625,449.0,89.6
50.240711,-117.93697,24950,451.0,89.6
50.240897,-117.895994,25275,452.0,89.6
50.241084,-117.851307,25625,454.0,89.6
50.241302,-117.806396,25950,456.0,89.6
50.241486,-117.759054,26275,457.0,89.6
50.241642,-117.713161,26575,459.0,89.8
50.241735,-117.662683,26875,462.0,89.8
50.241829,-117.613987,27175,464.0,89.9
50.241943,-117.563974,27450,467.0,89.9
50.241989,-117.51338,27750,469.0,89.9
50.242035,-117.463941,28025,471.0,89.9
50.242061,-117.411854,28300,474.0,90.0
50.242035,-117.3608,28575,477.0,90.0
50.241989,-117.309843,28850,480.0,90.1
50.241898,-117.254695,29125,483.0,90.1
50.241875,-117.202817,29400,485.0,90.1
50.241806,-117.147795,29675,487.0,90.1
50.241669,-117.092936,29950,490.0,90.2
50.241531,-117.036269,30225,492.0,90.2
50.241394,-116.979025,30475,495.0,90.3
50.241177,-116.926599,30750,496.0,90.3
50.240936,-116.870318,31025,498.0,90.5
50.240662,-116.81105,31275,500.0,90.5
50.240339,-116.753639,31525,502.0,90.6
50.239975,-116.694248,31775,504.0,90.6
50.2397,-116.644954,32100,503.0,90.6
50.239334,-116.592769,32400,503.0,90.6
50.239014,-116.539138,32700,503.0,90.7
50.238556,-116.482978,32975,504.0,90.7
50.238151,-116.427464,33250,504.0,90.7
50.23764,-116.368344,33500,504.0,90.8
50.237137,-116.312473,33775,505.0,90.8
50.236615,-116.253241,34050,505.0,90.8
50.236056,-116.194747,34300,505.1,90.9
50.235451,-116.14026,34575,504.1,91.0
50.23494,-116.09065,34875,503.1,91.0
50.234665,-116.068533,34975,502.1,91.0
50.23452,-116.055933,35000,503.1,91.0
50.233589,-115.983928,35000,502.1,91.3
50.232658,-115.913482,35000,502.1,91.1
50.231781,-115.841506,35000,503.1,91.1
50.230842,-115.769101,35000,503.1,91.2
50.229813,-115.696949,35000,504.1,91.4
50.228714,-115.625177,35000,504.1,91.4
50.227584,-115.554199,35000,503.2,91.5
50.226373,-115.481675,35000,504.2,91.5
50.225163,-115.410783,35000,505.2,91.6
50.223907,-115.339026,35000,507.2,91.6
50.22258,-115.265953,35000,508.2,91.7
50.221207,-115.193024,35000,509.2,91.7
50.219856,-115.120091,35000,510.2,91.6
50.218459,-115.047492,35000,509.3,91.8
50.216995,-114.975393,35000,509.3,91.8
50.215713,-114.904373,35000,508.2,91.7
50.214363,-114.832071,35025,508.2,91.7
50.21292,-114.759992,35000,510.3,91.9
50.211182,-114.686135,34975,510.4,92.2
50.209289,-114.613309,35000,507.4,92.4
50.20738,-114.54175,35025,504.4,92.4
50.20546,-114.470311,35025,503.4,92.4
50.203583,-114.397888,35000,504.4,92.3
50.201752,-114.3272,34975,504.5,92.5
50.199745,-114.25514,35000,504.5,92.5
50.197744,-114.183432,35000,504.5,92.5
50.195663,-114.111665,35000,504.5,92.6
50.193604,-114.039893,35000,504.5,92.6
50.191506,-113.96957,35000,504.6,92.7
50.189392,-113.897504,35000,504.5,92.6
50.187316,-113.826079,35000,505.5,92.6
50.185174,-113.75593,35000,506.6,92.8
50.182893,-113.683109,35000,506.7,92.9
50.180511,-113.610703,35000,507.6,92.8
50.178192,-113.539247,35000,507.7,93.1
50.175771,-113.467316,35000,508.7,93.0
50.173325,-113.395386,35000,509.7,93.0
50.170883,-113.323678,35000,509.8,93.2
50.168276,-113.251005,35000,511.8,93.2
50.165623,-113.177589,35000,511.8,93.2
50.163025,-113.105115,35000,512.8,93.2
50.160269,-113.032911,35000,513.9,93.5
50.15744,-112.959836,35000,515.0,93.6
50.154602,-112.886762,35000,514.9,93.4
50.151703,-112.814001,35000,515.0,93.6
50.148697,-112.740037,35000,516.0,93.6
50.145767,-112.667469,35000,517.1,93.7
50.142719,-112.594052,35000,517.1,93.7
50.139587,-112.519515,35000,518.1,93.8
50.136566,-112.446658,35000,519.1,93.8
50.133455,-112.374845,35000,520.2,93.9
50.130243,-112.30143,35000,520.2,94.0
50.127045,-112.228594,35000,521.2,94.0
50.123749,-112.154292,35000,521.3,94.1
50.120316,-112.079556,35000,521.3,94.1
50.116882,-112.005543,35000,522.4,94.2
50.113484,-111.933016,35000,522.5,94.3
50.109924,-111.858601,35000,522.5,94.3
50.106408,-111.785295,35000,522.5,94.4
50.102824,-111.712696,35000,522.5,94.4
50.099239,-111.638909,35000,523.5,94.4
50.095608,-111.565568,35000,523.6,94.5
50.091797,-111.490992,35000,523.6,94.5
50.087927,-111.416585,35000,522.8,94.7
50.083969,-111.341882,35000,521.8,94.7
50.08017,-111.268664,35000,521.8,94.7
50.076324,-111.196024,35000,521.8,94.7
50.072388,-111.12136,35000,521.8,94.7
50.068421,-111.048172,35000,522.9,94.9
50.064331,-110.974563,35000,522.9,94.9
50.060211,-110.9012,35000,525.0,95.0
50.055908,-110.826392,35000,527.1,95.1
50.051616,-110.750576,35000,529.1,95.1
50.048264,-110.690002,35000,529.4,94.1
50.04744,-110.659718,35000,528.2,91.6
50.047426,-110.629503,35000,527.0,89.3
50.048171,-110.599365,35000,524.7,87.1
50.049661,-110.569376,35000,523.1,84.8
50.051788,-110.54082,35000,521.3,82.6
50.058087,-110.475918,35000,520.7,81.5
50.064972,-110.403852,35000,520.7,81.5
50.07182,-110.33213,35000,521.6,81.6
50.078803,-110.25916,35000,522.6,81.6
50.085739,-110.186042,35000,523.5,81.7
50.092722,-110.112404,35000,523.7,81.5
50.09967,-110.040147,35000,524.8,81.4
50.106766,-109.966423,35000,524.8,81.4
50.113724,-109.893277,35025,525.5,81.7
50.120544,-109.81977,35000,524.2,81.9
50.127319,-109.745395,35000,522.1,82.0
50.133874,-109.672282,35000,522.0,82.1
50.140366,-109.599465,35000,521.9,82.2
50.147002,-109.524784,35000,521.9,82.2
50.153641,-109.45086,35000,522.0,82.1
50.160176,-109.378101,35000,521.0,82.1
50.166733,-109.305291,35000,518.0,82.0
50.173233,-109.232435,35000,516.9,82.1
50.179495,-109.160379,35000,514.5,82.4
50.185638,-109.088601,35000,514.4,82.5
50.191818,-109.01531,35000,513.5,82.4
50.198023,-108.943102,35000,513.5,82.4
50.204121,-108.871617,35000,514.5,82.4
50.210126,-108.799686,35000,515.1,82.8
50.216085,-108.726122,35000,515.0,82.9
50.221904,-108.653746,35000,515.1,82.8
50.227863,-108.580924,35000,514.1,82.7
50.233749,-108.508566,35000,514.1,82.7
50.239641,-108.436914,35000,514.1,82.7
50.245422,-108.365744,35000,513.0,82.8
50.251139,-108.293498,35000,512.8,83.1
50.256679,-108.222236,35000,509.7,83.1
50.262358,-108.150305,35000,507.8,83.0
50.267898,-108.078968,35000,505.7,83.1
50.273438,-108.007408,35000,505.6,83.2
50.278839,-107.936626,35000,505.6,83.2
50.284332,-107.864348,35000,505.3,83.4
50.289545,-107.793175,35000,504.2,83.5
50.294758,-107.720947,35000,504.2,83.5
50.296738,-107.689506,35000,504.6,85.4
50.297653,-107.660378,35000,506.4,87.8
50.299347,-107.588533,35000,506.3,88.0
50.300996,-107.517106,35000,506.4,87.8
50.302689,-107.444554,35000,505.4,87.8
50.304488,-107.371389,35000,505.3,88.0
50.306117,-107.300349,35000,505.3,88.0
50.30777,-107.227936,35000,505.3,88.1
50.309283,-107.156933,35000,505.3,88.1
50.310745,-107.085547,35000,505.3,88.2
50.312073,-107.014281,35000,504.2,88.4
50.3134,-106.942291,35000,504.2,88.3
50.314729,-106.871511,35000,503.2,88.4
50.315918,-106.799324,35000,503.1,88.6
50.316971,-106.727552,35000,502.1,88.6
50.318081,-106.657055,35000,501.1,88.6
50.319198,-106.584753,35000,501.1,88.6
50.320312,-106.512957,35000,500.2,88.5
50.321457,-106.441907,35000,500.1,88.6
50.322556,-106.370496,35000,500.1,88.6
50.323574,-106.298812,35000,500.1,88.7
50.324524,-106.228108,35000,500.1,88.8
50.325439,-106.155974,35000,500.1,88.7
50.326355,-106.084563,35000,500.1,88.8
50.327252,-106.014281,35000,500.1,89.0
50.327957,-105.942752,35000,501.0,89.2
50.328552,-105.871197,35000,501.0,89.3
50.32901,-105.799641,35000,501.0,89.4
50.329486,-105.728785,35000,502.0,89.4
50.330138,-105.657076,35000,502.1,89.0
50.330883,-105.585368,35000,502.0,89.2
50.331161,-105.519417,35000,503.0,90.2
50.330475,-105.450102,35000,504.1,91.2
50.329422,-105.379269,35000,504.1,91.4
50.328186,-105.308003,35000,504.2,91.6
50.326833,-105.236033,35000,504.2,91.7
50.325485,-105.163012,35000,504.2,91.6
50.324226,-105.091058,35000,504.2,91.6
50.322922,-105.018672,35000,506.2,91.6
50.322556,-104.997494,35050,507.2,91.6
50.32132,-104.924493,35250,510.2,91.6
50.320129,-104.857852,35475,511.2,91.6
50.319397,-104.817666,35625,511.2,91.7
50.318407,-104.767407,35925,508.3,91.8
50.317243,-104.708838,36175,507.3,91.8
50.315847,-104.642697,36400,507.3,91.9
50.31445,-104.577224,36625,507.3,91.9
50.312914,-104.507372,36850,508.3,91.9
50.311386,-104.434879,37025,508.3,91.9
50.309934,-104.363956,37025,507.3,91.9
50.308365,-104.291261,37000,507.3,91.9
50.306815,-104.220317,37000,507.4,92.2
50.304977,-104.147861,37000,507.4,92.3
50.303091,-104.075194,37000,507.4,92.3
50.301229,-104.003263,37000,506.4,92.4
50.299367,-103.930441,37000,505.4,92.4
50.297365,-103.858511,37000,503.5,92.5
50.29541,-103.787553,37000,502.5,92.5
50.293362,-103.715614,37000,502.5,92.5
50.29129,-103.642851,37000,502.5,92.6
50.289312,-103.571975,37000,502.5,92.5
50.287262,-103.501041,37000,502.5,92.6
50.285215,-103.431306,37000,502.5,92.6
50.283051,-103.359664,37000,502.6,92.7
50.280793,-103.287741,37000,502.6,92.8
50.278512,-103.216553,37000,502.6,92.7
50.27623,-103.14637,37000,502.7,93.1
50.273804,-103.074742,37000,502.7,93.1
50.271343,-103.001948,37000,503.7,93.1
50.26886,-102.931559,37000,504.8,93.3
50.266222,-102.860017,37000,505.9,93.4
50.26355,-102.789532,37000,505.9,93.4
50.260849,-102.717542,37000,505.8,93.3
50.258148,-102.645842,37000,506.9,93.5
50.255402,-102.573997,37000,506.9,93.4
50.252629,-102.501476,37000,507.9,93.5
50.249863,-102.429585,37000,507.9,93.5
50.246979,-102.357595,37000,508.0,93.6
50.244063,-102.285313,37000,509.0,93.6
50.241119,-102.213328,37000,508.1,93.7
50.238144,-102.140615,37000,508.0,93.6
50.235218,-102.069075,37000,508.1,93.7
50.232193,-101.997938,37000,508.1,93.8
50.229213,-101.928703,37000,507.2,94.0
50.226001,-101.855881,37000,507.2,94.0
50.222789,-101.784544,37000,506.3,94.1
50.219577,-101.713653,37000,506.3,94.1
50.216171,-101.641677,37000,506.4,94.2
50.21283,-101.568965,37000,507.4,94.2
50.209475,-101.496599,37000,506.4,94.2
50.206076,-101.425039,37000,506.4,94.2
50.202667,-101.353936,37000,505.4,94.2
50.199234,-101.282236,37000,504.5,94.4
50.195618,-101.210536,37000,504.6,94.6
50.192064,-101.139543,37000,504.5,94.4
50.188522,-101.068292,37000,504.6,94.6
50.184723,-100.995941,37000,504.8,94.8
50.180892,-100.925087,37000,504.8,94.8
50.177074,-100.853453,37000,504.7,94.7
50.173279,-100.78178,37000,505.7,94.8
50.169388,-100.709357,37000,505.8,94.9
50.165451,-100.638741,37000,505.8,94.9
50.161423,-100.566246,37000,505.9,95.0
50.157383,-100.495284,37000,506.0,95.1
50.153286,-100.424318,37000,506.0,95.1
50.149246,-100.352157,37000,506.9,95.0
50.145218,-100.281468,37000,506.0,95.1
50.141052,-100.208973,37000,506.0,95.1
50.136853,-100.136892,37000,506.2,95.3
50.132584,-100.065862,37000,507.2,95.3
50.128288,-99.994441,37000,507.3,95.4
50.123912,-99.923475,37000,506.3,95.4
50.119489,-99.85147,37000,506.2,95.3
50.115113,-99.779911,37000,505.4,95.6
50.110644,-99.708722,37000,505.4,95.6
50.106082,-99.63642,37000,506.5,95.7
50.101501,-99.564466,37000,506.6,95.8
50.096818,-99.492484,37000,506.7,95.9
50.092072,-99.421861,37000,506.8,96.0
50.087311,-99.351244,37000,507.8,96.0
50.082596,-99.280556,37000,508.7,95.9
50.077744,-99.207916,37000,508.8,96.0
50.072983,-99.136722,37000,509.7,95.9
50.068222,-99.065094,37000,509.7,95.9
50.063278,-98.993105,37000,509.1,96.3
50.058243,-98.921983,37000,508.1,96.3
50.053162,-98.85021,37000,509.1,96.3
50.048035,-98.778727,37000,509.2,96.4
50.04277,-98.70681,37000,510.2,96.4
50.037643,-98.635832,37000,511.2,96.4
50.032471,-98.564349,37000,513.3,96.5
50.027206,-98.492938,37000,514.4,96.6
50.021823,-98.421095,37000,515.4,96.6
50.016423,-98.348347,37000,516.5,96.7
50.011069,-98.275823,37000,517.5,96.7
50.005483,-98.202185,37000,517.6,96.8
49.99985,-98.129289,37000,517.7,96.9
49.994156,-98.056448,37000,516.7,96.9
49.988445,-97.983497,37000,515.7,96.9
49.982812,-97.911938,37000,516.7,96.9
49.977039,-97.838522,37000,517.0,97.1
49.971268,-97.7669,37000,516.9,97.0
49.965494,-97.694067,37000,518.0,97.1
49.959582,-97.621246,37000,518.2,97.3
49.953577,-97.548721,37000,519.2,97.3
49.947665,-97.476493,37000,520.1,97.2
49.941706,-97.403375,37000,520.2,97.3
49.935516,-97.330627,37000,520.6,97.6
49.929277,-97.258326,37000,520.6,97.6
49.926204,-97.227445,37000,520.2,99.5
49.917639,-97.155069,37000,519.4,100.3
49.909195,-97.082785,37000,519.0,100.1
49.900973,-97.011579,37000,518.4,100.3
49.892532,-96.940757,37000,514.7,100.5
49.884109,-96.869708,37000,513.5,100.4
49.875602,-96.799052,37000,512.7,100.6
49.867176,-96.729423,37000,510.9,100.7
49.858612,-96.658799,37000,510.5,100.5
49.850045,-96.58764,37000,508.8,100.7
49.841665,-96.518159,37000,507.6,100.6
49.832977,-96.447312,37000,507.2,100.9
49.824051,-96.376841,37000,504.4,101.1
49.815177,-96.305855,37000,503.2,101.0
49.806425,-96.237042,37000,499.5,101.2
49.797487,-96.167858,37000,495.6,101.3
49.788596,-96.098451,37000,495.4,101.2
49.779798,-96.029564,37000,495.4,101.2
49.771139,-95.962087,37000,494.4,101.2
49.762482,-95.89402,37025,493.4,101.2
49.75383,-95.826368,37000,493.4,101.2
49.745023,-95.75884,37000,492.6,101.4
49.736132,-95.690324,37000,493.6,101.3
49.727097,-95.62182,37000,493.0,101.6
49.718079,-95.553372,37000,492.8,101.5
49.709015,-95.484635,37000,492.6,101.4
49.700134,-95.417199,37000,494.0,101.6
49.691022,-95.348857,37000,495.2,101.7
49.68187,-95.280738,37000,497.2,101.6
49.672806,-95.213157,37000,498.1,101.6
49.663559,-95.144565,37000,500.5,101.8
49.654107,-95.075164,37000,502.7,101.8
49.644745,-95.005935,37000,502.5,101.7
49.635223,-94.936042,37000,501.9,102.0
49.625896,-94.86828,37000,502.9,101.9
49.616455,-94.799363,37000,502.9,101.9
49.607042,-94.730802,37000,504.1,102.0
49.597406,-94.661469,37000,504.1,102.0
49.587708,-94.592574,37000,503.9,102.5
49.577682,-94.523837,37000,503.4,102.7
49.567612,-94.45555,37000,503.4,102.7
49.557371,-94.385846,37000,503.2,102.6
49.547409,-94.316736,37000,503.9,102.5
49.537582,-94.248312,37000,503.7,102.4
49.527603,-94.178491,37000,503.7,102.4
49.51767,-94.108598,37000,504.7,102.4
49.507736,-94.038921,37000,505.7,102.3
49.497691,-93.969331,37000,505.3,102.7
49.487595,-93.901158,37000,505.8,102.9
49.477203,-93.831626,37000,505.8,102.9
49.466995,-93.763396,37000,507.0,103.0
49.456678,-93.695192,37000,507.0,103.0
49.446304,-93.626211,37000,507.0,103.0
49.43573,-93.555859,37000,508.0,103.0
49.425247,-93.485765,37000,508.0,103.0
49.414764,-93.416396,37000,508.2,103.1
49.4044,-93.348445,37000,508.4,103.2
49.393926,-93.279491,37000,508.4,103.2
49.38327,-93.211036,37000,501.8,103.5
49.372652,-93.143463,37000,502.1,103.6
49.362084,-93.075088,37000,503.1,103.1
49.351564,-93.005773,37000,503.3,103.2
49.340836,-92.937082,37000,502.1,103.6
49.33015,-92.869383,37000,503.3,103.7
49.319256,-92.801008,37000,503.5,103.8
49.30838,-92.732567,37000,504.2,103.7
49.297623,-92.664748,37000,505.2,103.6
49.286774,-92.59721,37000,505.7,103.8
49.275925,-92.529602,37000,505.7,103.8
49.264984,-92.461571,37000,506.7,103.8
49.254176,-92.393719,37000,507.4,103.7
49.243097,-92.325271,37000,507.1,104.0
49.231979,-92.257409,37000,505.4,104.2
49.220519,-92.188881,37000,503.5,104.3
49.209253,-92.120795,37000,502.3,104.2
49.198288,-92.054303,37000,501.3,104.2
49.186981,-91.986553,37000,501.6,104.3
49.175689,-91.918415,37000,500.4,104.2
49.16433,-91.850546,37000,499.4,104.3
49.153015,-91.783166,37000,497.7,104.4
49.141846,-91.716825,37000,496.7,104.5
49.130722,-91.650978,37000,495.5,104.4
49.119547,-91.584778,37000,495.8,104.5
49.108095,-91.517993,37000,495.3,104.7
49.096504,-91.450918,37000,496.5,104.8
49.085266,-91.385756,37000,497.0,104.6
49.073973,-91.319371,37000,498.9,104.5
49.06266,-91.252803,37000,498.9,104.5
49.051346,-91.186523,37000,500.1,104.6
49.039902,-91.120253,37000,500.4,104.7
49.028258,-91.053676,37000,501.2,105.0
49.016481,-90.987107,37000,501.4,105.1
49.004471,-90.920175,37000,501.9,105.4
48.992413,-90.853681,37000,502.2,105.5
48.980301,-90.786649,37000,503.6,105.2
48.968307,-90.719112,37000,504.3,105.1
48.956406,-90.651785,37000,504.3,105.1
48.944412,-90.584177,37000,504.6,105.2
48.932547,-90.517948,37000,504.8,105.3
48.920397,-90.450439,37000,504.1,105.4
48.908066,-90.383113,37000,503.7,105.7
48.895677,-90.316146,37000,504.0,105.8
48.883295,-90.24965,37000,503.7,105.7
48.870621,-90.180993,37000,503.7,105.7
48.858249,-90.113766,37000,503.7,105.7
48.845727,-90.045825,37000,503.4,105.6
48.83345,-89.979365,37000,503.7,105.7
48.821136,-89.912814,37000,504.0,105.8
48.808904,-89.847059,37000,503.7,105.7
48.796521,-89.780273,37000,503.7,105.7
48.783906,-89.712621,37000,502.1,105.8
48.771662,-89.647932,37000,498.5,106.1
48.759064,-89.581815,37000,496.6,106.1
48.746478,-89.515951,37000,495.9,106.3
48.734002,-89.450756,37000,495.6,106.2
48.721252,-89.384273,37000,495.6,106.2
48.708618,-89.318566,37000,494.6,106.2
48.69603,-89.253282,37000,494.9,106.3
48.683585,-89.188819,37000,494.0,106.3
48.67543,-89.147996,37000,491.8,107.9
48.66948,-89.122612,37000,487.6,110.4
48.663149,-89.09876,37000,484.2,112.6
48.65612,-89.075197,37000,480.0,115.0
48.648299,-89.051417,37000,475.9,117.3
48.63964,-89.027638,37000,472.5,119.6
48.618118,-88.971229,37000,472.6,119.8
48.596741,-88.91503,37000,471.7,119.9
48.574951,-88.857985,37000,472.2,120.0
48.553472,-88.801912,37000,472.7,120.1
48.532288,-88.746643,37000,473.1,119.9
48.510864,-88.690796,37000,473.6,120.0
48.489323,-88.634949,37000,474.1,120.1
48.467537,-88.578861,37000,475.1,120.3
48.445052,-88.521255,37000,477.0,120.5
48.423079,-88.465022,37000,477.0,120.5
48.401386,-88.409657,37000,477.8,120.4
48.379227,-88.352629,37000,478.7,120.4
48.356975,-88.295529,37000,479.5,120.3
48.336166,-88.242188,37000,480.0,120.4
48.313705,-88.184861,37000,480.6,120.5
48.291848,-88.129289,37000,480.6,120.5
48.269969,-88.073779,37000,480.6,120.5
48.250214,-88.023799,37000,480.2,120.7
48.227793,-87.967312,37000,480.2,120.7
48.20549,-87.911119,37000,479.3,120.7
48.187683,-87.866187,37000,478.0,120.7
48.165619,-87.810692,37000,477.1,120.8
48.1436,-87.75563,37000,476.8,120.9
48.121421,-87.700407,37000,475.9,121.0
48.099914,-87.647024,37000,475.9,121.0
48.078232,-87.593033,37000,475.4,120.9
48.056387,-87.538499,37000,475.1,121.1
48.033996,-87.483074,37000,475.1,121.1
48.013092,-87.431602,37000,474.7,121.2
47.990524,-87.375984,37000,474.7,121.2
47.968048,-87.320709,37000,474.7,121.2
47.948433,-87.272714,37000,475.2,121.3
47.927032,-87.220184,37000,475.6,121.2
47.907166,-87.171227,37000,475.6,121.2
47.884563,-87.115596,37000,476.1,121.2
47.862078,-87.060523,37000,476.6,121.4
47.839826,-87.006366,37000,477.1,121.5
47.817032,-86.951225,37000,477.1,121.5
47.794235,-86.89595,37000,477.6,121.6
47.771581,-86.84129,37000,477.6,121.6
47.749142,-86.787133,37000,478.2,121.7
47.726166,-86.731842,37000,479.6,121.7
47.705063,-86.681305,37000,480.1,121.8
47.682129,-86.626373,37000,483.2,121.7
47.659529,-86.572266,37000,485.4,121.7
47.636078,-86.515961,37000,486.8,121.7
47.614513,-86.464515,37000,487.3,121.8
47.591309,-86.409325,37000,488.7,121.9
47.568054,-86.35405,37000,489.2,122.0
47.544846,-86.299118,37000,489.7,122.1
47.521912,-86.245079,37000,489.7,122.1
47.498062,-86.188705,37000,489.7,122.1
47.473879,-86.131756,37000,490.6,122.0
47.453349,-86.083233,37000,491.1,122.1
47.429468,-86.027175,37000,491.1,122.1
47.405594,-85.971039,37000,491.1,122.1
47.381845,-85.91534,37000,491.1,122.1
47.358215,-85.85994,37000,490.8,122.3
47.334274,-85.804184,37000,490.8,122.3
47.310388,-85.748361,37000,489.4,122.2
47.28685,-85.693634,37000,489.4,122.2
47.262951,-85.638076,37000,489.1,122.4
47.238976,-85.582721,37000,488.3,122.4
47.221007,-85.541452,37000,487.9,122.6
47.206238,-85.507484,37000,487.4,122.5
47.193008,-85.477135,37000,487.4,122.5
47.171585,-85.427834,37000,487.9,122.6
47.148056,-85.374001,37000,487.1,122.7
47.124619,-85.320511,37000,486.3,122.7
47.123434,-85.317711,37000,486.3,122.7
47.071793,-85.200005,37000,485.4,122.8
47.066919,-85.188974,37000,485.4,122.8
47.042221,-85.133057,37000,485.4,122.8
47.018188,-85.078606,37000,484.6,122.9
46.994624,-85.025377,37000,484.6,122.9
46.971115,-84.972135,37000,483.7,122.9
46.948792,-84.921776,37000,483.7,122.9
46.935928,-84.892799,37000,483.7,122.9
46.917394,-84.850933,37000,483.7,122.9
46.894955,-84.800298,37000,482.9,123.0
46.893585,-84.796944,37000,484.0,121.7
46.878571,-84.742081,37000,494.3,109.1
46.876381,-84.723464,37000,501.3,99.8
46.87559,-84.709942,37000,501.5,97.7
46.876009,-84.682688,37000,504.0,93.6
46.878197,-84.657546,37000,504.0,93.6
46.880291,-84.637193,37000,509.6,81.5
46.883835,-84.60434,37000,509.2,81.1
46.890998,-84.53895,37000,509.2,81.1
46.898214,-84.473525,37000,509.5,80.8
46.903335,-84.427467,37000,509.5,80.8
46.907639,-84.388802,37000,509.6,80.7
46.913576,-84.33521,37000,509.5,80.8
46.919582,-84.281335,37000,509.6,80.7
46.922002,-84.259291,37000,509.5,80.8
46.943207,-84.066353,37000,0.0,0.0
46.950585,-83.99893,37000,511.5,80.9
46.957335,-83.937237,37000,511.3,81.0
46.964458,-83.871812,37000,511.3,81.0
46.965948,-83.857868,37000,511.3,81.0
46.981339,-83.716576,37000,512.4,80.9
46.988663,-83.649971,37000,512.6,80.8
46.995974,-83.584055,37000,512.6,80.8
47.002258,-83.526924,37000,512.6,80.8
47.01087,-83.44905,37000,512.4,80.9
47.018326,-83.381149,37000,511.5,80.9
47.025787,-83.31324,37000,511.6,80.8
47.033122,-83.247493,37000,510.6,80.8
47.040524,-83.181152,37000,509.6,80.7
47.047973,-83.114248,37000,508.7,80.7
47.05545,-83.04744,37000,507.8,80.6
47.059378,-83.01185,37000,508.3,80.9
47.023859,-82.854732,37000,0.0,0.0
46.990481,-82.814589,37000,467.9,147.1
46.983444,-82.808624,37000,464.9,150.4
46.975398,-82.802758,37000,462.4,153.6
46.965296,-82.79642,37000,458.2,157.4
46.94593,-82.785785,37000,456.7,159.2
46.908371,-82.764679,37000,456.8,158.8
46.869026,-82.742544,37000,456.5,158.9
46.829875,-82.720734,37000,455.8,159.2
46.790865,-82.699036,37000,456.1,159.1
46.751678,-82.677277,37000,457.1,159.1
46.713448,-82.656052,37000,457.1,159.1
46.673767,-82.634203,37000,457.6,159.3
46.635008,-82.612999,37000,457.3,159.4
46.59623,-82.591782,37000,458.2,159.4
46.557953,-82.570965,37000,459.2,159.5
46.518814,-82.549662,37000,460.1,159.5
46.480408,-82.528816,37000,460.4,159.4
46.4427,-82.508286,37000,462.3,159.5
46.402665,-82.486656,37000,463.2,159.5
46.36377,-82.465724,37000,464.2,159.6
46.323532,-82.444153,37000,465.1,159.6
46.284073,-82.42285,37000,465.5,159.5
46.243736,-82.401031,37000,466.8,159.4
46.204376,-82.379776,37000,466.8,159.4
46.167572,-82.359947,37000,467.7,159.5
46.134567,-82.342194,37000,467.7,159.5
46.095474,-82.321227,37000,468.3,159.6
46.055328,-82.299857,37000,468.3,159.6
46.015778,-82.278755,37000,468.3,159.6
45.975403,-82.257251,37000,468.3,159.6
45.935211,-82.235882,37000,468.6,159.5
45.895477,-82.214713,37000,468.3,159.6
45.855723,-82.193596,37000,468.3,159.6
45.816147,-82.172509,37000,468.6,159.5
45.775543,-82.150871,37000,469.2,159.7
45.73494,-82.129368,37000,469.2,159.7
45.69428,-82.107971,37000,468.9,159.8
45.659409,-82.089308,37000,469.8,158.8
45.647635,-82.082085,37000,471.3,155.8
45.636246,-82.074101,37000,473.6,153.0
45.625122,-82.065325,37000,475.7,150.3
45.612396,-82.054071,37000,476.6,147.5
45.601135,-82.042951,37000,478.7,144.4
45.59024,-82.03096,37000,480.4,141.5
45.579941,-82.018433,37000,481.8,138.7
45.563654,-81.996735,37000,483.2,136.8
45.530975,-81.953453,37000,482.6,137.2
45.500157,-81.912723,37000,481.9,137.1
45.468129,-81.870184,37000,481.8,136.9
45.436288,-81.827847,37000,481.1,136.9
45.404343,-81.7853,37000,481.1,136.9
45.372883,-81.743439,37000,481.8,136.8
45.341088,-81.701169,37000,481.8,136.9
45.308899,-81.658434,37000,481.8,136.9
45.27787,-81.617298,37000,481.8,136.9
45.246122,-81.575295,37000,482.5,137.0
45.213318,-81.532091,37000,483.3,137.1
45.181274,-81.489912,37000,484.0,137.0
45.149323,-81.447863,37000,484.7,137.1
45.116638,-81.404964,36900,478.3,137.0
45.114349,-81.402021,36900,477.6,137.1
45.11261,-81.399667,36875,476.9,137.0
45.110321,-81.396724,36850,476.2,137.1
45.108719,-81.394632,36825,476.2,137.1
45.107256,-81.392681,36800,475.5,137.1
45.103253,-81.387389,36700,474.8,137.1
45.09073,-81.370976,36400,474.8,137.1
45.082535,-81.360234,36275,473.4,137.1
45.069763,-81.343558,36075,469.1,137.2
45.06657,-81.339357,36000,469.1,137.2
45.058044,-81.32819,35775,467.0,137.1
45.054428,-81.323417,35725,464.9,137.0
45.035614,-81.298632,35375,457.1,136.9
45.016805,-81.273908,35025,450.0,137.0
44.998993,-81.250501,34650,443.7,137.1
44.981689,-81.22794,34275,438.1,137.3
44.965412,-81.206851,33900,432.5,137.5
44.949444,-81.186218,33525,428.9,137.5
44.934036,-81.166404,33125,425.4,137.6
44.918161,-81.145957,32725,421.8,137.5
44.902566,-81.125793,32325,418.3,137.4
44.887716,-81.106567,31925,416.1,137.3
44.883499,-81.101074,31825,414.7,137.4
44.868164,-81.081129,31450,414.0,137.2
44.8526,-81.060922,31075,413.3,137.4
44.836716,-81.040388,30700,411.9,137.4
44.819962,-81.018677,30325,410.5,137.4
44.803894,-80.997947,29975,409.1,137.4
44.786636,-80.975582,29650,404.8,137.4
44.769799,-80.953831,29325,402.0,137.4
44.753599,-80.93293,28975,399.2,137.4
44.737473,-80.912149,28625,397.0,137.4
44.720764,-80.890634,28275,394.9,137.5
44.711151,-80.878209,28100,392.1,137.5
44.689962,-80.850934,27825,387.1,137.4
44.668362,-80.823267,27575,385.0,137.5
44.648251,-80.79761,27300,384.4,137.6
44.626698,-80.770011,27025,382.9,137.4
44.605703,-80.743081,26775,382.3,137.8
44.584987,-80.716687,26500,380.8,137.6
44.563431,-80.689022,26225,382.2,137.3
44.542531,-80.662224,25975,384.4,137.6
44.522095,-80.636183,25700,386.5,137.7
44.500259,-80.608521,25425,386.6,137.9
44.478699,-80.581251,25150,385.1,137.7
44.46558,-80.564553,25025,384.4,137.6
44.46018,-80.557653,25000,384.4,137.6
44.434204,-80.524684,25000,383.7,137.8
44.408088,-80.491534,25000,383.7,137.8
44.382298,-80.459044,25000,383.7,137.8
44.356064,-80.425807,25000,383.7,137.8
44.330292,-80.393241,25000,383.0,137.9
44.304184,-80.360301,25000,383.0,137.9
44.278068,-80.327342,25000,383.0,137.9
44.25265,-80.295321,25000,383.0,137.9
44.226746,-80.262778,25000,383.0,137.9
44.200884,-80.230274,25000,383.0,137.9
44.185336,-80.210789,24975,383.8,138.0
44.181015,-80.205305,24925,383.0,137.9
44.177748,-80.201111,24875,382.8,137.2
44.175048,-80.19758,24825,383.3,136.1
44.172208,-80.193525,24750,384.0,135.3
44.168655,-80.187932,24625,385.7,130.8
44.164853,-80.180773,24500,386.8,125.2
44.161606,-80.173624,24400,388.1,121.2
44.158475,-80.165209,24275,388.2,116.3
44.155682,-80.155988,24175,387.4,111.7
44.153458,-80.146541,24050,387.8,106.9
44.15181,-80.137088,23950,387.8,102.2
44.150757,-80.127507,23825,387.4,97.6
44.150189,-80.11734,23700,386.5,93.0
44.150208,-80.10745,23575,386.2,88.2
44.150803,-80.098316,23475,385.5,83.4
44.151947,-80.088799,23350,383.9,79.9
44.153448,-80.080196,23250,383.7,75.2
44.155636,-80.071106,23125,382.1,70.4
44.158522,-80.061689,23025,380.5,65.8
44.161734,-80.053319,22900,378.2,61.1
44.165365,-80.04534,22800,376.6,56.5
44.169415,-80.03782,22675,374.7,51.9
44.17421,-80.0303,22575,372.3,47.4
44.178909,-80.024031,22450,370.1,42.7
44.184824,-80.017286,22325,368.1,38.3
44.189851,-80.012447,22225,365.5,33.7
44.195801,-80.007608,22125,363.1,29.2
44.201065,-80.004076,22050,361.0,25.4
44.206146,-80.001264,22025,357.7,21.0
44.213058,-79.998256,22000,355.6,16.5
44.219784,-79.996077,22000,354.0,12.2
44.226242,-79.994725,22000,352.4,8.0
44.2324,-79.994068,22000,350.8,3.8
44.23851,-79.99394,22000,349.0,359.5
44.245239,-79.994594,22000,347.1,355.4
44.25174,-79.995902,22000,345.2,351.0
44.258102,-79.997864,22000,343.0,346.9
44.264009,-80.000365,22000,341.9,342.5
44.270014,-80.00358,22000,339.3,338.2
44.275635,-80.007346,22000,338.1,334.0
44.28067,-80.01127,22000,335.7,329.8
44.285706,-80.015913,22000,334.5,325.6
44.291061,-80.021667,22000,333.0,321.3
44.297745,-80.029907,22000,332.1,318.0
44.320663,-80.05811,22000,332.3,318.5
44.343246,-80.086147,22000,332.1,318.0
44.365814,-80.114528,22000,332.0,317.8
44.388117,-80.142785,22000,332.7,317.7
44.410355,-80.170964,22000,333.4,317.8
44.419726,-80.183046,22000,333.1,316.1
44.423823,-80.189142,22000,331.4,311.8
44.427887,-80.196402,22000,331.0,307.4
44.431178,-80.203076,22000,330.1,303.3
44.434297,-80.210579,22000,329.1,299.3
44.437088,-80.218571,22000,328.3,295.2
44.439185,-80.225852,22000,328.0,291.1
44.44114,-80.234092,22000,327.7,287.2
44.442723,-80.24327,22000,326.7,283.3
44.443701,-80.251175,22000,326.4,278.3
44.444399,-80.261022,22000,325.9,274.2
44.444504,-80.269448,22000,326.0,270.4
44.444229,-80.277623,22000,325.6,266.5
44.443608,-80.28554,22000,325.9,262.4
44.442261,-80.295214,22000,325.6,258.5
44.44075,-80.303127,22000,325.8,254.5
44.438965,-80.310516,22000,325.4,250.6
44.436485,-80.318834,22000,326.0,246.5
44.433746,-80.326407,22000,326.5,242.6
44.430725,-80.33347,22000,327.2,238.5
44.427521,-80.339879,22000,328.3,234.4
44.423401,-80.346941,22000,329.4,230.2
44.419556,-80.352696,22000,330.3,226.1
44.414931,-80.358693,22000,331.4,222.1
44.410276,-80.363918,22000,332.7,218.0
44.404953,-80.369045,22000,334.5,213.8
44.400009,-80.373165,22000,335.0,209.7
44.39375,-80.37745,22000,336.8,205.5
44.387792,-80.380733,22000,338.2,201.3
44.382431,-80.38317,22000,340.0,197.1
44.376153,-80.385288,22000,341.6,192.9
44.369888,-80.386701,22000,342.8,188.6
44.364029,-80.387486,22000,345.0,184.3
44.356974,-80.387633,22000,347.0,180.0
44.350708,-80.387094,22000,349.0,175.7
44.344591,-80.385958,22000,351.0,171.3
44.3384,-80.384082,22000,353.2,166.9
44.331463,-80.381269,21975,353.9,162.7
44.325668,-80.3782,21975,352.8,158.4
44.319779,-80.374369,21975,351.5,154.0
44.314286,-80.370014,21975,349.2,149.5
44.308699,-80.364722,21975,347.0,145.2
44.303346,-80.358827,21975,344.8,141.0
44.296735,-80.350654,21975,339.8,137.6
44.285144,-80.336185,21975,330.1,138.4
44.263321,-80.309208,21925,320.1,138.3
44.258981,-80.303762,21875,318.0,138.2
44.254715,-80.298418,21800,316.6,138.2
44.240982,-80.281285,21475,316.5,137.9
44.226348,-80.262831,21175,315.8,137.8
44.211545,-80.244208,20875,315.8,137.8
44.196762,-80.225568,20575,313.6,137.7
44.181244,-80.205944,20275,312.2,137.7
44.17543,-80.198215,20175,311.1,135.3
44.171722,-80.192403,20075,311.5,130.2
44.169182,-80.187509,20025,312.1,125.2
44.166962,-80.182311,19950,312.8,120.3
44.164993,-80.176754,19900,311.7,115.7
44.16313,-80.170048,19850,312.2,111.2
44.16192,-80.164424,19775,311.3,105.5
44.160919,-80.1574,19700,311.8,101.1
44.16037,-80.151268,19650,311.3,95.2
44.160187,-80.144242,19575,311.0,90.6
44.160507,-80.137088,19500,309.7,86.1
44.16124,-80.130445,19425,309.4,80.3
44.162199,-80.124599,19350,309.2,76.0
44.163528,-80.118948,19275,308.0,71.4
44.165458,-80.112566,19200,307.4,67.0
44.167511,-80.106939,19125,306.2,61.1
44.170113,-80.101318,19050,306.2,56.7
44.172638,-80.096592,18975,305.0,52.2
44.176631,-80.090594,18875,303.7,47.8
44.179733,-80.086627,18800,303.0,42.1
44.183395,-80.082731,18700,301.2,36.2
44.187927,-80.078643,18600,300.0,31.8
44.191727,-80.075897,18525,298.3,26.0
44.196167,-80.073329,18425,296.7,21.5
44.200333,-80.071498,18325,295.1,17.1
44.204329,-80.070168,18275,293.3,12.8
44.208847,-80.069275,18200,290.1,6.9
44.213919,-80.068828,18125,288.3,2.6
44.218414,-80.069013,18050,285.3,357.2
44.222857,-80.069699,17975,283.1,353.1
44.227047,-80.070838,17900,280.5,347.6
44.231552,-80.072545,17825,279.4,343.6
44.235764,-80.074703,17750,276.5,338.4
44.240112,-80.07758,17675,275.1,334.4
44.243852,-80.080552,17600,272.7,329.1
44.247716,-80.084169,17525,271.4,324.1
44.251968,-80.088959,17425,269.7,319.8
44.264801,-80.104668,17125,268.7,319.1
44.277695,-80.120348,16825,267.8,318.6
44.29097,-80.136828,16525,265.5,317.9
44.303346,-80.152633,16225,265.4,317.3
44.315826,-80.168544,15925,264.7,317.5
44.321869,-80.176261,15775,264.8,317.8
44.326218,-80.181689,15750,263.4,317.8
44.336444,-80.194836,15650,260.3,316.6
44.339539,-80.199476,15625,258.6,311.4
44.341798,-80.203746,15575,256.2,306.1
44.343613,-80.207912,15550,254.3,301.0
44.345057,-80.211986,15475,251.8,295.6
44.346267,-80.216407,15400,251.2,290.0
44.347183,-80.221383,15325,250.8,284.3
44.347757,-80.226187,15225,250.6,278.3
44.347943,-80.23081,15175,250.2,272.5
44.347778,-80.235639,15100,249.5,266.5
44.347275,-80.240282,15025,249.4,260.5
44.346313,-80.245212,14950,249.6,254.9
44.345336,-80.249165,14875,249.4,249.1
44.343753,-80.253653,14800,250.9,243.2
44.34169,-80.258331,14700,252.7,237.4
44.339172,-80.262909,14625,253.2,232.5
44.336014,-80.26801,14525,254.4,228.7
44.325225,-80.284401,14225,254.8,227.2
44.313448,-80.302288,13950,251.3,227.7
44.302834,-80.318633,13650,252.1,227.9
44.291931,-80.335432,13350,251.3,227.7
44.280716,-80.352631,13050,250.6,227.9
44.269226,-80.370418,12750,249.3,228.2
44.263046,-80.379769,12575,249.7,226.1
44.260518,-80.38301,12525,249.9,222.2
44.25769,-80.385917,12450,251.8,216.3
44.255219,-80.388009,12400,252.1,209.2
44.252655,-80.389644,12350,252.8,204.5
44.249863,-80.390952,12300,254.9,197.6
44.246521,-80.391998,12250,255.5,190.8
44.243014,-80.39259,12175,256.0,185.1
44.238739,-80.392718,12125,257.0,179.8
44.235147,-80.392322,12050,257.9,175.1
44.231469,-80.391518,12000,259.4,170.7
44.227373,-80.390111,11925,259.5,166.2
44.223416,-80.388236,11850,260.9,160.5
44.219738,-80.386025,11800,262.6,155.0
44.215269,-80.382609,11700,262.8,150.6
44.212006,-80.379573,11625,264.4,145.2
44.208379,-80.375441,11550,265.8,140.8
44.204727,-80.370418,11475,266.7,136.4
44.202713,-80.367083,11425,267.4,128.9
44.200104,-80.362047,11350,268.2,124.5
44.198091,-80.357286,11275,268.8,119.9
44.196487,-80.352631,11200,269.3,115.5
44.195068,-80.347595,11150,269.7,110.8
44.194061,-80.342762,11100,269.6,106.2
44.193157,-80.336674,11025,269.7,100.7
44.191713,-80.322941,10875,268.8,98.3
44.190033,-80.30827,10725,268.3,99.0
44.188431,-80.294537,10550,267.5,99.2
44.186691,-80.279399,10375,267.3,99.0
44.185135,-80.265538,10225,266.2,98.9
44.183578,-80.251486,10050,266.2,98.9
44.182022,-80.23935,9900,265.1,101.3
44.180649,-80.231813,9825,264.7,105.6
44.179367,-80.226128,9775,264.1,108.1
44.178167,-80.221645,9750,265.8,110.5
44.175751,-80.213673,9750,270.4,114.0
44.173884,-80.208435,9750,274.1,116.2
44.171585,-80.202495,9750,278.9,118.9
44.168856,-80.196272,9750,283.6,122.2
44.165222,-80.189017,9750,287.6,126.2
44.161148,-80.182119,9750,290.9,130.3
44.156754,-80.175476,9750,292.8,134.4
44.151027,-80.168021,9750,292.3,137.6
44.134734,-80.147422,9750,297.3,137.4
44.114273,-80.12163,9750,300.9,137.8
44.093814,-80.095956,9750,301.6,138.0
44.073257,-80.070339,9725,301.0,138.1
44.052895,-80.045013,9725,297.4,138.0
44.032551,-80.019575,9725,297.4,138.0
44.022675,-80.007424,9725,297.2,139.5
44.016863,-80.001068,9725,296.8,142.7
44.009811,-79.994138,9725,295.1,145.8
43.993773,-79.97988,9725,295.1,147.2
43.990189,-79.976676,9700,296.0,147.3
43.982787,-79.970136,9600,295.4,147.4
43.973145,-79.961626,9450,294.1,147.5
43.963375,-79.952938,9300,291.0,147.4
43.953319,-79.944044,9150,288.8,147.3
43.94359,-79.935412,9000,286.5,147.2
43.935516,-79.92822,8825,283.8,147.4
43.932418,-79.925472,8775,282.9,147.3
43.929252,-79.92266,8750,280.7,147.2
43.924622,-79.918511,8725,275.7,147.3
43.919709,-79.914158,8700,270.7,147.4
43.91524,-79.910169,8700,266.3,147.3
43.910065,-79.905545,8725,261.3,147.3
43.899086,-79.895913,8725,256.3,147.4
43.879301,-79.878453,8725,258.0,147.7
43.869432,-79.869821,8725,253.0,147.8
43.852813,-79.855238,8725,249.4,146.9
43.848205,-79.850725,8725,250.4,143.8
43.84327,-79.845363,8725,251.6,140.8
43.838382,-79.839347,8725,252.7,137.4
43.833494,-79.832873,8725,253.2,136.0
43.830561,-79.828949,8675,253.2,136.3
43.823439,-79.819598,8525,252.6,136.8
43.816177,-79.810246,8375,251.9,136.9
43.808821,-79.800764,8225,250.5,136.9
43.801437,-79.791082,8075,248.3,136.5
43.794157,-79.781472,7925,246.8,136.1
43.787268,-79.772252,7750,247.5,136.0
43.780611,-79.763358,7575,247.5,136.0
43.774841,-79.755441,7425,247.5,134.0
43.772095,-79.750969,7350,248.2,128.9
43.769943,-79.746626,7275,249.1,123.4
43.768295,-79.742219,7200,249.1,117.5
43.766968,-79.738003,7150,248.6,111.7
43.765993,-79.733473,7100,248.1,106.4
43.765248,-79.728306,7050,247.7,101.2
43.764908,-79.72427,7000,247.3,95.8
43.764829,-79.719216,6950,246.0,90.7
43.765109,-79.714377,6900,245.7,85.6
43.765621,-79.709865,6850,244.5,80.3
43.766464,-79.705363,6800,244.0,75.3
43.767669,-79.700644,6725,243.6,70.1
43.769066,-79.69659,6675,242.4,64.6
43.770695,-79.692732,6625,241.6,59.4
43.772644,-79.688948,6575,240.9,54.5
43.774745,-79.685407,6525,239.8,49.7
43.778562,-79.679914,6425,239.0,45.7
43.782257,-79.67464,6325,239.0,46.0
43.786011,-79.669189,6225,239.1,46.7
43.789688,-79.663696,6125,239.2,47.0
43.793839,-79.657586,6025,239.2,47.0
43.797835,-79.651598,5925,239.2,47.0
43.801849,-79.645705,5825,239.2,47.0
43.805982,-79.639566,5725,239.1,46.7
43.810404,-79.633157,5625,238.4,46.5
43.815033,-79.626415,5525,237.7,46.4
43.818784,-79.620928,5425,237.7,46.4
43.823485,-79.614127,5325,237.0,46.5
43.828583,-79.606678,5225,234.9,46.7
43.832748,-79.600546,5125,235.6,46.5
43.837591,-79.593462,5025,233.4,46.4
43.843002,-79.5856,4925,232.0,46.4
43.846573,-79.580426,4825,232.0,46.8
43.850235,-79.57506,4725,232.0,46.8
43.854172,-79.569312,4625,232.0,46.8
43.858074,-79.563577,4525,232.8,46.9
43.861472,-79.558541,4425,232.7,46.6
43.865707,-79.552385,4325,232.7,46.2
43.87001,-79.546189,4225,232.7,46.2
43.874313,-79.53993,4125,232.0,46.4
43.87865,-79.533626,4025,231.3,46.6
43.882507,-79.527474,3925,230.7,50.1
43.884659,-79.523195,3850,230.8,55.4
43.885819,-79.520089,3800,230.9,61.5
43.88675,-79.51695,3775,229.7,66.1
43.887448,-79.513942,3750,227.5,73.4
43.888,-79.510228,3750,225.2,77.7
43.888333,-79.506553,3725,222.1,84.3
43.888321,-79.502627,3675,220.0,91.0
43.888053,-79.498967,3650,218.1,97.9
43.887497,-79.495473,3600,217.4,102.8
43.886703,-79.492035,3575,214.8,109.9
43.885586,-79.488765,3575,212.5,114.8
43.884338,-79.485828,3550,209.2,121.7
43.882919,-79.48321,3525,208.2,126.2
43.881396,-79.480852,3500,205.9,133.2
43.879767,-79.47876,3475,204.0,138.2
43.877975,-79.47695,3450,202.8,143.0
43.876043,-79.475425,3425,201.2,148.2
43.874268,-79.474267,3400,198.7,155.6
43.871667,-79.47307,3375,198.6,162.1
43.868225,-79.471904,3350,198.0,167.2
43.85994,-79.469668,3300,198.5,169.3
43.851789,-79.467643,3275,199.3,171.3
43.848679,-79.467305,3275,198.6,175.7
43.846024,-79.467433,3250,198.2,182.3
43.843689,-79.467904,3250,198.4,189.0
43.840896,-79.46882,3250,198.4,194.6
43.83638,-79.470847,3225,199.2,198.4
43.825333,-79.476247,3175,199.6,199.6
43.814361,-79.481572,3125,199.2,199.3
43.799057,-79.489086,3150,198.4,200.4
43.795321,-79.491381,3100,200.0,204.5
43.792419,-79.493621,3050,201.1,209.5
43.789993,-79.495793,3000,201.6,214.1
43.78764,-79.498378,2925,203.1,219.8
43.78494,-79.501779,2850,202.2,224.6
43.781845,-79.506396,2750,200.3,227.6
43.778609,-79.511457,2650,199.2,228.9
43.775024,-79.517063,2550,197.6,228.1
43.771225,-79.522812,2450,196.1,227.7
43.767288,-79.528688,2350,193.1,226.9
43.763763,-79.533798,2250,188.9,226.5
43.760742,-79.538205,2200,185.3,226.3
43.757614,-79.542716,2100,181.1,226.3
43.754425,-79.547403,2000,179.0,226.6
43.751038,-79.552257,1900,174.7,226.6
43.747101,-79.557942,1800,171.9,226.2
43.743759,-79.562797,1700,169.1,226.7
43.740097,-79.568162,1625,164.1,226.5
43.737122,-79.572506,1550,159.9,226.5
43.734571,-79.576198,1475,155.6,226.6
43.732196,-79.579664,1400,150.7,226.3
43.728973,-79.584322,1300,146.4,226.4
43.725174,-79.589879,1200,142.9,226.7
43.721603,-79.595053,1100,140.8,226.4
43.71785,-79.600482,1000,140.1,226.7
43.714227,-79.605822,900,140.1,226.7
43.710663,-79.611085,800,140.1,226.7
43.707275,-79.616004,700,142.2,226.4
43.70366,-79.62132,600,143.6,226.4
43.699703,-79.627075,500,147.1,226.6
43.695746,-79.632699,400,149.2,225.8
43.693222,-79.636316,325,151.4,226.6
43.689423,-79.641937,275,147.1,226.6
43.687637,-79.644428,250,131.6,226.2
43.687317,-79.644939,250,119.6,226.7
43.686436,-79.646236,275,109.7,226.9
43.685644,-79.647348,275,93.4,226.7
43.685394,-79.647749,275,87.7,226.9
43.685165,-79.648068,275,82.1,227.0
43.684806,-79.64859,275,76.4,227.1
43.684776,-79.648643,-50.0,77.0,227.8
43.684329,-79.649309,-50.0,71.0,227.8
43.684135,-79.649601,-50.0,71.0,227.8
43.683712,-79.650209,-50.0,69.5,227.8
43.683026,-79.65119,-50.0,67.5,225.0
43.682693,-79.651677,-50.0,66.5,225.0
43.682476,-79.651981,-50.0,64.5,225.0
43.682259,-79.6523,-50.0,63.5,225.0
43.681984,-79.652699,-50.0,61.5,227.8
43.681572,-79.653274,-50.0,51.5,225.0
43.680966,-79.653969,-50.0,42.5,213.8
43.680702,-79.654184,-50.0,38.5,208.1
43.680164,-79.654472,-50.0,31.5,196.9
43.679581,-79.654695,-50.0,22.5,196.9
43.679363,-79.654791,-50.0,19.5,196.9
43.67922,-79.654835,-50.0,15.5,196.9
43.679022,-79.654901,-50.0,12.8,191.2
43.67894,-79.654903,-50.0,12.8,182.8
43.678848,-79.654887,-50.0,12.8,174.4
43.678673,-79.65477,-50.0,13.2,154.7
43.678413,-79.654408,-50.0,12.8,123.8
43.678402,-79.653961,-50.0,12.8,78.8
43.679066,-79.652907,-50.0,15.5,45.0
43.679352,-79.652508,-50.0,16.5,47.8
43.679649,-79.652061,-50.0,17.5,47.8
43.679913,-79.651677,-50.0,18.5,47.8
43.680302,-79.651108,-50.0,19.5,47.8
43.680576,-79.650703,-50.0,20.5,45.0
43.680826,-79.650339,-50.0,20.5,47.8
43.681126,-79.649905,-50.0,21.5,47.8
43.681431,-79.649473,-50.0,21.5,47.8
43.681734,-79.649032,-50.0,21.5,47.8
43.682013,-79.648623,-50.0,22.5,47.8
43.682304,-79.648198,-50.0,22.5,47.8
43.682583,-79.647789,-50.0,22.5,47.8
43.682886,-79.647348,-50.0,23.5,47.8
43.683154,-79.646955,-50.0,23.5,47.8
43.68346,-79.64652,-50.0,23.5,47.8
43.683655,-79.646232,-50.0,23.5,47.8
43.683945,-79.645811,-50.0,24.5,47.8
43.684238,-79.645402,-50.0,24.5,47.8
43.684467,-79.645066,-50.0,25.5,47.8
43.684742,-79.644651,-50.0,25.5,47.8
43.685039,-79.644225,-50.0,25.5,47.8
43.685749,-79.643195,-50.0,26.5,47.8
43.686001,-79.642831,-50.0,26.5,47.8
43.686298,-79.642416,-50.0,26.5,47.8
43.686552,-79.642034,-50.0,27.5,47.8
43.686785,-79.641675,-50.0,27.5,47.8
43.687273,-79.640988,-50.0,27.5,47.8
43.687557,-79.640563,-50.0,24.5,47.8
43.687752,-79.640292,-50.0,20.5,47.8
43.688042,-79.63986,-50.0,17.5,47.8
43.688267,-79.639525,-50.0,17.5,45.0
43.688553,-79.63911,-50.0,18.5,47.8
43.688953,-79.638551,-50.0,18.5,47.8
43.689228,-79.638136,-50.0,19.5,47.8
43.689415,-79.637865,-50.0,20.5,45.0
43.689927,-79.63713,-50.0,16.5,47.8
43.690067,-79.636917,-50.0,11.8,45.0
43.690247,-79.636603,-50.0,11.8,59.1
43.690264,-79.636427,-50.0,11.2,75.9
43.690247,-79.636268,-50.0,11.2,92.8
43.690178,-79.63606,-50.0,10.8,118.1
43.690041,-79.635853,-50.0,11.2,132.2
43.689752,-79.635462,-50.0,14.8,135.0
43.689537,-79.635182,-50.0,16.5,137.8
43.689194,-79.634726,-50.0,18.5,137.8
43.688705,-79.634089,-50.0,20.5,137.8
43.68829,-79.633553,-50.0,21.5,137.8
43.687511,-79.632531,-50.0,23.5,137.8
43.686761,-79.631555,-50.0,23.5,137.8
43.685417,-79.629785,-50.0,23.5,137.8
43.684492,-79.628596,-50.0,18.5,137.8
43.684387,-79.628448,-50.0,14.8,135.0
43.68425,-79.628236,-50.0,11.2,132.2
43.684201,-79.628023,-50.0,10.2,109.7
43.684376,-79.627453,-50.0,9.8,53.4
43.684515,-79.627239,-50.0,9.8,47.8
43.684742,-79.62691,-50.0,11.2,45.0
43.685028,-79.626527,-50.0,13.2,45.0
43.685435,-79.626323,-50.0,13.8,8.4
43.685795,-79.626176,-50.0,14.2,25.3
43.686104,-79.62576,-50.0,10.8,47.8
43.68631,-79.625425,-50.0,9.2,50.6
43.686401,-79.625277,-50.0,0.1,50.6
43.686401,-79.625265,-50.0,0.0,50.6
43.686598,-79.625391,-50.0,5.2,326.2
43.68675,-79.625653,-50.0,4.2,309.4
43.686825,-79.625792,-50.0,1.1,306.6
43.686831,-79.6258,-50.0,1.1,306.6
43.686831,-79.6258,-50.0,0.0,306.6
43.686831,-79.6258,-50.0,0.0,306.6
43.686831,-79.6258,-50.0,0.0,306.6
43.686598,-79.624884,-50.0,0.0,236.2
43.686596,-79.624882,-50.0,0.0,236.2
43.686596,-79.624882,-50.0,0.0,236.2
43.686596,-79.624882,-50.0,0.0,236.2
43.686436,-79.62517,-50.0,4.2,233.4
43.686356,-79.625329,-50.0,3.8,233.4
43.685898,-79.626032,-50.0,6.2,225.0
43.68576,-79.626208,-50.0,6.2,222.2
43.685669,-79.626271,-50.0,6.8,210.9
43.685566,-79.626303,-50.0,7.2,194.1
43.685177,-79.626271,-50.0,7.8,171.6
43.685109,-79.626241,-50.0,7.8,165.9
43.684899,-79.626045,-50.0,7.2,143.4
43.684632,-79.625702,-50.0,7.2,135.0
43.684352,-79.625359,-50.0,8.8,135.0
43.684073,-79.624983,-50.0,9.2,135.0
43.683781,-79.624595,-50.0,10.2,135.0
43.68346,-79.624164,-50.0,9.8,135.0
43.683317,-79.623969,-50.0,9.8,137.8
43.683258,-79.62392,-50.0,9.8,143.4
43.683119,-79.623855,-50.0,9.2,160.3
43.682991,-79.62386,-50.0,9.2,177.2
43.682932,-79.623887,-50.0,9.2,188.4
43.682816,-79.623969,-50.0,8.8,208.1
43.682735,-79.624083,-50.0,8.8,219.4
43.682602,-79.624259,-50.0,7.8,225.0
43.68243,-79.624515,-50.0,7.2,225.0
43.682269,-79.624754,-50.0,8.8,225.0
43.682133,-79.62493,-50.0,9.8,222.2
43.681978,-79.625032,-50.0,10.8,202.5
43.681892,-79.625042,-50.0,10.8,191.2
43.681812,-79.625026,-50.0,10.8,180.0
43.681767,-79.62501,-50.0,10.8,171.6
43.681698,-79.624962,-50.0,10.8,160.3
43.681641,-79.624898,-50.0,10.8,149.1
43.681548,-79.624786,-50.0,10.8,140.6
43.681443,-79.624639,-50.0,10.8,137.8
43.681175,-79.624312,-50.0,11.2,135.0
43.680873,-79.62392,-50.0,11.8,135.0
43.68057,-79.623528,-50.0,12.8,135.0
43.680291,-79.623152,-50.0,14.2,135.0
43.67997,-79.622726,-50.0,14.8,135.0
43.679662,-79.622334,-50.0,15.5,135.0
43.679441,-79.622056,-50.0,16.5,137.8
43.67929,-79.621909,-50.0,16.5,143.4
43.679127,-79.621778,-50.0,16.5,149.1
43.679031,-79.621704,-50.0,16.5,154.7
43.678847,-79.621615,-50.0,15.5,160.3
43.678562,-79.621449,-50.0,15.5,157.5
43.678463,-79.621369,-50.0,16.5,151.9
43.678345,-79.621257,-50.0,15.5,146.2
43.678207,-79.621098,-50.0,16.5,140.6
43.678036,-79.62089,-50.0,15.5,137.8
43.677742,-79.620519,-50.0,16.5,135.0
43.677463,-79.620143,-50.0,16.5,137.8
43.677183,-79.619784,-50.0,16.5,135.0
43.676868,-79.619373,-50.0,16.5,135.0
43.676555,-79.618966,-50.0,17.5,135.0
43.676252,-79.618558,-50.0,17.5,135.0
43.67593,-79.618143,-50.0,17.5,135.0
43.6756,-79.617724,-50.0,17.5,135.0
43.675301,-79.617329,-50.0,17.5,135.0
43.674992,-79.616914,-50.0,18.5,135.0
43.674681,-79.616514,-50.0,19.5,135.0
43.674362,-79.6161,-50.0,19.5,135.0
43.674064,-79.615696,-50.0,20.5,135.0
43.67375,-79.615304,-50.0,20.5,135.0
43.673447,-79.614902,-50.0,21.5,135.0
43.673122,-79.614487,-50.0,21.5,135.0
43.672806,-79.614056,-50.0,21.5,135.0
43.67254,-79.613718,-50.0,19.5,135.0
43.672272,-79.613359,-50.0,16.5,137.8
43.671958,-79.61295,-50.0,13.8,137.8
43.671707,-79.612618,-50.0,12.2,135.0
43.671434,-79.612263,-50.0,11.8,132.2
43.671398,-79.612155,-50.0,11.8,123.8
43.671364,-79.612002,-50.0,12.2,109.7
43.671364,-79.611916,-50.0,12.8,98.4
43.671434,-79.611642,-50.0,12.8,64.7
43.671513,-79.611517,-50.0,12.8,50.6
43.671644,-79.611331,-50.0,13.2,45.0
43.671946,-79.610906,-50.0,13.2,45.0
43.672225,-79.610481,-50.0,13.2,45.0
43.672348,-79.610303,-50.0,13.2,45.0
43.67268,-79.609808,-50.0,13.8,45.0
43.672955,-79.609425,-50.0,14.2,45.0
43.673264,-79.608978,-50.0,14.8,45.0
43.673561,-79.608546,-50.0,15.5,45.0
43.673866,-79.608111,-50.0,15.5,45.0
43.674134,-79.607702,-50.0,15.5,45.0
43.674437,-79.607261,-50.0,15.5,45.0
43.674716,-79.606868,-50.0,14.2,45.0
43.674972,-79.606476,-50.0,14.2,45.0
43.675266,-79.606055,-50.0,15.5,45.0
43.675554,-79.605642,-50.0,15.5,45.0
43.67585,-79.605225,-50.0,16.5,45.0
43.676147,-79.604792,-50.0,17.5,45.0
43.676353,-79.60449,-50.0,18.5,45.0
43.676636,-79.604056,-50.0,18.5,45.0
43.676914,-79.60366,-50.0,18.5,45.0
43.677086,-79.603436,-50.0,19.5,45.0
43.677383,-79.602989,-50.0,19.5,45.0
43.67767,-79.602574,-50.0,20.5,45.0
43.678021,-79.602062,-50.0,20.5,45.0
43.678322,-79.601616,-50.0,21.5,45.0
43.678608,-79.601217,-50.0,21.5,45.0
43.678894,-79.600803,-50.0,20.5,45.0
43.679173,-79.600378,-50.0,17.5,45.0
43.679429,-79.600018,-50.0,14.8,45.0
43.679729,-79.599588,-50.0,10.8,45.0
43.67981,-79.599444,-50.0,9.8,50.6
43.679848,-79.599315,-50.0,9.2,59.1
43.679855,-79.599253,-50.0,8.2,67.5
43.67986,-79.599184,-50.0,7.2,78.8
43.679855,-79.599125,-50.0,5.8,87.2
43.679844,-79.599077,-50.0,4.8,95.6
43.679821,-79.599029,-50.0,5.2,104.1
43.67981,-79.598997,-50.0,5.2,109.7
43.679775,-79.598933,-50.0,5.8,118.1
43.679732,-79.598874,-50.0,5.8,126.6
43.679685,-79.598825,-50.0,5.2,132.2
43.679639,-79.598776,-50.0,3.8,137.8
43.679558,-79.598662,-50.0,0.1,137.8
43.679523,-79.59863,-50.0,0.0,137.8
43.679455,-79.598534,-50.0,5.2,137.8
43.67922,-79.598236,-50.0,8.2,137.8
43.678952,-79.597876,-50.0,7.8,137.8
43.678871,-79.597784,-50.0,6.2,140.6
43.678837,-79.597768,-50.0,5.8,146.2
43.678801,-79.597762,-50.0,5.8,157.5
43.678766,-79.597762,-50.0,5.8,168.8
43.678731,-79.597778,-50.0,5.2,177.2
43.678711,-79.5978,-50.0,5.8,188.4
43.678677,-79.597832,-50.0,5.8,199.7
43.678654,-79.597879,-50.0,5.8,208.1
43.678626,-79.597909,-50.0,5.2,216.6
43.678596,-79.597975,-50.0,4.2,225.0
43.678522,-79.598073,-50.0,3.2,225.0
43.678471,-79.598151,-50.0,6.8,225.0
43.678425,-79.598215,-50.0,9.8,225.0
43.678379,-79.598279,-50.0,13.8,225.0
43.67831,-79.598374,-50.0,18.5,225.0
43.678266,-79.598449,-50.0,23.5,225.0
43.678172,-79.598579,-50.0,28.5,225.0
43.67807,-79.59871,-50.0,33.5,227.8
43.677967,-79.59887,-50.0,38.5,227.8
43.677765,-79.599168,-50.0,42.5,227.8
43.677509,-79.599528,-50.0,52.5,225.0
43.677265,-79.599887,-50.0,57.5,225.0
43.676811,-79.600562,-50.0,66.5,225.0
43.67645,-79.601081,-50.0,75.0,225.0
43.676206,-79.60144,-50.0,79.0,225.0
43.675961,-79.601784,-50.0,83.0,225.0
43.675461,-79.602519,-50.0,87.0,225.0
43.674225,-79.604315,300,100.5,226.6
43.672935,-79.606214,300,112.5,226.8
43.672144,-79.607326,300,123.8,226.6
43.670609,-79.609552,300,137.9,226.5
43.669397,-79.611315,275,144.3,226.7
43.667768,-79.613669,275,154.9,226.3
43.667313,-79.614343,275,161.3,226.5
43.666168,-79.616004,300,166.9,226.5
43.665665,-79.61677,300,168.3,226.4
43.665024,-79.617601,325,169.8,226.4
43.66452,-79.618431,350,171.2,226.4
43.662552,-79.621305,450,171.9,226.6
43.660552,-79.624198,550,174.7,226.6
43.659256,-79.626096,625,176.1,226.6
43.658132,-79.627729,700,177.6,226.6
43.656596,-79.629953,800,177.6,226.6
43.655365,-79.631717,900,176.8,226.4
43.654128,-79.633549,1000,176.8,226.4
43.652964,-79.635119,1100,176.8,225.9
43.651754,-79.636754,1200,174.7,224.8
43.650544,-79.638388,1300,173.3,224.3
43.64946,-79.639829,1400,173.3,223.8
43.648224,-79.641426,1500,172.6,223.6
43.646866,-79.643293,1600,173.3,223.4
43.645569,-79.644939,1675,173.3,223.4
43.643967,-79.647046,1750,174.7,223.8
43.641513,-79.650356,1850,178.2,224.1
43.638952,-79.653691,1925,182.5,224.1
43.636368,-79.657202,2000,186.7,224.1
43.633759,-79.660652,2075,190.9,224.1
43.631504,-79.663696,2125,195.2,224.2
43.628664,-79.667489,2200,200.1,224.0
43.626022,-79.670999,2275,204.4,224.0
43.623322,-79.67464,2325,209.3,224.2
43.620392,-79.678536,2375,214.3,224.1
43.61819,-79.681418,2425,218.5,224.1
43.615909,-79.684492,2475,222.8,224.1
43.613907,-79.687173,2525,225.6,224.1
43.611533,-79.690312,2625,227.0,224.1
43.608948,-79.693738,2725,229.8,224.1
43.60675,-79.69674,2825,232.0,223.9
43.60441,-79.699794,2925,232.0,223.9
43.602219,-79.702681,3025,233.4,224.0
43.600296,-79.705236,3125,233.4,224.0
43.597707,-79.708688,3225,234.8,224.0
43.595901,-79.711048,3325,234.8,224.0
43.593613,-79.714114,3425,236.2,224.0
43.591469,-79.717058,3525,236.9,224.8
43.589355,-79.720182,3600,239.2,227.4
43.587891,-79.722673,3650,240.7,230.2
43.585876,-79.726633,3700,243.8,235.5
43.58444,-79.730203,3750,247.4,241.8
43.583038,-79.734554,3800,250.3,247.9
43.581972,-79.739489,3850,252.9,253.9
43.581299,-79.744263,3925,255.8,260.1
43.581024,-79.749373,4000,257.6,266.0
43.581134,-79.754333,4075,260.2,272.0
43.581528,-79.758954,4125,262.5,277.9
43.582214,-79.763042,4225,262.6,281.9
43.583221,-79.767321,4300,264.1,288.1
43.584253,-79.770748,4400,264.6,292.2
43.585831,-79.774922,4500,264.8,297.9
43.586975,-79.777541,4600,264.7,299.7
43.588806,-79.780926,4700,264.9,305.0
43.590271,-79.783417,4800,264.9,308.2
43.592307,-79.786508,4900,264.6,313.5
43.594029,-79.788731,5000,265.3,316.7
43.596863,-79.791977,5100,266.0,321.1
43.599429,-79.794617,5200,266.6,323.4
43.602081,-79.79715,5300,267.4,325.4
43.604736,-79.799641,5400,267.7,325.7
43.60739,-79.802137,5500,268.2,325.5
43.609451,-79.804113,5600,268.0,325.2
43.611969,-79.80654,5700,267.7,324.9
43.614419,-79.808938,5800,268.5,325.0
43.617166,-79.811554,5900,268.5,325.0
43.619614,-79.813885,6000,268.5,325.0
43.622287,-79.816459,6100,269.4,325.1
43.624924,-79.818995,6200,269.9,325.0
43.627487,-79.821486,6300,269.9,325.0
43.630188,-79.824041,6400,270.8,325.1
43.63318,-79.826922,6500,271.6,325.2
43.636299,-79.829865,6600,273.2,325.4
43.639325,-79.832742,6700,274.0,325.6
43.642044,-79.835347,6800,274.9,325.7
43.645111,-79.838157,6900,274.9,325.7
43.64772,-79.840649,7000,275.7,325.8
43.653625,-79.846206,7200,276.5,325.9
43.659393,-79.851571,7400,277.9,325.9
43.664696,-79.85648,7600,278.7,326.0
43.670468,-79.861843,7800,278.2,326.1
43.675507,-79.866518,8000,278.7,326.0
43.681734,-79.872306,8200,279.6,326.1
43.687087,-79.877276,8400,279.6,326.1
43.692487,-79.882246,8600,279.6,326.1
43.698167,-79.887543,8800,281.0,326.0
43.704117,-79.893089,9000,281.5,325.9
43.710159,-79.89871,9200,282.9,325.8
43.71581,-79.904022,9400,282.9,325.8
43.721629,-79.909515,9600,283.5,325.6
43.727829,-79.915317,9800,284.3,325.8
43.733826,-79.920959,10000,285.7,325.7
43.74028,-79.92707,10200,286.3,325.5
43.743602,-79.93018,10275,288.5,325.6
43.748583,-79.934889,10350,292.1,325.6
43.758452,-79.944175,10500,299.5,325.9
43.76825,-79.953322,10650,305.9,325.8
43.778516,-79.962943,10800,314.0,325.9
43.789719,-79.973443,10950,321.7,325.8
43.801233,-79.984196,11100,329.2,326.0
43.812871,-79.995052,11250,336.2,325.8
43.825487,-80.006954,11400,342.5,325.7
43.837692,-80.018474,11550,349.8,325.7
43.847925,-80.028076,11725,353.4,325.7
43.857981,-80.037558,11925,355.3,325.5
43.873901,-80.052646,12275,358.4,325.7
43.890747,-80.068487,12600,362.0,325.7
43.907,-80.083858,12950,364.7,325.6
43.916199,-80.093015,13150,366.4,323.1
43.924118,-80.101893,13350,366.2,319.9
43.9319,-80.111666,13550,366.5,317.0
43.939168,-80.121852,13750,367.0,314.0
43.945964,-80.132381,13975,367.2,311.0
43.952362,-80.143347,14175,366.7,308.2
43.963394,-80.163596,14550,367.6,307.1
43.975433,-80.18544,14900,370.4,307.2
43.986837,-80.206277,15275,371.2,307.1
43.998779,-80.228172,15650,373.4,307.0
44.010858,-80.250419,16025,375.8,306.8
44.023315,-80.273523,16375,378.6,306.8
44.03595,-80.296901,16725,381.6,306.7
44.048193,-80.319737,17075,382.4,306.6
44.060017,-80.341775,17475,382.4,306.6
44.070786,-80.36186,17800,383.0,306.7
44.08334,-80.385132,18150,385.2,306.7
44.094792,-80.406516,18525,385.2,306.7
44.107178,-80.429503,18900,385.2,306.7
44.119651,-80.45275,19250,386.6,306.7
44.133197,-80.477927,19575,388.8,307.4
44.14032,-80.48996,19725,391.9,309.8
44.148327,-80.502385,19875,394.2,312.6
44.164713,-80.526777,20200,397.0,312.9
44.182068,-80.552716,20500,400.5,313.0
44.198868,-80.577654,20825,404.0,313.1
44.215595,-80.602603,21150,406.1,313.0
44.232819,-80.62826,21450,409.0,313.0
44.248993,-80.652335,21775,410.4,313.0
44.264923,-80.676139,22125,411.8,313.0
44.28114,-80.700341,22475,411.8,313.0
44.297666,-80.724993,22825,412.5,312.9
44.314053,-80.749512,23175,413.2,312.8
44.330338,-80.773969,23500,414.7,312.9
44.348269,-80.800893,23825,417.5,312.9
44.365768,-80.827135,24150,418.9,312.9
44.382671,-80.852542,24475,420.3,312.9
44.399057,-80.877194,24800,421.0,312.8
44.417119,-80.904392,25100,423.9,312.8
44.434716,-80.930987,25400,425.3,312.8
44.454987,-80.961587,25675,428.8,312.7
44.474798,-80.991345,25950,432.3,312.8
44.495094,-81.022026,26225,435.2,312.7
44.514833,-81.051904,26525,438.1,312.7
44.535599,-81.083418,26800,440.2,312.6
44.556198,-81.114676,27075,442.3,312.7
44.575444,-81.143948,27375,443.0,312.6
44.595749,-81.174774,27675,443.8,312.5
44.615158,-81.204398,27975,443.8,312.5
44.634064,-81.233172,28275,443.8,312.5
44.653198,-81.262403,28575,443.8,312.5
44.672179,-81.291392,28875,443.8,312.5
44.692429,-81.322342,29150,443.8,312.5
44.712633,-81.353291,29450,443.8,312.5
44.733994,-81.385934,29725,444.5,312.5
44.758072,-81.422817,29975,446.7,312.4
44.780972,-81.457996,30225,448.1,312.4
44.803894,-81.493312,30475,449.5,312.4
44.826874,-81.528756,30750,451.0,312.2
44.849916,-81.564309,31000,451.6,312.3
44.871004,-81.596866,31300,451.6,312.3
44.890228,-81.626522,31600,449.5,312.4
44.909225,-81.655818,31900,448.1,312.4
44.930079,-81.688173,32175,447.4,312.3
44.951111,-81.72069,32450,447.4,312.3
44.973232,-81.754962,32700,447.4,312.3
44.995624,-81.789729,32975,447.4,312.3
45.018155,-81.824698,33225,448.1,312.2
45.0405,-81.859466,33500,446.7,312.2
45.061111,-81.891567,33775,445.3,312.2
45.079465,-81.920159,34000,444.6,312.1
45.084306,-81.927728,34000,444.6,312.1
45.111074,-81.969463,34000,444.6,312.1
45.137748,-82.011265,34000,444.6,312.1
45.164562,-82.053334,34000,444.0,312.0
45.192215,-82.096645,34000,444.0,312.0
45.218702,-82.138478,34000,443.4,311.7
45.245423,-82.180749,34000,442.6,312.0
45.272191,-82.223019,34000,441.9,311.9
45.298141,-82.263925,34000,441.9,311.9
45.325866,-82.307695,34000,441.9,311.9
45.35257,-82.349984,34000,442.6,311.8
45.379486,-82.392753,34000,442.6,311.8
45.39624,-82.419695,34000,441.1,310.6
45.405167,-82.435455,34000,440.3,308.0
45.430206,-82.48097,34000,440.1,308.2
45.453605,-82.523201,34000,440.1,308.2
45.47699,-82.565395,34000,439.5,308.1
45.495921,-82.599703,34000,439.5,308.1
45.520844,-82.64498,34000,439.5,308.1
45.542221,-82.68389,34000,439.7,307.9
45.566168,-82.727669,34000,439.7,307.9
45.59112,-82.773331,34000,440.3,308.0
45.61449,-82.815971,34000,439.7,307.9
45.637253,-82.857547,34000,440.3,308.0
45.662247,-82.903167,34000,440.3,308.0
45.687195,-82.948988,34000,439.8,307.7
45.710358,-82.991594,34000,439.7,307.9
45.734116,-83.035405,34000,439.8,307.7
45.758801,-83.081154,34000,439.2,307.6
45.782729,-83.125511,34000,439.2,307.6
45.804143,-83.165337,34000,439.2,307.6
45.820404,-83.195444,34000,439.8,307.7
45.840035,-83.231735,34000,439.8,307.7
45.86252,-83.273346,34000,439.2,307.6
45.886963,-83.318772,34000,439.8,307.7
45.896622,-83.336725,34000,439.8,307.7
45.919281,-83.378996,34000,440.0,307.5
45.943148,-83.423721,34000,440.2,307.3
45.965652,-83.465948,34000,440.8,307.4
45.989548,-83.510765,34000,441.6,307.4
46.006971,-83.543541,34000,441.6,307.4
46.031272,-83.589203,34000,442.4,307.3
46.045898,-83.616742,34000,442.4,307.3
46.066864,-83.656199,34000,442.4,307.3
46.091171,-83.70202,34000,442.4,307.3
46.115067,-83.747239,34000,443.2,307.2
46.138482,-83.791489,34000,443.8,307.3
46.162968,-83.8377,34000,443.8,307.3
46.180481,-83.870768,34000,443.8,307.3
46.203003,-83.913643,34000,444.0,307.1
46.226,-83.95752,34000,444.2,307.0
46.241455,-83.987114,34000,444.2,307.0
46.256378,-84.015667,34000,444.8,307.0
46.275531,-84.052277,34000,444.2,307.0
46.296806,-84.093201,34000,443.6,306.8
46.320282,-84.138325,34000,442.8,306.9
46.337494,-84.171351,34000,442.8,306.9
46.362076,-84.218579,34000,442.2,306.8
46.381714,-84.256294,34000,442.0,307.0
46.404062,-84.299469,34000,440.8,306.1
46.410278,-84.312566,34000,440.3,305.4
46.416538,-84.326866,34000,437.0,301.9
46.425523,-84.349251,34000,435.2,299.5
46.441269,-84.389135,34000,435.0,299.9
46.455409,-84.424713,34000,435.0,299.9
46.474731,-84.473676,34000,434.9,299.6
46.494049,-84.522913,34000,434.4,299.5
46.513227,-84.57193,34000,433.5,299.6
46.527328,-84.607991,34000,433.0,299.5
46.5401,-84.640749,34000,432.1,299.5
46.558044,-84.686838,34000,431.6,299.4
46.57435,-84.728485,34000,431.3,299.6
46.592971,-84.776207,34000,430.8,299.5
46.611592,-84.824135,34000,429.8,299.2
46.630005,-84.871863,34000,429.4,299.4
46.647491,-84.917015,34000,428.9,299.3
46.662781,-84.956672,34000,428.4,299.2
46.680771,-85.003297,34000,428.4,299.2
46.706863,-85.071292,34000,427.9,299.1
46.725179,-85.119186,34000,427.1,299.1
46.74394,-85.168076,34000,426.6,299.0
46.762436,-85.216392,34000,426.6,299.0
46.781387,-85.265964,34000,425.7,299.1
46.799515,-85.313192,34000,425.7,299.1
46.811022,-85.343513,34000,425.2,299.0
46.836905,-85.411629,34000,425.2,299.0
46.855619,-85.460999,34000,425.6,298.8
46.869873,-85.498627,34000,425.2,299.0
46.885117,-85.538795,34000,425.2,299.0
46.903702,-85.588028,34000,425.1,298.7
46.921676,-85.635752,34000,426.1,298.9
46.938034,-85.67894,34000,425.6,298.8
46.956032,-85.727023,34000,426.0,298.6
46.974289,-85.776031,34000,425.5,298.5
46.992436,-85.824773,34000,426.9,298.5
47.011185,-85.87484,34000,427.4,298.7
47.029584,-85.924284,34000,427.8,298.5
47.048019,-85.973792,34000,427.8,298.5
47.066437,-86.02343,34000,428.7,298.4
47.084061,-86.071083,34000,428.7,298.4
47.102997,-86.12239,34000,429.1,298.2
47.121506,-86.172707,34000,429.5,298.4
47.140332,-86.223661,34000,430.0,298.5
47.158907,-86.274156,34000,430.4,298.3
47.177202,-86.324017,34000,431.3,298.2
47.19603,-86.375473,34000,431.3,298.2
47.214706,-86.426353,34000,431.8,298.4
47.233154,-86.476547,34000,431.3,298.2
47.252011,-86.52832,34000,430.4,298.0
47.270353,-86.578745,34000,429.9,298.2
47.288681,-86.62912,34000,429.5,298.1
47.306617,-86.678819,34000,429.0,297.9
47.325284,-86.730511,34000,428.5,297.8
47.343292,-86.780594,34000,427.6,297.9
47.360897,-86.829318,34000,426.8,298.0
47.379378,-86.880587,34000,426.8,298.0
47.397491,-86.931038,34000,426.3,297.8
47.415503,-86.981295,34000,425.8,297.7
47.433884,-87.032867,34000,425.8,297.7
47.451627,-87.082637,34000,425.8,297.7
47.470001,-87.134216,34000,425.8,297.7
47.487798,-87.184331,34000,425.4,297.6
47.50465,-87.231868,34000,425.4,297.6
47.522573,-87.282504,34000,425.4,297.6
47.537702,-87.325463,34000,424.9,297.5
47.553314,-87.369736,34000,424.9,297.5
47.567821,-87.410959,34000,425.4,297.6
47.584534,-87.458313,34000,424.9,297.5
47.594559,-87.486877,34000,424.9,297.5
47.608182,-87.525752,34000,424.9,297.5
47.625504,-87.575523,34000,424.0,297.2
47.636627,-87.607452,34000,424.0,297.2
47.653381,-87.65538,34000,424.4,297.4
47.670469,-87.70435,34000,424.4,297.4
47.688629,-87.75618,34000,424.4,297.4
47.706035,-87.805974,34000,424.4,297.4
47.723236,-87.855606,34000,424.4,297.0
47.741043,-87.907448,34000,425.3,297.0
47.758621,-87.958534,34000,425.3,297.0
47.775742,-88.008385,34000,424.9,296.9
47.792725,-88.058029,34000,425.3,297.0
47.810623,-88.110008,34000,426.2,296.9
47.828142,-88.161339,34000,425.8,296.8
47.845459,-88.212186,34000,426.2,296.9
47.863083,-88.263542,34000,426.7,297.0
47.880753,-88.315178,34000,426.2,296.9
47.897873,-88.365509,34000,425.8,296.8
47.915148,-88.416419,34000,425.8,296.8
47.932465,-88.467619,34000,425.3,296.7
47.949689,-88.518818,34000,424.9,296.6
47.967147,-88.570791,34000,424.9,296.6
47.984848,-88.623344,34000,424.9,296.6
48.001781,-88.673753,34000,424.9,296.6
48.018773,-88.72453,34000,424.4,296.4
48.035339,-88.774269,34000,424.4,296.4
48.053375,-88.828171,34000,424.4,296.4
48.070446,-88.879606,34000,424.9,296.3
48.087577,-88.93165,34000,425.8,296.2
48.105127,-88.984469,34000,425.3,296.4
48.122452,-89.036774,34000,424.9,296.3
48.139064,-89.086867,34000,424.0,296.3
48.155962,-89.137996,34000,423.5,296.2
48.173355,-89.190674,34000,423.5,296.2
48.190271,-89.242016,34000,423.1,296.1
48.206937,-89.2929,34000,423.1,296.1
48.223649,-89.344145,34000,423.5,295.9
48.240781,-89.396764,34000,422.6,296.0
48.255569,-89.442866,34000,422.3,294.9
48.267014,-89.482023,34000,420.1,293.6
48.282212,-89.534382,34025,421.9,293.5
48.293571,-89.573702,34100,425.0,293.4
48.306699,-89.618803,34350,425.4,293.5
48.318988,-89.660869,34625,424.5,293.6
48.330999,-89.702357,34900,423.7,293.4
48.343196,-89.744496,35175,422.8,293.4
48.355453,-89.787175,35425,421.5,293.3
48.367722,-89.829712,35700,420.6,293.4
48.381229,-89.876765,35925,419.8,293.1
48.387746,-89.89975,36000,419.8,293.1
48.403244,-89.95366,36000,421.5,293.3
48.418259,-90.006057,36000,422.4,293.3
48.433414,-90.059124,36000,422.5,293.0
48.448334,-90.111976,36000,422.5,293.0
48.463393,-90.164939,36000,423.3,293.2
48.478942,-90.21951,36000,423.9,293.1
48.494025,-90.27314,36000,423.5,292.9
48.509108,-90.326699,36000,422.5,293.0
48.523865,-90.379169,36000,422.2,292.9
48.538622,-90.431864,36000,422.2,292.9
48.553705,-90.485639,36000,421.2,292.9
48.568771,-90.539457,36000,422.2,292.9
48.583466,-90.592135,36000,422.2,292.9
48.598526,-90.646292,36000,421.8,292.7
48.613403,-90.699885,36000,421.4,292.6
48.628095,-90.752997,36000,421.4,292.6
48.643112,-90.807425,36000,421.4,292.6
48.657749,-90.860548,36000,421.0,292.5
48.672273,-90.913744,36000,420.6,292.4
48.687057,-90.967712,36000,421.0,292.5
48.701843,-91.021447,36000,421.4,292.6
48.716265,-91.07413,36000,420.6,292.4
48.730591,-91.126803,36000,421.0,292.5
48.745267,-91.180307,36000,421.0,292.5
48.759933,-91.234413,36000,420.8,292.0
48.774445,-91.28864,36000,420.8,292.0
48.788818,-91.341952,36000,421.2,292.2
48.802945,-91.394252,36000,421.2,292.2
48.81752,-91.448576,36000,421.7,292.0
48.832123,-91.503366,36000,423.0,292.1
48.846542,-91.557523,36000,424.5,291.9
48.861145,-91.612173,36000,426.7,291.9
48.875474,-91.666019,36000,428.0,292.0
48.889664,-91.719008,36000,428.4,292.1
48.904057,-91.772919,36000,428.4,292.1
48.919052,-91.82866,35975,425.6,292.2
48.930405,-91.870986,36000,416.3,292.0
48.944371,-91.923764,36000,413.0,291.6
48.957871,-91.976383,36000,409.7,291.2
48.971604,-92.029796,36000,408.2,291.4
48.985337,-92.08256,36000,408.9,291.7
48.99921,-92.13554,36000,408.9,291.7
49.012894,-92.187547,36000,408.9,291.7
49.026672,-92.240295,36000,408.9,291.7
49.040362,-92.292818,36000,408.5,291.5
49.053909,-92.345159,36000,408.5,291.5
49.067551,-92.398118,36000,409.1,291.4
49.081188,-92.451108,36000,409.1,291.4
49.094742,-92.503897,36000,409.1,291.4
49.108049,-92.555911,36000,409.7,291.2
49.121384,-92.608408,36000,410.6,291.1
49.134979,-92.662072,36000,410.6,291.1
49.148392,-92.714961,36000,411.5,291.1
49.162142,-92.769205,36000,411.0,291.3
49.175354,-92.821092,36000,411.9,291.2
49.18895,-92.874615,36000,411.5,291.1
49.202408,-92.928209,36000,411.2,291.0
49.215775,-92.981591,36000,412.1,290.9
49.228991,-93.034467,36000,412.1,290.9
49.242462,-93.087933,36000,412.5,291.0
49.255737,-93.140893,36000,412.7,290.7
49.268921,-93.194275,36000,412.7,290.7
49.28248,-93.249134,36000,414.6,290.6
49.295746,-93.30273,36000,417.1,290.8
49.309341,-93.357309,36000,418.4,290.9
49.322841,-93.41205,36000,418.7,290.6
49.336108,-93.466259,36000,418.3,290.4
49.34905,-93.519456,36000,418.7,290.6
49.362625,-93.574712,36000,417.4,290.5
49.375864,-93.628885,36000,417.7,290.6
49.389221,-93.683237,36000,416.8,290.6
49.402538,-93.737592,36000,416.4,290.5
49.415909,-93.792748,36000,416.1,290.4
49.429026,-93.847145,36000,416.3,290.1
49.442276,-93.902604,36000,418.6,290.1
49.455561,-93.957602,36000,421.1,290.3
49.468829,-94.012979,36000,420.7,289.7
49.4729,-94.03191,36000,419.1,287.4
49.476649,-94.052767,36000,417.7,284.7
49.479538,-94.072025,36000,416.4,282.2
49.482147,-94.093781,36000,414.9,279.7
49.488706,-94.151496,36000,416.3,280.0
49.495331,-94.209354,36000,417.3,279.9
49.501834,-94.266555,36000,418.2,279.9
49.508469,-94.325288,36000,419.2,279.9
49.514915,-94.38206,36000,419.2,279.9
49.521386,-94.439442,36000,419.1,279.8
49.527878,-94.497528,36000,419.9,279.6
49.534149,-94.555134,36000,420.7,279.4
49.540512,-94.61368,36000,420.7,279.4
49.546921,-94.672008,36000,421.8,279.5
49.553284,-94.730265,36000,422.8,279.5
49.559559,-94.788703,36000,424.6,279.4
49.565797,-94.846975,36000,427.6,279.3
49.572128,-94.906509,36000,430.6,279.2
49.578461,-94.965748,36025,431.7,279.3
49.584641,-95.02451,36000,432.5,279.2
49.591214,-95.086076,36000,432.9,279.4
49.597592,-95.145981,36000,433.5,279.2
49.603821,-95.206435,36000,433.2,278.9
49.609955,-95.26621,36000,430.2,279.0
49.616027,-95.324954,36000,422.3,279.1
49.622086,-95.384096,36000,420.9,278.8
49.627944,-95.442092,36000,417.3,279.1
49.633856,-95.499028,36000,415.3,279.1
49.639755,-95.555974,36000,416.1,279.0
49.645615,-95.613869,36000,416.8,278.7
49.65122,-95.670133,36000,417.8,278.7
49.656967,-95.728503,36000,417.8,278.7
49.662765,-95.787345,36000,418.8,278.6
49.668549,-95.846028,36000,420.7,278.6
49.674271,-95.904573,36000,423.7,278.5
49.679901,-95.962685,36000,426.8,278.6
49.685715,-96.021992,36000,427.7,278.5
49.691395,-96.081007,36000,428.7,278.5
49.697159,-96.140779,36000,428.7,278.5
49.702893,-96.200446,36000,425.5,278.4
49.708573,-96.25946,36000,422.6,278.4
49.714112,-96.318326,36000,421.3,278.2
49.719419,-96.375559,36000,420.2,278.1
49.724854,-96.434447,36000,420.2,278.1
49.730301,-96.493787,36000,421.2,278.0
49.735573,-96.550821,36000,422.3,278.2
49.741013,-96.610011,36000,422.1,278.0
49.746327,-96.668107,36000,422.0,277.9
49.751633,-96.726231,36000,422.1,278.0
49.756943,-96.784636,36000,423.0,277.9
49.762161,-96.843254,36000,424.0,277.9
49.767426,-96.902956,36000,425.8,277.7
49.772675,-96.962363,36000,427.9,277.8
49.777935,-97.021897,36000,428.8,277.6
49.783127,-97.081628,36000,429.8,277.6
49.788363,-97.142004,36000,429.9,277.8
49.79361,-97.202478,36000,429.8,277.6
49.798691,-97.261457,36000,429.8,277.6
49.803865,-97.320977,36000,429.8,277.6
49.809128,-97.381511,36000,429.7,277.5
49.814293,-97.441604,36000,427.7,277.5
49.817368,-97.477714,36000,418.5,277.4
49.822174,-97.535754,36000,414.3,277.2
49.826752,-97.59242,36000,414.2,277.1
49.831284,-97.648637,36000,413.2,277.1
49.835893,-97.706686,36025,415.1,277.1
49.83696,-97.71963,36075,415.1,277.1
49.841263,-97.773405,36300,415.3,277.2
49.846041,-97.832213,36400,418.2,277.1
49.85083,-97.891147,36525,421.2,277.1
49.855538,-97.950019,36700,422.2,277.1
49.859867,-98.004134,36925,421.1,277.0
49.864104,-98.057432,37150,420.1,277.0
49.868591,-98.114849,37375,419.0,276.9
49.873123,-98.173467,37550,420.0,276.8
49.877697,-98.2321,37675,420.1,277.0
49.882259,-98.290298,37800,421.0,276.8
49.886635,-98.348347,37925,422.7,276.5
49.891057,-98.408401,38000,423.8,276.6
49.895573,-98.468603,38000,423.8,276.6
49.900042,-98.527321,38000,423.8,276.6
49.904418,-98.585667,38000,423.7,276.5
49.908875,-98.646313,38000,424.7,276.5
49.913086,-98.704569,38000,425.6,276.3
49.917406,-98.764492,38000,425.6,276.3
49.921735,-98.8241,38000,426.7,276.5
49.926111,-98.884747,38000,426.6,276.3
49.930254,-98.944059,38000,425.4,276.1
49.934444,-99.004187,38000,424.4,276.1
49.938629,-99.064516,38000,424.4,276.1
49.942777,-99.124517,38000,424.4,276.1
49.946915,-99.184498,38000,424.5,276.2
49.951063,-99.243807,38000,426.4,276.1
49.955063,-99.302962,38000,427.2,275.8
49.958954,-99.36252,38000,427.3,275.9
49.963074,-99.424265,38000,428.4,276.0
49.967102,-99.484092,38000,429.3,275.9
49.971034,-99.544076,38000,430.2,275.7
49.975021,-99.605159,38000,431.2,275.7
49.978995,-99.665742,38000,432.2,275.8
49.982986,-99.726442,38000,433.1,275.7
49.986786,-99.787373,38000,430.0,275.5
49.990494,-99.847075,38000,422.0,275.6
49.994217,-99.907144,38000,417.9,275.5
49.99791,-99.965828,38000,417.9,275.5
49.999832,-99.991993,38000,417.8,277.7
50.001984,-100.012665,38000,417.4,280.1
50.00528,-100.037023,38000,417.8,282.4
50.01329,-100.094412,38000,418.6,282.3
50.021543,-100.153075,38000,419.8,282.4
50.029495,-100.210057,38000,420.5,282.2
50.037598,-100.268097,38000,420.5,282.2
50.045792,-100.326426,38000,421.5,282.2
50.053711,-100.383742,38000,421.5,282.2
50.061676,-100.441059,38000,421.5,282.2
50.06987,-100.500834,38000,422.1,281.9
50.077825,-100.558232,38000,422.5,282.2
50.085846,-100.616985,38000,423.0,281.9
50.093932,-100.676707,38000,423.0,281.9
50.101868,-100.735305,38000,424.0,281.8
50.109853,-100.794587,38000,424.0,281.8
50.117615,-100.852758,38000,424.8,281.7
50.125541,-100.911873,38000,425.0,281.8
50.133408,-100.971111,38000,425.8,281.6
50.141183,-101.02916,38000,426.0,281.8
50.148957,-101.087284,38000,426.0,281.8
50.156778,-101.146372,38000,425.8,281.6
50.164536,-101.205332,38000,424.6,281.5
50.172093,-101.263288,38000,424.4,281.4
50.179681,-101.322005,38000,425.4,281.4
50.187286,-101.380969,38000,425.4,281.4
50.194977,-101.440887,38000,425.2,281.3
50.202438,-101.499072,38000,425.2,281.3
50.209808,-101.557039,38000,426.0,281.1
50.217296,-101.616186,38000,425.2,281.3
50.224777,-101.674781,38000,426.2,281.2
50.232376,-101.735278,38000,426.8,280.9
50.2397,-101.793751,38000,426.9,281.1
50.247508,-101.855584,38000,427.1,281.2
50.254956,-101.915712,38000,427.6,280.8
50.262265,-101.975692,38000,428.5,280.8
50.26976,-102.037007,38000,429.5,280.7
50.277008,-102.096525,38000,429.3,280.6
50.284377,-102.156372,38000,429.7,280.9
50.291702,-102.21564,38000,429.7,280.9
50.299072,-102.275487,38000,429.7,280.9
50.30635,-102.33542,38000,429.5,280.7
50.313583,-102.395975,38000,429.1,280.5
50.320633,-102.455316,38000,429.1,280.5
50.327637,-102.514295,38000,429.1,280.5
50.334595,-102.573274,38000,429.1,280.5
50.34169,-102.633049,38000,428.0,280.4
50.348785,-102.693763,38000,428.0,280.4
50.355835,-102.753898,38000,428.0,280.4
50.362585,-102.812508,38000,427.8,280.2
50.369659,-102.87417,38000,427.6,280.1
50.376504,-102.934026,38000,427.6,280.1
50.383487,-102.99497,38000,426.8,280.3
50.390423,-103.05495,38000,427.0,280.4
50.397263,-103.11464,38000,425.5,280.0
50.403854,-103.173402,38000,425.3,279.9
50.410534,-103.233329,38000,425.3,279.9
50.416992,-103.291072,38000,425.3,279.9
50.423721,-103.351569,38000,424.3,279.9
50.430272,-103.410224,38000,424.3,279.9
50.436813,-103.470033,38000,424.2,279.8
50.443314,-103.529519,38000,424.0,279.6
50.449591,-103.587193,38000,424.0,279.6
50.456223,-103.647838,38000,424.0,279.6
50.462585,-103.707034,38000,424.0,279.6
50.468903,-103.766231,38000,423.7,279.4
50.475357,-103.827234,38000,422.7,279.4
50.481674,-103.887008,38000,422.7,279.4
50.488083,-103.947288,38000,422.8,279.5
50.494374,-104.006084,38000,422.8,279.5
50.500612,-104.064801,38000,421.7,279.4
50.506805,-104.124081,38000,421.5,279.3
50.512902,-104.183127,38000,421.4,279.1
50.519001,-104.242067,38000,421.4,279.1
50.525192,-104.302418,38000,423.3,279.1
50.531342,-104.362673,38000,424.2,279.0
50.537247,-104.422158,38000,424.0,278.8
50.543254,-104.482282,38000,425.2,278.9
50.549194,-104.541562,38000,425.3,279.1
50.555358,-104.602018,38000,424.3,279.1
50.561325,-104.661833,38000,424.0,278.8
50.567275,-104.721754,38000,424.0,278.8
50.573141,-104.781585,38000,424.0,278.8
50.579041,-104.841084,38000,424.0,278.8
50.584732,-104.900059,38000,424.7,278.5
50.590272,-104.95848,38000,423.7,278.5
50.596069,-105.018961,38000,423.7,278.5
50.60177,-105.078587,38000,423.7,278.5
50.607543,-105.139383,38000,423.6,278.4
50.613144,-105.198645,38000,423.7,278.5
50.618762,-105.258228,38000,423.6,278.4
50.624488,-105.319024,38000,423.6,278.4
50.630214,-105.379672,38000,422.6,278.4
50.635847,-105.440393,38000,422.4,278.3
50.641386,-105.500818,38000,423.3,278.1
50.646744,-105.560616,38000,422.3,278.2
50.652145,-105.619812,38000,422.3,278.2
50.657547,-105.679225,38000,421.2,278.0
50.662674,-105.736469,38000,421.2,278.0
50.668167,-105.797689,38000,421.0,277.9
50.673461,-105.857315,38000,421.0,277.9
50.678696,-105.916072,38000,421.0,277.9
50.683685,-105.974195,38000,420.7,277.6
50.688777,-106.033859,38000,420.7,277.6
50.693893,-106.093189,38000,419.9,277.8
50.699018,-106.152649,38000,419.8,277.7
50.704232,-106.213074,38000,418.9,277.8
50.709412,-106.272979,38000,417.8,277.7
50.71438,-106.331863,38000,416.5,277.5
50.719361,-106.392517,38000,416.4,277.3
50.724106,-106.450393,38000,415.4,277.3
50.728998,-106.509018,38000,414.5,277.5
50.733979,-106.568756,38000,413.5,277.5
50.738913,-106.628113,38000,413.4,277.4
50.743708,-106.685944,38000,413.4,277.4
50.74855,-106.745529,38000,413.3,277.2
50.753298,-106.804581,38000,413.3,277.2
50.757814,-106.86203,38000,412.0,277.0
50.762421,-106.921024,38000,413.2,277.1
50.76709,-106.980632,38000,413.0,277.0
50.771622,-107.039721,38000,412.9,276.8
50.776062,-107.09918,38000,413.9,276.8
50.780764,-107.159576,38000,414.2,277.1
50.785492,-107.218991,38000,416.4,277.3
50.790161,-107.277411,38000,418.2,277.1
50.794776,-107.336731,38000,419.0,276.9
50.799271,-107.396925,38000,418.8,276.6
50.803436,-107.454826,38000,418.6,276.5
50.807718,-107.514496,38000,418.6,276.5
50.812225,-107.576047,38000,418.8,276.6
50.816483,-107.636026,38025,418.5,276.3
50.820648,-107.694818,38000,418.6,276.5
50.825082,-107.756805,38000,417.7,276.5
50.8293,-107.814925,38000,417.8,276.6
50.833694,-107.876282,38000,417.5,276.3
50.83786,-107.935255,38000,417.5,276.3
50.842072,-107.995086,38000,416.5,276.3
50.846329,-108.055511,38000,417.4,276.2
50.850406,-108.116302,38000,417.3,276.0
50.854477,-108.175841,38000,416.4,276.2
50.858553,-108.235626,38000,416.3,276.1
50.862556,-108.295441,38000,417.3,276.0
50.86656,-108.35495,38000,416.3,276.1
50.870544,-108.414496,38000,417.1,275.8
50.87439,-108.473808,38000,417.2,275.9
50.878384,-108.533936,38000,417.2,275.9
50.882201,-108.593216,38000,417.0,275.6
50.885788,-108.652558,38000,416.9,275.5
50.889404,-108.71187,38000,416.0,275.7
50.893048,-108.770218,38000,416.0,275.7
50.896819,-108.830032,38000,416.1,275.8
50.900574,-108.88921,38000,416.1,275.8
50.904419,-108.949115,38000,416.1,275.8
50.908131,-109.008713,38000,416.9,275.5
50.911743,-109.068109,38000,416.9,275.5
50.915439,-109.129105,38000,417.8,275.4
50.91893,-109.188364,38000,418.7,275.2
50.922376,-109.249573,38000,418.6,275.1
50.925888,-109.309288,38000,418.8,275.3
50.929265,-109.368134,38000,419.6,275.1
50.932757,-109.429169,38000,419.7,275.2
50.936142,-109.489078,38000,420.6,275.0
50.939507,-109.549103,38000,421.6,275.0
50.942812,-109.609222,38000,421.6,275.0
50.946167,-109.669759,38000,422.6,275.0
50.949562,-109.729996,38000,421.7,275.2
50.953007,-109.790115,38000,421.7,275.2
50.956375,-109.850662,38000,421.5,274.9
50.959524,-109.911728,38000,421.4,274.6
50.962646,-109.972551,38000,421.4,274.6
50.963574,-109.997787,38000,422.3,272.3
50.963654,-110.019094,38000,423.0,269.6
50.96269,-110.080338,38000,423.1,268.6
50.961759,-110.140915,38000,422.2,268.4
50.960595,-110.20195,38000,422.2,268.1
50.959385,-110.263596,38000,422.2,268.2
50.95816,-110.325524,38000,421.2,268.2
50.957016,-110.386097,38000,421.2,268.4
50.955872,-110.446893,38000,420.2,268.4
50.954727,-110.507095,38000,420.2,268.2
50.953583,-110.567742,38000,419.2,268.2
50.952402,-110.629044,38000,419.2,268.2
50.951145,-110.689087,38000,419.2,268.1
50.949829,-110.749982,38000,419.3,268.0
50.948398,-110.810928,38000,419.3,268.0
50.947083,-110.870683,38000,420.3,268.0
50.945652,-110.931702,38000,420.3,267.8
50.944209,-110.992279,38000,422.3,267.8
50.942719,-111.052704,38000,422.3,267.7
50.941132,-111.114683,38000,423.3,267.7
50.939529,-111.175257,38000,423.4,267.6
50.937924,-111.235504,38000,424.4,267.6
50.936295,-111.296234,38000,424.4,267.6
50.934723,-111.357273,38000,425.4,267.6
50.933075,-111.418441,38000,426.4,267.6
50.931381,-111.479979,38000,426.5,267.3
50.92955,-111.540329,38000,426.5,267.2
50.927636,-111.602173,38000,426.5,267.3
50.92598,-111.661847,38000,425.3,267.7
50.924377,-111.72294,38000,420.4,267.4
50.922515,-111.782303,38000,415.6,267.0
50.920578,-111.84186,38000,414.6,267.0
50.918652,-111.900101,38000,413.6,267.0
50.916696,-111.959229,38000,413.6,267.0
50.914695,-112.020187,38000,414.5,267.1
50.912796,-112.079105,38000,414.5,267.1
50.910873,-112.138268,38000,414.6,267.0
50.908876,-112.198639,38000,414.6,267.0
50.906734,-112.258453,38000,414.8,266.5
50.904453,-112.319031,38000,415.8,266.5
50.902222,-112.378334,38000,418.7,266.7
50.90007,-112.439278,38000,421.6,266.9
50.897781,-112.498961,38000,422.9,266.3
50.895447,-112.559311,38000,422.7,266.6
50.893158,-112.61981,38000,423.7,266.6
50.890906,-112.681198,38000,423.7,266.8
50.888579,-112.742615,38000,423.8,266.5
50.886246,-112.802792,38000,423.8,266.5
50.883784,-112.864151,38000,423.9,266.4
50.881348,-112.923493,38000,423.9,266.4
50.878849,-112.984924,38000,423.9,266.4
50.876336,-113.046646,38000,423.9,266.2
50.873703,-113.108108,38000,424.0,266.1
50.871029,-113.169861,38000,425.0,266.1
50.868439,-113.230739,38000,425.0,266.1
50.865861,-113.291016,38000,425.0,266.1
50.863161,-113.35228,38000,425.1,266.0
50.860428,-113.412608,38000,425.1,266.0
50.857681,-113.474072,38000,425.1,265.8
50.854889,-113.534125,38000,426.1,265.8
50.852082,-113.5952,38000,426.1,265.8
50.849258,-113.65594,38000,427.2,265.7
50.846375,-113.717181,38000,427.2,265.7
50.843377,-113.778687,38000,428.3,265.6
50.840424,-113.839441,38000,429.3,265.6
50.837418,-113.901749,38000,429.3,265.6
50.834392,-113.96347,38000,429.3,265.6
50.831406,-114.025244,37975,422.3,265.5
50.828852,-114.074707,38025,412.3,265.4
50.82578,-114.133911,37975,412.4,265.3
50.822708,-114.19375,38000,412.4,265.3
50.81955,-114.253062,38000,412.5,265.1
50.816376,-114.313583,38000,413.5,265.1
50.813211,-114.372482,38000,414.5,265.2
50.810028,-114.432258,38000,414.5,265.2
50.806778,-114.491866,38000,415.6,265.0
50.803528,-114.550954,38000,415.6,265.0
50.800223,-114.611359,38000,416.6,265.0
50.796871,-114.670639,38000,417.7,264.8
50.793503,-114.730893,38000,417.6,264.9
50.79007,-114.790352,38000,418.7,264.8
50.786591,-114.851148,38000,419.7,264.8
50.783138,-114.911041,38000,419.6,264.9
50.779693,-114.971313,38000,419.7,264.8
50.776245,-115.031235,38000,419.9,264.5
50.772664,-115.090942,38000,420.8,264.7
50.769126,-115.151367,38000,420.7,264.8
50.765488,-115.211396,38000,421.0,264.4
50.761917,-115.268703,38000,421.1,264.3
50.758093,-115.328674,38000,420.1,264.3
50.754868,-115.377304,38000,419.9,263.3
50.752926,-115.396957,38000,419.7,260.5
50.750427,-115.417019,38000,419.1,258.0
50.744127,-115.458832,38000,419.4,256.6
50.735321,-115.517009,38000,416.5,256.5
50.726395,-115.575578,38000,416.7,256.4
50.717606,-115.633182,38000,415.7,256.4
50.708887,-115.69046,38000,415.5,256.5
50.699753,-115.749132,38000,415.2,256.1
50.690639,-115.806808,38000,415.2,256.1
50.681514,-115.864487,38000,414.3,256.0
50.67247,-115.922019,38000,414.0,256.2
50.663545,-115.97888,38000,413.3,256.0
50.654281,-116.037301,38000,412.3,256.0
50.645297,-116.094237,38000,411.1,256.1
50.636444,-116.150063,38000,411.3,255.9
50.627374,-116.206995,38000,410.4,255.9
50.618042,-116.264986,38000,410.6,255.8
50.609024,-116.320785,38000,408.7,255.7
50.599769,-116.37758,38000,408.0,255.5
50.590759,-116.432527,38000,406.7,255.6
50.58165,-116.488543,38000,406.5,255.8
50.572722,-116.544082,38000,405.0,256.0
50.563705,-116.599996,38000,403.6,255.6
50.554427,-116.656618,38000,403.8,255.5
50.545396,-116.711401,38000,401.6,255.6
50.536365,-116.765962,38000,401.2,255.3
50.526901,-116.822397,38000,400.2,255.2
50.517697,-116.877087,38000,400.5,255.1
50.508316,-116.932911,38000,401.2,255.3
50.49903,-116.98836,38000,403.4,255.2
50.489719,-117.044331,38000,403.1,255.3
50.480438,-117.099296,38000,403.4,255.2
50.471008,-117.155167,38000,403.6,255.1
50.461648,-117.210462,38000,404.6,255.1
50.452103,-117.266765,38000,405.6,255.1
50.44281,-117.32148,38000,406.8,255.0
50.433014,-117.378219,38000,407.3,254.8
50.423336,-117.433975,38000,408.3,254.8
50.413559,-117.490684,38000,409.0,255.0
50.403671,-117.54829,38000,409.0,255.0
50.394058,-117.603944,38000,409.2,254.8
50.384125,-117.660972,38000,409.5,254.7
50.374008,-117.718578,38000,409.8,254.6
50.36454,-117.772547,38000,410.7,254.6
50.354578,-117.829334,38000,412.7,254.7
50.344569,-117.886344,38000,414.8,254.6
50.334595,-117.942858,38000,414.8,254.6
50.324432,-118.000031,38000,415.4,254.4
50.31431,-118.056855,38000,416.3,254.4
50.303929,-118.114682,38000,416.6,254.3
50.293625,-118.171909,38000,417.6,254.3
50.283213,-118.230261,38000,418.5,254.3
50.273254,-118.285169,38000,419.8,254.2
50.262863,-118.342486,38000,420.0,254.1
50.252442,-118.399881,38000,421.0,254.1
50.242035,-118.457047,38000,422.0,254.2
50.231494,-118.515237,38000,422.9,254.2
50.221252,-118.571431,38000,423.2,254.1
50.210678,-118.628853,38000,423.5,254.0
50.199838,-118.687752,38000,424.4,254.0
50.189271,-118.745282,38000,424.4,254.0
50.178589,-118.803044,38000,425.0,253.7
50.167997,-118.859896,38000,424.4,254.0
50.15715,-118.917946,38000,424.3,253.6
50.146257,-118.97555,38000,425.3,253.6
50.135284,-119.033757,38000,424.3,253.6
50.124563,-119.090683,38000,423.1,253.7
50.113586,-119.148897,38000,423.1,253.7
50.102591,-119.206782,38000,422.4,253.5
50.091568,-119.264615,38000,422.4,253.5
50.080856,-119.320847,38000,421.7,253.3
50.069771,-119.378778,38000,420.5,253.4
50.058599,-119.437124,38000,420.2,253.6
50.047577,-119.494605,38000,420.5,253.4
50.036533,-119.551664,38000,420.1,253.1
50.0255,-119.608674,38000,419.8,253.2
50.014561,-119.665313,38000,418.6,253.3
50.003574,-119.721581,38000,418.2,253.0
49.992728,-119.777106,38025,418.2,253.0
49.981613,-119.833519,38000,418.2,253.0
49.970801,-119.888974,38000,416.9,253.1
49.959815,-119.94487,38000,416.9,253.1
49.948837,-120.000482,38000,416.3,253.0
49.93747,-120.057629,38000,415.9,252.6
49.926315,-120.11367,38000,416.6,252.8
49.914846,-120.170832,38000,416.9,252.7
49.903793,-120.226063,38000,416.6,252.8
49.89264,-120.28218,38000,417.2,253.0
49.881375,-120.338448,38000,417.2,252.6
49.87001,-120.394544,38000,417.8,252.7
49.858612,-120.450849,38000,417.5,252.4
49.847112,-120.507326,38000,416.2,252.5
49.8358,-120.562926,38000,416.2,252.5
49.824348,-120.619045,38000,416.2,252.5
49.812896,-120.674793,38000,416.8,252.3
49.801208,-120.731579,38000,415.6,252.4
49.789627,-120.78745,38000,415.9,252.2
49.778075,-120.843597,38000,415.6,252.4
49.766484,-120.89979,38000,415.9,252.2
49.754846,-120.955835,38000,417.1,252.1
49.743393,-121.011007,38000,417.8,252.3
49.731709,-121.06748,38000,419.0,252.2
49.729614,-121.077431,37975,419.0,252.2
49.727829,-121.08596,37950,420.3,252.1
49.726089,-121.094272,37875,420.3,252.1
49.724447,-121.102221,37800,421.5,252.0
49.719885,-121.124045,37550,423.4,252.1
49.713786,-121.15307,37150,423.8,252.0
49.712723,-121.158238,37100,423.8,252.0
49.711487,-121.163948,37050,422.8,251.9
49.710528,-121.16851,37025,421.9,251.9
49.705536,-121.19192,36900,415.8,251.8
49.704336,-121.197535,36850,414.6,251.9
49.703201,-121.202907,36800,414.6,251.9
49.702242,-121.207407,36725,414.6,251.9
49.700729,-121.214688,36600,414.3,252.0
49.696243,-121.23601,36200,415.5,251.9
49.691628,-121.257737,35800,417.7,251.9
49.686768,-121.280678,35400,418.7,251.9
49.682327,-121.302,35000,419.7,252.4
49.676731,-121.328999,34600,420.3,252.1
49.671661,-121.352884,34200,420.3,251.7
49.666955,-121.3748,33800,421.2,251.7
49.662579,-121.395363,33400,423.1,251.8
49.658436,-121.414886,33000,425.0,251.9
49.654221,-121.434704,32600,426.3,251.8
49.650522,-121.452002,32250,427.2,251.9
49.648846,-121.459796,32150,427.5,251.7
49.646622,-121.470192,32000,426.6,251.7
49.645294,-121.476191,31925,425.6,251.6
49.643188,-121.486238,31825,424.4,251.7
49.640213,-121.500188,31725,419.6,251.9
49.633667,-121.531195,31325,415.5,251.9
49.627246,-121.56142,30925,412.7,251.8
49.621008,-121.590444,30550,408.9,251.6
49.615448,-121.61605,30150,407.6,251.7
49.610367,-121.639685,29775,406.7,251.6
49.606018,-121.659996,29400,406.7,251.6
49.601316,-121.681898,29025,406.7,251.6
49.596568,-121.703796,28625,406.0,251.5
49.592102,-121.724323,28225,406.0,251.5
49.590097,-121.733638,28025,406.0,251.5
49.588303,-121.741887,27825,407.0,251.5
49.585098,-121.756777,27425,409.8,251.6
49.58344,-121.764221,27225,411.1,251.6
49.582556,-121.768378,27150,412.0,251.6
49.581718,-121.772312,27050,413.0,251.6
49.58075,-121.776725,26975,413.3,251.5
49.575899,-121.799184,26575,410.1,251.5
49.570679,-121.823273,26175,404.8,251.6
49.564773,-121.85033,25775,398.4,251.6
49.558954,-121.877202,25375,392.4,251.4
49.552809,-121.905188,25000,386.1,251.4
49.5466,-121.93357,24625,382.0,251.4
49.541107,-121.95865,24275,379.8,251.4
49.535817,-121.982909,23875,379.5,251.6
49.530258,-122.008667,23475,377.9,251.3
49.526321,-122.024998,23225,377.6,249.2
49.522339,-122.039313,23000,377.4,246.1
49.517166,-122.05572,22750,377.4,243.6
49.511796,-122.070725,22525,377.9,240.5
49.502113,-122.095221,22125,377.0,238.7
49.493036,-122.118308,21725,375.6,238.7
49.482925,-122.143683,21325,373.9,238.6
49.47345,-122.167318,20925,373.0,238.5
49.463837,-122.191387,20525,371.1,238.7
49.454086,-122.216034,20125,369.8,238.7
49.444244,-122.240825,19725,368.9,238.6
49.435364,-122.263304,19350,366.7,238.6
49.428268,-122.281157,19025,363.6,238.5
49.425201,-122.288748,18925,361.4,238.5
49.417109,-122.308912,18725,352.5,238.3
49.409821,-122.327059,18550,343.9,238.4
49.40063,-122.350111,18325,334.4,238.4
49.391086,-122.373962,17975,326.4,238.4
49.381497,-122.397887,17625,320.0,238.5
49.372512,-122.42051,17325,315.9,238.7
49.363667,-122.442844,17050,311.8,238.9
49.354431,-122.466149,16700,310.1,238.7
49.345184,-122.489319,16350,308.9,238.4
49.335875,-122.51252,16025,307.5,238.4
49.32717,-122.534132,15675,306.7,238.3
49.318268,-122.556223,15325,305.8,238.2
49.309525,-122.577843,14975,304.4,238.3
49.30031,-122.6007,14625,303.9,238.4
49.291697,-122.622239,14275,302.0,238.7
49.287003,-122.634606,14075,302.2,240.9
49.285172,-122.640099,14025,300.5,243.1
49.283386,-122.646015,13975,298.9,245.1
49.281037,-122.654547,13950,294.3,248.1
49.278305,-122.666156,13950,289.7,251.1
49.275916,-122.677966,13950,284.9,254.1
49.274985,-122.683531,13900,283.6,255.1
49.274101,-122.688735,13850,281.6,255.8
49.270051,-122.712948,13525,279.9,255.5
49.265768,-122.738969,13200,278.4,255.9
49.261532,-122.764772,12875,277.2,256.0
49.257614,-122.789048,12550,276.0,256.2
49.253664,-122.813777,12225,275.0,256.1
49.251104,-122.829389,12025,274.1,256.1
49.248916,-122.842905,11850,274.1,256.1
49.246635,-122.856783,11650,273.3,255.8
49.244354,-122.870588,11475,272.4,255.8
49.242818,-122.88143,11350,272.4,258.6
49.242026,-122.889236,11250,271.5,262.2
49.241607,-122.897259,11150,271.7,265.8
49.241501,-122.905673,11025,272.0,270.0
49.241821,-122.914687,10925,271.7,274.0
49.242445,-122.923279,10800,272.3,277.4
49.243652,-122.933702,10675,272.8,280.8
49.245483,-122.947998,10475,271.8,280.8
49.247193,-122.961803,10300,271.6,280.6
49.248825,-122.975534,10125,270.3,280.2
49.2498,-122.98392,10075,268.3,280.3
49.25264,-123.007628,10000,265.4,280.4
49.255142,-123.027649,10000,269.9,280.9
49.258575,-123.054551,9975,274.2,281.1
49.260926,-123.073184,9950,273.0,281.0
49.261414,-123.076947,9925,271.0,281.1
49.263153,-123.090468,9850,266.9,281.0
49.264185,-123.098554,9850,262.8,281.0
49.265076,-123.10568,9825,258.7,280.9
49.26622,-123.114906,9800,254.4,280.6
49.267273,-123.123427,9775,250.3,280.6
49.268142,-123.130646,9750,246.1,280.5
49.269166,-123.13903,9725,242.0,280.5
49.270376,-123.149004,9675,237.1,280.7
49.27168,-123.15934,9675,233.2,280.9
49.272537,-123.166457,9625,229.9,280.5
49.273356,-123.173145,9550,228.9,280.6
49.274845,-123.185071,9375,230.1,280.8
49.276428,-123.19836,9200,230.7,280.2
49.278214,-123.212938,9050,229.9,280.5
49.280045,-123.227938,8900,227.1,280.9
49.281921,-123.242094,8750,223.2,281.1
49.283877,-123.257494,8625,220.0,281.0
49.285583,-123.270897,8450,219.9,280.8
49.287135,-123.283515,8275,219.9,280.8
49.288376,-123.293434,8125,219.9,280.8
49.289658,-123.303856,7925,221.0,281.0
49.291092,-123.315245,7750,221.8,280.6
49.292349,-123.325581,7550,222.6,280.4
49.293777,-123.337027,7350,222.8,280.6
49.295197,-123.348506,7175,222.8,280.6
49.296399,-123.35854,7025,222.8,280.6
49.297051,-123.363599,6925,222.8,280.6
49.297852,-123.370267,6825,222.8,280.6
49.298634,-123.376465,6725,222.8,280.6
49.299316,-123.382099,6625,223.8,280.6
49.300003,-123.387944,6525,223.8,280.6
49.300873,-123.394916,6425,222.8,280.6
49.301743,-123.401888,6325,222.8,280.6
49.302475,-123.408086,6225,222.8,280.6
49.303299,-123.414706,6125,221.8,280.6
49.304173,-123.421783,6025,221.8,280.6
49.305151,-123.429806,5925,221.0,281.0
49.306503,-123.44034,5825,219.9,280.8
49.307922,-123.45189,5725,215.7,280.7
49.308968,-123.46038,5625,214.6,280.5
49.309845,-123.467665,5525,213.4,280.3
49.310784,-123.475631,5425,212.4,280.3
49.311761,-123.483582,5325,211.4,280.4
49.31282,-123.492737,5225,209.0,279.6
49.31337,-123.499357,5150,208.0,275.5
49.313437,-123.503747,5100,207.0,269.7
49.313049,-123.508371,5025,206.4,263.3
49.312454,-123.512456,4975,204.7,256.4
49.311722,-123.515695,4950,204.0,252.0
49.310898,-123.518442,4925,202.7,245.2
49.309753,-123.521541,4875,201.1,240.5
49.30838,-123.524569,4850,200.2,233.5
49.306548,-123.527671,4800,199.2,228.9
49.304855,-123.529851,4800,197.6,221.5
49.302637,-123.532297,4775,198.0,216.6
49.30101,-123.533654,4750,198.3,209.3
49.298996,-123.534992,4750,198.2,204.8
49.296799,-123.536048,4725,199.2,197.5
49.29364,-123.537105,4700,199.5,192.1
49.289703,-123.53795,4675,201.0,188.0
49.277918,-123.540031,4625,202.3,186.5
49.273544,-123.540556,4600,202.5,184.0
49.270844,-123.540485,4600,202.0,178.9
49.268095,-123.540031,4575,201.7,172.6
49.265535,-123.539091,4575,201.3,165.6
49.263474,-123.53795,4600,200.2,160.8
49.261438,-123.536489,4600,200.4,153.9
49.258878,-123.534032,4600,200.3,147.0
49.256783,-123.53143,4600,201.0,142.3
49.2552,-123.528972,4575,201.5,135.6
49.253292,-123.525648,4550,202.4,129.6
49.250033,-123.51907,4500,202.4,126.4
49.246495,-123.511698,4400,201.0,126.3
49.243149,-123.504709,4300,201.0,126.3
49.241364,-123.500554,4250,201.4,122.4
49.240071,-123.496809,4175,201.8,118.1
49.238892,-123.492596,4125,201.5,111.8
49.23779,-123.487774,4025,201.8,107.9
49.236923,-123.482525,3925,202.5,103.4
49.236207,-123.477293,3825,203.6,100.8
49.235695,-123.472451,3725,204.8,99.6
49.235183,-123.467825,3625,206.7,99.2
49.234717,-123.463344,3525,207.6,99.1
49.234252,-123.459151,3425,207.8,99.4
49.233693,-123.453803,3325,207.0,99.7
49.233042,-123.447948,3225,205.8,99.5
49.232391,-123.44196,3125,203.7,99.3
49.231522,-123.434073,3025,200.7,99.5
49.230528,-123.425108,2950,195.8,99.7
49.229691,-123.417664,2850,191.7,99.6
49.228805,-123.409857,2775,187.6,99.5
49.22806,-123.403136,2675,184.8,100.0
49.227269,-123.396197,2575,184.8,100.0
49.226478,-123.389041,2475,183.6,99.7
49.225662,-123.381958,2375,182.7,99.8
49.224802,-123.374224,2275,181.7,99.8
49.223964,-123.366707,2175,179.7,99.9
49.223079,-123.358757,2075,177.6,99.7
49.222412,-123.353013,2025,173.4,99.6
49.221822,-123.347553,1925,169.5,99.8
49.220993,-123.340689,1825,166.5,100.0
49.22024,-123.333748,1750,162.3,99.6
49.219541,-123.32746,1650,158.2,99.5
49.218475,-123.317942,1550,153.2,99.8
49.217772,-123.311631,1475,148.3,100.1
49.216981,-123.304909,1375,145.2,99.9
49.21619,-123.297537,1275,143.0,99.7
49.215317,-123.290053,1175,142.2,100.1
49.214355,-123.281884,1075,142.0,99.7
49.21349,-123.273829,975,143.0,99.7
49.212698,-123.267108,875,144.2,100.0
49.211792,-123.259136,775,144.2,100.0
49.210922,-123.251108,675,143.2,100.1
49.210098,-123.244136,575,143.2,100.1
49.209253,-123.236389,475,143.0,99.7
49.208509,-123.229956,375,142.2,100.1
49.207531,-123.221717,275,143.2,100.1
49.2066,-123.213188,175,143.0,99.7
49.205841,-123.206318,75,143.2,100.1
49.204831,-123.197792,-25,143.2,100.1
49.204193,-123.191951,-50,141.1,99.8
49.203049,-123.182091,-50,136.1,100.2
49.201138,-123.174926,-50.0,20.5,129.4
49.201049,-123.174754,-50.0,19.5,129.4
49.200117,-123.173561,-50.0,8.8,188.4
49.200001,-123.174139,-50.0,9.2,272.8
49.200024,-123.174374,-50.0,9.8,278.4
49.200036,-123.174591,-50.0,10.2,281.2
49.200094,-123.174952,-50.0,10.8,281.2
49.200153,-123.175524,-50.0,11.8,281.2
49.200211,-123.176052,-50.0,12.8,281.2
49.20042,-123.17788,-50.0,15.5,281.2
49.200478,-123.178422,-50.0,16.5,281.2
49.200554,-123.178993,-50.0,17.5,281.2
49.200606,-123.179452,-50.0,17.5,281.2
49.200676,-123.180102,-50.0,18.5,281.2
49.200726,-123.180472,-50.0,18.5,281.2
49.200792,-123.181096,-50.0,19.5,281.2
49.200862,-123.181692,-50.0,19.5,278.4
49.20092,-123.182235,-50.0,20.5,278.4
49.200989,-123.182866,-50.0,21.5,278.4
49.201126,-123.184063,-50.0,21.5,278.4
49.201188,-123.184638,-50.0,22.5,281.2
49.201252,-123.18512,-50.0,22.5,281.2
49.201321,-123.185718,-50.0,23.5,281.2
49.201398,-123.186391,-50.0,23.5,281.2
49.201479,-123.187095,-50.0,24.5,278.4
49.201514,-123.187511,-50.0,22.5,281.2
49.201595,-123.188113,-50.0,20.5,281.2
49.201653,-123.188658,-50.0,17.5,281.2
49.201724,-123.189246,-50.0,13.2,278.4
49.201653,-123.189926,-50.0,12.8,244.7
49.201572,-123.190049,-50.0,13.2,233.4
49.201389,-123.190225,-50.0,13.8,208.1
49.201,-123.190402,-50.0,14.2,191.2
49.200595,-123.190492,-50.0,14.8,188.4
49.200314,-123.190578,-50.0,15.5,188.4
49.199924,-123.190683,-50.0,16.5,191.2
49.199547,-123.190789,-50.0,16.5,188.4
49.198802,-123.19098,-50.0,17.5,188.4
49.197933,-123.191211,-50.0,17.5,188.4
49.19751,-123.191317,-50.0,17.5,188.4
49.197126,-123.191432,-50.0,17.5,188.4
49.196789,-123.191528,-50.0,17.5,188.4
49.196423,-123.191616,-50.0,16.5,188.4
49.195999,-123.19174,-50.0,13.2,188.4
49.195835,-123.191757,-50.0,12.8,182.8
49.195753,-123.191739,-50.0,12.2,174.4
49.195667,-123.191704,-50.0,11.8,165.9
49.195486,-123.19154,-50.0,11.8,149.1
49.195264,-123.191287,-50.0,11.8,143.4
49.195008,-123.19098,-50.0,11.8,140.6
49.194683,-123.190595,-50.0,12.2,140.6
49.19426,-123.190085,-50.0,12.2,140.6
49.194077,-123.189856,-50.0,12.2,140.6
49.19374,-123.189246,-50.0,9.8,109.7
49.193751,-123.189029,-50.0,9.8,90.0
49.193813,-123.188377,-50.0,10.8,78.8
49.193905,-123.187708,-50.0,11.2,78.8
49.193984,-123.187095,-50.0,11.2,78.8
49.194019,-123.186662,-50.0,11.8,81.6
49.194031,-123.186481,-50.0,11.8,90.0
49.194007,-123.18621,-50.0,12.2,95.6
49.193985,-123.186,-50.0,12.2,98.4
49.193926,-123.185505,-50.0,12.8,101.2
49.193868,-123.18509,-50.0,8.8,101.2
49.193779,-123.184715,-50.0,7.2,112.5
49.193733,-123.184591,-50.0,6.8,118.1
49.193653,-123.18438,-50.0,6.8,120.9
49.19355,-123.184169,-50.0,5.8,123.8
49.193504,-123.184063,-50.0,5.8,126.6
49.19347,-123.183993,-50.0,3.2,132.2
49.193426,-123.183951,-50.0,2.2,140.6
49.193379,-123.183933,-50.0,2.2,146.2
49.193333,-123.183922,-50.0,2.2,154.7
49.193263,-123.183879,-50.0,2.2,157.5
49.193184,-123.183834,-50.0,3.2,160.3
49.193081,-123.183782,-50.0,3.8,160.3
49.192983,-123.183734,-50.0,3.8,163.1
49.192852,-123.183676,-50.0,0.1,163.1
49.192852,-123.183676,-50.0,0.1,163.1
49.197704,-123.184591,-50.0,6.2,278.4
49.197732,-123.184891,-50.0,6.2,281.2
49.197767,-123.185198,-50.0,8.2,278.4
49.197784,-123.185437,-50.0,9.2,275.6
49.197778,-123.185559,-50.0,9.2,267.2
49.197739,-123.185683,-50.0,9.2,253.1
49.197708,-123.185776,-50.0,9.2,244.7
49.197659,-123.185859,-50.0,8.8,233.4
49.197624,-123.185894,-50.0,8.8,227.8
49.196983,-123.186669,-50.0,10.0,227.8
49.195742,-123.187041,-50.0,10.2,188.4
49.195278,-123.187162,-50.0,10.8,188.4
49.195164,-123.187197,-50.0,10.8,188.4
49.195101,-123.187204,-50.0,11.2,188.4
49.194695,-123.18732,-50.0,11.8,188.4
49.194333,-123.18742,-50.0,11.2,188.4
49.194205,-123.187475,-50.0,11.2,194.1
49.194136,-123.187511,-50.0,10.8,199.7
49.194054,-123.187583,-50.0,10.8,208.1
49.193985,-123.18769,-50.0,10.8,219.4
49.193951,-123.187761,-50.0,10.2,227.8
49.193903,-123.187872,-50.0,10.2,236.2
49.193882,-123.187972,-50.0,10.2,244.7
49.193859,-123.188113,-50.0,10.2,253.1
49.193825,-123.188324,-50.0,10.8,255.9
49.193786,-123.188613,-50.0,11.8,258.8
49.193717,-123.189173,-50.0,12.2,258.8
49.193635,-123.189824,-50.0,12.2,258.8
49.1936,-123.190131,-50.0,12.8,261.6
49.19353,-123.190691,-50.0,13.8,258.8
49.193495,-123.19098,-50.0,13.8,258.8
49.193401,-123.191704,-50.0,14.2,258.8
49.193333,-123.192285,-50.0,14.8,258.8
49.193253,-123.192919,-50.0,14.8,258.8
49.19317,-123.193582,-50.0,15.5,258.8
49.193123,-123.19398,-50.0,15.5,258.8
49.192818,-123.196405,-50.0,17.5,258.8
49.192406,-123.199698,-50.0,19.5,258.8
49.19232,-123.200394,-50.0,19.5,258.8
49.192257,-123.200983,-50.0,18.5,258.8
49.192122,-123.201985,-50.0,19.5,258.8
49.192052,-123.202563,-50.0,18.5,258.8
49.191982,-123.203123,-50.0,16.5,258.8
49.191913,-123.203701,-50.0,14.2,258.8
49.191868,-123.203994,-50.0,14.8,258.8
49.191785,-123.204659,-50.0,15.5,258.8
49.191773,-123.204984,-50.0,13.2,267.2
49.191796,-123.205201,-50.0,11.8,275.6
49.19182,-123.205544,-50.0,11.8,278.4
49.191868,-123.205913,-50.0,11.8,281.2
49.191948,-123.206628,-50.0,11.2,281.2
49.191994,-123.207044,-50.0,8.2,281.2
49.192017,-123.207286,-50.0,5.8,278.4
49.192029,-123.207424,-50.0,5.2,275.6
49.192017,-123.207532,-50.0,4.2,270.0
49.192006,-123.207622,-50.0,3.8,264.4
49.191994,-123.207713,-50.0,1.1,261.6
49.191994,-123.207709,-50.0,0.1,258.8
49.191994,-123.207709,-50.0,0.1,258.8
49.1922,-123.207,-50.0,5.0,258.8
49.192,-123.2074,-50.0,1.0,258.8
49.191994,-123.207709,-50.0,0.0,258.8
49.1919,-123.2077,-50.0,0.0,258.8
49.1919,-123.2081,-50.0,1.0,258.8
49.1917,-123.2085,-50.0,2.0,258.8
49.191948,-123.207911,-50.0,4.8,250.3
49.191913,-123.207984,-50.0,5.8,239.1
49.191765,-123.208149,-50.0,7.8,216.6
49.191435,-123.208291,-50.0,9.8,191.2
49.191181,-123.20836,-50.0,10.2,188.4
49.190807,-123.208454,-50.0,10.8,188.4
49.190575,-123.208483,-50.0,9.8,182.8
49.190334,-123.208395,-50.0,9.8,157.5
49.190243,-123.20829,-50.0,10.2,146.2
49.190202,-123.208219,-50.0,10.2,137.8
49.190155,-123.20811,-50.0,10.2,129.4
49.190132,-123.20802,-50.0,10.2,118.1
49.190094,-123.207797,-50.0,10.8,104.1
49.190074,-123.207532,-50.0,11.8,98.4
49.189992,-123.2069,-50.0,16.5,98.4
49.189945,-123.206476,-50.0,25.5,98.4
49.189911,-123.206177,-50.0,30.5,98.4
49.189876,-123.205797,-50.0,39.5,98.4
49.189783,-123.20502,-50.0,48.5,101.2
49.189671,-123.204046,-50.0,61.5,101.2
49.189445,-123.202057,-50.0,79.0,101.2
49.189373,-123.201441,-50.0,83.0,101.2
49.189087,-123.198923,0,87.0,101.0
49.188904,-123.197444,0,102.4,99.6
49.188766,-123.195895,0,109.7,100.0
49.18742,-123.184132,0,112.8,100.2
49.187302,-123.183148,0,153.2,99.8
49.186769,-123.17835,0,156.4,99.9
49.186489,-123.176109,25,169.7,100.2
49.18634,-123.174767,50,169.7,100.2
49.18621,-123.174013,50,172.0,100.7
49.18602,-123.172514,75,173.2,101.0
49.185745,-123.170189,150,173.2,101.0
49.18515,-123.165753,250,174.3,101.2
49.184647,-123.161668,350,177.5,101.4
49.184115,-123.157461,450,180.1,100.6
49.183696,-123.154064,550,181.0,100.5
49.183324,-123.150956,650,181.0,100.5
49.182953,-123.147794,750,181.8,100.1
49.182579,-123.144523,850,182.5,99.5
49.182175,-123.140822,950,183.5,99.4
49.181834,-123.137368,1050,183.5,99.4
49.181442,-123.134273,1150,183.6,99.7
49.181043,-123.131007,1250,182.8,101.7
49.180484,-123.12761,1350,183.1,103.6
49.180112,-123.125731,1400,183.4,105.2
49.179646,-123.123201,1450,185.1,107.0
49.178436,-123.117925,1500,189.5,110.1
49.177002,-123.112652,1575,193.3,112.2
49.175643,-123.107517,1675,196.8,112.4
49.17421,-123.102159,1725,200.9,112.2
49.172896,-123.097325,1775,205.8,112.6
49.171825,-123.09335,1800,210.6,112.9
49.170547,-123.088919,1850,214.6,113.3
49.168613,-123.082147,1925,219.4,113.6
49.167114,-123.077017,2025,222.6,113.6
49.165375,-123.07089,2125,224.8,113.6
49.164144,-123.066535,2225,227.0,113.6
49.162887,-123.06227,2325,227.0,113.6
49.161713,-123.058143,2425,228.4,113.8
49.160467,-123.053669,2525,229.3,113.7
49.159303,-123.049694,2625,228.9,113.4
49.158279,-123.046152,2725,230.2,113.6
49.157068,-123.041816,2825,230.2,113.6
49.155811,-123.037479,2925,231.1,113.5
49.154741,-123.03372,3025,231.5,113.7
49.153381,-123.028917,3125,232.4,113.6
49.152054,-123.024198,3225,233.3,113.5
49.150818,-123.019832,3325,235.2,113.3
49.149527,-123.015217,3425,236.1,113.2
49.148346,-123.010958,3525,236.6,112.9
49.14706,-123.006327,3625,237.5,112.8
49.145756,-123.001846,3725,238.1,114.3
49.144089,-122.997084,3800,239.4,118.2
49.142637,-122.993533,3900,239.4,123.8
49.140496,-122.989414,3975,240.7,129.8
49.138261,-122.985872,4075,240.5,136.0
49.135375,-122.98233,4150,240.8,142.1
49.132396,-122.979367,4250,241.9,147.5
49.128433,-122.976027,4350,245.2,151.8
49.124039,-122.972647,4400,249.1,153.5
49.119278,-122.969196,4475,254.1,154.3
49.115387,-122.966379,4525,258.1,154.5
49.112145,-122.963972,4625,259.9,154.7
49.108282,-122.961225,4725,262.1,154.7
49.105087,-122.958984,4825,263.0,154.8
49.101334,-122.956308,4925,264.8,155.0
49.097528,-122.953636,5025,267.2,155.4
49.093804,-122.951034,5125,269.0,155.6
49.0898,-122.948359,5225,269.9,155.7
49.086728,-122.946191,5325,270.8,155.8
49.083376,-122.944023,5425,271.8,156.4
49.080024,-122.941927,5525,272.6,158.7
49.076254,-122.940192,5625,273.0,163.0
49.073181,-122.939124,5725,272.8,168.1
49.06969,-122.938385,5825,272.9,171.6
49.065903,-122.938068,5925,272.4,176.8
49.06266,-122.938096,6025,273.0,181.1
49.059128,-122.93842,6125,273.5,183.4
49.055969,-122.938772,6225,273.7,184.2
49.051907,-122.939252,6325,274.0,184.8
49.048508,-122.939758,6425,275.0,185.0
49.045343,-122.94012,6525,275.0,185.0
49.042053,-122.940603,6625,275.0,185.0
49.038986,-122.941026,6725,275.0,185.0
49.035567,-122.941421,6825,275.0,185.0
49.031889,-122.941927,6925,275.0,184.8
49.02621,-122.942577,7125,274.9,184.6
49.01932,-122.943445,7325,274.8,184.4
49.017318,-122.943661,7375,274.8,184.4
49.013874,-122.944095,7450,275.8,184.4
49.001444,-122.945541,7600,275.9,184.6
48.988724,-122.947153,7750,276.0,184.8
48.976685,-122.948702,7900,275.0,184.8
48.964249,-122.950239,8050,275.9,184.6
48.953169,-122.95154,8200,275.8,184.4
48.941857,-122.952841,8350,276.8,184.4
48.929986,-122.954142,8500,276.7,183.9
48.919279,-122.955226,8650,277.6,183.7
48.907595,-122.956382,8800,278.6,183.7
48.895706,-122.957435,8950,280.3,182.4
48.890259,-122.957294,9000,282.1,178.6
48.885669,-122.956671,9075,284.6,173.9
48.883072,-122.956097,9125,284.8,171.9
48.879431,-122.955081,9225,285.4,169.9
48.873798,-122.953058,9375,285.5,166.0
48.867691,-122.950393,9550,286.6,163.0
48.858673,-122.945885,9750,289.7,161.7
48.850382,-122.941854,9950,291.6,162.4
48.842102,-122.937998,10150,292.0,162.9
48.834973,-122.934699,10350,292.6,163.1
48.827591,-122.931378,10550,292.3,163.3
48.823563,-122.929547,10675,293.3,163.4
48.820449,-122.928121,10725,294.5,163.2
48.818634,-122.927254,10750,295.5,163.3
48.814682,-122.925462,10800,298.7,163.3
48.803644,-122.92046,10900,305.9,163.3
48.792099,-122.915184,11050,312.3,163.2
48.778931,-122.909194,11200,319.8,163.1
48.766434,-122.903419,11350,327.1,163.1
48.752243,-122.896869,11500,333.4,163.1
48.737912,-122.890248,11650,340.7,163.1
48.723221,-122.883559,11800,348.0,163.1
48.709854,-122.877432,11950,353.1,163.2
48.695736,-122.870949,12175,356.2,163.2
48.677719,-122.862713,12525,358.4,163.1
48.658905,-122.854121,12875,360.3,163.2
48.639175,-122.845073,13225,363.8,163.1
48.625626,-122.838839,13450,366.7,163.2
48.611104,-122.83228,13700,368.9,163.1
48.593321,-122.824185,14100,368.6,163.3
48.573955,-122.815367,14450,371.7,163.3
48.559433,-122.808838,14700,373.6,163.4
48.537598,-122.798888,15025,378.1,163.2
48.518092,-122.79007,15375,381.2,163.2
48.49854,-122.781179,15750,382.2,163.3
48.480059,-122.772795,16125,382.5,163.1
48.461609,-122.76447,16525,382.2,163.3
48.441793,-122.75552,16900,383.1,163.3
48.422745,-122.746934,17275,384.1,163.4
48.402457,-122.737812,17625,385.3,163.3
48.382645,-122.728835,17975,387.5,163.2
48.361863,-122.719381,18325,388.8,163.1
48.33847,-122.708834,18650,392.6,163.3
48.314333,-122.697915,18950,396.7,163.3
48.289627,-122.686791,19250,400.9,163.3
48.267563,-122.676932,19575,401.8,163.4
48.244877,-122.666763,19900,404.0,163.3
48.223206,-122.657072,20250,405.0,163.4
48.198715,-122.646085,20550,408.1,163.3
48.176073,-122.6359,20875,410.3,163.3
48.150935,-122.624676,21175,412.2,163.4
48.125797,-122.613478,21475,415.1,163.5
48.101031,-122.602492,21775,418.6,163.3
48.073837,-122.590393,22075,421.4,163.5
48.047961,-122.5789,22375,424.6,163.4
48.019958,-122.566429,22675,429.0,163.3
47.993868,-122.554814,22975,431.2,163.3
47.968171,-122.543405,23275,433.1,163.4
47.944565,-122.532921,23600,434.1,163.4
47.919342,-122.521729,23925,435.0,163.4
47.892059,-122.509575,24225,438.2,163.4
47.868875,-122.499108,24475,441.2,162.2
47.856585,-122.492558,24600,443.7,159.3
47.842667,-122.484032,24750,446.6,156.6
47.829346,-122.474831,24900,449.5,154.3
47.816224,-122.46467,25050,451.4,151.9
47.803711,-122.454025,25200,454.1,149.4
47.781189,-122.433151,25450,457.0,147.9
47.753146,-122.407133,25725,460.9,148.0
47.725937,-122.381859,26000,464.5,148.0
47.696119,-122.354314,26275,467.6,148.1
47.667257,-122.327693,26550,469.8,148.1
47.638814,-122.301495,26825,472.0,148.2
47.611534,-122.276424,27100,473.4,148.1
47.584122,-122.251328,27375,474.8,148.1
47.556509,-122.225858,27675,476.2,148.1
47.527313,-122.199005,27950,478.4,148.1
47.499023,-122.172913,28225,478.9,148.0
47.46927,-122.145503,28500,480.6,148.1
47.438499,-122.117333,28750,482.0,148.1
47.408427,-122.089656,29025,482.8,148.1
47.377469,-122.061275,29275,485.1,148.1
47.344603,-122.031273,29525,487.3,148.2
47.310527,-122.000075,29750,489.5,148.2
47.278152,-121.970558,30000,491.7,148.2
47.242933,-121.938453,30225,494.0,148.2
47.21165,-121.910072,30475,494.0,148.2
47.183114,-121.884085,30750,494.0,148.2
47.153972,-121.857746,31025,494.8,148.3
47.122467,-121.829247,31275,495.7,148.4
47.086658,-121.797039,31500,497.4,148.5
47.048717,-121.763024,31725,501.0,148.5
47.009939,-121.728234,31950,503.2,148.5
46.97319,-121.695282,32175,505.4,148.5
46.937576,-121.663216,32400,506.8,148.5
46.903015,-121.632317,32650,507.7,148.5
46.867401,-121.600594,32875,508.0,148.7
46.834763,-121.571559,33125,507.1,148.6
46.805786,-121.545901,33400,505.8,148.7
46.776061,-121.519501,33700,504.9,148.6
46.743896,-121.490903,33975,503.5,148.6
46.710342,-121.461159,34225,502.7,148.6
46.675095,-121.429875,34450,502.7,148.6
46.638872,-121.397827,34675,502.2,148.7
46.601212,-121.36456,34900,502.2,148.7
46.577042,-121.343257,35000,502.2,148.7
46.537993,-121.308838,35000,502.2,148.7
46.498749,-121.274368,35000,501.6,148.8
46.459763,-121.240093,35000,501.6,148.8
46.420532,-121.20566,35000,502.2,148.7
46.381668,-121.171562,35000,502.5,148.8
46.342758,-121.137599,35000,502.0,148.9
46.303276,-121.103188,35000,501.1,148.9
46.26384,-121.0688,35000,501.1,148.9
46.22493,-121.035104,35000,501.5,149.0
46.186066,-121.001475,35000,500.6,149.0
46.147047,-120.967781,35000,500.1,149.1
46.108383,-120.934552,35000,500.1,149.1
46.069212,-120.900696,35000,499.7,148.9
46.029831,-120.866692,35000,500.1,149.1
45.990399,-120.832787,35000,500.1,149.1
45.950643,-120.79866,35000,498.7,149.1
45.911499,-120.765202,35000,498.2,149.2
45.872622,-120.732056,35000,497.3,149.1
45.833657,-120.698685,35000,496.5,149.1
45.794907,-120.665588,35000,495.1,149.1
45.755822,-120.632286,35000,495.5,149.3
45.717277,-120.599602,35000,494.6,149.2
45.678589,-120.566778,35000,495.0,149.4
45.639267,-120.533551,35000,495.5,149.3
45.600311,-120.500592,35000,495.5,149.3
45.56131,-120.467634,35000,496.3,149.4
45.522629,-120.435006,35000,496.3,149.4
45.483948,-120.40244,35000,496.7,149.5
45.444993,-120.369828,35000,496.7,149.5
45.406215,-120.337472,35000,496.7,149.5
45.367437,-120.305183,35000,496.2,149.6
45.328286,-120.272492,35000,496.7,149.5
45.289352,-120.239934,35000,496.7,149.5
45.250684,-120.207579,35000,495.8,149.4
45.211349,-120.174735,35000,495.8,149.4
45.172668,-120.142495,35000,495.3,149.6
45.133575,-120.109929,35000,496.7,149.5
45.094641,-120.077619,35000,496.7,149.5
45.055956,-120.045464,35000,496.2,149.6
45.016805,-120.013175,35000,495.7,149.7
44.977844,-119.981101,35000,495.7,149.7
44.938877,-119.949065,35000,495.2,149.8
44.900751,-119.917781,35000,495.2,149.8
44.861847,-119.885886,35000,494.3,149.8
44.822754,-119.853843,35000,494.3,149.8
44.783113,-119.821383,35000,494.3,149.8
44.743881,-119.789298,35000,493.8,149.9
44.704579,-119.757274,35000,494.7,149.9
44.665192,-119.725342,35000,494.7,149.9
44.65016,-119.713864,35000,492.9,152.4
44.634239,-119.702945,35000,492.1,154.7
44.598175,-119.68035,35000,491.9,155.9
44.557526,-119.654846,35000,491.0,155.8
44.515903,-119.628787,35000,490.6,155.9
44.475128,-119.60338,35000,490.6,155.9
44.434158,-119.577808,35000,490.6,155.9
44.393611,-119.552419,35000,490.6,155.9
44.352412,-119.526829,35000,490.9,155.6
44.336655,-119.516144,35000,492.4,153.1
44.322647,-119.505484,35000,493.8,150.8
44.307724,-119.493059,35000,495.3,148.2
44.292938,-119.479523,35000,497.3,145.7
44.278015,-119.464547,35000,498.8,143.3
44.241617,-119.425741,35000,498.8,142.7
44.205679,-119.387691,35000,498.8,142.7
44.169555,-119.349518,35000,498.8,142.7
44.133709,-119.311523,35000,498.0,142.7
44.09761,-119.273455,35000,498.2,142.8
44.061693,-119.235469,35000,498.8,142.7
44.025192,-119.196997,35000,498.2,142.8
43.988846,-119.158737,35000,498.8,142.7
43.953049,-119.121115,35000,498.8,142.7
43.916916,-119.083099,35000,498.2,142.8
43.880745,-119.045236,35000,498.2,142.8
43.844925,-119.007739,35000,497.6,142.9
43.808775,-118.969966,35000,497.6,142.9
43.772743,-118.93243,35000,498.4,143.0
43.736343,-118.894618,35000,498.4,143.0
43.70105,-118.857954,35000,498.4,143.0
43.665024,-118.820396,35000,498.4,143.0
43.628677,-118.782583,35000,498.4,143.0
43.593005,-118.745597,35000,497.8,143.1
43.55603,-118.707403,35000,497.2,143.2
43.519547,-118.669973,35000,496.6,143.3
43.482742,-118.632223,35000,496.6,143.3
43.446179,-118.594731,35000,496.6,143.3
43.409821,-118.557555,35000,495.2,143.3
43.374298,-118.521147,35000,493.8,143.3
43.337945,-118.483887,35000,493.0,143.2
43.301961,-118.447135,35000,493.0,143.2
43.265883,-118.410252,35000,491.6,143.3
43.229851,-118.373435,35000,491.0,143.4
43.194031,-118.336934,35000,490.2,143.3
43.1586,-118.300973,35000,489.6,143.4
43.12262,-118.264501,35000,489.6,143.4
43.087051,-118.228476,35000,488.2,143.4
43.051163,-118.192195,35025,487.6,143.5
43.015686,-118.156362,35000,487.6,143.5
42.97926,-118.119638,35000,487.6,143.5
42.944092,-118.084312,35000,487.0,143.6
42.908408,-118.048488,35000,487.6,143.5
42.872516,-118.01239,35000,487.0,143.6
42.837387,-117.977196,35000,487.0,143.6
42.801819,-117.941666,35000,487.8,143.7
42.765518,-117.905398,35000,487.8,143.7
42.729904,-117.86988,35000,487.8,143.7
42.694268,-117.834309,35000,487.8,143.7
42.657898,-117.798094,35000,488.6,143.7
42.622251,-117.762643,35000,487.2,143.8
42.586266,-117.726937,35000,487.8,143.7
42.550654,-117.691551,35000,487.2,143.8
42.514623,-117.655973,35000,487.4,143.9
42.478405,-117.620268,35000,487.4,143.9
42.442746,-117.585137,35000,486.6,143.9
42.407272,-117.550278,35000,486.9,144.0
42.371475,-117.515134,35000,486.1,144.0
42.335722,-117.48,35000,486.1,144.0
42.29997,-117.444934,35000,484.7,144.0
42.264172,-117.409803,35000,483.8,143.9
42.22879,-117.375121,35000,483.3,144.0
42.193039,-117.340164,35000,483.3,144.0
42.156876,-117.304896,35000,483.3,144.0
42.120977,-117.269855,35000,482.7,144.1
42.085737,-117.235618,35000,482.7,144.1
42.049805,-117.200713,35000,481.3,144.1
42.014279,-117.166251,35000,481.3,144.1
41.97876,-117.131951,35000,480.7,144.2
41.943473,-117.097906,35000,479.9,144.2
41.907669,-117.063321,35000,479.9,144.2
41.871735,-117.028614,35000,479.3,144.2
41.836682,-116.994941,35000,478.5,144.2
41.801697,-116.961198,35000,478.5,144.2
41.765945,-116.926928,35000,478.7,144.4
41.730743,-116.89322,35000,478.1,144.4
41.694605,-116.858698,35000,478.1,144.4
41.659225,-116.824909,35000,477.3,144.4
41.622961,-116.790353,35000,477.3,144.4
41.587921,-116.756952,35000,478.1,144.4
41.552155,-116.722902,35000,478.1,144.4
41.51617,-116.688601,35000,479.5,144.4
41.480744,-116.65494,35000,481.2,144.6
41.444275,-116.62056,35000,481.2,144.6
41.409053,-116.587361,35000,482.0,144.6
41.372955,-116.553223,35000,482.5,144.5
41.337316,-116.519498,35000,483.4,144.6
41.30217,-116.486289,35000,483.9,144.5
41.265884,-116.452087,35000,484.8,144.6
41.230225,-116.418457,35000,485.6,144.6
41.194122,-116.384478,35000,487.0,144.6
41.157166,-116.349792,35000,487.8,144.7
41.121094,-116.315979,35000,489.2,144.6
41.084724,-116.281919,35000,489.4,144.8
41.047901,-116.247649,35000,490.2,144.9
41.010846,-116.213129,35000,490.2,144.9
40.974488,-116.179359,35000,490.2,144.9
40.937759,-116.145214,35000,490.8,144.8
40.901215,-116.111318,35000,490.2,144.9
40.8647,-116.077454,35000,490.2,144.9
40.828033,-116.043457,35000,490.2,144.9
40.791504,-116.009644,35000,490.2,144.9
40.754948,-115.975862,35000,490.2,144.9
40.718637,-115.942279,35000,490.2,144.9
40.682094,-115.908571,35000,490.2,144.9
40.645523,-115.874878,35000,490.5,145.1
40.609085,-115.841431,35000,491.3,145.1
40.572184,-115.807634,35000,491.3,145.1
40.535522,-115.774048,35000,491.3,145.1
40.498399,-115.740155,35000,491.5,145.3
40.461483,-115.70651,35000,491.3,145.1
40.424567,-115.672864,35000,492.1,145.2
40.388209,-115.63978,35000,491.3,145.1
40.351294,-115.606197,35000,490.7,145.2
40.314926,-115.573181,35000,490.7,145.2
40.278393,-115.540092,35000,491.0,145.4
40.241058,-115.506509,35000,490.4,145.5
40.204147,-115.473145,35000,490.7,145.2
40.167297,-115.439697,35000,489.9,145.1
40.130127,-115.406006,35000,489.9,145.1
40.093348,-115.372675,35000,489.3,145.2
40.056525,-115.339529,35000,489.6,145.4
40.019423,-115.306195,35000,490.2,145.3
39.983047,-115.27356,35000,490.4,145.5
39.946609,-115.240967,35000,490.4,145.5
39.909531,-115.207831,35000,492.1,145.6
39.872085,-115.1745,35000,494.0,145.5
39.834229,-115.140779,35000,494.8,145.5
39.797089,-115.107544,35000,496.0,145.4
39.759103,-115.073547,35000,496.8,145.4
39.721436,-115.039932,35000,497.6,145.5
39.683502,-115.006165,35000,497.9,145.6
39.646454,-114.973417,35000,497.3,145.7
39.609146,-114.940577,35000,498.7,145.7
39.571014,-114.906961,35000,498.7,145.7
39.533661,-114.874062,35000,498.7,145.7
39.49585,-114.840576,35025,497.9,145.6
39.458588,-114.807726,35000,497.3,145.7
39.42118,-114.774902,35000,495.9,145.8
39.384031,-114.74231,35000,495.4,145.9
39.347488,-114.710282,35000,494.5,145.8
39.310385,-114.677795,35000,494.5,145.8
39.272781,-114.644722,35000,495.1,145.7
39.235157,-114.611755,35000,494.5,145.8
39.197754,-114.579163,35000,492.6,145.9
39.160812,-114.54692,35000,493.7,145.7
39.123459,-114.51426,35000,493.1,145.8
39.086151,-114.481838,35000,491.2,145.9
39.049181,-114.449707,35000,489.5,145.8
39.013046,-114.418368,35000,487.6,145.9
38.975908,-114.386292,35000,485.6,146.1
38.938666,-114.354126,35000,484.8,146.0
38.902262,-114.322754,35000,483.4,146.1
38.865829,-114.291369,35000,480.7,146.1
38.829222,-114.259888,35000,478.4,146.1
38.793411,-114.229153,35000,477.0,146.1
38.757764,-114.198486,35000,475.7,146.1
38.721919,-114.167786,35000,475.7,146.1
38.686167,-114.137085,35000,474.8,146.1
38.650508,-114.106445,35000,474.0,146.0
38.614849,-114.075928,35000,473.4,146.1
38.579361,-114.045549,35000,472.9,146.2
38.543903,-114.01532,35000,472.9,146.2
38.508408,-113.985125,35000,473.7,146.3
38.472656,-113.954673,35000,474.3,146.2
38.436584,-113.923924,35000,474.3,146.2
38.400467,-113.89316,35000,474.3,146.2
38.364578,-113.862655,35000,473.7,146.3
38.329422,-113.832852,35000,473.7,146.3
38.293259,-113.802289,35000,474.0,146.4
38.256729,-113.771492,35000,474.0,146.4
38.220737,-113.741216,35000,473.2,146.4
38.185358,-113.711422,35000,474.0,146.4
38.149704,-113.681498,35000,474.8,146.5
38.113724,-113.651461,35000,476.2,146.5
38.07717,-113.620725,35000,478.2,146.3
38.041418,-113.590632,35000,479.0,146.4
38.004921,-113.560061,35025,478.4,146.5
37.967834,-113.528975,35000,479.0,146.4
37.945267,-113.510333,35000,477.2,147.8
37.932175,-113.500574,35000,474.8,150.2
37.917729,-113.4908,35000,471.4,152.7
37.888596,-113.472933,35000,470.5,154.0
37.850088,-113.449302,35000,469.2,154.1
37.812195,-113.426136,35000,469.6,154.2
37.773044,-113.402312,35000,470.1,154.1
37.734787,-113.379023,35000,471.0,154.2
37.695786,-113.355356,35000,471.0,154.2
37.657129,-113.331856,35000,471.9,154.2
37.618165,-113.308271,35000,471.9,154.2
37.579056,-113.284646,35025,471.9,154.2
37.540466,-113.261271,35000,472.3,154.4
37.501694,-113.237896,35000,472.8,154.3
37.462692,-113.214345,35000,472.3,154.4
37.424103,-113.191145,35000,471.4,154.4
37.385147,-113.16777,35000,471.4,154.4
37.345825,-113.144161,35000,471.4,154.4
37.306638,-113.120668,35000,468.8,154.5
37.26828,-113.097703,35000,468.8,154.5
37.230199,-113.074931,35000,467.9,154.4
37.192154,-113.052121,35000,467.9,154.4
37.154039,-113.029374,35000,467.4,154.5
37.116302,-113.00689,35000,467.9,154.4
37.077988,-112.984041,35000,468.8,154.5
37.039288,-112.961008,35000,468.8,154.5
37.000763,-112.938051,35000,467.9,154.4
36.961685,-112.914794,35000,468.3,154.6
36.923373,-112.892045,35000,468.8,154.5
36.88399,-112.868699,35000,469.7,154.5
36.845764,-112.846012,35000,469.7,154.5
36.806899,-112.823045,35000,470.1,154.7
36.767982,-112.800079,35000,470.1,154.7
36.729538,-112.777519,35000,471.5,154.6
36.690903,-112.754745,35000,471.5,154.6
36.651834,-112.731765,35000,472.4,154.7
36.612579,-112.708683,35000,471.5,154.6
36.574231,-112.686125,35000,470.1,154.7
36.535217,-112.663193,35000,467.9,154.7
36.496719,-112.640705,35000,466.6,154.8
36.457897,-112.617986,35000,466.6,154.8
36.419259,-112.595371,35000,467.0,154.6
36.380539,-112.572784,35000,467.5,154.8
36.341656,-112.550198,35000,466.1,154.9
36.303297,-112.527816,35000,465.2,154.8
36.264587,-112.505207,35000,464.8,154.6
36.225834,-112.482702,35000,465.2,154.8
36.187134,-112.460175,35000,465.2,154.8
36.149163,-112.438173,35000,464.8,154.9
36.124211,-112.424031,35000,463.4,156.2
36.114481,-112.419297,35000,460.8,159.3
36.104007,-112.414973,35000,458.6,162.4
36.091965,-112.410965,35000,456.9,165.8
36.080591,-112.408019,35000,455.0,169.2
36.068581,-112.40574,35000,452.7,172.6
36.056122,-112.404327,35000,450.5,175.3
36.04428,-112.403753,35000,448.1,178.7
36.032089,-112.404041,35000,446.3,181.9
35.991302,-112.406216,35000,445.4,182.3
35.951385,-112.408218,35000,445.4,182.4
35.910095,-112.41045,35000,443.5,182.7
35.870499,-112.412739,35000,443.5,182.7
35.830307,-112.415085,35000,443.5,182.7
35.789474,-112.417545,35000,443.5,182.8
35.748871,-112.419949,35000,443.5,182.8
35.708954,-112.422352,35000,442.5,182.7
35.668854,-112.424698,35000,442.5,182.7
35.628342,-112.427101,35000,442.5,182.7
35.587601,-112.42939,35000,442.5,182.6
35.54687,-112.431745,35000,443.5,182.7
35.505936,-112.434139,35000,442.5,182.7
35.466009,-112.436478,35000,443.5,182.7
35.425089,-112.438874,35000,443.5,182.8
35.384077,-112.441328,35000,443.5,182.7
35.343669,-112.443666,35000,444.5,182.7
35.302796,-112.446003,35000,444.5,182.7
35.262314,-112.44833,35000,444.5,182.7
35.221796,-112.450562,35000,445.5,182.7
35.181016,-112.452908,35000,445.5,182.7
35.140915,-112.455158,35000,445.5,182.7
35.10054,-112.457512,35000,446.5,182.7
35.059421,-112.459888,35000,447.5,182.7
35.018316,-112.462177,35000,449.5,182.7
34.97721,-112.464581,35000,449.5,182.7
34.935406,-112.467041,35000,450.5,182.8
34.89458,-112.46933,35000,450.4,182.5
34.853707,-112.471561,35000,451.5,182.7
34.812834,-112.473965,35000,451.5,182.8
34.771496,-112.476368,35000,451.5,182.8
34.745985,-112.477627,35000,452.1,181.3
34.736115,-112.477299,35000,453.3,177.9
34.725861,-112.47629,35000,453.9,174.7
34.715214,-112.474537,35000,455.0,171.5
34.704254,-112.471974,35000,456.2,167.9
34.692123,-112.468218,35000,457.0,164.8
34.681229,-112.464014,35000,458.9,161.1
34.670151,-112.458745,35000,459.8,157.9
34.66008,-112.453196,35000,460.7,154.3
34.622296,-112.429905,35000,460.2,153.3
34.583983,-112.406616,35000,461.1,153.3
34.546648,-112.383785,35000,461.1,153.1
34.50936,-112.36084,35000,462.0,153.1
34.472031,-112.33784,35000,462.4,153.0
34.434132,-112.314434,35000,462.0,152.8
34.396454,-112.291148,35000,462.0,152.8
34.358231,-112.267549,35000,460.7,152.9
34.320328,-112.244176,35000,459.3,152.9
34.283249,-112.221306,35000,459.3,152.9
34.245828,-112.198219,35000,458.4,152.9
34.208772,-112.175503,35000,458.0,153.0
34.171158,-112.152557,35000,457.5,153.1
34.134568,-112.130184,35000,457.5,153.1
34.112366,-112.116936,35000,456.7,154.7
34.098956,-112.109985,35000,456.5,157.6
34.084763,-112.103539,35000,455.5,160.0
34.046491,-112.087097,35000,454.5,160.3
34.006851,-112.070076,35000,454.5,160.3
33.967896,-112.05326,35000,453.9,160.2
33.929581,-112.036668,35000,453.0,160.1
33.890122,-112.019577,35000,453.0,160.1
33.851303,-112.002813,35000,452.6,160.2
33.812101,-111.985989,35000,452.3,160.4
33.772705,-111.969069,35000,451.4,160.3
33.734161,-111.952477,35000,451.7,160.2
33.694882,-111.935577,35000,450.4,160.3
33.656204,-111.918902,35000,450.4,160.3
33.617931,-111.902504,35000,450.4,160.3
33.579529,-111.885943,35000,449.5,160.2
33.540329,-111.869144,35000,449.8,160.1
33.501526,-111.852466,35000,450.4,160.3
33.462662,-111.835876,35000,450.1,160.4
33.423762,-111.819352,35000,451.0,160.4
33.385356,-111.803097,35000,452.0,160.5
33.346485,-111.786561,35000,453.2,160.4
33.307159,-111.769794,35000,453.6,160.3
33.268324,-111.753266,35000,454.5,160.3
33.229431,-111.736725,35000,455.8,160.2
33.19043,-111.720135,35000,456.4,160.4
33.151566,-111.703656,35000,457.4,160.5
33.112421,-111.687068,35000,458.6,160.4
33.073425,-111.670587,35000,458.3,160.5
33.033375,-111.653716,35000,459.6,160.4
32.993666,-111.637013,35000,459.6,160.4
32.954562,-111.620533,35000,460.5,160.5
32.914352,-111.603625,35000,460.5,160.5
32.874539,-111.586846,35000,461.8,160.4
32.834473,-111.569952,35000,461.5,160.5
32.794601,-111.553198,35000,461.8,160.4
32.754667,-111.536454,35000,462.4,160.6
32.715317,-111.52002,35000,462.4,160.6
32.674759,-111.503101,35000,462.4,160.6
32.635208,-111.486566,35000,462.4,160.6
32.595086,-111.469808,35000,462.4,160.6
32.55574,-111.453333,35000,462.4,160.6
32.515574,-111.436568,35000,462.4,160.6
32.475632,-111.419921,35000,462.4,160.6
32.435623,-111.403235,35000,462.4,160.6
32.396447,-111.386962,35000,462.4,160.6
32.356476,-111.370331,35000,462.4,160.6
32.316513,-111.353632,35000,462.4,160.6
32.277145,-111.337207,35000,462.4,160.6
32.237549,-111.320782,35000,462.4,160.6
32.197174,-111.304028,35000,462.4,160.6
32.157257,-111.287439,35000,461.5,160.5
32.117134,-111.27082,35000,461.1,160.6
32.077471,-111.254509,35000,460.8,160.7
32.037622,-111.238086,35000,459.8,160.7
31.997635,-111.221686,35000,459.8,160.7
31.957646,-111.205183,35000,459.2,160.5
31.918542,-111.189096,35000,458.9,160.7
31.87846,-111.172616,35000,458.6,160.8
31.838379,-111.156137,35000,458.0,160.6
31.798599,-111.139728,35000,458.0,160.6
31.758591,-111.123262,35000,457.6,160.7
31.71936,-111.10716,35000,457.6,160.7
31.679589,-111.090894,35000,456.7,160.7
31.64003,-111.074739,35000,456.7,160.7
31.600264,-111.058484,35000,457.6,160.7
31.561157,-111.042534,35000,459.8,160.7
31.521332,-111.026378,35000,460.5,160.9
31.481649,-111.010254,35000,460.8,160.7
31.442312,-110.994324,35000,461.4,160.9
31.40213,-110.977963,35000,462.1,160.7
31.362076,-110.961591,35000,463.3,160.6
31.345551,-110.954374,35000,466.1,158.6
31.332001,-110.947643,35000,469.1,155.8
31.315877,-110.938623,35000,472.3,153.6
31.293997,-110.92511,35000,473.8,151.9
31.255783,-110.901597,35000,473.7,152.2
31.21821,-110.878473,35000,472.8,152.1
31.180527,-110.855282,35000,471.5,152.2
31.142795,-110.832111,35000,469.2,152.2
31.104492,-110.808644,35000,469.2,152.2
31.066406,-110.785325,35000,469.2,152.2
31.02832,-110.762006,35000,469.2,152.2
30.990011,-110.738452,35000,469.7,152.1
30.95235,-110.715216,35000,469.7,152.1
30.914457,-110.69198,35000,469.7,152.1
30.875885,-110.668353,35000,468.8,152.3
30.837479,-110.644926,35000,467.9,152.2
30.799759,-110.621876,35000,467.9,152.2
30.762417,-110.599091,35000,467.0,152.2
30.724686,-110.576046,35000,467.0,152.2
30.68663,-110.552838,35000,467.0,152.2
30.648783,-110.529767,35000,467.0,152.2
30.611588,-110.50708,35000,465.7,152.2
30.573787,-110.484064,35000,465.2,152.3
30.536359,-110.461377,35000,465.2,152.3
30.498825,-110.438609,35000,465.2,152.3
30.461426,-110.416044,35000,464.7,152.4
30.424301,-110.393533,35000,464.3,152.3
30.386415,-110.370575,35000,464.3,152.3
30.348541,-110.347649,35000,464.3,152.3
30.311234,-110.325084,35000,463.8,152.4
30.274475,-110.30295,35000,463.8,152.4
30.236023,-110.279738,35000,463.8,152.4
30.19839,-110.257031,35000,462.5,152.4
30.160403,-110.23418,35000,462.5,152.4
30.122589,-110.211505,35000,462.5,152.4
30.085082,-110.188916,35000,461.6,152.4
30.047607,-110.166449,35000,460.3,152.4
30.010179,-110.144037,35000,460.3,152.4
29.972626,-110.121514,35000,459.4,152.4
29.935638,-110.099326,35000,458.9,152.5
29.898547,-110.077138,35000,458.9,152.5
29.861073,-110.054734,35000,458.0,152.4
29.82425,-110.032708,35000,457.6,152.5
29.786729,-110.01025,35000,456.7,152.5
29.749832,-109.988251,35000,455.3,152.5
29.713502,-109.966628,35000,454.9,152.6
29.67627,-109.94457,35000,454.9,152.6
29.639603,-109.922808,35000,454.9,152.6
29.603313,-109.901303,35000,454.9,152.6
29.566304,-109.87933,35000,454.9,152.6
29.529465,-109.857418,35000,455.3,152.5
29.493347,-109.835974,35000,454.9,152.6
29.456223,-109.814054,35000,455.7,152.7
29.418919,-109.792032,35000,455.7,152.7
29.383447,-109.771136,35000,455.7,152.7
29.355143,-109.754387,35000,456.2,152.6
29.319122,-109.733083,35000,456.2,152.6
29.315201,-109.730745,35000,456.2,152.6
29.208984,-109.667957,35000,454.9,152.6
29.205245,-109.665743,35000,454.9,152.6
29.17601,-109.648563,35000,454.9,152.6
29.153549,-109.635368,35000,454.9,152.6
29.11908,-109.615138,35000,454.9,152.6
29.083138,-109.594009,35000,454.4,152.8
29.045837,-109.572196,35000,455.3,152.8
29.008713,-109.550488,35000,455.3,152.8
28.972111,-109.52906,35000,455.7,152.7
28.95282,-109.51774,35000,455.7,152.7
28.907959,-109.491489,35000,455.3,152.8
28.892553,-109.482476,35000,455.7,152.7
28.869836,-109.469174,35000,455.7,152.7
28.810043,-109.434339,35000,456.6,152.8
28.772781,-109.412578,35000,456.6,152.8
28.765233,-109.408156,35000,456.6,152.8
28.721741,-109.382788,35000,457.5,152.8
28.689725,-109.364157,35000,457.1,152.9
28.671803,-109.353763,35000,457.5,152.8
28.635956,-109.332874,35000,457.5,152.8
28.598923,-109.31143,35000,458.4,152.9
28.56134,-109.289563,35000,458.4,152.9
28.546234,-109.280847,35000,458.4,152.9
28.508606,-109.259033,35000,458.4,152.9
28.496161,-109.251817,35000,458.4,152.9
28.466309,-109.234472,35000,458.4,152.9
28.455754,-109.228336,35000,457.5,152.8
28.419164,-109.207117,35000,457.5,152.8
28.400124,-109.196077,35000,457.1,152.9
28.329254,-109.155191,35000,0.0,0.0
28.250039,-109.109479,35000,0.0,0.0
28.229137,-109.097416,35000,0.0,0.0
28.191663,-109.075874,35000,455.7,153.0
28.182083,-109.070364,35000,455.7,153.0
23.303879,-106.564786,35000,456.4,151.8
23.267926,-106.543833,35000,456.4,151.8
23.23082,-106.522289,35000,456.4,151.8
23.194519,-106.501165,35000,456.4,151.8
23.157623,-106.479792,35000,455.9,151.9
23.124033,-106.460317,35000,456.4,151.8
23.088593,-106.439742,35000,456.4,151.8
23.05183,-106.418406,35000,456.8,151.9
23.014868,-106.396993,35000,457.2,151.8
22.978045,-106.375682,35000,457.2,151.8
22.941467,-106.354448,35000,457.2,151.8
22.911522,-106.337128,35000,458.1,151.9
22.874466,-106.315715,35000,458.1,151.9
22.83755,-106.294403,35000,458.1,151.9
22.800705,-106.273099,35000,457.7,151.7
22.764221,-106.252025,35000,458.1,151.9
22.727361,-106.230774,35000,457.2,151.8
22.691071,-106.209828,35000,458.1,151.9
22.655502,-106.189353,35000,458.1,151.9
22.618835,-106.168279,35000,457.6,152.0
22.596736,-106.155548,34975,457.6,152.0
22.595032,-106.154597,34950,458.1,151.9
22.564708,-106.137136,34675,458.1,151.9
22.534216,-106.119588,34425,456.8,151.9
22.504166,-106.102312,34175,456.8,151.9
22.474045,-106.084983,33925,457.6,152.0
22.466721,-106.080788,33825,457.6,152.0
22.458664,-106.076194,33700,457.6,152.0
22.449677,-106.071065,33525,457.6,152.0
22.432297,-106.061063,33125,456.8,151.9
22.415314,-106.051325,32750,456.8,151.9
22.39847,-106.041667,32350,456.8,151.9
22.382409,-106.03241,31950,456.8,151.9
22.367792,-106.024068,31575,457.6,152.0
22.352417,-106.01532,31175,458.1,152.1
22.337207,-106.006622,30775,458.1,152.1
22.321798,-105.997874,30375,458.5,152.0
22.311277,-105.991821,30125,458.5,152.0
22.290515,-105.979919,29725,455.9,151.9
22.270065,-105.968178,29325,453.2,152.0
22.250806,-105.957184,28925,450.9,152.0
22.231114,-105.945943,28550,448.2,152.1
22.211935,-105.934957,28175,445.6,151.9
22.192657,-105.923934,27775,442.5,151.8
22.172831,-105.912526,27375,440.2,151.8
22.153651,-105.901489,27000,437.5,151.9
22.134146,-105.890299,26600,436.2,152.0
22.114883,-105.879389,26225,433.5,152.1
22.095795,-105.868503,25825,431.7,151.9
22.076569,-105.857516,25450,429.5,151.9
22.057661,-105.84671,25050,426.8,152.1
22.038849,-105.835993,24650,425.0,151.9
22.024981,-105.828044,24375,423.2,152.1
22.01976,-105.825107,24300,421.4,152.0
22.013762,-105.821686,24250,419.2,152.0
21.995132,-105.811074,24150,409.8,152.1
21.980198,-105.802612,24075,400.8,152.0
21.962229,-105.792338,23975,391.9,152.0
21.945144,-105.782623,23875,382.5,152.1
21.914559,-105.765228,23675,380.2,152.1
21.901428,-105.75774,23575,389.2,152.1
21.887792,-105.75002,23475,398.1,152.1
21.871219,-105.740611,23350,407.5,152.1
21.840913,-105.723368,23100,416.9,152.0
21.822693,-105.712996,22975,418.7,152.1
21.813126,-105.707553,22975,416.5,152.1
21.792618,-105.695867,22975,413.4,152.0
21.785339,-105.691723,22925,412.5,151.6
21.781815,-105.689625,22900,412.7,151.0
21.776367,-105.686229,22800,411.8,149.8
21.754578,-105.671947,22400,409.9,148.4
21.736725,-105.660112,22025,406.8,148.3
21.718369,-105.647927,21650,403.8,148.2
21.700605,-105.636088,21275,401.5,148.1
21.682938,-105.624406,20900,399.6,148.3
21.664387,-105.612183,20525,396.9,148.4
21.647349,-105.600942,20150,393.8,148.3
21.6297,-105.58925,19775,391.6,148.3
21.61169,-105.577393,19425,388.8,148.4
21.593353,-105.56528,19025,385.7,148.2
21.575752,-105.55364,18675,383.5,148.2
21.557236,-105.54141,18300,379.4,148.4
21.538091,-105.52892,17900,377.0,148.7
21.520844,-105.517689,17550,373.9,148.6
21.505371,-105.507552,17225,371.7,148.5
21.487976,-105.496116,16850,368.6,148.4
21.471149,-105.485026,16500,366.9,148.3
21.453832,-105.473633,16150,364.1,148.4
21.436188,-105.462036,15775,362.2,148.6
21.418173,-105.450287,15425,360.0,148.5
21.40155,-105.439387,15075,357.8,148.5
21.3827,-105.427094,14700,355.0,148.6
21.369712,-105.418549,14425,353.3,148.4
21.352066,-105.406977,14050,350.2,148.3
21.334844,-105.39561,13700,348.0,148.3
21.31748,-105.384216,13325,345.2,148.4
21.297501,-105.371022,12925,343.5,148.2
21.279633,-105.35909,12575,339.9,148.2
21.260239,-105.346402,12200,337.5,148.6
21.251953,-105.341009,12050,336.1,148.6
21.242386,-105.334817,11850,334.8,148.7
21.23259,-105.328475,11675,333.4,148.7
21.223212,-105.322367,11475,332.5,148.6
21.213318,-105.31599,11300,331.2,148.7
21.20352,-105.309601,11100,329.8,148.8
21.193046,-105.302785,10900,328.9,148.7
21.183838,-105.296814,10725,328.1,148.6
21.174006,-105.290324,10550,326.4,148.4
21.164337,-105.28403,10350,325.0,148.5
21.15509,-105.277987,10175,323.6,148.5
21.151009,-105.275269,10125,322.3,148.6
21.144928,-105.271296,10100,319.2,148.4
21.132016,-105.262858,10075,309.7,148.5
21.121821,-105.256195,10050,301.2,148.6
21.114,-105.251109,10000,296.7,148.5
21.1059,-105.245819,9950,291.7,148.6
21.102548,-105.243683,9925,289.0,148.7
21.098236,-105.240834,9850,286.8,148.7
21.095947,-105.239385,9800,286.8,148.7
21.093703,-105.237885,9750,286.8,148.7
21.090724,-105.236003,9650,286.8,148.7
21.086162,-105.233002,9475,289.0,148.7
21.081528,-105.229997,9275,291.7,148.6
21.077689,-105.227509,9100,294.5,148.5
21.074431,-105.225372,9000,295.9,148.4
21.067262,-105.220642,8800,296.4,148.2
21.059921,-105.215815,8600,295.5,148.1
21.051527,-105.210266,8400,294.5,148.5
21.044451,-105.205638,8200,294.5,148.5
21.037887,-105.201365,8000,295.3,148.6
21.031448,-105.197188,7825,295.3,148.6
21.024434,-105.192644,7675,294.8,148.7
21.014565,-105.186252,7525,289.8,148.8
21.009444,-105.182956,7425,287.6,148.8
21.00119,-105.177563,7225,285.6,148.3
20.992964,-105.172169,7050,284.7,148.2
20.989007,-105.169572,6950,283.7,148.6
20.98384,-105.166226,6850,282.6,148.9
20.979126,-105.163193,6750,281.8,148.8
20.973587,-105.159612,6650,280.1,148.6
20.968524,-105.156289,6550,278.4,148.4
20.963104,-105.152697,6450,275.3,148.2
20.957703,-105.149117,6350,273.9,148.3
20.952209,-105.145536,6250,271.2,148.4
20.945714,-105.141307,6150,267.0,148.6
20.940582,-105.138032,6075,262.9,148.9
20.936966,-105.135678,5975,259.3,148.9
20.931748,-105.132319,5875,256.6,149.0
20.927372,-105.129522,5775,254.3,149.0
20.922531,-105.126276,5675,251.6,147.0
20.917829,-105.122681,5575,248.0,143.4
20.913528,-105.119051,5475,245.7,140.3
20.908859,-105.114833,5375,242.9,140.4
20.904648,-105.111155,5275,240.2,140.7
20.899841,-105.106986,5175,236.6,140.7
20.894943,-105.102719,5075,233.8,140.7
20.890549,-105.098844,4975,230.9,140.4
20.885243,-105.094166,4875,227.9,140.2
20.87915,-105.088839,4775,224.5,140.4
20.872673,-105.08313,4675,219.6,140.7
20.867925,-105.079285,4575,217.4,143.6
20.865272,-105.077587,4525,215.6,148.1
20.862534,-105.076234,4475,214.7,154.0
20.860291,-105.07539,4425,214.1,160.6
20.857823,-105.07474,4375,213.5,164.8
20.852935,-105.074141,4275,213.2,168.6
20.845459,-105.074665,4150,213.2,168.6
20.83762,-105.077337,4000,213.2,168.6
20.833244,-105.079934,3925,204.7,209.6
20.822937,-105.090359,3700,195.3,227.1
20.816666,-105.097324,3525,193.1,226.1
20.812454,-105.10213,3425,190.4,227.3
20.808338,-105.1069,3325,189.0,227.4
20.804428,-105.111395,3225,188.2,227.1
20.798609,-105.118086,3100,188.2,227.1
20.795071,-105.122181,3000,188.2,227.1
20.790928,-105.126975,2900,187.5,227.4
20.786865,-105.131656,2800,187.5,227.4
20.782745,-105.136414,2700,186.8,227.2
20.778488,-105.14122,2600,186.1,227.0
20.773911,-105.146517,2500,182.6,227.7
20.770026,-105.151045,2400,178.4,227.7
20.766022,-105.15569,2300,175.5,227.3
20.762112,-105.160184,2200,172.7,227.4
20.758341,-105.164529,2100,169.8,226.9
20.754477,-105.168923,2000,167.7,226.7
20.749786,-105.174228,1900,164.9,227.2
20.746144,-105.178411,1800,163.5,227.2
20.742783,-105.182272,1700,164.1,227.0
20.73851,-105.1872,1600,162.1,227.2
20.734177,-105.19213,1500,157.1,227.6
20.730922,-105.195939,1400,154.3,227.1
20.727803,-105.199435,1300,152.1,226.9
20.724963,-105.202631,1200,152.1,226.9
20.721634,-105.206402,1100,148.6,227.2
20.718446,-105.210072,1000,147.9,226.9
20.714722,-105.214367,900,146.5,227.5
20.711334,-105.218272,800,145.8,227.8
20.708158,-105.221907,700,147.2,227.2
20.704742,-105.225825,600,148.6,227.2
20.701035,-105.230097,500,150.0,227.2
20.697497,-105.234142,400,149.3,226.9
20.693866,-105.238337,300,147.9,226.9
20.690608,-105.242082,200,148.7,227.7
20.687954,-105.245128,125,150.0,227.2
20.685673,-105.247725,100,145.8,227.2
20.685068,-105.248474,100,141.5,227.3
20.684372,-105.249269,100,139.4,227.6
20.683951,-105.249773,100,134.5,227.4
20.683625,-105.250122,100,130.2,227.5
20.683113,-105.250721,100,122.4,227.3
20.682089,-105.25192,100,117.5,227.1
20.681949,-105.25207,100,107.6,227.3
20.680459,-105.253768,125,107.6,227.3
20.680459,-105.25378,-50.0,87.0,227.8
20.67976,-105.254578,-50.0,77.0,227.8
20.679085,-105.25535,-50.0,67.5,227.8
20.67862,-105.25589,-50.0,59.5,227.8
20.677872,-105.256748,-50.0,50.5,227.8
20.677107,-105.257613,-50.0,41.5,227.8
20.67627,-105.258538,-50.0,29.5,225.0
20.67599,-105.258786,-50.0,27.5,219.4
20.675851,-105.258899,-50.0,27.5,216.6
20.675697,-105.258992,-50.0,27.5,210.9
20.675354,-105.259176,-50.0,25.5,205.3
20.675068,-105.259299,-50.0,22.5,202.5
20.674698,-105.259423,-50.0,18.5,199.7
20.674301,-105.259568,-50.0,15.5,199.7
20.673923,-105.259691,-50.0,13.2,196.9
20.673809,-105.259703,-50.0,10.8,188.4
20.673637,-105.259679,-50.0,9.2,168.8
20.673581,-105.259648,-50.0,9.2,157.5
20.673512,-105.259581,-50.0,9.2,143.4
20.673466,-105.259507,-50.0,9.2,129.4
20.673441,-105.259435,-50.0,8.8,118.1
20.673443,-105.259397,-50.0,8.8,112.5
20.673441,-105.259336,-50.0,8.8,101.2
20.673454,-105.25925,-50.0,8.8,87.2
20.673477,-105.259201,-50.0,8.8,75.9
20.673512,-105.259151,-50.0,8.8,64.7
20.673546,-105.259102,-50.0,8.8,56.2
20.673604,-105.259036,-50.0,9.2,47.8
20.673895,-105.258711,-50.0,10.8,47.8
20.674186,-105.258362,-50.0,13.2,47.8
20.674438,-105.258072,-50.0,14.2,47.8
20.674733,-105.257738,-50.0,15.5,47.8
20.674988,-105.257447,-50.0,15.5,47.8
20.675434,-105.256932,-50.0,16.5,47.8
20.675674,-105.256662,-50.0,17.5,47.8
20.676188,-105.256077,-50.0,18.5,47.8
20.676464,-105.255755,-50.0,19.5,47.8
20.676979,-105.255179,-50.0,20.5,47.8
20.677422,-105.254666,-50.0,20.5,47.8
20.677643,-105.254404,-50.0,20.5,47.8
20.678167,-105.253805,-50.0,20.5,47.8
20.678539,-105.253381,-50.0,18.5,47.8
20.67857,-105.253339,-50.0,18.5,47.8
20.679497,-105.252285,-50.0,18.5,47.8
20.679737,-105.252003,-50.0,18.5,47.8
20.680005,-105.251708,-50.0,19.5,47.8
20.680296,-105.251371,-50.0,19.5,47.8
20.680587,-105.251033,-50.0,15.5,47.8
20.680878,-105.250696,-50.0,12.2,47.8
20.681169,-105.250359,-50.0,11.8,47.8
20.681465,-105.250029,-50.0,10.2,47.8
20.68158,-105.249882,-50.0,8.8,47.8
20.681623,-105.249822,-50.0,7.8,53.4
20.681635,-105.249748,-50.0,7.2,64.7
20.681637,-105.249698,-50.0,7.2,75.9
20.681635,-105.24966,-50.0,7.2,87.2
20.681623,-105.249623,-50.0,7.2,95.6
20.6816,-105.249598,-50.0,7.2,104.1
20.681576,-105.249548,-50.0,7.2,115.3
20.68153,-105.24951,-50.0,7.8,123.8
20.681499,-105.249465,-50.0,7.8,129.4
20.681425,-105.249398,-50.0,7.2,135.0
20.681282,-105.249256,-50.0,5.2,137.8
20.681099,-105.249073,-50.0,1.4,137.8
20.681087,-105.24906,-50.0,0.0,137.8
